(2005,Rk,Player,Pos,Age,Tm,G,GS,MP,FG,FGA,FG%,3P,3PA,3P,2P,2PA,2P,eFG%,FT,FTA,FT%,ORB,DRB,TRB,AST,STL,BLK,TOV,PF,PTS)
(2005,4,Ray Allen,SG,29,SEA,78,78,39.3,8.2,19.2,.428,2.7,7.1,.376,5.5,12.0,.459,.498,4.8,5.5,.883,1.0,3.4,4.4,3.7,1.1,0.1,2.2,2.1,23.9)
(2005,8,Derek Anderson,SG,30,POR,47,32,26.4,3.2,8.3,.389,1.2,3.2,.384,2.0,5.1,.392,.463,1.5,1.9,.805,0.5,2.2,2.7,3.0,0.8,0.1,1.5,1.9,9.2)
(2005,12,Rafael Araujo,C,24,TOR,59,41,12.5,1.3,3.0,.434,0.0,0.1,.333,1.3,2.9,.436,.437,0.7,0.9,.782,1.0,2.1,3.1,0.3,0.4,0.1,0.9,2.7,3.3)
(2005,16,Carlos Arroyo,PG,25,TOT,70,16,20.7,2.4,6.1,.389,0.1,0.4,.267,2.3,5.7,.398,.399,1.7,2.1,.799,0.4,1.1,1.5,4.0,0.6,0.1,1.5,2.0,6.6)
(2005,20,Vin Baker,PF-C,33,TOT,27,0,7.6,0.5,1.6,.310,0.0,0.0,.000,0.5,1.5,.317,.310,0.3,0.6,.529,0.6,0.8,1.4,0.4,0.1,0.1,0.6,1.4,1.3)
(2005,23,Matt Barnes,SF,24,SAC,43,9,16.6,1.4,3.5,.411,0.1,0.5,.227,1.3,3.0,.442,.427,0.8,1.3,.603,1.1,2.0,3.1,1.3,0.7,0.2,1.0,1.9,3.8)
(2005,27,Tony Battie,C,28,ORL,81,32,23.4,2.0,4.4,.460,0.0,0.1,.000,2.0,4.3,.468,.460,0.8,1.2,.723,1.3,4.2,5.6,0.5,0.4,1.0,1.0,3.0,4.9)
(2005,31,Jonathan Bender,SF,24,IND,7,0,13.3,2.3,5.7,.400,0.1,0.7,.200,2.1,5.0,.429,.413,0.4,0.9,.500,0.7,1.3,2.0,0.6,0.1,0.3,1.4,1.3,5.1)
(2005,35,Chauncey Billups,PG,28,DET,80,80,35.8,5.1,11.4,.442,2.1,4.8,.426,3.0,6.6,.454,.533,4.3,4.8,.898,0.6,2.8,3.4,5.8,1.0,0.1,2.3,2.4,16.5)
(2005,39,Keith Bogans,SG,24,CHA,74,42,24.2,3.5,9.3,.381,0.8,2.3,.329,2.8,7.0,.398,.422,1.8,2.5,.727,1.0,2.0,3.1,1.8,0.9,0.1,1.6,2.3,9.6)
(2005,42,Carlos Boozer,PF,23,UTA,51,51,34.7,7.1,13.6,.521,0.0,0.0,.000,7.1,13.6,.522,.521,3.7,5.3,.698,2.8,6.2,9.0,2.8,0.8,0.5,2.7,3.5,17.8)
(2005,46,Ryan Bowen,SF,29,HOU,66,6,9.2,0.7,1.7,.423,0.0,0.1,.500,0.7,1.6,.419,.437,0.2,0.3,.667,0.3,0.8,1.2,0.3,0.3,0.1,0.1,0.9,1.7)
(2005,50,Torraye Braggs,PF,28,HOU,7,0,3.4,0.4,1.0,.429,0.0,0.0,,0.4,1.0,.429,.429,0.0,0.0,,1.0,0.7,1.7,0.0,0.0,0.0,0.3,0.6,0.9)
(2005,54,Damone Brown,SF,25,WAS,14,0,10.9,1.6,4.4,.371,0.3,0.8,.364,1.4,3.6,.373,.403,0.3,0.6,.444,0.7,1.3,2.0,1.0,0.1,0.4,1.1,1.2,3.9)
(2005,58,P.J. Brown,PF,35,NOH,82,78,34.4,4.1,9.2,.446,0.0,0.0,,4.1,9.2,.446,.446,2.6,3.0,.864,3.2,5.7,9.0,2.2,0.9,0.6,1.2,2.8,10.8)
(2005,61,Kobe Bryant,SG,26,LAL,66,66,40.7,8.7,20.1,.433,2.0,5.9,.339,6.7,14.2,.472,.482,8.2,10.1,.816,1.4,4.5,5.9,6.0,1.3,0.8,4.1,2.6,27.6)
(2005,65,Caron Butler,SF,24,LAL,77,77,35.7,5.7,12.9,.445,0.5,1.6,.304,5.2,11.2,.465,.464,3.6,4.1,.862,1.9,3.9,5.8,1.9,1.4,0.3,1.6,2.8,15.5)
(2005,69,Marcus Camby,C,30,DEN,66,66,30.5,4.2,9.1,.465,0.0,0.1,.000,4.2,9.0,.468,.465,1.9,2.6,.723,2.0,8.0,10.0,2.3,0.9,3.0,1.6,2.7,10.3)
(2005,73,Matt Carroll,SG,24,CHA,25,0,17.2,2.8,7.2,.389,0.5,1.6,.333,2.3,5.6,.404,.425,2.8,3.3,.855,0.5,1.9,2.4,0.7,0.7,0.1,1.0,1.5,9.0)
(2005,77,Kelvin Cato,C,30,ORL,62,50,24.6,2.6,4.8,.539,0.0,0.0,,2.6,4.8,.539,.539,1.8,2.3,.783,1.6,5.1,6.7,0.6,0.9,1.3,1.0,2.7,7.0)
(2005,Rk,Player,Pos,Age,Tm,G,GS,MP,FG,FGA,FG%,3P,3PA,3P,2P,2PA,2P,eFG%,FT,FTA,FT%,ORB,DRB,TRB,AST,STL,BLK,TOV,PF,PTS)
(2005,84,Mateen Cleaves,PG,27,SEA,14,0,4.6,0.4,1.0,.357,0.0,0.1,.000,0.4,0.9,.417,.357,0.2,0.3,.750,0.1,0.3,0.4,0.5,0.1,0.0,0.1,0.1,0.9)
(2005,88,Jason Collins,C,26,NJN,80,80,31.8,2.3,5.6,.412,0.0,0.1,.333,2.3,5.6,.413,.415,1.7,2.6,.656,1.9,4.2,6.1,1.3,0.9,0.9,1.1,4.0,6.4)
(2005,92,Jamal Crawford,SG,24,NYK,70,67,38.4,6.2,15.7,.398,2.6,7.3,.361,3.6,8.4,.431,.483,2.6,3.1,.843,0.5,2.4,2.9,4.3,1.3,0.3,2.1,1.9,17.7)
(2005,96,Samuel Dalembert,C,23,PHI,72,60,24.8,3.5,6.6,.524,0.0,0.0,,3.5,6.6,.524,.524,1.2,2.1,.601,2.6,4.9,7.5,0.5,0.6,1.7,1.6,3.3,8.2)
(2005,100,Marquis Daniels,SG,24,DAL,60,17,23.5,3.7,8.4,.437,0.1,0.6,.200,3.6,7.8,.454,.443,1.6,2.2,.737,1.5,2.2,3.6,2.1,1.4,0.2,1.4,2.1,9.1)
(2005,103,Dale Davis,C,35,TOT,61,28,21.4,1.8,3.8,.479,0.0,0.0,,1.8,3.8,.479,.479,1.0,1.6,.606,2.5,3.7,6.1,0.8,0.5,1.1,0.7,2.7,4.7)
(2005,107,Carlos Delfino,SG,22,DET,30,4,15.3,1.4,3.9,.359,0.3,1.2,.257,1.1,2.7,.402,.397,0.8,1.3,.575,0.4,1.4,1.8,1.3,0.7,0.2,0.8,1.5,3.9)
(2005,111,Dan Dickau,PG,26,TOT,71,46,29.4,4.3,10.6,.405,1.2,3.5,.347,3.1,7.2,.432,.461,2.7,3.2,.833,0.5,2.1,2.5,4.9,1.1,0.1,2.0,2.8,12.5)
(2005,115,Juan Dixon,SG,26,WAS,63,4,16.7,3.0,7.1,.416,0.8,2.3,.327,2.2,4.8,.460,.470,1.4,1.5,.897,0.5,1.4,1.9,1.8,0.7,0.1,1.1,1.6,8.0)
(2005,119,Chris Duhon,PG,22,CHI,82,73,26.5,2.1,6.0,.352,1.1,3.2,.355,1.0,2.7,.350,.449,0.6,0.8,.731,0.3,2.3,2.6,4.9,1.0,0.0,1.5,2.5,5.9)
(2005,122,Ronald Dupree,SF,24,DET,47,0,10.0,1.3,2.7,.480,0.0,0.0,.500,1.3,2.7,.480,.484,0.6,1.0,.617,0.7,1.3,2.0,0.5,0.1,0.2,0.5,1.3,3.2)
(2005,126,Howard Eisley,PG,32,UTA,74,1,19.3,2.2,5.5,.398,0.4,1.4,.262,1.8,4.1,.444,.431,0.9,1.1,.795,0.2,1.0,1.2,3.4,0.6,0.1,1.5,2.1,5.6)
(2005,130,Andre Emmett,SG,22,MEM,8,0,3.5,0.3,0.8,.333,0.0,0.0,,0.3,0.8,.333,.333,0.4,0.6,.600,0.0,0.3,0.3,0.0,0.0,0.0,0.1,0.5,0.9)
(2005,134,Derek Fisher,PG,30,GSW,74,32,30.0,4.0,10.2,.393,1.5,3.9,.371,2.6,6.3,.407,.465,2.4,2.7,.862,0.5,2.4,2.9,4.1,1.0,0.1,1.7,2.4,11.9)
(2005,138,Jeff Foster,C,28,IND,61,43,26.1,2.8,5.3,.519,0.0,0.1,.000,2.8,5.2,.527,.519,1.5,2.3,.634,3.4,5.7,9.0,0.7,0.8,0.2,0.9,3.0,7.0)
(2005,141,Richie Frahm,SG,27,POR,43,0,11.6,1.3,3.3,.400,0.7,1.9,.388,0.6,1.4,.417,.511,0.5,0.6,.840,0.4,1.0,1.4,0.7,0.3,0.1,0.3,0.8,3.8)
(2005,145,Dan Gadzuric,C,26,MIL,81,81,22.0,3.0,5.6,.539,0.0,0.0,,3.0,5.6,.539,.539,1.3,2.5,.538,3.2,5.1,8.3,0.4,0.6,1.3,1.0,2.8,7.3)
(2005,149,Pat Garrity,PF,28,ORL,71,0,13.5,1.7,4.3,.402,0.7,2.1,.333,1.0,2.2,.465,.482,0.4,0.5,.879,0.3,1.5,1.7,0.4,0.3,0.1,0.4,1.5,4.6)
(2005,153,Kendall Gill,SG,36,MIL,14,0,20.3,2.3,5.7,.400,0.2,0.6,.333,2.1,5.1,.408,.419,1.3,1.4,.900,0.8,1.9,2.6,1.9,1.0,0.3,0.6,2.6,6.1)
(2005,157,Anthony Goldwire,PG,33,TOT,33,2,16.3,1.7,4.1,.419,1.0,2.4,.400,0.8,1.7,.446,.537,0.8,0.9,.839,0.3,1.5,1.8,2.4,0.5,0.0,0.5,1.0,5.2)
(2005,Rk,Player,Pos,Age,Tm,G,GS,MP,FG,FGA,FG%,3P,3PA,3P,2P,2PA,2P,eFG%,FT,FTA,FT%,ORB,DRB,TRB,AST,STL,BLK,TOV,PF,PTS)
(2005,164,Tom Gugliotta,PF,35,TOT,47,9,20.6,2.1,5.1,.411,0.2,0.6,.308,1.9,4.6,.423,.427,0.7,0.9,.767,1.2,2.9,4.1,1.4,0.9,0.4,1.2,2.2,5.1)
(2005,168,Zendon Hamilton,C,29,MIL,16,0,9.9,0.7,2.0,.344,0.0,0.0,,0.7,2.0,.344,.344,1.8,3.0,.604,1.1,1.5,2.6,0.4,0.3,0.1,0.8,1.6,3.2)
(2005,172,Al Harrington,SF,24,ATL,66,66,38.6,6.9,14.9,.459,0.2,1.1,.216,6.6,13.8,.479,.468,3.6,5.3,.672,2.2,4.8,7.0,3.2,1.3,0.2,3.1,3.8,17.5)
(2005,176,Lucious Harris,SG,34,CLE,73,4,15.5,1.6,4.1,.395,0.3,0.9,.323,1.3,3.2,.415,.430,0.8,0.9,.812,0.5,1.1,1.7,0.7,0.4,0.1,0.4,0.9,4.3)
(2005,180,Udonis Haslem,PF,24,MIA,80,80,33.4,4.3,8.0,.540,0.0,0.1,.000,4.3,8.0,.543,.540,2.2,2.8,.791,3.0,6.1,9.1,1.4,0.8,0.5,1.4,3.3,10.9)
(2005,183,Brendan Haywood,C,25,WAS,68,68,27.4,3.5,6.3,.560,0.0,0.0,,3.5,6.3,.560,.560,2.3,3.8,.609,3.0,3.9,6.8,0.8,0.8,1.7,1.4,3.2,9.4)
(2005,187,Kirk Hinrich,PG,24,CHI,77,77,36.4,5.8,14.6,.397,1.9,5.3,.355,3.9,9.3,.420,.461,2.2,2.8,.792,0.4,3.5,3.9,6.4,1.6,0.3,2.3,3.2,15.7)
(2005,191,Allan Houston,SG,33,NYK,20,11,26.6,4.3,10.3,.415,1.6,4.0,.388,2.7,6.3,.432,.490,1.8,2.2,.837,0.2,1.0,1.2,2.1,0.4,0.1,1.1,2.0,11.9)
(2005,195,Troy Hudson,PG,28,MIN,79,32,21.9,3.4,8.4,.401,1.1,3.3,.345,2.2,5.1,.436,.468,0.9,1.1,.778,0.2,1.1,1.3,3.6,0.3,0.1,1.4,1.5,8.7)
(2005,199,Brandon Hunter,PF,24,ORL,31,0,7.2,1.2,2.4,.507,0.0,0.0,,1.2,2.4,.507,.507,0.7,1.3,.538,0.8,1.4,2.2,0.1,0.1,0.2,0.7,1.4,3.1)
(2005,202,Andre Iguodala,SG,21,PHI,82,82,32.8,3.3,6.7,.493,0.6,1.7,.331,2.7,4.9,.550,.536,1.9,2.6,.743,1.1,4.6,5.7,3.0,1.7,0.6,1.7,2.5,9.0)
(2005,206,Royal Ivey,PG,23,ATL,62,5,13.0,1.4,3.2,.429,0.0,0.1,.333,1.3,3.0,.434,.437,0.8,1.1,.701,0.3,1.0,1.4,1.7,0.6,0.1,0.9,2.3,3.5)
(2005,210,Luke Jackson,SF,23,CLE,10,0,4.3,1.0,2.7,.370,0.4,0.6,.667,0.6,2.1,.286,.444,0.5,0.6,.833,0.2,0.4,0.6,0.3,0.0,0.0,0.2,0.4,2.9)
(2005,214,Jerome James,C,29,SEA,80,80,16.6,2.2,4.3,.509,0.0,0.0,.000,2.2,4.3,.512,.509,0.6,0.8,.723,1.0,2.0,3.0,0.2,0.3,1.4,1.1,3.5,4.9)
(2005,218,Marko Jaric,PG,26,LAC,50,41,33.1,3.8,9.1,.414,1.1,3.0,.371,2.7,6.1,.435,.475,1.2,1.6,.720,0.4,2.8,3.2,6.1,1.7,0.3,2.0,2.1,9.9)
(2005,221,Jared Jeffries,SF,23,WAS,77,71,26.1,2.6,5.6,.468,0.2,0.7,.314,2.4,5.0,.488,.486,1.3,2.2,.584,2.0,2.9,4.9,2.0,0.9,0.5,1.5,2.7,6.8)
(2005,225,DerMarr Johnson,SG,24,DEN,71,40,17.4,2.6,5.2,.499,0.7,2.1,.358,1.9,3.1,.592,.570,1.1,1.4,.792,0.6,1.5,2.1,1.1,0.6,0.3,0.9,2.0,7.1)
(2005,229,Dahntay Jones,SG,24,MEM,52,7,12.5,1.6,3.7,.437,0.4,1.2,.383,1.2,2.5,.462,.497,0.8,1.2,.688,0.2,1.1,1.3,0.4,0.3,0.2,0.6,1.6,4.5)
(2005,233,James Jones,SF,24,IND,75,24,17.7,1.7,4.2,.396,0.9,2.2,.398,0.8,2.0,.395,.500,0.7,0.8,.855,0.5,1.8,2.3,0.8,0.4,0.4,0.6,1.6,4.9)
(2005,237,Jason Kapono,SF,23,CHA,81,14,18.4,3.3,8.3,.401,1.0,2.4,.412,2.3,5.9,.396,.461,0.9,1.0,.824,0.4,1.6,2.0,0.8,0.5,0.1,0.6,1.6,8.5)
(2005,Rk,Player,Pos,Age,Tm,G,GS,MP,FG,FGA,FG%,3P,3PA,3P,2P,2PA,2P,eFG%,FT,FTA,FT%,ORB,DRB,TRB,AST,STL,BLK,TOV,PF,PTS)
(2005,244,Brevin Knight,PG,29,CHA,66,61,29.5,3.8,8.9,.422,0.0,0.3,.150,3.7,8.6,.432,.425,2.5,3.0,.852,0.3,2.3,2.6,9.0,2.0,0.1,2.2,2.9,10.1)
(2005,248,Ibo Kutluay,SG,30,SEA,5,0,2.4,0.0,0.2,.000,0.0,0.0,,0.0,0.2,.000,.000,0.0,0.0,,0.0,0.2,0.2,0.0,0.0,0.0,0.4,0.2,0.0)
(2005,252,Voshon Lenard,SG,31,DEN,3,1,18.0,3.3,8.7,.385,1.3,4.0,.333,2.0,4.7,.429,.462,1.7,2.7,.625,0.0,2.0,2.0,2.0,0.3,0.0,0.7,0.7,9.7)
(2005,256,Raul Lopez,PG,24,UTA,31,15,16.7,1.8,4.4,.422,0.6,1.5,.444,1.2,2.9,.411,.496,0.9,1.1,.818,0.2,1.0,1.3,4.0,0.7,0.1,1.5,2.5,5.2)
(2005,260,Corey Maggette,SG,25,LAC,66,60,36.9,6.4,14.9,.431,0.8,2.5,.304,5.7,12.4,.457,.457,8.5,10.0,.857,1.1,4.9,6.0,3.4,1.1,0.1,3.0,2.9,22.2)
(2005,263,Shawn Marion,PF,26,PHO,81,81,38.8,7.6,15.9,.476,1.4,4.2,.334,6.2,11.7,.526,.520,2.8,3.4,.833,2.9,8.4,11.3,1.9,2.0,1.5,1.5,2.5,19.4)
(2005,267,Kenyon Martin,PF,27,DEN,70,67,32.5,6.3,13.0,.490,0.0,0.2,.000,6.3,12.8,.496,.490,2.8,4.4,.646,2.1,5.2,7.3,2.4,1.4,1.1,2.1,3.3,15.5)
(2005,271,Walter McCarty,PF,30,TOT,72,0,12.6,1.3,3.3,.404,0.8,2.2,.355,0.6,1.1,.500,.521,0.2,0.4,.517,0.4,1.5,1.9,0.5,0.3,0.2,0.5,2.0,3.6)
(2005,275,Jeff McInnis,PG,30,CLE,76,69,34.9,5.0,12.0,.412,1.2,3.5,.345,3.8,8.6,.439,.462,1.7,2.1,.813,0.4,1.6,2.1,5.1,0.7,0.0,1.5,2.3,12.8)
(2005,279,Ron Mercer,SF,28,NJN,18,3,21.7,3.6,8.8,.411,0.0,0.2,.000,3.6,8.6,.419,.411,0.4,0.6,.700,0.5,1.7,2.2,1.1,0.9,0.1,0.8,1.1,7.6)
(2005,282,Darko Milicic,C,19,DET,37,2,6.9,0.7,2.1,.329,0.0,0.0,,0.7,2.1,.329,.329,0.5,0.6,.708,0.1,1.1,1.2,0.2,0.1,0.5,0.4,0.8,1.8)
(2005,286,Mike Miller,SF,24,MEM,76,51,30.0,5.1,10.1,.505,1.8,4.3,.433,3.3,5.8,.558,.597,1.4,2.0,.720,0.5,3.5,3.9,2.9,0.7,0.3,1.7,2.6,13.4)
(2005,290,Nazr Mohammed,C,27,TOT,77,59,25.1,3.8,7.8,.480,0.0,0.0,.000,3.8,7.8,.481,.480,2.0,2.9,.674,3.2,4.4,7.6,0.4,0.8,1.1,1.4,3.1,9.5)
(2005,294,Troy Murphy,PF,24,GSW,70,69,33.9,5.6,13.5,.414,0.8,2.1,.399,4.8,11.4,.417,.445,3.3,4.6,.730,3.6,7.2,10.8,1.4,0.8,0.5,1.5,2.7,15.4)
(2005,298,Mamadou N'Diaye,C,29,LAC,11,0,6.5,0.7,1.8,.400,0.0,0.1,.000,0.7,1.7,.421,.400,0.4,0.6,.571,0.8,0.8,1.6,0.1,0.1,0.5,0.0,1.8,1.8)
(2005,301,Eduardo Najera,PF,28,TOT,68,4,17.4,2.1,4.7,.450,0.1,0.3,.286,2.0,4.4,.462,.460,0.9,1.3,.637,1.5,2.1,3.6,1.0,0.6,0.4,0.9,2.2,5.2)
(2005,305,Ira Newble,SG,30,CLE,74,69,24.8,2.5,5.7,.429,0.3,0.7,.358,2.2,5.0,.439,.452,0.7,0.9,.797,1.1,1.9,3.0,1.2,0.7,0.2,0.8,1.9,5.9)
(2005,309,Jermaine O'Neal,PF,26,IND,44,41,34.8,8.8,19.4,.452,0.0,0.1,.167,8.8,19.3,.454,.453,6.7,8.9,.754,1.9,6.9,8.8,1.9,0.6,2.0,3.0,3.9,24.3)
(2005,313,Mehmet Okur,C,25,UTA,82,25,28.1,4.3,9.2,.468,0.2,0.8,.270,4.1,8.5,.486,.479,4.0,4.7,.850,2.4,5.1,7.5,2.0,0.4,0.8,1.7,2.8,12.9)
(2005,317,Bo Outlaw,PF,33,PHO,39,0,5.5,0.3,0.9,.353,0.0,0.0,,0.3,0.9,.353,.353,0.1,0.2,.556,0.4,0.9,1.4,0.3,0.2,0.3,0.2,0.7,0.7)
(2005,Rk,Player,Pos,Age,Tm,G,GS,MP,FG,FGA,FG%,3P,3PA,3P,2P,2PA,2P,eFG%,FT,FTA,FT%,ORB,DRB,TRB,AST,STL,BLK,TOV,PF,PTS)
(2005,324,Tony Parker,PG,22,SAS,80,80,34.2,6.7,14.0,.482,0.5,2.0,.276,6.2,12.0,.516,.501,2.6,4.0,.650,0.6,3.1,3.7,6.1,1.2,0.1,2.7,2.1,16.6)
(2005,328,Anthony Peeler,SG,35,WAS,40,0,13.2,1.4,3.8,.373,0.6,1.6,.385,0.8,2.1,.365,.457,0.4,0.5,.889,0.4,1.3,1.6,1.4,0.5,0.1,0.7,1.0,3.8)
(2005,332,Morris Peterson,SG,27,TOR,82,61,30.6,4.3,10.3,.420,1.6,4.1,.385,2.8,6.3,.442,.496,2.3,2.8,.832,0.9,3.3,4.1,2.1,1.1,0.2,1.1,2.7,12.5)
(2005,336,Zoran Planinic,PG,22,NJN,43,8,12.0,1.8,4.0,.448,0.3,0.9,.375,1.5,3.1,.470,.491,1.1,1.5,.697,0.4,1.2,1.6,1.0,0.6,0.0,1.0,1.8,5.0)
(2005,340,James Posey,SF,28,MEM,50,18,27.6,2.5,7.1,.357,1.1,3.6,.309,1.4,3.6,.404,.434,1.9,2.2,.865,0.9,3.5,4.4,1.8,1.0,0.5,1.4,2.7,8.1)
(2005,343,Laron Profit,SF,27,WAS,42,4,10.2,1.3,3.0,.438,0.2,0.7,.286,1.1,2.4,.480,.469,0.4,0.6,.640,0.6,1.2,1.8,0.9,0.4,0.1,0.6,1.0,3.2)
(2005,347,Peter John Ramos,C,19,WAS,6,0,3.3,0.8,1.7,.500,0.0,0.0,,0.8,1.7,.500,.500,0.2,0.3,.500,0.2,0.5,0.7,0.0,0.0,0.2,0.5,0.7,1.8)
(2005,351,Michael Redd,SG,25,MIL,75,75,38.0,8.3,18.9,.441,1.4,3.9,.355,6.9,15.0,.463,.477,4.9,5.8,.854,1.0,3.2,4.2,2.3,0.8,0.1,1.8,2.0,23.0)
(2005,355,Quentin Richardson,SG,24,PHO,79,78,35.9,5.2,13.2,.389,2.9,8.0,.358,2.3,5.2,.437,.498,1.7,2.3,.739,1.2,4.9,6.1,2.0,1.2,0.3,1.3,2.5,14.9)
(2005,359,Glenn Robinson,SF,32,SAS,9,0,17.4,3.8,8.6,.442,0.2,0.7,.333,3.6,7.9,.451,.455,2.2,2.6,.870,0.4,2.2,2.7,0.9,0.4,0.3,0.8,2.1,10.0)
(2005,362,Malik Rose,PF,30,TOT,76,5,19.4,2.6,5.8,.449,0.0,0.1,.100,2.6,5.7,.457,.450,1.8,2.4,.737,1.7,2.8,4.5,0.8,0.6,0.2,1.3,2.7,7.0)
(2005,366,Bryon Russell,SF,34,DEN,70,2,14.7,1.4,3.6,.377,0.8,2.1,.376,0.6,1.5,.379,.488,0.9,1.1,.792,0.7,1.7,2.5,1.0,0.6,0.2,0.5,1.9,4.4)
(2005,370,Brian Scalabrine,PF,26,NJN,54,14,21.6,2.4,6.1,.398,0.4,1.3,.324,2.0,4.9,.417,.431,1.0,1.3,.768,1.5,3.0,4.5,1.6,0.6,0.3,1.2,2.1,6.3)
(2005,374,Bobby Simmons,SF,24,LAC,75,74,37.3,6.3,13.6,.466,0.7,1.5,.435,5.7,12.0,.470,.491,3.1,3.6,.846,1.7,4.2,5.9,2.7,1.4,0.2,1.8,3.0,16.4)
(2005,378,J.R. Smith,SG,19,NOH,76,56,24.5,3.9,9.8,.394,1.1,3.7,.288,2.8,6.1,.458,.449,1.5,2.1,.689,0.5,1.5,2.0,1.9,0.7,0.1,1.4,1.8,10.3)
(2005,381,Josh Smith,SF,19,ATL,74,59,27.7,3.7,8.1,.455,0.1,0.3,.174,3.6,7.8,.466,.458,2.2,3.2,.688,2.0,4.2,6.2,1.7,0.8,1.9,1.8,2.1,9.7)
(2005,385,Kirk Snyder,SG,21,UTA,68,7,13.3,1.8,4.8,.372,0.4,1.3,.353,1.4,3.6,.379,.418,0.9,1.4,.667,0.7,1.0,1.8,0.5,0.4,0.3,0.9,1.7,5.0)
(2005,389,Jerry Stackhouse,SG,30,DAL,56,7,28.9,4.9,11.8,.414,0.6,2.1,.267,4.3,9.7,.446,.438,4.5,5.3,.849,0.7,2.6,3.3,2.3,0.9,0.2,1.9,1.9,14.9)
(2005,393,Awvee Storey,SG,27,NJN,9,0,3.6,0.3,1.1,.300,0.1,0.2,.500,0.2,0.9,.250,.350,0.1,0.2,.500,0.4,0.1,0.6,0.1,0.0,0.0,0.0,0.3,0.9)
(2005,397,Rod Strickland,PG,38,HOU,16,2,12.3,0.6,2.7,.209,0.1,0.1,.500,0.5,2.6,.195,.221,0.6,0.6,.900,0.2,1.5,1.7,2.4,0.2,0.1,1.0,0.9,1.8)
(2005,Rk,Player,Pos,Age,Tm,G,GS,MP,FG,FGA,FG%,3P,3PA,3P,2P,2PA,2P,eFG%,FT,FTA,FT%,ORB,DRB,TRB,AST,STL,BLK,TOV,PF,PTS)
(2005,404,Yuta Tabuse,PG,24,PHO,4,0,4.3,0.3,1.5,.167,0.3,0.3,1.000,0.0,1.3,.000,.250,1.0,1.0,1.000,0.5,0.5,1.0,0.8,0.0,0.0,0.3,0.3,1.8)
(2005,408,Billy Thomas,SF,29,NJN,25,0,14.2,1.4,3.8,.362,0.7,2.2,.304,0.7,1.5,.447,.452,0.3,0.4,.778,0.3,1.2,1.4,0.7,0.6,0.0,0.4,1.2,3.7)
(2005,412,Kenny Thomas,PF,27,TOT,73,58,29.7,5.0,10.7,.470,0.0,0.1,.200,5.0,10.6,.472,.471,2.4,3.1,.762,2.5,4.8,7.3,2.1,0.9,0.2,1.8,3.1,12.4)
(2005,416,Robert Traylor,C,27,CLE,74,6,17.9,2.4,5.4,.444,0.0,0.1,.000,2.4,5.3,.453,.444,0.7,1.4,.539,1.8,2.6,4.5,0.8,0.7,0.7,1.0,2.9,5.5)
(2005,420,Beno Udrih,PG,22,SAS,80,2,14.4,2.2,4.9,.444,0.7,1.8,.408,1.4,3.1,.464,.518,0.8,1.1,.753,0.2,0.8,1.0,1.9,0.5,0.1,1.0,1.2,5.9)
(2005,423,Anderson Varejao,PF,22,CLE,54,0,16.0,1.8,3.6,.513,0.0,0.0,.000,1.8,3.5,.518,.513,1.3,2.4,.535,2.0,2.7,4.8,0.5,0.8,0.7,0.5,2.3,4.9)
(2005,427,Sasha Vujacic,SG,20,LAL,35,3,11.5,0.9,3.3,.282,0.5,1.8,.270,0.5,1.5,.296,.355,0.5,0.5,.947,0.4,1.4,1.8,1.5,0.3,0.1,0.4,1.2,2.9)
(2005,431,Samaki Walker,PF,28,WAS,14,0,9.6,0.8,2.2,.355,0.0,0.0,,0.8,2.2,.355,.355,0.1,0.2,.667,0.6,0.7,1.3,0.3,0.2,0.5,0.6,1.8,1.7)
(2005,435,Luke Walton,SF,24,LAL,61,5,12.6,1.2,3.0,.411,0.3,1.0,.262,1.0,2.0,.487,.456,0.6,0.8,.708,0.9,1.4,2.3,1.5,0.4,0.2,1.0,1.1,3.2)
(2005,439,Chris Webber,PF,31,TOT,67,67,35.4,8.3,19.1,.433,0.2,0.7,.341,8.1,18.5,.436,.438,2.7,3.4,.794,1.9,7.2,9.1,4.7,1.4,0.8,2.7,3.2,19.5)
(2005,442,David Wesley,SG,34,TOT,80,79,34.7,4.2,10.5,.398,1.5,3.9,.375,2.7,6.6,.411,.468,2.0,2.4,.857,0.5,2.4,2.9,3.3,1.2,0.1,1.4,2.7,11.9)
(2005,446,Rodney White,SF,24,TOT,58,2,11.7,2.1,5.0,.419,0.4,1.0,.400,1.7,3.9,.424,.460,0.5,0.8,.614,0.4,1.1,1.5,0.8,0.6,0.2,0.6,1.1,5.1)
(2005,450,Aaron Williams,C,33,TOT,42,4,7.5,0.7,1.5,.460,0.0,0.0,,0.7,1.5,.460,.460,0.4,0.4,.882,0.4,1.0,1.4,0.2,0.1,0.2,0.4,1.7,1.7)
(2005,454,Jerome Williams,SF,31,NYK,79,4,15.3,1.5,3.1,.502,0.0,0.1,.000,1.5,3.0,.513,.502,1.5,2.2,.669,1.5,2.1,3.6,0.5,0.7,0.1,0.8,2.0,4.5)
(2005,458,Kevin Willis,C,42,ATL,29,5,11.9,1.2,3.1,.389,0.0,0.1,.000,1.2,3.0,.398,.389,0.6,0.8,.739,1.0,1.6,2.6,0.3,0.3,0.2,0.5,1.8,3.0)
(2005,461,Metta World Peace,SF,25,IND,7,7,41.6,8.4,17.0,.496,1.0,2.4,.412,7.4,14.6,.510,.525,6.7,7.3,.922,1.1,5.3,6.4,3.1,1.7,0.9,2.4,3.9,24.6)
