(2005,3,Malik Allen,PF,26,TOT,36,1,14.4,2.3,4.9,.475,0.0,0.0,,2.3,4.9,.475,.475,0.7,0.8,.929,1.1,1.6,2.8,0.5,0.3,0.6,0.5,1.5,5.4)
(2005,7,Chris Andersen,C,26,NOH,67,2,21.3,2.9,5.3,.534,0.0,0.0,.000,2.9,5.3,.538,.534,2.0,2.8,.689,2.0,4.1,6.1,1.1,0.2,1.5,1.0,2.1,7.7)
(2005,11,Carmelo Anthony,SF,20,DEN,75,75,34.8,7.1,16.4,.431,0.6,2.1,.266,6.5,14.3,.455,.448,6.1,7.6,.796,1.9,3.8,5.7,2.6,0.9,0.4,3.0,3.1,20.8)
(2005,15,Darrell Armstrong,PG,36,TOT,66,16,15.0,1.3,4.2,.321,0.4,1.7,.252,0.9,2.5,.367,.372,0.9,1.0,.853,0.5,1.2,1.7,2.7,0.7,0.1,1.0,1.4,4.0)
(2005,19,Maurice Baker,PG,25,TOT,5,0,3.8,0.0,0.2,.000,0.0,0.0,,0.0,0.2,.000,.000,0.0,0.0,,0.2,0.2,0.4,0.2,0.2,0.0,0.2,0.6,0.0)
(2005,22,Leandro Barbosa,PG,22,PHO,63,6,17.3,2.7,5.6,.475,0.8,2.2,.367,1.9,3.4,.544,.547,0.9,1.1,.797,0.5,1.6,2.1,2.0,0.5,0.1,1.4,2.0,7.0)
(2005,26,Jon Barry,SG,35,TOT,69,2,21.8,2.3,5.3,.438,1.0,2.4,.430,1.3,2.9,.443,.534,0.9,1.0,.873,0.4,1.9,2.3,2.4,0.9,0.1,1.0,1.4,6.6)
(2005,30,Raja Bell,SG,28,UTA,63,32,28.4,4.8,10.6,.454,0.9,2.1,.403,4.0,8.5,.467,.495,1.8,2.4,.747,0.8,2.4,3.2,1.4,0.7,0.1,1.3,3.3,12.3)
(2005,34,Andris Biedrins,C,18,GSW,30,1,12.8,1.5,2.6,.577,0.0,0.0,.000,1.5,2.6,.584,.577,0.6,1.3,.475,1.6,2.4,3.9,0.4,0.4,0.8,0.4,2.9,3.6)
(2005,38,Tony Bobbitt,SG,25,LAL,2,0,6.0,1.0,2.5,.400,0.5,1.0,.500,0.5,1.5,.333,.500,0.0,0.0,,0.0,1.5,1.5,0.0,0.0,0.0,0.0,0.5,2.5)
(2005,41,Calvin Booth,C,28,TOT,51,1,8.8,1.0,2.1,.454,0.0,0.0,.000,1.0,2.1,.458,.454,0.5,0.6,.813,0.6,1.5,2.1,0.2,0.3,0.5,0.3,1.5,2.4)
(2005,45,Bruce Bowen,SF,33,SAS,82,82,32.0,3.1,7.3,.420,1.2,3.1,.403,1.8,4.2,.432,.505,0.9,1.4,.634,0.6,2.9,3.5,1.5,0.7,0.5,0.7,2.1,8.2)
(2005,49,Shawn Bradley,C,32,DAL,77,14,11.5,1.1,2.4,.452,0.0,0.0,,1.1,2.4,.452,.452,0.6,0.8,.683,0.9,1.9,2.8,0.2,0.3,0.8,0.4,2.0,2.7)
(2005,53,Primoz Brezec,C,25,CHA,72,72,31.6,5.4,10.5,.512,0.0,0.0,,5.4,10.5,.512,.512,2.3,3.1,.745,3.1,4.2,7.4,1.2,0.5,0.8,1.5,2.5,13.0)
(2005,57,Kwame Brown,PF,22,WAS,42,14,21.6,2.6,5.6,.460,0.0,0.0,,2.6,5.6,.460,.460,1.8,3.1,.574,1.7,3.2,4.9,0.9,0.6,0.4,1.6,2.7,7.0)
(2005,Rk,Player,Pos,Age,Tm,G,GS,MP,FG,FGA,FG%,3P,3PA,3P,2P,2PA,2P,eFG%,FT,FTA,FT%,ORB,DRB,TRB,AST,STL,BLK,TOV,PF,PTS)
(2005,64,Antonio Burks,PG,24,MEM,24,0,9.1,1.2,2.5,.467,0.1,0.5,.273,1.0,2.0,.510,.492,0.6,0.8,.737,0.0,0.5,0.5,1.2,0.5,0.0,0.5,1.0,3.0)
(2005,68,Zarko Cabarkapa,PF,23,TOT,40,0,11.9,2.2,4.4,.486,0.3,0.9,.361,1.8,3.5,.518,.523,1.3,1.6,.815,0.9,1.7,2.6,0.6,0.3,0.1,0.8,1.5,6.0)
(2005,72,Geno Carlisle,SG,28,POR,6,0,2.7,0.3,0.5,.667,0.0,0.0,,0.3,0.5,.667,.667,0.7,1.0,.667,0.2,0.0,0.2,0.2,0.0,0.0,0.2,0.2,1.3)
(2005,76,Sam Cassell,PG,35,MIN,59,38,25.8,5.4,11.6,.464,0.5,1.7,.262,4.9,9.9,.500,.484,2.3,2.6,.865,0.4,2.2,2.7,5.1,0.6,0.2,1.8,2.7,13.5)
(2005,80,Calbert Cheaney,SG,33,GSW,55,5,17.3,2.1,4.8,.426,0.0,0.1,.000,2.1,4.8,.431,.426,0.4,0.7,.649,0.6,1.7,2.3,1.2,0.3,0.3,0.6,1.7,4.5)
(2005,83,Speedy Claxton,PG,26,TOT,62,47,30.1,4.1,9.9,.421,0.2,1.0,.180,4.0,8.9,.447,.430,3.0,4.1,.736,0.6,2.4,3.0,6.0,1.8,0.1,1.9,3.0,11.5)
(2005,87,Jarron Collins,C,26,UTA,50,38,19.2,1.3,3.1,.414,0.0,0.0,.000,1.3,3.1,.417,.414,1.7,2.4,.697,1.1,2.1,3.3,1.2,0.2,0.1,0.7,2.9,4.3)
(2005,91,Omar Cook,PG,23,TOR,5,0,14.8,2.0,4.8,.417,0.0,0.8,.000,2.0,4.0,.500,.417,0.6,1.2,.500,0.4,1.0,1.4,4.4,1.2,0.2,1.2,1.2,4.6)
(2005,95,Michael Curry,SF,36,IND,18,7,13.8,0.7,1.6,.448,0.0,0.0,,0.7,1.6,.448,.448,0.2,0.4,.500,0.4,1.1,1.5,0.8,0.3,0.2,0.3,2.2,1.7)
(2005,99,Erik Daniels,SF,22,SAC,21,0,3.4,0.3,0.9,.333,0.0,0.1,.500,0.2,0.8,.313,.361,0.0,0.0,,0.3,0.5,0.9,0.2,0.1,0.0,0.3,0.3,0.6)
(2005,102,Baron Davis,PG,25,TOT,46,32,34.4,6.3,16.3,.387,2.6,7.7,.333,3.8,8.7,.435,.465,4.0,5.3,.761,0.7,3.1,3.8,7.9,1.8,0.3,2.8,2.7,19.2)
(2005,106,Andrew DeClercq,C,31,ORL,8,0,6.1,0.5,1.1,.444,0.0,0.0,,0.5,1.1,.444,.444,0.1,0.4,.333,0.9,0.4,1.3,0.0,0.3,0.0,0.1,1.8,1.1)
(2005,110,Boris Diaw,SG,22,ATL,66,25,18.2,1.9,4.5,.422,0.1,0.8,.180,1.7,3.7,.471,.437,0.9,1.2,.740,0.8,1.8,2.6,2.3,0.6,0.3,1.3,1.9,4.8)
(2005,114,Vlade Divac,C,36,LAL,15,0,8.7,0.9,2.1,.419,0.0,0.0,,0.9,2.1,.419,.419,0.5,0.8,.667,1.2,0.9,2.1,1.3,0.3,0.1,0.9,1.7,2.3)
(2005,118,Predrag Drobnjak,C,29,ATL,71,1,20.2,3.4,7.6,.438,0.4,1.0,.352,3.0,6.6,.451,.461,1.4,1.7,.800,1.0,2.3,3.4,0.7,0.6,0.3,1.1,1.9,8.4)
(2005,121,Mike Dunleavy,SF,24,GSW,79,79,32.5,5.2,11.5,.451,1.4,3.5,.388,3.8,8.0,.479,.510,1.7,2.2,.779,1.2,4.3,5.5,2.6,1.0,0.3,1.7,2.5,13.4)
(2005,125,John Edwards,C,23,IND,25,1,5.6,0.4,1.2,.367,0.0,0.0,,0.4,1.2,.367,.367,0.3,0.6,.500,0.3,0.4,0.8,0.1,0.1,0.2,0.3,0.5,1.2)
(2005,129,Melvin Ely,PF,26,CHA,79,17,20.9,2.9,6.7,.432,0.0,0.0,,2.9,6.7,.432,.432,1.5,2.7,.575,1.8,2.3,4.1,1.0,0.4,0.9,1.5,2.5,7.3)
(2005,133,Michael Finley,SG,31,DAL,64,64,36.8,6.0,14.2,.427,1.8,4.5,.407,4.2,9.7,.436,.491,1.8,2.1,.831,0.7,3.4,4.1,2.6,0.8,0.3,0.9,1.9,15.7)
(2005,137,Danny Fortson,C,28,SEA,62,0,16.9,1.9,3.6,.522,0.0,0.0,,1.9,3.6,.522,.522,3.7,4.2,.880,2.5,3.1,5.6,0.1,0.2,0.1,1.5,4.3,7.5)
(2005,Rk,Player,Pos,Age,Tm,G,GS,MP,FG,FGA,FG%,3P,3PA,3P,2P,2PA,2P,eFG%,FT,FTA,FT%,ORB,DRB,TRB,AST,STL,BLK,TOV,PF,PTS)
(2005,144,Lawrence Funderburke,PF,34,CHI,2,0,10.5,1.5,3.0,.500,0.0,0.0,,1.5,3.0,.500,.500,1.5,2.5,.600,0.5,1.0,1.5,0.0,0.0,0.0,0.0,1.0,4.5)
(2005,148,Kevin Garnett,PF,28,MIN,82,82,38.1,8.3,16.6,.502,0.1,0.3,.240,8.3,16.3,.507,.504,5.4,6.7,.811,3.0,10.5,13.5,5.7,1.5,1.4,2.7,2.5,22.2)
(2005,152,Eddie Gill,PG,26,IND,73,3,14.0,1.1,3.3,.335,0.5,1.6,.308,0.6,1.7,.360,.409,1.0,1.1,.877,0.2,1.3,1.5,1.1,0.8,0.1,0.8,1.4,3.7)
(2005,156,Dion Glover,SG,26,SAS,7,0,9.7,1.1,3.1,.364,0.1,1.1,.125,1.0,2.0,.500,.386,1.1,1.4,.800,0.4,1.1,1.6,0.6,0.4,0.4,0.3,1.3,3.6)
(2005,160,Brian Grant,C,32,LAL,69,8,16.5,1.5,3.0,.493,0.0,0.0,,1.5,3.0,.493,.493,0.8,1.1,.722,1.5,2.3,3.7,0.5,0.3,0.3,0.6,2.5,3.8)
(2005,163,Eddie Griffin,PF,22,MIN,70,0,21.3,2.9,7.5,.387,1.0,2.9,.328,1.9,4.5,.425,.451,0.8,1.1,.718,1.8,4.6,6.5,0.8,0.3,1.7,0.8,1.7,7.5)
(2005,167,Richard Hamilton,SG,26,DET,76,76,38.5,6.7,15.3,.440,0.5,1.6,.305,6.2,13.7,.455,.455,4.8,5.6,.858,1.0,2.9,3.9,4.9,1.0,0.2,2.9,3.1,18.7)
(2005,171,Matt Harpring,SF,28,UTA,78,55,33.1,5.4,11.0,.489,0.1,0.6,.209,5.2,10.4,.504,.494,3.1,4.0,.778,2.5,3.6,6.2,1.8,0.9,0.2,1.7,3.2,14.0)
(2005,175,Devin Harris,PG,21,DAL,76,19,15.4,2.1,4.8,.429,0.6,1.7,.336,1.5,3.1,.481,.489,1.0,1.4,.757,0.4,1.0,1.3,2.2,1.0,0.3,1.1,1.8,5.7)
(2005,179,Donnell Harvey,PF,24,NJN,3,0,5.3,0.7,0.7,1.000,0.0,0.0,,0.7,0.7,1.000,1.000,1.3,1.3,1.000,0.7,1.7,2.3,0.3,0.3,0.3,0.3,0.7,2.7)
(2005,182,Jarvis Hayes,SF,23,WAS,54,22,28.9,3.8,9.8,.389,0.8,2.3,.341,3.0,7.5,.403,.428,1.8,2.2,.839,0.8,3.4,4.2,1.7,0.9,0.2,1.1,2.0,10.2)
(2005,186,Grant Hill,SF,32,ORL,67,67,34.9,7.7,15.1,.509,0.0,0.2,.231,7.7,15.0,.513,.511,4.2,5.1,.821,1.1,3.6,4.7,3.3,1.4,0.4,2.4,2.1,19.7)
(2005,190,Eddie House,PG-SG,26,TOT,68,7,13.1,2.4,5.4,.451,0.6,1.4,.454,1.8,4.0,.450,.511,0.3,0.4,.852,0.2,1.0,1.2,1.4,0.6,0.1,0.5,1.0,5.8)
(2005,194,Juwan Howard,PF,31,HOU,61,47,26.6,4.0,8.9,.451,0.0,0.0,.000,4.0,8.9,.452,.451,1.6,1.9,.843,2.1,3.6,5.7,1.5,0.5,0.1,1.3,2.3,9.6)
(2005,198,Kris Humphries,PF,19,UTA,67,4,13.0,1.7,4.3,.404,0.0,0.1,.333,1.7,4.2,.406,.408,0.7,1.5,.436,1.1,1.9,2.9,0.6,0.4,0.3,0.8,1.4,4.1)
(2005,201,Steven Hunter,C,23,PHO,76,3,13.8,1.8,2.9,.614,0.0,0.0,.000,1.8,2.9,.616,.614,1.0,2.1,.479,1.3,1.7,3.0,0.2,0.1,1.3,0.6,1.7,4.6)
(2005,205,Allen Iverson,PG,29,PHI,75,75,42.3,10.3,24.2,.424,1.4,4.5,.308,8.9,19.7,.451,.453,8.7,10.5,.835,0.7,3.3,4.0,7.9,2.4,0.1,4.6,1.9,30.7)
(2005,209,Jim Jackson,SF,34,TOT,64,27,31.0,3.9,9.1,.426,1.9,4.6,.414,2.0,4.5,.439,.531,0.8,0.9,.931,0.5,3.7,4.2,2.9,0.5,0.1,1.8,2.4,10.5)
(2005,213,Casey Jacobsen,SG-SF,23,TOT,84,1,21.4,2.0,4.9,.404,0.8,2.1,.373,1.2,2.8,.429,.485,1.8,2.3,.786,0.4,1.6,2.0,1.3,0.4,0.1,0.8,1.2,6.5)
(2005,217,Antawn Jamison,PF,28,WAS,68,68,38.3,7.6,17.5,.437,1.0,3.1,.341,6.6,14.4,.457,.466,3.3,4.4,.760,2.4,5.3,7.6,2.3,0.8,0.2,1.7,2.2,19.6)
(2005,Rk,Player,Pos,Age,Tm,G,GS,MP,FG,FGA,FG%,3P,3PA,3P,2P,2PA,2P,eFG%,FT,FTA,FT%,ORB,DRB,TRB,AST,STL,BLK,TOV,PF,PTS)
(2005,224,Anthony Johnson,PG,30,IND,63,36,27.7,3.2,7.2,.445,0.7,1.7,.380,2.6,5.5,.466,.490,1.3,1.8,.752,0.5,2.3,2.8,4.8,0.9,0.2,1.5,2.3,8.4)
(2005,228,Linton Johnson,SF,24,SAS,2,0,7.5,0.0,1.0,.000,0.0,0.5,.000,0.0,0.5,.000,.000,0.0,0.0,,0.0,1.5,1.5,0.0,0.5,0.0,0.5,0.5,0.0)
(2005,232,Fred Jones,SG,25,IND,77,14,29.5,3.6,8.4,.425,1.1,3.0,.380,2.4,5.4,.450,.492,2.3,2.7,.850,0.4,2.7,3.1,2.5,0.8,0.4,1.5,2.2,10.6)
(2005,236,Chris Kaman,C,22,LAC,63,50,25.9,3.9,7.9,.497,0.0,0.0,.000,3.9,7.8,.498,.497,1.3,1.9,.661,2.1,4.6,6.7,1.2,0.4,1.1,1.8,2.9,9.1)
(2005,240,Jason Kidd,PG,31,NJN,66,65,36.9,5.2,13.0,.398,2.0,5.4,.360,3.2,7.5,.425,.473,2.2,2.9,.740,1.4,6.0,7.4,8.3,1.9,0.1,2.5,1.7,14.4)
(2005,243,Brandin Knight,PG,23,HOU,1,0,3.0,0.0,1.0,.000,0.0,0.0,,0.0,1.0,.000,.000,0.0,0.0,,0.0,0.0,0.0,1.0,0.0,0.0,0.0,0.0,0.0)
(2005,247,Toni Kukoc,SF,36,MIL,53,6,20.7,2.0,4.8,.410,0.8,2.2,.362,1.2,2.6,.450,.492,0.8,1.2,.721,0.6,2.4,3.0,3.0,0.7,0.2,1.2,1.3,5.6)
(2005,251,Maciej Lampe,C,19,TOT,37,0,10.3,1.3,3.6,.371,0.1,0.1,.500,1.3,3.5,.367,.379,0.4,0.6,.682,0.6,1.8,2.4,0.3,0.1,0.2,0.5,1.4,3.1)
(2005,255,Shaun Livingston,PG,19,LAC,30,15,27.1,3.0,7.2,.414,0.0,0.1,.000,3.0,7.1,.418,.414,1.5,2.0,.746,0.7,2.2,3.0,5.0,1.1,0.4,2.5,2.7,7.4)
(2005,259,Mark Madsen,C,29,MIN,41,14,14.7,0.8,1.6,.515,0.0,0.0,,0.8,1.6,.515,.515,0.5,1.0,.500,1.5,1.6,3.1,0.4,0.2,0.3,0.6,2.5,2.1)
(2005,262,Stephon Marbury,PG,27,NYK,82,82,40.0,7.4,16.0,.462,1.4,4.0,.354,6.0,12.0,.497,.506,5.6,6.7,.834,0.6,2.4,3.0,8.1,1.5,0.1,2.8,2.3,21.7)
(2005,266,Darrick Martin,PG,33,LAC,11,0,17.3,1.5,4.5,.320,0.5,1.6,.278,1.0,2.9,.344,.370,0.5,0.7,.625,0.3,0.6,0.9,2.5,0.5,0.0,0.5,1.7,3.8)
(2005,270,Tony Massenburg,PF,37,SAS,61,6,11.5,1.2,3.0,.407,0.0,0.0,,1.2,3.0,.407,.407,0.8,1.0,.762,0.9,1.8,2.7,0.2,0.3,0.3,0.7,2.0,3.2)
(2005,274,Tracy McGrady,SF,25,HOU,78,78,40.8,9.2,21.3,.431,1.8,5.6,.326,7.3,15.7,.468,.473,5.5,7.1,.774,0.9,5.3,6.2,5.7,1.7,0.7,2.6,2.1,25.7)
(2005,278,Stanislav Medvedenko,PF,25,LAL,43,4,9.8,1.7,3.6,.455,0.0,0.0,.000,1.7,3.6,.458,.455,0.5,0.7,.821,0.7,1.1,1.8,0.3,0.2,0.0,0.3,1.5,3.8)
(2005,281,Darius Miles,SF,23,POR,63,22,27.0,5.3,11.1,.482,0.1,0.4,.348,5.2,10.7,.487,.488,2.0,3.4,.600,1.1,3.6,4.7,2.0,1.2,1.2,2.5,3.0,12.8)
(2005,285,Brad Miller,C,28,SAC,56,56,37.3,5.7,10.9,.524,0.1,0.3,.263,5.6,10.5,.532,.528,4.2,5.1,.812,2.5,6.8,9.3,3.9,1.2,1.2,1.5,3.2,15.6)
(2005,289,Cuttino Mobley,SG,29,TOT,66,64,36.2,6.2,14.1,.438,2.3,5.2,.439,3.9,8.9,.437,.518,2.5,3.1,.820,0.7,2.8,3.5,2.8,1.1,0.5,2.0,2.3,17.2)
(2005,293,Alonzo Mourning*,C-PF,34,TOT,37,17,19.0,2.7,5.7,.472,0.0,0.0,,2.7,5.7,.472,.472,2.2,3.8,.582,1.4,3.9,5.4,0.5,0.2,2.0,1.5,2.2,7.6)
(2005,297,Dikembe Mutombo*,C,38,HOU,80,2,15.2,1.4,2.7,.498,0.0,0.0,,1.4,2.7,.498,.498,1.3,1.8,.741,1.9,3.5,5.3,0.1,0.2,1.3,0.6,1.7,4.0)
(2005,Rk,Player,Pos,Age,Tm,G,GS,MP,FG,FGA,FG%,3P,3PA,3P,2P,2PA,2P,eFG%,FT,FTA,FT%,ORB,DRB,TRB,AST,STL,BLK,TOV,PF,PTS)
(2005,304,Rasho Nesterovic,C,28,SAS,70,70,25.5,2.8,6.1,.460,0.0,0.0,,2.8,6.1,.460,.460,0.2,0.4,.467,2.6,3.9,6.6,1.0,0.4,1.7,1.0,3.0,5.9)
(2005,308,Dirk Nowitzki,PF,26,DAL,78,78,38.7,8.5,18.5,.459,1.2,2.9,.399,7.3,15.6,.470,.490,7.9,9.1,.869,1.2,8.5,9.7,3.1,1.2,1.5,2.3,2.8,26.1)
(2005,312,Emeka Okafor,PF,22,CHA,73,73,35.6,6.1,13.7,.447,0.0,0.0,.000,6.1,13.7,.447,.447,2.9,4.7,.609,3.8,7.1,10.9,0.9,0.8,1.7,1.7,2.9,15.1)
(2005,316,Greg Ostertag,C,31,SAC,56,3,9.9,0.7,1.5,.440,0.0,0.0,.000,0.7,1.5,.451,.440,0.2,0.7,.342,1.0,2.0,3.0,0.7,0.1,0.7,0.4,1.6,1.6)
(2005,320,Scott Padgett,PF,28,HOU,66,0,14.3,1.5,3.5,.421,0.8,1.9,.397,0.7,1.6,.449,.528,0.4,0.6,.725,0.7,2.1,2.8,0.8,0.5,0.2,0.5,1.8,4.2)
(2005,323,Smush Parker,PG,23,TOT,16,1,9.0,1.1,2.7,.419,0.2,0.8,.231,0.9,1.9,.500,.453,0.6,0.8,.692,0.3,0.5,0.8,0.9,0.3,0.0,1.2,1.0,3.0)
(2005,327,Gary Payton*,PG,36,BOS,77,77,33.0,4.4,9.4,.468,0.5,1.7,.326,3.9,7.7,.498,.497,2.0,2.6,.761,0.6,2.4,3.1,6.1,1.1,0.2,1.9,1.6,11.3)
(2005,331,Wesley Person,SF,33,TOT,41,3,16.3,2.6,5.5,.473,1.0,2.2,.461,1.6,3.3,.482,.564,0.2,0.3,.692,0.1,2.0,2.0,1.0,0.5,0.1,0.4,0.7,6.4)
(2005,335,Mickael Pietrus,SF,22,GSW,67,3,20.0,3.2,7.5,.427,1.0,2.9,.344,2.2,4.6,.480,.494,2.1,3.0,.698,1.0,1.9,2.8,1.2,0.7,0.3,1.4,2.1,9.5)
(2005,339,Mark Pope,PF,32,DEN,9,0,3.0,0.2,0.7,.333,0.0,0.0,,0.2,0.7,.333,.333,0.0,0.0,,0.6,0.3,0.9,0.1,0.1,0.2,0.1,0.6,0.4)
(2005,342,Tayshaun Prince,SF,24,DET,82,82,37.1,5.7,11.7,.487,0.6,1.7,.341,5.1,10.1,.512,.511,2.7,3.3,.807,1.6,3.7,5.3,3.0,0.7,0.9,1.6,2.0,14.7)
(2005,346,Aleksandar Radojevic,C,28,UTA,12,6,10.7,0.5,1.6,.316,0.0,0.0,,0.5,1.6,.316,.316,0.6,0.8,.700,0.8,1.6,2.3,0.5,0.0,0.2,1.3,2.7,1.6)
(2005,350,Zeljko Rebraca,C,32,LAC,58,2,16.0,2.3,4.0,.568,0.0,0.0,,2.3,4.0,.568,.568,1.3,1.5,.859,0.8,2.3,3.2,0.4,0.2,0.7,0.8,2.2,5.8)
(2005,354,Jason Richardson,SG,24,GSW,72,72,37.8,8.5,19.0,.446,1.7,5.1,.338,6.7,13.9,.486,.492,3.0,4.3,.693,1.7,4.2,5.9,3.9,1.5,0.4,2.3,2.2,21.7)
(2005,358,Clifford Robinson,C-PF,38,TOT,71,29,23.8,2.8,7.4,.386,0.9,2.7,.347,1.9,4.6,.409,.450,0.9,1.4,.639,0.8,2.2,2.9,1.5,0.9,0.7,0.9,2.5,7.5)
(2005,361,Jalen Rose,SF,32,TOR,81,65,33.5,6.5,14.3,.455,1.3,3.4,.394,5.2,10.9,.473,.501,4.1,4.8,.854,0.5,2.9,3.4,2.6,0.8,0.1,2.2,2.3,18.5)
(2005,365,Kareem Rush,SG,24,TOT,48,22,20.2,3.3,8.5,.387,1.1,2.9,.372,2.2,5.6,.394,.450,0.8,1.0,.771,0.4,1.4,1.9,1.4,0.4,0.1,1.0,1.5,8.4)
(2005,369,Daniel Santiago,C,28,MIL,11,0,9.5,0.6,1.9,.333,0.0,0.0,,0.6,1.9,.333,.333,0.7,1.0,.727,0.5,1.2,1.7,0.1,0.3,0.4,0.4,2.5,2.0)
(2005,373,Paul Shirley,PF,27,PHO,9,0,3.3,0.6,1.2,.455,0.0,0.0,,0.6,1.2,.455,.455,0.2,0.4,.500,0.1,0.1,0.2,0.3,0.0,0.0,0.1,0.3,1.3)
(2005,377,Donta Smith,SG,21,ATL,38,0,11.4,1.2,3.0,.389,0.2,0.6,.273,1.0,2.4,.418,.416,0.9,1.3,.688,0.5,0.9,1.4,1.0,0.6,0.1,0.7,1.3,3.3)
(2005,Rk,Player,Pos,Age,Tm,G,GS,MP,FG,FGA,FG%,3P,3PA,3P,2P,2PA,2P,eFG%,FT,FTA,FT%,ORB,DRB,TRB,AST,STL,BLK,TOV,PF,PTS)
(2005,384,Eric Snow,SG,31,CLE,81,15,22.8,1.5,4.0,.382,0.2,0.6,.289,1.4,3.5,.397,.402,0.7,1.0,.738,0.5,1.5,1.9,3.9,0.8,0.2,1.1,2.3,4.0)
(2005,388,Latrell Sprewell,SF,34,MIN,80,79,30.6,5.0,12.0,.414,0.9,2.6,.327,4.1,9.4,.439,.450,2.0,2.4,.830,0.8,2.4,3.2,2.2,0.7,0.3,1.6,1.6,12.8)
(2005,392,Peja Stojakovic,SF,27,SAC,66,66,38.4,6.8,15.4,.444,2.6,6.6,.402,4.2,8.8,.475,.530,3.8,4.2,.920,0.9,3.4,4.3,2.1,1.2,0.2,1.5,2.4,20.1)
(2005,396,Erick Strickland,SG,31,MIL,62,5,16.4,1.8,4.9,.375,0.3,1.3,.253,1.5,3.6,.421,.410,0.8,1.0,.813,0.2,1.5,1.7,1.9,0.5,0.0,1.0,1.7,4.9)
(2005,400,Mike Sweetney,C,22,NYK,77,28,19.6,3.1,5.8,.531,0.0,0.0,.000,3.1,5.8,.533,.531,2.3,3.1,.749,2.2,3.2,5.4,0.6,0.4,0.4,1.4,2.9,8.4)
(2005,403,Wally Szczerbiak,SF,27,MIN,81,37,31.6,5.7,11.3,.506,0.8,2.1,.373,5.0,9.3,.536,.540,3.2,3.8,.855,1.0,2.7,3.7,2.4,0.5,0.2,1.6,2.2,15.5)
(2005,407,Jason Terry,PG,27,DAL,80,57,30.0,4.7,9.3,.501,1.3,3.1,.420,3.4,6.2,.540,.570,1.8,2.2,.844,0.5,1.9,2.4,5.4,1.4,0.2,1.8,2.2,12.4)
(2005,411,John Thomas,C,29,MIN,44,8,11.8,1.0,2.0,.488,0.0,0.0,,1.0,2.0,.488,.488,0.6,1.0,.587,0.9,1.3,2.2,0.4,0.3,0.3,0.4,1.9,2.5)
(2005,415,Jamaal Tinsley,PG,26,IND,40,40,32.5,5.5,13.1,.418,1.5,3.9,.372,4.0,9.2,.437,.473,3.1,4.1,.744,0.7,3.4,4.0,6.4,2.0,0.3,3.4,2.8,15.4)
(2005,419,Hedo Turkoglu,SF,25,ORL,67,11,26.2,4.9,11.7,.419,1.4,3.7,.380,3.5,8.0,.438,.479,2.8,3.4,.836,0.9,2.6,3.5,2.3,0.6,0.3,1.8,2.1,14.0)
(2005,422,Keith Van Horn,SF-PF,29,TOT,62,16,24.2,4.1,9.1,.456,0.9,2.3,.380,3.3,6.8,.481,.504,2.1,2.5,.815,1.4,3.3,4.7,1.2,0.6,0.3,1.3,2.7,11.2)
(2005,426,Jackson Vroman,C-PF,23,TOT,46,18,15.3,1.8,4.3,.412,0.0,0.1,.000,1.8,4.3,.418,.412,1.0,1.6,.640,1.4,2.4,3.8,0.9,0.5,0.4,1.4,2.3,4.6)
(2005,430,Antoine Walker,PF,28,TOT,77,77,38.4,7.5,17.9,.422,1.4,4.4,.323,6.1,13.5,.455,.462,2.6,4.8,.539,2.4,6.7,9.0,3.4,1.2,0.8,3.3,2.8,19.1)
(2005,434,Rasheed Wallace,PF,30,DET,79,79,34.0,5.9,13.4,.440,0.9,3.0,.318,5.0,10.5,.475,.475,1.7,2.5,.697,2.2,5.9,8.2,1.8,0.8,1.5,1.6,3.0,14.5)
(2005,438,Clarence Weatherspoon,PF,34,HOU,40,18,13.1,1.2,2.9,.412,0.0,0.0,,1.2,2.9,.412,.412,0.7,0.9,.829,0.9,2.2,3.1,0.4,0.2,0.2,0.4,1.9,3.1)
(2005,441,Jiri Welsch,SG-SF,25,TOT,71,32,18.5,2.1,5.2,.402,0.5,1.5,.309,1.6,3.7,.441,.447,1.8,2.4,.763,0.4,2.0,2.4,1.5,0.6,0.1,1.0,1.7,6.5)
(2005,445,Jahidi White,C,28,CHA,17,0,7.9,0.8,1.8,.452,0.0,0.0,,0.8,1.8,.452,.452,0.8,2.4,.350,0.6,1.4,2.0,0.1,0.1,0.7,0.6,1.8,2.5)
(2005,449,Mike Wilks,PG,25,SAS,48,0,5.8,0.7,1.6,.416,0.1,0.3,.313,0.6,1.3,.443,.448,0.3,0.3,.750,0.1,0.4,0.5,0.7,0.3,0.0,0.3,0.5,1.7)
(2005,453,Jason Williams,PG,29,MEM,71,68,27.5,3.7,9.1,.413,1.5,4.6,.324,2.2,4.4,.506,.496,1.1,1.4,.792,0.3,1.5,1.7,5.6,1.1,0.1,1.8,1.3,10.1)
(2005,457,Corliss Williamson,PF,31,TOT,72,9,21.2,3.8,8.1,.467,0.0,0.0,.000,3.8,8.1,.469,.467,2.7,3.4,.799,1.4,2.2,3.6,1.1,0.5,0.2,1.2,3.0,10.3)
(2005,Rk,Player,Pos,Age,Tm,G,GS,MP,FG,FGA,FG%,3P,3PA,3P,2P,2PA,2P,eFG%,FT,FTA,FT%,ORB,DRB,TRB,AST,STL,BLK,TOV,PF,PTS)
(2005,464,Wang Zhizhi,C,27,MIA,20,0,4.6,0.9,1.8,.472,0.1,0.2,.667,0.8,1.7,.455,.500,0.4,0.6,.583,0.3,0.6,0.9,0.3,0.2,0.1,0.3,0.5,2.2)
