(2005,1,Shareef Abdur-Rahim,PF,28,POR,54,49,34.6,6.2,12.4,.503,0.3,0.7,.385,6.0,11.7,.510,.514,4.1,4.7,.866,2.3,5.0,7.3,2.1,0.9,0.5,2.2,2.8,16.8)
(2005,5,Tony Allen,SG,23,BOS,77,34,16.4,2.4,5.0,.475,0.2,0.4,.387,2.2,4.6,.483,.491,1.5,2.0,.737,1.1,1.8,2.9,0.8,1.0,0.3,1.0,2.0,6.4)
(2005,9,Kenny Anderson,PG,34,TOT,43,20,17.3,2.0,4.7,.423,0.1,0.3,.462,1.8,4.4,.420,.438,0.6,0.9,.730,0.6,1.5,2.0,2.4,0.8,0.0,1.1,2.0,4.7)
(2005,13,Gilbert Arenas,PG,23,WAS,80,80,40.9,8.2,19.0,.431,2.6,7.0,.365,5.6,12.0,.469,.498,6.5,8.0,.814,1.0,3.7,4.7,5.1,1.7,0.3,3.0,3.1,25.5)
(2005,17,Chucky Atkins,PG,30,LAL,82,82,35.4,4.7,11.1,.426,2.1,5.5,.387,2.6,5.5,.466,.523,2.0,2.5,.803,0.4,2.0,2.4,4.4,0.9,0.0,1.8,2.2,13.6)
(2005,Rk,Player,Pos,Age,Tm,G,GS,MP,FG,FGA,FG%,3P,3PA,3P,2P,2PA,2P,eFG%,FT,FTA,FT%,ORB,DRB,TRB,AST,STL,BLK,TOV,PF,PTS)
(2005,24,Andre Barrett,PG,22,TOT,38,1,12.7,1.2,3.3,.363,0.4,1.4,.269,0.8,1.9,.431,.419,0.4,0.5,.737,0.3,0.8,1.1,1.8,0.5,0.0,0.7,1.3,3.1)
(2005,28,Shane Battier,SG,26,MEM,80,72,31.5,3.4,7.7,.442,0.9,2.2,.395,2.5,5.5,.461,.499,2.3,2.9,.789,2.0,3.2,5.2,1.6,1.1,1.0,0.9,2.5,9.9)
(2005,32,Travis Best,PG,32,NJN,76,6,19.2,2.5,5.9,.420,0.3,1.1,.306,2.2,4.8,.447,.449,1.4,1.6,.885,0.3,1.2,1.4,1.9,0.9,0.1,0.9,1.9,6.8)
(2005,36,Steve Blake,PG,24,WAS,44,1,14.7,1.4,4.2,.328,0.8,2.1,.387,0.6,2.1,.269,.425,0.8,0.9,.805,0.4,1.2,1.6,1.6,0.3,0.0,0.9,1.1,4.3)
(2005,40,Matt Bonner,C,24,TOR,82,0,18.9,3.0,5.6,.533,0.5,1.1,.424,2.5,4.5,.561,.576,0.7,0.9,.789,1.3,2.2,3.5,0.6,0.5,0.2,0.5,2.7,7.2)
(2005,43,Curtis Borchardt,C,24,UTA,67,23,12.8,1.1,2.6,.430,0.0,0.0,,1.1,2.6,.430,.430,0.8,1.1,.732,1.3,2.1,3.3,0.7,0.1,0.5,0.8,2.4,3.0)
(2005,47,Earl Boykins,PG,28,DEN,82,5,26.4,4.1,10.0,.413,0.7,2.0,.337,3.5,8.0,.432,.447,3.4,3.7,.921,0.5,1.3,1.7,4.5,1.0,0.1,1.5,1.5,12.4)
(2005,51,Elton Brand,PF,25,LAC,81,81,37.0,7.8,15.4,.503,0.0,0.0,.000,7.8,15.4,.504,.503,4.5,6.0,.752,3.7,5.9,9.5,2.6,0.8,2.1,2.3,3.0,20.0)
(2005,55,Devin Brown,SG,26,SAS,67,0,18.5,2.6,6.1,.423,0.7,1.8,.372,1.9,4.3,.444,.478,1.5,1.9,.792,0.6,2.1,2.6,1.4,0.6,0.2,0.8,1.2,7.4)
(2005,59,Tierre Brown,PG,25,LAL,76,0,14.0,1.6,4.6,.356,0.3,0.9,.361,1.3,3.6,.355,.394,0.8,1.0,.787,0.3,0.9,1.2,2.0,0.4,0.0,1.0,0.8,4.4)
(2005,62,Greg Buckner,SG,28,DEN,70,41,21.7,2.3,4.3,.528,0.7,1.7,.405,1.6,2.6,.610,.609,0.9,1.2,.778,0.9,2.0,3.0,1.9,1.1,0.1,0.7,2.4,6.2)
(2005,66,Jackie Butler,C,19,NYK,3,0,1.7,1.3,1.3,1.000,0.0,0.0,,1.3,1.3,1.000,1.000,0.7,0.7,1.000,0.0,0.0,0.0,0.0,0.3,0.0,0.3,0.0,3.3)
(2005,70,Elden Campbell,C,36,TOT,40,1,9.8,1.0,3.1,.317,0.0,0.1,.000,1.0,3.0,.322,.317,1.1,1.4,.764,0.7,1.6,2.3,0.5,0.2,0.2,0.7,1.4,3.0)
(2005,74,Anthony Carter,PG,29,MIN,66,12,11.2,1.1,2.7,.407,0.0,0.3,.118,1.1,2.4,.438,.412,0.5,0.8,.686,0.2,0.9,1.0,2.4,0.5,0.3,0.9,1.3,2.7)
(2005,78,Lionel Chalmers,PG,24,LAC,36,0,12.0,1.2,3.5,.336,0.3,1.4,.245,0.8,2.1,.395,.384,0.4,0.7,.625,0.1,0.8,0.9,1.4,0.4,0.0,0.7,0.8,3.1)
(2005,81,Josh Childress,SG,21,ATL,80,44,29.7,3.8,8.0,.470,0.2,0.7,.232,3.6,7.3,.493,.481,2.4,2.9,.823,2.4,3.6,6.0,1.9,0.9,0.4,1.3,2.3,10.1)
(2005,85,Derrick Coleman,C,37,DET,5,0,10.0,0.6,2.8,.214,0.0,0.4,.000,0.6,2.4,.250,.214,0.6,0.6,1.000,0.6,2.4,3.0,0.0,0.0,0.0,0.4,1.2,1.8)
(2005,89,Nick Collison,C,24,SEA,82,4,17.0,2.3,4.3,.537,0.0,0.0,.000,2.3,4.3,.541,.537,1.0,1.4,.703,1.9,2.7,4.6,0.4,0.4,0.6,0.8,3.1,5.6)
(2005,93,Austin Croshere,PF,29,IND,73,22,25.0,2.6,6.8,.378,0.6,2.4,.259,2.0,4.4,.443,.424,3.1,3.5,.883,1.4,3.7,5.1,1.3,0.7,0.2,1.4,2.1,8.9)
(2005,97,Erick Dampier,C,29,DAL,59,56,27.3,3.4,6.2,.550,0.0,0.1,.000,3.4,6.2,.555,.550,2.3,3.9,.605,3.1,5.4,8.5,0.9,0.3,1.4,1.7,3.5,9.2)
(2005,Rk,Player,Pos,Age,Tm,G,GS,MP,FG,FGA,FG%,3P,3PA,3P,2P,2PA,2P,eFG%,FT,FTA,FT%,ORB,DRB,TRB,AST,STL,BLK,TOV,PF,PTS)
(2005,104,Josh Davis,PF,24,PHI,42,5,7.8,1.0,2.6,.378,0.5,1.3,.358,0.5,1.4,.397,.464,0.3,0.4,.824,0.7,1.2,1.9,0.3,0.2,0.1,0.4,1.1,2.8)
(2005,108,Tony Delk,SG,31,ATL,56,1,23.9,4.4,10.6,.416,1.3,3.6,.356,3.1,6.9,.447,.477,1.8,2.4,.757,0.5,1.8,2.3,1.9,0.8,0.1,1.0,2.2,11.9)
(2005,112,Kaniel Dickens,SF,26,NJN,11,0,5.5,0.4,1.3,.286,0.3,0.8,.333,0.1,0.5,.200,.393,0.2,0.2,1.000,0.3,0.5,0.8,0.1,0.2,0.1,0.2,0.5,1.2)
(2005,116,Michael Doleac,C,27,MIA,80,8,14.7,1.9,4.1,.447,0.0,0.0,.000,1.9,4.1,.450,.447,0.3,0.5,.610,0.9,2.3,3.2,0.6,0.3,0.3,0.5,2.0,4.0)
(2005,120,Tim Duncan,PF,28,SAS,66,66,33.4,7.8,15.8,.496,0.0,0.1,.333,7.8,15.7,.498,.498,4.6,6.9,.670,3.1,8.0,11.1,2.7,0.7,2.6,1.9,2.2,20.3)
(2005,123,Ndudi Ebi,SG,20,MIN,2,0,27.0,5.5,10.5,.524,0.0,0.5,.000,5.5,10.0,.550,.524,2.5,4.5,.556,3.0,5.0,8.0,0.5,0.5,0.5,1.5,3.5,13.5)
(2005,127,Obinna Ekezie,C,29,ATL,42,31,17.4,1.9,4.3,.434,0.0,0.0,.000,1.9,4.3,.436,.434,1.7,2.2,.774,1.6,2.6,4.3,0.3,0.5,0.3,1.1,3.1,5.5)
(2005,131,Maurice Evans,SG,26,SAC,65,11,19.0,2.5,5.7,.442,0.4,1.3,.329,2.1,4.5,.474,.479,0.9,1.2,.756,1.4,1.7,3.1,0.7,0.6,0.1,0.5,1.6,6.4)
(2005,135,Marcus Fizer,PF,26,MIL,54,0,16.7,2.5,5.4,.455,0.0,0.1,.000,2.5,5.3,.465,.455,1.3,1.9,.680,0.5,2.7,3.2,1.2,0.5,0.2,1.2,1.8,6.2)
(2005,139,Tremaine Fowlkes,SF,28,IND,8,0,7.0,1.1,2.1,.529,0.1,0.4,.333,1.0,1.8,.571,.559,0.0,0.3,.000,0.4,0.6,1.0,0.0,0.3,0.0,0.6,0.9,2.4)
(2005,142,Steve Francis,PG,27,ORL,78,78,38.2,7.2,17.1,.423,0.5,1.6,.299,6.7,15.4,.436,.438,6.4,7.8,.823,1.6,4.2,5.8,7.0,1.4,0.4,4.1,3.5,21.3)
(2005,146,Reece Gaines,PG,24,TOT,21,0,8.9,0.8,2.4,.340,0.2,0.7,.286,0.6,1.7,.361,.380,0.1,0.2,.750,0.0,0.6,0.7,0.3,0.2,0.0,0.3,0.8,2.0)
(2005,150,Pau Gasol,PF,24,MEM,56,53,32.0,6.4,12.4,.514,0.0,0.1,.167,6.4,12.3,.517,.514,5.0,6.6,.768,2.3,5.0,7.3,2.4,0.7,1.7,2.4,2.6,17.8)
(2005,154,Manu Ginobili,SG,27,SAS,74,74,29.6,5.0,10.5,.471,1.3,3.5,.376,3.6,7.1,.517,.533,4.8,6.0,.803,1.0,3.4,4.4,3.9,1.6,0.4,2.3,2.6,16.0)
(2005,158,Drew Gooden,PF,23,CLE,82,80,30.8,5.7,11.5,.492,0.1,0.3,.179,5.6,11.2,.502,.495,3.1,3.8,.810,2.5,6.7,9.2,1.6,0.9,0.9,1.6,2.8,14.4)
(2005,161,Willie Green,SG,23,PHI,57,21,18.7,2.7,7.4,.366,0.5,1.8,.286,2.2,5.6,.393,.402,1.7,2.2,.776,0.4,1.9,2.3,1.8,0.6,0.1,1.3,2.1,7.7)
(2005,165,Marcus Haislip,PF,24,IND,9,0,11.8,1.4,4.2,.342,0.0,0.1,.000,1.4,4.1,.351,.342,0.7,1.2,.545,0.6,1.1,1.7,0.3,0.2,0.2,0.7,1.7,3.6)
(2005,169,Ben Handlogten,C,31,UTA,21,5,14.1,2.0,4.0,.518,0.0,0.0,.000,2.0,3.9,.524,.518,0.4,0.8,.529,1.1,2.0,3.1,0.6,0.3,0.2,0.9,2.6,4.5)
(2005,173,Junior Harrington,SG,24,NOH,29,7,19.0,2.2,6.1,.360,0.2,0.7,.316,2.0,5.5,.365,.376,1.0,1.2,.829,0.4,1.7,2.2,2.1,0.9,0.2,1.4,2.5,5.6)
(2005,177,David Harrison,C,22,IND,43,14,17.7,2.5,4.3,.576,0.0,0.0,,2.5,4.3,.576,.576,1.2,2.1,.571,1.1,2.0,3.1,0.3,0.4,1.3,1.2,3.1,6.1)
(2005,Rk,Player,Pos,Age,Tm,G,GS,MP,FG,FGA,FG%,3P,3PA,3P,2P,2PA,2P,eFG%,FT,FTA,FT%,ORB,DRB,TRB,AST,STL,BLK,TOV,PF,PTS)
(2005,184,Alan Henderson,PF,32,DAL,78,10,15.4,1.5,2.8,.527,0.0,0.0,.000,1.5,2.8,.532,.527,0.5,1.0,.539,2.1,2.4,4.5,0.3,0.4,0.5,0.6,1.9,3.5)
(2005,188,Fred Hoiberg,SG,32,MIN,76,0,16.7,1.8,3.7,.489,0.9,1.9,.483,0.9,1.8,.496,.613,1.2,1.3,.873,0.4,2.0,2.4,1.1,0.7,0.2,0.3,1.4,5.8)
(2005,192,Dwight Howard,PF,19,ORL,82,82,32.6,4.3,8.3,.520,0.0,0.0,.000,4.3,8.2,.521,.520,3.4,5.0,.671,3.5,6.5,10.0,0.9,0.9,1.7,2.0,2.8,12.0)
(2005,196,Larry Hughes,SG,26,WAS,61,61,38.7,7.7,17.8,.430,1.0,3.4,.282,6.7,14.4,.465,.457,5.8,7.4,.777,1.2,5.0,6.3,4.7,2.9,0.3,2.5,2.8,22.0)
(2005,200,Lindsey Hunter,SG,34,DET,76,3,15.1,1.4,4.0,.358,0.3,1.1,.274,1.1,2.9,.390,.396,0.6,0.8,.793,0.5,1.1,1.6,1.7,0.9,0.2,0.9,1.6,3.8)
(2005,203,Zydrunas Ilgauskas,C,29,CLE,78,78,33.5,5.9,12.6,.468,0.0,0.1,.286,5.8,12.5,.469,.469,5.2,6.4,.799,3.8,4.8,8.6,1.3,0.7,2.1,2.4,4.0,16.9)
(2005,207,Bobby Jackson,SG,31,SAC,25,0,21.4,4.4,10.2,.427,1.3,3.8,.344,3.0,6.4,.478,.492,2.0,2.3,.862,0.9,2.5,3.4,2.4,0.6,0.1,1.1,2.3,12.0)
(2005,211,Marc Jackson,C,30,PHI,81,23,24.4,4.2,9.0,.465,0.0,0.0,.000,4.2,9.0,.466,.465,3.6,4.3,.828,2.3,2.7,5.0,1.0,0.4,0.2,1.6,2.1,12.0)
(2005,215,LeBron James,SF,20,CLE,80,80,42.4,9.9,21.1,.472,1.4,3.9,.351,8.6,17.2,.499,.504,6.0,8.0,.750,1.4,6.0,7.4,7.2,2.2,0.7,3.3,1.8,27.2)
(2005,219,Al Jefferson,PF,20,BOS,71,1,14.8,2.7,5.2,.528,0.0,0.0,.000,2.7,5.2,.533,.528,1.2,1.9,.630,1.7,2.7,4.4,0.3,0.3,0.8,0.9,2.7,6.7)
(2005,222,Horace Jenkins,PG,30,DET,15,0,6.9,1.0,3.0,.333,0.0,0.6,.000,1.0,2.4,.417,.333,0.8,0.9,.923,0.2,0.4,0.6,0.6,0.3,0.1,0.5,0.4,2.8)
(2005,226,Ervin Johnson,C,37,MIN,46,23,8.9,0.6,1.2,.519,0.0,0.0,1.000,0.6,1.2,.509,.528,0.3,0.5,.640,0.9,1.5,2.5,0.1,0.2,0.3,0.4,1.9,1.6)
(2005,230,Damon Jones,PG,28,MIA,82,66,31.4,4.0,8.9,.456,2.7,6.4,.432,1.3,2.5,.517,.611,0.8,1.0,.791,0.2,2.6,2.8,4.3,0.5,0.1,1.2,1.5,11.6)
(2005,234,Jumaine Jones,SF,25,LAL,76,23,24.1,2.8,6.4,.432,1.3,3.4,.391,1.4,3.0,.480,.537,0.7,1.0,.733,1.4,3.8,5.2,0.9,0.6,0.3,0.6,2.2,7.6)
(2005,238,Mario Kasun,C,24,ORL,45,0,7.9,1.0,2.2,.480,0.0,0.0,.000,1.0,2.2,.485,.480,0.5,1.0,.558,1.2,1.7,2.8,0.2,0.2,0.3,0.6,1.9,2.6)
(2005,241,Andrei Kirilenko,PF,23,UTA,41,37,32.9,5.0,10.2,.493,0.6,1.9,.299,4.5,8.4,.536,.520,5.0,6.3,.784,2.2,4.0,6.2,3.2,1.6,3.3,2.2,2.5,15.6)
(2005,245,Kyle Korver,SF,23,PHI,82,57,32.5,3.9,9.3,.418,2.8,6.8,.405,1.1,2.5,.453,.567,1.0,1.2,.854,0.5,4.1,4.6,2.2,1.3,0.4,1.3,3.2,11.5)
(2005,249,Christian Laettner,PF,35,MIA,49,0,15.1,2.2,3.8,.582,0.0,0.1,.143,2.2,3.6,.599,.584,0.9,1.2,.763,0.7,1.9,2.7,0.8,0.7,0.3,0.6,1.6,5.3)
(2005,253,Rashard Lewis,SF,25,SEA,71,71,38.0,7.5,16.2,.462,2.4,6.1,.400,5.1,10.1,.499,.537,3.1,4.0,.777,1.5,3.9,5.5,1.3,1.1,0.9,1.7,2.2,20.5)
(2005,257,Tyronn Lue,PG,27,TOT,70,49,28.7,4.2,9.3,.451,0.8,2.2,.355,3.4,7.1,.481,.493,2.0,2.4,.861,0.2,1.9,2.1,4.6,0.5,0.0,1.5,2.4,11.2)
(2005,Rk,Player,Pos,Age,Tm,G,GS,MP,FG,FGA,FG%,3P,3PA,3P,2P,2PA,2P,eFG%,FT,FTA,FT%,ORB,DRB,TRB,AST,STL,BLK,TOV,PF,PTS)
(2005,264,Sean Marks,PF,29,SAS,23,0,10.6,1.2,3.5,.338,0.0,0.1,.000,1.2,3.3,.351,.338,1.0,1.2,.786,0.8,1.7,2.4,0.3,0.1,0.5,0.6,1.3,3.3)
(2005,268,Kevin Martin,PG,21,SAC,45,0,10.1,1.0,2.6,.385,0.1,0.6,.200,0.9,2.0,.435,.406,0.8,1.2,.655,0.6,0.6,1.3,0.5,0.4,0.1,0.5,0.8,2.9)
(2005,272,Jelani McCoy,C,27,ATL,10,0,8.8,0.7,1.3,.538,0.0,0.0,,0.7,1.3,.538,.538,0.1,0.5,.200,0.7,1.4,2.1,0.0,0.3,0.8,0.6,2.4,1.5)
(2005,276,Aaron McKie,SG,32,PHI,68,3,16.4,0.9,2.1,.430,0.3,0.9,.323,0.6,1.2,.513,.500,0.1,0.2,.625,0.3,2.2,2.5,1.5,0.7,0.3,0.5,1.7,2.2)
(2005,280,Chris Mihm,C,25,LAL,75,75,24.9,3.7,7.4,.507,0.0,0.0,.000,3.7,7.3,.509,.507,2.3,3.4,.678,2.6,4.1,6.7,0.7,0.2,1.4,1.5,3.2,9.8)
(2005,283,Andre Miller,PG,28,DEN,82,82,34.8,5.2,10.9,.477,0.1,0.5,.154,5.1,10.4,.492,.480,3.1,3.7,.838,1.2,2.9,4.1,6.9,1.5,0.1,2.7,2.5,13.6)
(2005,287,Reggie Miller*,SG,39,IND,66,66,31.9,4.8,10.9,.437,1.5,4.5,.322,3.3,6.4,.518,.503,3.8,4.1,.933,0.3,2.1,2.4,2.2,0.8,0.1,1.2,1.7,14.8)
(2005,291,Jerome Moiso,C-PF,26,TOT,20,1,6.0,0.5,0.9,.500,0.0,0.1,.000,0.5,0.9,.529,.500,0.5,0.7,.769,0.5,1.4,1.9,0.1,0.2,0.3,0.4,0.7,1.4)
(2005,295,Lamond Murray,SF,31,TOR,62,1,14.8,2.1,5.0,.426,0.7,1.7,.438,1.4,3.3,.420,.500,1.0,1.3,.763,0.7,1.9,2.6,0.8,0.5,0.3,0.9,1.4,6.0)
(2005,299,Bostjan Nachbar,PF-SF,24,TOT,71,6,18.9,2.3,5.8,.392,1.1,2.8,.383,1.2,3.0,.400,.483,1.4,1.6,.829,0.3,2.2,2.6,1.0,0.4,0.2,1.0,2.6,7.0)
(2005,302,Steve Nash,PG,30,PHO,75,75,34.3,5.7,11.4,.502,1.3,2.9,.431,4.5,8.5,.526,.557,2.8,3.2,.887,0.8,2.6,3.3,11.5,1.0,0.1,3.3,1.8,15.5)
(2005,306,Andres Nocioni,SF,25,CHI,81,38,23.4,3.0,7.4,.401,0.3,1.2,.258,2.7,6.2,.429,.422,2.1,2.7,.766,0.9,3.9,4.8,1.5,0.5,0.4,1.7,2.6,8.4)
(2005,310,Shaquille O'Neal,C,32,MIA,73,73,34.1,9.0,15.0,.601,0.0,0.0,,9.0,15.0,.601,.601,4.8,10.5,.461,3.5,6.9,10.4,2.7,0.5,2.3,2.8,3.6,22.9)
(2005,314,Kevin Ollie,PG,32,PHI,26,0,6.1,0.4,1.2,.355,0.0,0.0,,0.4,1.2,.355,.355,0.2,0.3,.667,0.1,0.6,0.7,0.7,0.2,0.0,0.2,0.6,1.1)
(2005,318,Travis Outlaw,SF,20,POR,59,2,13.4,2.3,4.5,.498,0.1,0.2,.400,2.2,4.4,.502,.506,0.8,1.3,.653,0.7,1.4,2.1,0.6,0.5,0.7,0.7,1.3,5.4)
(2005,321,Milt Palacio,PG,26,TOR,80,4,19.2,2.2,4.9,.446,0.0,0.2,.167,2.2,4.8,.455,.449,1.4,1.9,.742,0.3,1.4,1.7,3.5,0.6,0.2,1.3,1.6,5.8)
(2005,325,Ruben Patterson,SF,29,POR,70,36,28.0,4.6,8.6,.531,0.0,0.4,.080,4.5,8.2,.550,.532,2.4,4.0,.599,1.8,2.1,3.9,2.0,1.5,0.3,2.0,2.3,11.6)
(2005,329,Kirk Penney,SG,24,LAC,4,0,3.0,0.3,0.8,.333,0.0,0.3,.000,0.3,0.5,.500,.333,0.0,0.0,,0.0,0.3,0.3,0.3,0.0,0.0,0.5,0.0,0.5)
(2005,333,Eric Piatkowski,SG,34,CHI,68,11,12.4,1.6,3.8,.430,0.8,2.0,.425,0.8,1.8,.435,.541,0.7,0.8,.804,0.2,0.9,1.2,0.8,0.4,0.0,0.5,1.0,4.8)
(2005,337,Pavel Podkolzin,C,20,DAL,5,0,2.0,0.0,0.0,,0.0,0.0,,0.0,0.0,,,0.2,0.4,.500,0.0,0.4,0.4,0.0,0.0,0.0,0.4,0.8,0.2)
(2005,Rk,Player,Pos,Age,Tm,G,GS,MP,FG,FGA,FG%,3P,3PA,3P,2P,2PA,2P,eFG%,FT,FTA,FT%,ORB,DRB,TRB,AST,STL,BLK,TOV,PF,PTS)
(2005,344,Joel Przybilla,C,25,POR,76,50,24.4,2.6,4.4,.598,0.0,0.0,,2.6,4.4,.598,.598,1.2,2.3,.517,2.3,5.4,7.7,1.0,0.3,2.1,1.3,3.1,6.4)
(2005,348,Zach Randolph,PF,23,POR,46,37,34.8,7.2,16.1,.448,0.0,0.1,.000,7.2,16.0,.452,.448,4.5,5.5,.815,3.1,6.5,9.6,1.9,0.7,0.4,2.4,2.4,18.9)
(2005,352,Justin Reed,SF,23,BOS,23,0,5.3,0.7,1.3,.517,0.0,0.1,.000,0.7,1.1,.577,.517,0.5,0.7,.733,0.3,0.3,0.7,0.4,0.1,0.0,0.2,0.5,1.8)
(2005,356,Luke Ridnour,PG,23,SEA,82,82,31.4,3.6,9.0,.405,0.8,2.2,.376,2.8,6.8,.414,.450,1.9,2.2,.883,0.7,1.8,2.5,5.9,1.1,0.3,1.8,2.3,10.0)
(2005,360,Rodney Rogers,SF-PF,33,TOT,58,33,23.6,3.0,7.8,.382,0.8,2.9,.286,2.1,4.9,.440,.436,0.9,1.2,.743,1.1,3.2,4.2,1.5,0.7,0.3,1.5,3.0,7.7)
(2005,363,Quinton Ross,SG,23,LAC,78,19,21.3,2.1,4.8,.432,0.0,0.1,.250,2.1,4.7,.434,.433,0.9,1.4,.673,0.8,1.9,2.7,1.4,0.7,0.3,0.7,2.1,5.1)
(2005,367,John Salmons,SG,25,PHI,58,8,17.1,1.5,3.6,.405,0.5,1.6,.341,0.9,2.1,.454,.479,0.6,0.8,.729,0.2,1.9,2.1,2.0,0.7,0.2,0.9,1.6,4.1)
(2005,371,Ansu Sesay,SF,28,GSW,16,0,8.0,1.1,2.6,.405,0.1,0.5,.250,0.9,2.1,.441,.429,0.8,1.5,.542,1.1,1.3,2.4,0.8,0.1,0.2,0.5,1.0,3.1)
(2005,375,Brian Skinner,C-PF,28,TOT,49,23,19.2,2.1,4.2,.507,0.0,0.0,.000,2.1,4.2,.510,.507,0.5,1.4,.357,2.2,3.5,5.7,0.9,0.6,1.0,0.8,2.1,4.8)
(2005,379,Jabari Smith,PF,27,NJN,45,2,14.4,1.4,3.3,.419,0.0,0.0,.500,1.4,3.2,.418,.422,0.9,1.2,.745,0.6,1.8,2.5,0.8,0.6,0.3,0.9,2.3,3.7)
(2005,382,Steve Smith,SG,35,TOT,50,1,15.0,2.0,5.0,.411,0.8,2.1,.390,1.2,2.9,.427,.494,1.4,1.6,.863,0.3,1.0,1.3,1.4,0.3,0.1,0.5,1.6,6.3)
(2005,386,Darius Songaila,PF,26,SAC,81,21,20.6,3.2,6.0,.527,0.0,0.0,.000,3.2,6.0,.530,.527,1.2,1.4,.847,1.5,2.7,4.2,1.4,0.6,0.2,0.9,2.5,7.5)
(2005,390,DeShawn Stevenson,SG,23,ORL,55,27,19.8,3.2,7.7,.408,0.5,1.2,.373,2.7,6.5,.415,.438,1.0,1.8,.554,0.7,1.2,1.9,1.3,0.3,0.2,1.0,1.3,7.8)
(2005,394,Damon Stoudamire,PG,31,POR,81,70,34.1,5.6,14.4,.392,2.2,6.0,.369,3.4,8.3,.409,.470,2.2,2.5,.915,0.7,3.1,3.8,5.7,1.1,0.0,2.0,2.0,15.8)
(2005,398,Bruno Sundov,C,24,NYK,21,0,3.5,0.5,1.8,.297,0.0,0.1,.333,0.5,1.6,.294,.311,0.1,0.1,1.000,0.3,0.3,0.6,0.1,0.1,0.1,0.3,0.8,1.2)
(2005,401,Robert Swift,C,19,SEA,16,0,4.5,0.3,0.7,.455,0.0,0.0,,0.3,0.7,.455,.455,0.3,0.6,.556,0.1,0.3,0.3,0.1,0.1,0.4,0.3,1.0,0.9)
(2005,405,Maurice Taylor,PF-C,28,TOT,65,16,20.6,3.1,6.9,.455,0.0,0.1,.333,3.1,6.7,.458,.459,1.0,1.6,.612,1.0,2.9,4.0,1.0,0.4,0.3,1.4,2.8,7.3)
(2005,409,Etan Thomas,C,26,WAS,47,10,20.8,2.7,5.4,.502,0.0,0.0,,2.7,5.4,.502,.502,1.6,3.1,.528,1.8,3.4,5.2,0.4,0.4,1.1,1.1,2.8,7.1)
(2005,413,Kurt Thomas,PF,32,NYK,80,80,35.7,5.3,11.3,.471,0.0,0.1,.500,5.3,11.2,.470,.472,0.8,1.1,.786,2.1,8.3,10.4,2.0,0.9,1.0,1.2,3.9,11.5)
(2005,417,Jake Tsakalidis,C,25,MEM,31,1,9.0,1.0,2.1,.500,0.0,0.0,,1.0,2.1,.500,.500,0.5,0.6,.778,0.7,1.1,1.8,0.3,0.1,0.5,0.4,1.4,2.5)
(2005,Rk,Player,Pos,Age,Tm,G,GS,MP,FG,FGA,FG%,3P,3PA,3P,2P,2PA,2P,eFG%,FT,FTA,FT%,ORB,DRB,TRB,AST,STL,BLK,TOV,PF,PTS)
(2005,424,Jacque Vaughn,SG,29,NJN,71,34,19.9,2.1,4.6,.449,0.1,0.2,.333,2.0,4.4,.455,.457,1.1,1.3,.835,0.2,1.3,1.5,1.9,0.6,0.0,0.9,1.9,5.3)
(2005,428,Dwyane Wade,SG,23,MIA,77,77,38.6,8.2,17.1,.478,0.2,0.6,.289,8.0,16.5,.485,.483,7.5,9.9,.762,1.4,3.7,5.2,6.8,1.6,1.1,4.2,3.0,24.1)
(2005,432,Ben Wallace,C,30,DET,74,74,36.1,4.0,8.8,.453,0.0,0.1,.111,4.0,8.7,.458,.454,1.8,4.1,.428,3.9,8.2,12.2,1.7,1.4,2.4,1.1,2.1,9.7)
(2005,436,Charlie Ward,PG,34,HOU,14,13,25.7,1.7,5.5,.312,1.1,3.6,.314,0.6,1.9,.308,.416,0.8,0.9,.846,0.4,2.4,2.8,3.1,1.1,0.0,1.3,1.6,5.4)
(2005,440,Bonzi Wells,SG,28,MEM,69,19,21.6,3.9,8.9,.441,0.5,1.5,.346,3.4,7.4,.460,.470,2.0,2.7,.750,0.7,2.6,3.3,1.2,1.2,0.4,1.3,2.4,10.4)
(2005,443,David West,SF,24,NOH,30,8,18.4,2.5,5.7,.436,0.1,0.2,.400,2.4,5.6,.437,.442,1.1,1.7,.680,1.3,3.0,4.3,0.8,0.4,0.5,1.2,2.1,6.2)
(2005,447,Chris Wilcox,C,22,LAC,54,25,18.6,3.1,6.1,.514,0.0,0.0,,3.1,6.1,.514,.514,1.6,2.7,.611,1.2,3.1,4.2,0.7,0.5,0.4,1.4,2.4,7.9)
(2005,451,Eric Williams,SG,32,TOT,55,39,24.0,2.6,6.0,.430,0.5,1.3,.384,2.1,4.7,.444,.473,2.0,2.9,.696,0.8,2.3,3.1,1.7,0.7,0.1,1.1,2.7,7.7)
(2005,455,Mo Williams,PG,22,MIL,80,80,28.2,4.0,9.2,.438,0.4,1.2,.323,3.6,8.0,.456,.460,1.7,2.0,.850,0.6,2.4,3.1,6.1,0.9,0.1,2.5,2.8,10.2)
(2005,459,Loren Woods,C,26,TOR,45,30,15.8,1.6,3.6,.433,0.0,0.0,.000,1.6,3.6,.436,.433,0.8,1.3,.576,1.8,3.1,4.9,0.4,0.2,0.9,0.8,1.7,3.9)
(2005,462,Dorell Wright,SF,19,MIA,3,0,9.0,1.0,3.7,.273,0.0,1.3,.000,1.0,2.3,.429,.273,0.3,0.3,1.000,0.0,0.3,0.3,1.0,1.3,0.0,1.0,0.7,2.3)
