(2005,2,Cory Alexander,SG,31,CHA,16,1,12.6,1.0,3.1,.327,0.5,1.2,.421,0.5,1.9,.267,.408,0.6,0.8,.750,0.5,1.3,1.8,2.3,0.6,0.1,1.2,1.8,3.1)
(2005,6,Rafer Alston,PG,28,TOR,80,78,34.0,5.0,12.2,.414,1.7,4.9,.357,3.3,7.3,.451,.485,2.4,3.2,.740,0.5,3.0,3.5,6.4,1.5,0.1,2.1,2.7,14.2)
(2005,10,Shandon Anderson,SF-SG,31,TOT,66,5,17.7,1.5,3.3,.452,0.1,0.4,.172,1.4,2.8,.495,.463,0.8,1.0,.818,0.6,2.3,2.9,1.1,0.6,0.2,0.8,2.1,3.9)
(2005,14,Trevor Ariza,SF,19,NYK,80,12,17.3,2.2,4.9,.442,0.0,0.2,.231,2.1,4.7,.449,.446,1.5,2.2,.695,1.1,1.9,3.0,1.1,0.9,0.2,0.9,1.9,5.9)
(2005,18,Stacey Augmon,SF,36,ORL,55,7,12.1,1.2,3.0,.407,0.0,0.0,,1.2,3.0,.407,.407,1.0,1.4,.740,0.8,1.0,1.8,0.7,0.4,0.1,0.6,1.5,3.5)
(2005,21,Marcus Banks,PG,23,BOS,81,2,14.1,1.4,3.5,.402,0.3,0.7,.356,1.2,2.8,.414,.439,1.5,2.0,.742,0.4,1.2,1.6,1.9,0.8,0.2,1.0,1.8,4.6)
(2005,25,Brent Barry,SG,33,SAS,81,8,21.5,2.4,5.7,.423,1.2,3.5,.357,1.2,2.2,.525,.532,1.4,1.7,.837,0.4,2.0,2.3,2.2,0.5,0.2,0.8,1.5,7.4)
(2005,29,Lonny Baxter,PF,26,NOH,4,0,9.0,0.8,2.8,.273,0.0,0.0,,0.8,2.8,.273,.273,0.0,0.5,.000,1.0,1.0,2.0,0.0,0.0,0.0,1.0,2.5,1.5)
(2005,33,Mike Bibby,PG,26,SAC,80,80,38.6,7.0,15.8,.443,1.6,4.6,.360,5.4,11.3,.477,.495,4.0,5.2,.775,1.0,3.2,4.2,6.8,1.6,0.4,2.5,2.4,19.6)
(2005,37,Mark Blount,C,29,BOS,82,57,26.0,4.0,7.5,.529,0.0,0.0,.000,4.0,7.5,.530,.529,1.4,2.0,.713,1.7,3.1,4.8,1.6,0.4,0.8,1.9,2.8,9.4)
(2005,Rk,Player,Pos,Age,Tm,G,GS,MP,FG,FGA,FG%,3P,3PA,3P,2P,2PA,2P,eFG%,FT,FTA,FT%,ORB,DRB,TRB,AST,STL,BLK,TOV,PF,PTS)
(2005,44,Chris Bosh,PF,20,TOR,81,81,37.2,5.8,12.4,.471,0.0,0.1,.300,5.8,12.3,.472,.472,5.1,6.7,.760,2.4,6.5,8.9,1.9,0.9,1.4,2.3,2.8,16.8)
(2005,48,Michael Bradley,PF,25,TOT,18,0,6.6,0.8,1.3,.625,0.0,0.1,.000,0.8,1.3,.652,.625,0.2,0.4,.375,0.4,1.1,1.6,0.3,0.1,0.1,0.3,0.7,1.8)
(2005,52,Jamison Brewer,PG,24,NYK,18,0,10.3,0.6,2.1,.297,0.2,0.8,.200,0.4,1.2,.364,.338,0.3,0.7,.462,0.3,0.9,1.2,0.7,0.4,0.1,0.7,0.6,1.7)
(2005,56,Kedrick Brown,SF,23,PHI,8,0,6.9,0.3,0.8,.333,0.0,0.4,.000,0.3,0.4,.667,.333,1.0,1.3,.800,0.1,1.3,1.4,0.5,0.4,0.1,0.6,0.5,1.5)
(2005,60,Rick Brunson,PG,32,LAC,80,39,24.3,2.1,5.5,.376,0.6,1.6,.369,1.5,3.9,.378,.430,0.7,0.9,.770,0.3,2.1,2.3,5.1,1.0,0.1,1.6,1.3,5.5)
(2005,63,Rodney Buford,SF,27,NJN,64,17,20.5,2.9,7.6,.382,0.5,1.7,.315,2.4,6.0,.402,.417,0.6,0.7,.822,0.5,2.4,3.0,1.0,0.6,0.1,0.5,1.6,7.0)
(2005,67,Rasual Butler,SF,25,MIA,65,15,18.5,2.5,6.3,.399,0.9,2.4,.373,1.6,3.9,.414,.468,0.6,0.7,.771,0.2,2.1,2.3,1.0,0.3,0.4,0.6,1.6,6.5)
(2005,71,Brian Cardinal,PF,27,MEM,58,16,24.7,2.8,7.4,.370,0.8,2.2,.352,2.0,5.3,.378,.421,2.7,3.1,.873,1.1,2.8,3.9,2.0,1.5,0.3,1.4,3.0,9.0)
(2005,75,Vince Carter,SF-SG,28,TOT,77,76,36.7,9.0,20.0,.452,1.6,4.1,.406,7.4,15.9,.463,.493,4.8,6.0,.798,1.4,3.8,5.2,4.2,1.4,0.6,2.2,3.2,24.5)
(2005,79,Tyson Chandler,C,22,CHI,80,10,27.4,2.6,5.2,.494,0.0,0.0,.000,2.6,5.2,.496,.494,2.8,4.2,.673,3.3,6.4,9.7,0.8,0.9,1.8,1.5,3.4,8.0)
(2005,82,Doug Christie,SG,34,TOT,52,44,29.3,2.5,6.4,.392,0.3,1.2,.242,2.2,5.2,.426,.414,1.3,1.5,.897,0.7,2.7,3.4,3.8,1.5,0.3,2.0,2.0,6.6)
(2005,86,Jason Collier,C,27,ATL,70,44,13.5,2.5,5.4,.463,0.1,0.2,.429,2.4,5.2,.464,.471,0.7,1.0,.676,1.2,1.4,2.6,0.3,0.2,0.2,0.9,2.1,5.7)
(2005,90,Brian Cook,C,24,LAL,72,0,15.1,2.4,5.9,.417,1.1,2.8,.392,1.4,3.1,.439,.509,0.4,0.5,.757,0.9,2.1,3.0,0.5,0.3,0.4,0.4,1.9,6.4)
(2005,94,Eddy Curry,C,22,CHI,63,60,28.7,6.2,11.6,.538,0.0,0.0,,6.2,11.6,.538,.538,3.6,5.0,.720,1.8,3.5,5.4,0.6,0.3,0.9,2.6,3.2,16.1)
(2005,98,Antonio Daniels,PG,29,SEA,75,2,27.0,3.6,8.3,.438,0.7,2.2,.297,3.0,6.1,.489,.478,3.3,4.1,.816,0.3,2.0,2.3,4.1,0.7,0.0,1.0,1.0,11.2)
(2005,101,Antonio Davis,PF,36,CHI,72,62,25.6,2.7,5.8,.461,0.0,0.0,,2.7,5.8,.461,.461,1.6,2.1,.757,2.1,3.8,5.9,1.1,0.4,0.6,1.3,2.0,7.0)
(2005,105,Ricky Davis,SG,25,BOS,82,11,32.9,5.9,12.7,.462,0.7,2.2,.339,5.1,10.5,.488,.491,3.5,4.3,.815,0.8,2.2,3.0,3.0,1.1,0.3,2.5,2.1,16.0)
(2005,109,Luol Deng,SF,19,CHI,61,45,27.3,4.6,10.6,.434,0.5,1.9,.265,4.1,8.7,.472,.458,2.0,2.7,.741,1.5,3.8,5.3,2.2,0.8,0.4,1.9,1.6,11.7)
(2005,113,DeSagana Diop,C,23,CLE,39,0,7.8,0.5,1.8,.290,0.0,0.1,.000,0.5,1.7,.299,.290,0.0,0.1,.000,0.8,1.0,1.8,0.4,0.2,0.7,0.3,1.4,1.0)
(2005,117,Keyon Dooling,PG,24,MIA,74,0,16.0,1.9,4.7,.403,0.3,1.0,.253,1.6,3.6,.444,.430,1.1,1.5,.780,0.1,1.1,1.2,1.8,0.5,0.1,0.9,1.6,5.2)
(2005,Rk,Player,Pos,Age,Tm,G,GS,MP,FG,FGA,FG%,3P,3PA,3P,2P,2PA,2P,eFG%,FT,FTA,FT%,ORB,DRB,TRB,AST,STL,BLK,TOV,PF,PTS)
(2005,124,Corsley Edwards,C,25,NOH,10,0,11.0,1.0,3.1,.323,0.0,0.0,,1.0,3.1,.323,.323,0.7,1.2,.583,1.2,1.3,2.5,0.3,0.3,0.4,0.2,1.9,2.7)
(2005,128,Francisco Elson,C,28,DEN,67,11,14.0,1.5,3.2,.468,0.0,0.0,.333,1.5,3.2,.469,.470,0.7,1.2,.570,0.9,2.1,3.0,0.5,0.5,0.6,0.6,1.9,3.7)
(2005,132,Reggie Evans,PF,24,SEA,79,79,23.8,1.7,3.5,.476,0.0,0.0,.000,1.7,3.5,.480,.476,1.6,3.0,.534,3.2,6.1,9.3,0.7,0.7,0.2,1.3,2.6,4.9)
(2005,136,Luis Flores,PG,23,TOT,16,0,4.8,0.9,1.8,.483,0.3,0.6,.500,0.6,1.2,.474,.569,0.1,0.1,1.000,0.1,0.1,0.2,0.7,0.1,0.0,0.7,0.6,2.2)
(2005,140,Adonal Foyle,C,29,GSW,78,50,21.8,2.0,4.0,.502,0.0,0.0,,2.0,4.0,.502,.502,0.5,0.9,.556,2.1,3.4,5.5,0.7,0.3,2.0,0.7,2.6,4.5)
(2005,143,Matt Freije,PF,23,NOH,23,11,19.2,1.6,5.5,.291,0.6,2.3,.259,1.0,3.2,.315,.346,0.2,0.3,.625,0.7,2.0,2.7,0.9,0.6,0.1,0.7,1.7,4.0)
(2005,147,Alex Garcia,SG,24,NOH,8,3,18.3,2.3,6.5,.346,0.6,2.3,.278,1.6,4.3,.382,.394,0.4,0.5,.750,0.9,1.0,1.9,2.3,0.5,0.1,1.0,1.9,5.5)
(2005,151,Devean George,SF,27,LAL,15,3,20.4,2.5,6.9,.356,1.4,3.9,.362,1.1,3.1,.348,.457,1.0,1.3,.750,0.9,2.7,3.5,0.9,0.5,0.1,0.8,2.1,7.3)
(2005,155,Gordan Giricek,SG,27,UTA,81,44,20.5,3.5,7.8,.448,0.5,1.3,.362,3.0,6.5,.465,.478,1.4,1.7,.810,0.3,1.9,2.2,1.7,0.6,0.1,1.1,1.9,8.8)
(2005,159,Ben Gordon,SG,21,CHI,82,3,24.4,5.3,12.9,.411,1.6,4.0,.405,3.7,8.8,.414,.474,2.8,3.3,.863,0.7,2.0,2.6,2.0,0.6,0.1,2.3,2.7,15.1)
(2005,162,Adrian Griffin,SF,30,CHI,69,1,9.7,0.8,2.3,.360,0.0,0.1,.222,0.8,2.2,.368,.366,0.5,0.6,.750,0.8,1.4,2.1,0.8,0.6,0.1,0.4,1.1,2.2)
(2005,166,Darvin Ham,SF,31,DET,47,0,5.9,0.4,0.8,.459,0.0,0.0,,0.4,0.8,.459,.459,0.3,0.7,.387,0.4,0.3,0.7,0.1,0.1,0.1,0.2,0.8,1.0)
(2005,170,Anfernee Hardaway,SF,33,NYK,37,0,24.2,3.0,7.0,.423,0.4,1.4,.300,2.6,5.7,.452,.452,0.9,1.2,.739,0.5,1.9,2.4,2.0,0.8,0.1,1.4,2.1,7.3)
(2005,174,Othella Harrington,PF,31,CHI,70,28,18.2,3.1,6.1,.512,0.0,0.0,,3.1,6.1,.512,.512,1.8,2.5,.718,1.5,2.7,4.2,0.8,0.3,0.3,1.2,2.7,8.0)
(2005,178,Jason Hart,PG,26,CHA,74,27,25.5,3.5,7.7,.449,0.5,1.3,.368,3.0,6.5,.464,.479,2.1,2.7,.785,0.2,2.5,2.7,5.0,1.3,0.2,1.4,2.3,9.5)
(2005,181,Trenton Hassell,SG,25,MIN,82,51,25.2,2.7,5.8,.474,0.0,0.1,.091,2.7,5.7,.483,.475,1.1,1.4,.789,1.0,1.7,2.7,1.6,0.4,0.4,0.8,2.4,6.6)
(2005,185,Nene Hilario,C,22,DEN,55,18,23.9,3.5,7.0,.503,0.0,0.0,.000,3.5,7.0,.505,.503,2.5,3.9,.660,1.9,4.0,5.9,1.5,0.9,0.9,1.7,3.0,9.6)
(2005,189,Robert Horry,PF,34,SAS,75,16,18.6,2.1,5.0,.419,0.7,1.8,.370,1.4,3.2,.447,.487,1.1,1.5,.789,1.2,2.4,3.6,1.1,0.9,0.8,0.9,1.8,6.0)
(2005,193,Josh Howard,SF,24,DAL,76,76,32.2,5.0,10.4,.475,0.4,1.5,.296,4.5,8.9,.506,.497,2.2,3.1,.733,2.2,4.1,6.4,1.4,1.5,0.6,1.6,2.8,12.6)
(2005,197,Ryan Humphrey,SF,25,MEM,35,0,9.1,1.2,2.9,.408,0.0,0.1,.000,1.2,2.9,.416,.408,0.5,1.1,.486,1.4,1.1,2.5,0.2,0.3,0.0,0.7,1.0,2.9)
(2005,Rk,Player,Pos,Age,Tm,G,GS,MP,FG,FGA,FG%,3P,3PA,3P,2P,2PA,2P,eFG%,FT,FTA,FT%,ORB,DRB,TRB,AST,STL,BLK,TOV,PF,PTS)
(2005,204,Didier Ilunga-Mbenga,C,24,DAL,15,1,3.9,0.4,0.9,.429,0.0,0.0,,0.4,0.9,.429,.429,0.2,0.3,.750,0.2,0.3,0.5,0.0,0.0,0.3,0.3,0.9,1.0)
(2005,208,Jermaine Jackson,SG,28,NYK,21,0,11.0,0.8,1.6,.515,0.0,0.1,.000,0.8,1.5,.548,.515,0.4,0.6,.615,0.1,1.0,1.1,1.1,0.3,0.0,0.5,1.2,2.0)
(2005,212,Stephen Jackson,SF,26,IND,51,49,35.4,6.5,16.1,.403,2.0,5.6,.360,4.5,10.5,.426,.466,3.7,4.5,.830,0.9,4.0,4.9,2.3,1.3,0.3,2.4,3.0,18.7)
(2005,216,Mike James,PG,29,TOT,74,5,25.1,4.5,10.1,.441,1.4,3.5,.386,3.1,6.6,.470,.507,1.5,2.0,.752,0.5,2.3,2.8,3.6,0.9,0.1,1.4,2.4,11.8)
(2005,220,Richard Jefferson,SF,24,NJN,33,33,41.1,7.2,17.1,.422,0.9,2.7,.337,6.3,14.4,.438,.449,6.9,8.2,.844,1.5,5.8,7.3,4.0,1.0,0.5,4.0,3.3,22.2)
(2005,223,Britton Johnsen,SF,25,IND,6,1,14.5,1.0,3.7,.273,0.0,0.7,.000,1.0,3.0,.333,.273,0.0,0.0,,0.8,0.8,1.7,0.7,0.2,0.0,0.5,1.7,2.0)
(2005,227,Joe Johnson,SF,23,PHO,82,82,39.5,6.6,14.4,.461,2.2,4.5,.478,4.5,9.9,.454,.536,1.6,2.2,.750,1.5,3.7,5.1,3.5,1.0,0.3,1.8,2.0,17.1)
(2005,231,Eddie Jones,SF,33,MIA,80,80,35.5,4.4,10.3,.428,1.8,4.8,.372,2.6,5.5,.477,.515,2.2,2.7,.806,0.5,4.6,5.1,2.7,1.1,0.5,1.2,3.1,12.7)
(2005,235,Mark Jones,SF,29,ORL,10,0,11.6,0.9,3.1,.290,0.0,0.4,.000,0.9,2.7,.333,.290,0.5,1.0,.500,0.6,0.7,1.3,0.6,0.5,0.2,0.3,1.6,2.3)
(2005,239,Viktor Khryapa,SF,22,POR,32,5,16.3,1.7,3.9,.435,0.1,0.3,.364,1.6,3.5,.442,.452,0.7,1.3,.548,0.9,2.5,3.4,0.8,0.6,0.6,1.0,2.5,4.2)
(2005,242,Kerry Kittles,SG,30,LAC,11,0,22.1,2.5,6.6,.384,0.6,1.9,.333,1.9,4.7,.404,.432,0.5,0.9,.600,0.1,2.8,2.9,1.8,0.7,0.3,0.6,1.1,6.3)
(2005,246,Nenad Krstic,PF,21,NJN,75,57,26.2,3.7,7.6,.493,0.0,0.0,.000,3.7,7.6,.495,.493,2.5,3.4,.725,2.1,3.2,5.3,1.0,0.4,0.8,1.5,3.7,10.0)
(2005,250,Raef LaFrentz,PF,28,BOS,80,80,27.5,4.3,8.6,.496,1.0,2.8,.364,3.2,5.8,.559,.555,1.5,1.9,.811,1.9,5.0,6.9,1.2,0.5,1.2,0.9,3.3,11.1)
(2005,254,Randy Livingston,PG,29,UTA,17,4,13.4,1.3,3.1,.423,0.3,0.5,.625,1.0,2.6,.386,.471,0.9,1.0,.882,0.2,0.5,0.7,2.6,0.7,0.1,0.8,1.6,3.8)
(2005,258,George Lynch,SF,34,NOH,44,27,21.2,1.5,4.3,.360,0.3,0.8,.297,1.3,3.5,.375,.389,0.4,0.5,.739,1.3,2.7,4.0,2.0,0.7,0.3,1.3,1.9,3.7)
(2005,261,Jamaal Magloire,C,26,NOH,23,22,30.6,4.3,9.9,.432,0.0,0.0,,4.3,9.9,.432,.432,3.2,5.3,.602,3.4,5.5,8.9,1.3,0.3,1.0,2.6,3.2,11.7)
(2005,265,Donyell Marshall,PF,31,TOR,65,2,25.3,4.0,9.1,.443,2.3,5.6,.416,1.7,3.5,.485,.570,1.1,1.4,.791,1.5,5.1,6.6,1.2,0.9,0.7,0.6,2.1,11.5)
(2005,269,Desmond Mason,SF,27,MIL,80,71,36.2,6.0,13.5,.443,0.0,0.1,.125,6.0,13.4,.445,.443,5.3,6.6,.802,1.1,2.8,3.9,2.7,0.7,0.3,2.1,2.5,17.2)
(2005,273,Antonio McDyess,PF,30,DET,77,8,23.3,4.0,7.8,.513,0.0,0.0,.000,4.0,7.8,.514,.513,1.6,2.5,.656,2.3,4.0,6.3,0.9,0.6,0.7,1.2,2.6,9.6)
(2005,277,Keith McLeod,PG,25,UTA,53,47,26.1,2.7,7.7,.350,0.3,1.4,.250,2.4,6.3,.372,.373,2.1,2.8,.767,0.4,1.8,2.1,4.5,1.2,0.2,1.9,2.6,7.8)
(2005,Rk,Player,Pos,Age,Tm,G,GS,MP,FG,FGA,FG%,3P,3PA,3P,2P,2PA,2P,eFG%,FT,FTA,FT%,ORB,DRB,TRB,AST,STL,BLK,TOV,PF,PTS)
(2005,284,Anthony Miller,PF,33,ATL,2,0,4.5,1.0,1.5,.667,0.0,0.0,,1.0,1.5,.667,.667,0.0,0.0,,0.0,0.5,0.5,0.5,0.5,0.0,0.5,1.0,2.0)
(2005,288,Yao Ming,C,24,HOU,80,80,30.6,6.7,12.2,.552,0.0,0.0,,6.7,12.2,.552,.552,4.9,6.2,.783,2.6,5.8,8.4,0.8,0.4,2.0,2.5,3.7,18.3)
(2005,292,Mikki Moore,PF,29,LAC,74,4,15.9,1.9,3.9,.502,0.0,0.1,.200,1.9,3.8,.507,.503,1.4,1.8,.787,1.3,2.0,3.3,0.6,0.3,0.4,0.9,2.3,5.4)
(2005,296,Ronald Murray,SG,25,SEA,49,6,18.0,2.7,7.4,.361,0.5,1.9,.253,2.2,5.5,.399,.394,1.2,1.6,.738,0.3,1.7,2.0,1.3,0.6,0.2,1.2,1.2,7.0)
(2005,300,Lee Nailon,SF,29,NOH,68,51,29.7,6.1,12.8,.478,0.0,0.0,.000,6.1,12.8,.479,.478,2.0,2.4,.806,1.9,2.5,4.4,1.6,0.5,0.2,1.6,2.8,14.2)
(2005,303,Jameer Nelson,PG,22,ORL,79,21,20.4,3.6,7.9,.455,0.6,1.8,.312,3.1,6.2,.497,.490,0.9,1.4,.682,0.7,1.8,2.4,3.0,1.0,0.0,1.5,2.5,8.7)
(2005,307,Moochie Norris,PG,31,TOT,38,0,9.5,0.9,2.9,.321,0.0,0.3,.000,0.9,2.6,.361,.321,0.5,0.6,.833,0.3,0.9,1.2,1.0,0.5,0.1,0.7,1.2,2.4)
(2005,311,Lamar Odom,PF,25,LAL,64,64,36.3,5.7,12.1,.473,0.6,1.8,.308,5.2,10.3,.502,.496,3.2,4.7,.695,2.1,8.1,10.2,3.7,0.7,1.0,2.5,3.3,15.2)
(2005,315,Michael Olowokandi,C,29,MIN,62,34,19.6,2.6,5.7,.456,0.0,0.0,,2.6,5.7,.456,.456,0.7,1.1,.667,1.7,3.5,5.2,0.5,0.2,0.9,1.1,3.1,5.9)
(2005,319,Zaza Pachulia,C,20,MIL,74,4,18.9,2.2,4.8,.452,0.0,0.0,.000,2.2,4.8,.453,.452,1.9,2.5,.746,1.8,3.3,5.1,0.8,0.6,0.5,0.9,2.2,6.2)
(2005,322,Jannero Pargo,PG,25,CHI,32,0,14.2,2.6,6.7,.385,0.7,2.1,.348,1.8,4.6,.401,.439,0.5,0.7,.739,0.4,1.1,1.5,2.4,0.5,0.0,1.4,1.7,6.4)
(2005,326,Sasha Pavlovic,SG,21,CLE,65,9,13.3,1.8,4.2,.435,0.5,1.2,.385,1.4,3.0,.455,.489,0.7,1.0,.688,0.2,0.9,1.1,0.8,0.4,0.1,0.7,1.9,4.8)
(2005,330,Kendrick Perkins,C,20,BOS,60,3,9.1,0.9,2.0,.471,0.0,0.0,,0.9,2.0,.471,.471,0.6,1.0,.638,0.9,2.1,2.9,0.4,0.2,0.6,0.7,1.6,2.5)
(2005,334,Paul Pierce,SF,27,BOS,82,82,36.1,6.8,14.9,.455,1.3,3.6,.370,5.5,11.4,.481,.499,6.7,8.1,.822,1.0,5.6,6.6,4.2,1.6,0.5,2.8,3.1,21.6)
(2005,338,Scot Pollard,C,29,IND,49,17,17.7,1.6,3.4,.473,0.0,0.0,,1.6,3.4,.473,.473,0.7,1.0,.673,1.7,2.4,4.2,0.4,0.6,0.5,0.6,2.5,3.9)
(2005,341,Vitaly Potapenko,C,29,SEA,33,1,10.2,1.4,2.6,.517,0.0,0.0,.000,1.4,2.6,.523,.517,0.8,0.9,.871,0.9,1.5,2.4,0.3,0.2,0.1,0.4,1.6,3.5)
(2005,345,Vladimir Radmanovic,PF,24,SEA,63,0,29.5,4.2,10.3,.409,2.0,5.2,.389,2.2,5.1,.430,.508,1.3,1.6,.786,0.8,3.8,4.6,1.4,0.9,0.5,1.3,2.7,11.8)
(2005,349,Theo Ratliff,C,31,POR,63,45,27.5,1.8,4.1,.447,0.0,0.0,,1.8,4.1,.447,.447,1.2,1.7,.692,1.8,3.5,5.3,0.5,0.4,2.5,0.9,2.9,4.8)
(2005,353,Jared Reiner,C,22,CHI,19,2,6.9,0.5,1.6,.333,0.0,0.0,,0.5,1.6,.333,.333,0.1,0.2,.250,0.7,1.3,2.0,0.1,0.2,0.4,0.5,1.8,1.1)
(2005,357,Bernard Robinson,SG,24,CHA,31,1,10.6,1.2,2.6,.444,0.1,0.3,.375,1.1,2.4,.452,.463,0.6,0.8,.692,0.5,1.1,1.5,1.0,0.4,0.1,0.6,1.4,3.0)
(2005,Rk,Player,Pos,Age,Tm,G,GS,MP,FG,FGA,FG%,3P,3PA,3P,2P,2PA,2P,eFG%,FT,FTA,FT%,ORB,DRB,TRB,AST,STL,BLK,TOV,PF,PTS)
(2005,364,Michael Ruffin,C,28,WAS,79,7,16.0,0.5,1.3,.414,0.0,0.0,.000,0.5,1.2,.418,.414,0.4,0.8,.433,2.0,2.2,4.2,0.8,0.5,0.5,0.6,2.4,1.4)
(2005,368,Jamal Sampson,PF,21,CHA,23,0,14.3,1.2,2.7,.452,0.0,0.0,,1.2,2.7,.452,.452,1.0,1.7,.590,1.6,3.7,5.3,0.3,0.2,0.7,0.7,2.3,3.4)
(2005,372,Ha Seung-Jin,C,19,POR,19,0,5.5,0.5,1.2,.435,0.0,0.0,,0.5,1.2,.435,.435,0.3,0.6,.545,0.3,0.6,0.9,0.1,0.1,0.3,0.6,1.1,1.4)
(2005,376,Tamar Slay,SG,24,CHA,8,0,9.8,1.6,4.9,.333,0.3,1.5,.167,1.4,3.4,.407,.359,0.0,0.3,.000,0.8,1.0,1.8,0.4,0.6,0.0,1.0,2.5,3.5)
(2005,380,Joe Smith,PF,29,MIL,74,73,30.6,4.3,8.4,.514,0.0,0.0,.000,4.3,8.4,.515,.514,2.4,3.1,.768,2.4,4.9,7.3,0.9,0.6,0.5,1.1,3.0,11.0)
(2005,383,Theron Smith,SF,24,CHA,33,5,15.5,1.3,4.1,.324,0.1,0.4,.250,1.2,3.8,.331,.335,0.4,0.5,.875,1.2,2.3,3.5,0.8,0.2,0.1,0.8,1.8,3.2)
(2005,387,Pape Sow,C,23,TOR,27,4,9.4,0.9,2.1,.397,0.0,0.0,,0.9,2.1,.397,.397,0.6,1.0,.593,0.7,1.4,2.1,0.1,0.4,0.1,0.4,1.7,2.3)
(2005,391,Michael Stewart,PF,29,ATL,12,1,12.1,0.9,1.8,.524,0.0,0.0,,0.9,1.8,.524,.524,0.3,0.6,.429,1.8,1.6,3.3,0.4,0.5,0.4,0.5,2.7,2.1)
(2005,395,Amar'e Stoudemire,C,22,PHO,80,80,36.1,9.3,16.7,.559,0.0,0.2,.188,9.3,16.5,.564,.560,7.3,9.9,.733,2.7,6.2,8.9,1.6,1.0,1.6,2.4,3.5,26.0)
(2005,399,Bob Sura,PG,31,HOU,61,59,31.5,3.5,8.3,.427,0.9,2.5,.355,2.6,5.7,.458,.481,2.3,3.1,.750,1.3,4.2,5.5,5.2,1.1,0.1,2.4,2.8,10.3)
(2005,402,Stromile Swift,PF,25,MEM,60,14,21.3,3.7,8.1,.449,0.0,0.1,.000,3.7,8.1,.452,.449,2.8,3.7,.758,1.5,3.0,4.6,0.7,0.7,1.5,1.5,3.0,10.1)
(2005,406,Sebastian Telfair,PG,19,POR,68,26,19.6,2.5,6.3,.393,0.3,1.0,.246,2.2,5.3,.421,.413,1.5,2.0,.789,0.1,1.4,1.5,3.3,0.5,0.1,1.8,1.8,6.8)
(2005,410,James Thomas,PF,24,TOT,11,2,10.6,1.1,1.8,.600,0.0,0.0,,1.1,1.8,.600,.600,0.2,0.5,.333,1.5,1.8,3.4,0.4,0.4,0.4,0.6,1.2,2.4)
(2005,414,Tim Thomas,SF,27,NYK,71,68,27.3,4.4,10.1,.439,1.2,2.9,.409,3.2,7.2,.451,.498,1.9,2.4,.786,0.6,2.7,3.3,1.5,0.6,0.2,1.6,3.1,12.0)
(2005,418,Nikoloz Tskitishvili,PF,21,TOT,35,0,6.3,0.6,2.1,.297,0.1,0.5,.118,0.6,1.6,.351,.311,0.1,0.2,.571,0.3,0.8,1.2,0.3,0.2,0.3,0.5,0.9,1.4)
(2005,421,Nick Van Exel,SG,33,POR,53,34,30.5,4.0,10.6,.381,1.9,4.8,.389,2.2,5.7,.375,.471,1.1,1.4,.784,0.4,2.7,3.0,4.3,0.8,0.0,1.7,1.3,11.1)
(2005,425,Jake Voskuhl,C,27,PHO,38,1,9.5,0.7,1.6,.458,0.0,0.0,,0.7,1.6,.458,.458,0.7,1.0,.684,0.8,1.6,2.4,0.4,0.1,0.3,0.5,1.6,2.1)
(2005,429,Dajuan Wagner,SG,21,CLE,11,0,9.3,1.6,5.0,.327,0.5,2.4,.192,1.2,2.6,.448,.373,0.3,0.4,.750,0.0,0.2,0.2,1.2,0.5,0.0,0.8,1.4,4.0)
(2005,433,Gerald Wallace,SF,22,CHA,70,68,30.7,4.1,9.1,.449,0.2,0.9,.274,3.8,8.2,.468,.462,2.7,4.1,.661,1.7,3.8,5.5,2.0,1.7,1.3,2.3,2.6,11.1)
(2005,437,Earl Watson,PG,25,MEM,80,14,22.6,3.0,6.9,.426,0.7,2.0,.319,2.3,4.9,.471,.473,1.1,1.7,.659,0.4,1.6,2.1,4.5,1.0,0.2,2.1,2.3,7.7)
(2005,Rk,Player,Pos,Age,Tm,G,GS,MP,FG,FGA,FG%,3P,3PA,3P,2P,2PA,2P,eFG%,FT,FTA,FT%,ORB,DRB,TRB,AST,STL,BLK,TOV,PF,PTS)
(2005,444,Delonte West,SG,21,BOS,39,7,13.0,1.7,4.0,.426,0.6,1.7,.358,1.1,2.3,.477,.503,0.5,0.7,.704,0.4,1.3,1.7,1.4,0.5,0.2,0.6,1.8,4.5)
(2005,448,Damien Wilkins,SF,25,SEA,29,7,17.9,2.5,5.8,.435,0.6,2.0,.271,2.0,3.8,.523,.482,0.7,1.2,.618,1.0,1.3,2.3,0.9,0.8,0.3,0.6,1.9,6.3)
(2005,452,Frank Williams,SG,24,CHI,9,0,7.9,0.3,2.2,.150,0.0,0.4,.000,0.3,1.8,.188,.150,0.0,0.0,,0.2,0.4,0.7,1.2,0.2,0.3,0.3,1.0,0.7)
(2005,456,Scott Williams,C,36,CLE,19,0,8.0,0.6,2.2,.293,0.0,0.1,.000,0.6,2.1,.300,.293,0.5,0.6,.818,0.8,0.8,1.6,0.4,0.2,0.3,0.3,1.6,1.7)
(2005,460,Qyntel Woods,SF,23,MIA,3,0,13.3,1.7,4.0,.417,0.0,0.0,,1.7,4.0,.417,.417,0.0,0.0,,0.7,1.3,2.0,0.0,1.3,0.0,0.7,2.0,3.3)
(2005,463,Lorenzen Wright,C,29,MEM,80,77,28.6,4.0,8.5,.469,0.0,0.0,.000,4.0,8.5,.471,.469,1.6,2.5,.662,2.2,5.5,7.7,1.1,0.7,0.9,1.3,3.1,9.6)
