(2012,3,Blake Ahearn,PG,27,UTA,4,0,7.5,1.0,3.5,.286,0.5,2.3,.222,0.5,1.3,.400,.357,0.0,0.0,,0.0,0.5,0.5,0.3,0.0,0.0,1.3,1.0,2.5)
(2012,7,Lavoy Allen,PF,22,PHI,41,15,15.2,1.9,4.1,.473,0.0,0.0,,1.9,4.1,.473,.473,0.3,0.3,.786,1.1,3.0,4.2,0.8,0.3,0.4,0.5,1.8,4.1)
(2012,11,Al-Farouq Aminu,SF,21,NOH,66,21,22.4,2.3,5.5,.411,0.2,0.7,.277,2.1,4.8,.431,.429,1.3,1.7,.754,1.4,3.2,4.7,1.0,0.9,0.5,1.4,2.1,6.0)
(2012,15,James Anderson,SG,22,SAS,51,2,11.8,1.3,3.4,.379,0.4,1.3,.279,0.9,2.1,.443,.434,0.8,1.0,.750,0.3,1.2,1.5,0.8,0.2,0.0,0.6,0.7,3.7)
(2012,19,Gilbert Arenas,PG,30,MEM,17,0,12.4,1.5,3.8,.406,0.8,2.3,.333,0.8,1.5,.520,.508,0.4,0.6,.700,0.1,0.9,1.1,1.1,0.6,0.1,0.7,2.1,4.2)
(2012,22,D.J. Augustin,PG,24,CHA,48,46,29.3,3.8,10.1,.376,1.3,3.7,.341,2.5,6.4,.396,.438,2.2,2.5,.875,0.5,1.8,2.3,6.4,0.8,0.0,2.3,1.4,11.1)
(2012,26,Luke Babbitt,SF,22,POR,40,4,13.4,1.8,4.3,.410,1.1,2.5,.430,0.7,1.8,.384,.535,0.4,0.5,.850,0.4,2.0,2.4,0.4,0.3,0.1,0.7,1.2,5.1)
(2012,30,Andrea Bargnani,C,26,TOR,31,31,33.3,6.7,15.6,.432,1.1,3.7,.296,5.6,11.9,.474,.467,4.9,5.6,.873,0.8,4.8,5.5,2.0,0.6,0.5,2.2,1.7,19.5)
(2012,34,Tony Battie,C,35,PHI,27,11,10.9,0.7,1.9,.373,0.0,0.0,.000,0.7,1.9,.380,.373,0.1,0.1,1.000,0.3,2.2,2.5,0.6,0.1,0.2,0.1,1.0,1.6)
(2012,38,Michael Beasley,SF,23,MIN,47,7,23.1,4.7,10.6,.445,0.8,2.1,.376,3.9,8.4,.462,.483,1.3,2.0,.642,0.8,3.6,4.4,1.0,0.4,0.4,1.7,1.8,11.5)
(2012,41,Raja Bell,SG,35,UTA,34,33,23.4,2.4,5.1,.466,1.0,2.6,.391,1.4,2.6,.540,.563,0.6,0.7,.840,0.2,1.3,1.4,1.1,0.4,0.1,0.6,2.3,6.4)
(2012,45,Chauncey Billups,SG,35,LAC,20,20,30.4,4.2,11.4,.364,2.4,6.3,.384,1.8,5.2,.340,.469,4.3,4.8,.895,0.2,2.3,2.5,4.0,0.5,0.2,1.9,2.0,15.0)
(2012,49,Andray Blatche,PF,25,WAS,26,13,24.1,3.6,9.4,.380,0.1,0.3,.286,3.5,9.2,.382,.384,1.3,1.9,.673,1.6,4.2,5.8,1.1,0.8,0.7,1.4,2.1,8.5)
(2012,53,Matt Bonner,PF,31,SAS,65,2,20.4,2.4,5.4,.440,1.6,3.8,.420,0.8,1.5,.490,.590,0.2,0.3,.762,0.4,2.8,3.3,0.9,0.2,0.3,0.2,1.0,6.6)
(2012,57,Earl Boykins,PG,35,HOU,8,0,13.9,1.5,4.5,.333,0.3,1.1,.222,1.3,3.4,.370,.361,1.6,1.9,.867,0.0,1.4,1.4,2.1,0.1,0.0,0.9,0.6,4.9)
(2012,Rk,Player,Pos,Age,Tm,G,GS,MP,FG,FGA,FG%,3P,3PA,3P,2P,2PA,2P,eFG%,FT,FTA,FT%,ORB,DRB,TRB,AST,STL,BLK,TOV,PF,PTS)
(2012,64,MarShon Brooks,SG,23,NJN,56,47,29.4,4.9,11.4,.428,0.8,2.7,.313,4.1,8.8,.463,.465,2.0,2.6,.764,1.3,2.3,3.6,2.3,0.9,0.3,2.1,2.1,12.6)
(2012,68,Kobe Bryant,SG,33,LAL,58,58,38.5,9.9,23.0,.430,1.5,4.9,.303,8.4,18.1,.464,.462,6.6,7.8,.845,1.1,4.3,5.4,4.6,1.2,0.3,3.5,1.8,27.9)
(2012,72,Jimmy Butler,SG,22,CHI,42,0,8.5,0.8,1.9,.405,0.0,0.3,.182,0.7,1.6,.441,.418,1.0,1.3,.768,0.5,0.8,1.3,0.3,0.3,0.1,0.3,0.5,2.6)
(2012,76,Will Bynum,PG,29,DET,36,0,14.3,2.1,5.4,.381,0.2,0.8,.241,1.9,4.6,.406,.399,1.4,1.8,.766,0.3,1.3,1.6,1.8,0.6,0.1,1.5,1.7,5.7)
(2012,80,DeMarre Carroll,SF-PF,25,TOT,24,9,14.5,1.8,4.4,.410,0.3,0.8,.368,1.5,3.6,.419,.443,0.6,0.7,.875,1.2,1.0,2.2,0.8,0.5,0.0,0.5,1.5,4.5)
(2012,83,Vince Carter,SG,35,DAL,61,40,25.3,3.7,8.9,.411,1.2,3.4,.361,2.4,5.5,.442,.480,1.6,1.9,.826,0.5,2.8,3.4,2.3,0.9,0.4,1.4,2.2,10.1)
(2012,87,Wilson Chandler,SF,24,DEN,8,6,26.9,3.9,9.9,.392,0.4,1.5,.250,3.5,8.4,.418,.411,1.3,1.5,.833,0.8,4.4,5.1,2.1,0.8,0.8,2.3,2.3,9.4)
(2012,91,Jason Collins,C,33,ATL,30,10,10.3,0.5,1.3,.400,0.0,0.0,,0.5,1.3,.400,.400,0.2,0.5,.467,0.4,1.2,1.6,0.3,0.1,0.1,0.3,1.1,1.3)
(2012,95,Brian Cook,PF,31,TOT,32,0,8.6,1.0,3.1,.316,0.3,1.6,.200,0.7,1.5,.438,.367,0.3,0.3,.900,0.3,1.7,2.0,0.3,0.2,0.2,0.3,1.5,2.5)
(2012,99,Jordan Crawford,SG,23,WAS,64,32,27.4,5.5,13.6,.400,1.2,4.3,.289,4.2,9.4,.451,.446,2.5,3.2,.793,0.7,1.9,2.6,3.0,0.9,0.1,2.2,1.7,14.7)
(2012,102,Stephen Curry,PG,23,GSW,26,23,28.2,5.6,11.4,.490,2.1,4.7,.455,3.5,6.7,.514,.583,1.5,1.8,.809,0.6,2.8,3.4,5.3,1.5,0.3,2.5,2.4,14.7)
(2012,106,Baron Davis,PG,32,NYK,29,14,20.5,2.3,6.3,.370,0.9,2.9,.306,1.4,3.4,.424,.440,0.6,0.8,.667,0.4,1.5,1.9,4.7,1.2,0.1,2.6,2.1,6.1)
(2012,110,Eric Dawson,C,27,SAS,4,0,9.8,1.8,3.0,.583,0.0,0.0,,1.8,3.0,.583,.583,0.3,0.5,.500,1.3,1.3,2.5,0.0,0.3,0.5,0.8,1.5,3.8)
(2012,114,Justin Dentmon,PG,26,TOT,6,0,15.2,1.7,4.7,.357,0.3,2.3,.143,1.3,2.3,.571,.393,0.7,1.0,.667,0.0,1.3,1.3,1.7,0.3,0.0,1.2,1.7,4.3)
(2012,118,DeSagana Diop,C,30,CHA,27,9,12.0,0.6,1.6,.357,0.0,0.0,,0.6,1.6,.357,.357,0.0,0.2,.167,1.2,1.9,3.1,0.9,0.2,0.5,0.7,1.3,1.1)
(2012,121,Goran Dragic,PG,25,HOU,66,28,26.5,4.2,9.1,.462,1.0,3.1,.337,3.2,6.0,.525,.518,2.3,2.9,.805,0.8,1.7,2.5,5.3,1.3,0.2,2.4,2.5,11.7)
(2012,125,Mike Dunleavy,SF,31,MIL,55,3,26.3,4.3,9.2,.474,1.5,3.8,.399,2.8,5.4,.527,.557,2.1,2.6,.811,0.5,3.2,3.7,2.1,0.5,0.1,1.1,1.6,12.3)
(2012,129,Wayne Ellington,SG,24,MIN,51,4,19.1,2.4,5.9,.404,0.7,2.1,.324,1.7,3.8,.448,.462,0.6,0.8,.800,0.3,1.7,1.9,0.6,0.5,0.2,0.5,1.1,6.1)
(2012,133,Semih Erden,C,25,CLE,28,9,11.9,1.4,2.6,.527,0.0,0.0,,1.4,2.6,.527,.527,0.8,1.5,.512,0.7,1.9,2.6,0.3,0.4,0.2,0.6,2.1,3.5)
(2012,137,Tyreke Evans,SG,22,SAC,63,61,34.3,6.5,14.3,.453,0.3,1.6,.202,6.2,12.7,.484,.464,3.2,4.1,.779,1.0,3.6,4.6,4.5,1.3,0.5,2.7,2.2,16.5)
(2012,Rk,Player,Pos,Age,Tm,G,GS,MP,FG,FGA,FG%,3P,3PA,3P,2P,2PA,2P,eFG%,FT,FTA,FT%,ORB,DRB,TRB,AST,STL,BLK,TOV,PF,PTS)
(2012,144,Kyrylo Fesenko,C,25,IND,3,0,5.7,0.7,1.7,.400,0.0,0.0,,0.7,1.7,.400,.400,1.3,2.0,.667,0.7,2.3,3.0,0.3,0.7,0.0,0.0,0.7,2.7)
(2012,148,Jeff Foote,C,24,NOH,4,0,9.8,0.5,1.5,.333,0.0,0.0,,0.5,1.5,.333,.333,0.0,0.0,,0.3,1.3,1.5,0.0,0.0,0.3,0.5,1.3,1.0)
(2012,152,Jeff Foster,C,35,IND,11,0,12.8,0.8,1.6,.500,0.1,0.1,1.000,0.7,1.5,.471,.528,0.5,0.8,.667,1.6,2.2,3.8,0.4,0.7,0.1,0.6,2.4,2.3)
(2012,156,Dan Gadzuric,C,33,NYK,2,0,6.5,0.0,1.0,.000,0.0,0.0,,0.0,1.0,.000,.000,0.0,1.0,.000,0.5,2.0,2.5,0.0,0.5,0.5,0.5,2.0,0.0)
(2012,160,Kevin Garnett,C,35,BOS,60,60,31.1,6.5,13.0,.503,0.1,0.2,.333,6.5,12.8,.505,.505,2.7,3.2,.857,1.1,7.1,8.2,2.9,0.9,1.0,1.8,2.4,15.8)
(2012,163,Rudy Gay,SF,25,MEM,65,65,37.3,7.5,16.4,.455,0.8,2.7,.312,6.6,13.8,.482,.480,3.2,4.0,.791,2.0,4.4,6.4,2.3,1.5,0.8,2.5,2.1,19.0)
(2012,167,Taj Gibson,PF,26,CHI,63,0,20.4,3.2,6.4,.495,0.0,0.0,,3.2,6.4,.495,.495,1.3,2.1,.622,2.1,3.1,5.3,0.7,0.4,1.3,1.0,2.1,7.7)
(2012,171,Drew Gooden,C,30,MIL,56,46,26.2,5.1,11.7,.437,0.3,1.0,.291,4.8,10.8,.450,.449,3.1,3.7,.846,2.3,4.2,6.5,2.6,0.8,0.6,1.9,2.0,13.7)
(2012,175,Andrew Goudelock,SG,23,LAL,40,0,10.5,1.7,4.4,.391,0.7,1.9,.373,1.0,2.5,.404,.471,0.3,0.3,.917,0.1,0.7,0.8,0.5,0.1,0.0,0.5,0.8,4.4)
(2012,179,Gerald Green,SF,26,NJN,31,2,25.2,5.0,10.3,.481,1.4,3.5,.391,3.6,6.8,.529,.548,1.6,2.1,.754,0.5,3.0,3.5,1.1,0.9,0.5,1.8,2.6,12.9)
(2012,182,Blake Griffin,PF,22,LAC,66,66,36.2,8.5,15.5,.549,0.0,0.2,.125,8.5,15.2,.556,.550,3.7,7.1,.521,3.3,7.6,10.9,3.2,0.8,0.7,2.3,3.3,20.7)
(2012,186,Tyler Hansbrough,PF,26,IND,66,0,21.8,2.9,7.3,.405,0.0,0.0,.000,2.9,7.2,.406,.405,3.4,4.2,.813,1.7,2.7,4.4,0.5,0.8,0.1,1.0,2.4,9.3)
(2012,190,Josh Harrellson,PF,22,NYK,37,4,14.6,1.7,4.0,.423,0.5,1.6,.339,1.2,2.4,.478,.490,0.4,0.7,.615,1.3,2.6,3.9,0.3,0.6,0.5,0.5,1.3,4.4)
(2012,194,Terrel Harris,SG,24,MIA,22,1,14.5,1.3,3.8,.349,0.4,1.8,.205,1.0,2.0,.477,.398,0.6,1.0,.667,0.8,1.5,2.3,1.2,0.4,0.1,1.1,1.5,3.6)
(2012,198,Chuck Hayes,C,28,SAC,54,9,19.2,1.4,3.1,.429,0.0,0.0,.000,1.4,3.1,.435,.429,0.5,0.7,.667,1.3,3.0,4.3,1.4,0.7,0.3,0.9,2.1,3.2)
(2012,201,Brendan Haywood,C,32,DAL,54,54,21.2,2.2,4.2,.518,0.0,0.0,,2.2,4.2,.518,.518,0.8,1.8,.469,2.6,3.4,6.0,0.4,0.4,1.0,0.9,2.2,5.2)
(2012,205,J.J. Hickson,PF,23,TOT,54,19,23.0,3.4,7.3,.467,0.0,0.0,.000,3.4,7.2,.469,.467,1.6,2.5,.642,2.5,3.7,6.2,0.8,0.6,0.6,1.3,1.6,8.4)
(2012,209,Grant Hill,SF,39,PHO,49,46,28.1,4.1,9.2,.446,0.3,1.1,.264,3.8,8.1,.470,.461,1.7,2.2,.761,0.6,2.9,3.5,2.2,0.8,0.6,1.3,1.8,10.2)
(2012,213,Jrue Holiday,PG,21,PHI,65,65,33.8,5.5,12.8,.432,1.0,2.6,.380,4.5,10.2,.445,.471,1.4,1.8,.783,0.9,2.4,3.3,4.5,1.6,0.3,2.1,2.1,13.5)
(2012,217,Dennis Horner,PF,23,NJN,8,0,2.8,0.1,0.5,.250,0.0,0.1,.000,0.1,0.4,.333,.250,0.4,0.5,.750,0.3,0.4,0.6,0.0,0.0,0.0,0.1,0.1,0.6)
(2012,Rk,Player,Pos,Age,Tm,G,GS,MP,FG,FGA,FG%,3P,3PA,3P,2P,2PA,2P,eFG%,FT,FTA,FT%,ORB,DRB,TRB,AST,STL,BLK,TOV,PF,PTS)
(2012,224,Serge Ibaka,PF,22,OKC,66,66,27.2,4.0,7.4,.535,0.0,0.0,.333,4.0,7.4,.536,.536,1.2,1.8,.661,2.9,4.6,7.5,0.4,0.5,3.7,1.2,2.7,9.1)
(2012,228,Royal Ivey,SG,30,OKC,34,0,10.4,0.8,2.1,.356,0.5,1.6,.340,0.2,0.6,.400,.479,0.0,0.2,.125,0.0,0.7,0.7,0.3,0.4,0.0,0.3,1.1,2.1)
(2012,232,Damion James,SF,24,NJN,7,7,24.3,1.9,5.0,.371,0.0,0.1,.000,1.9,4.9,.382,.371,1.1,1.7,.667,1.0,3.7,4.7,0.4,1.0,1.0,1.7,2.4,4.9)
(2012,236,Al Jefferson,C,27,UTA,61,61,34.0,8.5,17.2,.492,0.0,0.1,.250,8.4,17.1,.493,.493,2.2,2.9,.774,2.2,7.4,9.6,2.2,0.8,1.7,1.0,2.5,19.2)
(2012,240,Brandon Jennings,PG,22,MIL,66,66,35.3,7.1,17.0,.418,2.0,5.9,.332,5.2,11.1,.464,.476,2.9,3.6,.808,0.7,2.7,3.4,5.5,1.6,0.3,2.2,1.7,19.1)
(2012,242,Yi Jianlian,PF,24,DAL,30,0,6.8,1.0,2.7,.378,0.1,0.3,.300,0.9,2.4,.389,.396,0.5,0.7,.667,0.4,1.2,1.6,0.2,0.2,0.3,0.5,0.8,2.6)
(2012,246,Chris Johnson,C,26,TOT,27,0,6.5,0.7,1.5,.488,0.0,0.0,,0.7,1.5,.488,.488,0.6,0.7,.789,0.6,0.9,1.5,0.1,0.2,0.3,0.6,1.2,2.0)
(2012,250,Joe Johnson,SG,30,ATL,60,60,35.5,7.1,15.5,.454,2.1,5.4,.388,5.0,10.2,.489,.521,2.6,3.1,.849,0.9,2.8,3.7,3.9,0.8,0.2,1.9,1.3,18.8)
(2012,254,Dominique Jones,PG,23,DAL,33,1,8.1,0.9,2.2,.397,0.0,0.2,.125,0.8,2.0,.431,.404,0.9,1.1,.784,0.3,1.1,1.3,1.3,0.3,0.2,0.8,0.8,2.7)
(2012,258,Jerome Jordan,C,25,NYK,21,0,5.1,0.8,1.6,.515,0.0,0.0,,0.8,1.6,.515,.515,0.4,0.5,.800,0.7,0.6,1.3,0.2,0.0,0.3,0.1,0.7,2.0)
(2012,261,Enes Kanter,C,19,UTA,66,0,13.2,1.8,3.6,.496,0.0,0.0,.000,1.8,3.6,.498,.496,1.1,1.6,.667,1.6,2.6,4.2,0.1,0.3,0.3,0.8,1.3,4.6)
(2012,265,Linas Kleiza,SF,27,TOR,49,3,21.6,3.4,8.4,.402,1.3,3.7,.346,2.1,4.7,.446,.478,1.7,2.0,.810,0.9,3.2,4.1,0.9,0.5,0.1,1.3,2.4,9.7)
(2012,269,Carl Landry,PF,28,NOH,41,8,24.4,4.4,8.8,.503,0.0,0.1,.000,4.4,8.8,.507,.503,3.6,4.5,.799,1.9,3.3,5.2,0.9,0.3,0.3,1.6,2.2,12.5)
(2012,273,Malcolm Lee,SG,21,MIN,19,0,12.8,1.2,3.1,.390,0.1,0.5,.200,1.1,2.6,.429,.407,0.7,0.9,.824,0.5,0.9,1.4,1.6,0.4,0.2,0.9,1.2,3.3)
(2012,277,Rashard Lewis,SF,32,WAS,28,15,26.0,3.0,7.9,.385,0.6,2.4,.239,2.5,5.5,.448,.421,1.1,1.3,.838,1.2,2.7,3.9,1.0,0.8,0.4,1.1,1.8,7.8)
(2012,Rk,Player,Pos,Age,Tm,G,GS,MP,FG,FGA,FG%,3P,3PA,3P,2P,2PA,2P,eFG%,FT,FTA,FT%,ORB,DRB,TRB,AST,STL,BLK,TOV,PF,PTS)
(2012,284,Kyle Lowry,PG,25,HOU,47,38,32.1,4.5,10.9,.409,1.7,4.5,.374,2.8,6.4,.434,.486,3.6,4.2,.864,0.8,3.7,4.5,6.6,1.6,0.3,2.8,2.8,14.3)
(2012,288,Corey Maggette,SF,32,CHA,32,28,27.5,4.3,11.7,.373,0.8,2.1,.364,3.6,9.6,.375,.405,5.6,6.5,.856,0.7,3.3,3.9,1.2,0.7,0.0,1.8,2.6,15.0)
(2012,292,Cartier Martin,SF,27,WAS,17,2,23.0,3.5,7.9,.440,1.7,4.4,.387,1.8,3.5,.508,.549,0.6,1.1,.579,0.7,2.7,3.4,0.6,0.6,0.1,0.8,2.1,9.3)
(2012,296,Wesley Matthews,SG,25,POR,66,53,33.8,4.8,11.6,.412,2.0,5.1,.383,2.8,6.5,.434,.496,2.2,2.6,.860,0.8,2.5,3.4,1.7,1.5,0.2,1.1,2.2,13.7)
(2012,300,Luc Mbah a Moute,PF,25,MIL,43,22,23.5,3.1,6.1,.510,0.0,0.1,.250,3.1,6.0,.514,.511,1.5,2.4,.641,1.8,3.5,5.3,0.7,0.9,0.5,0.9,2.2,7.7)
(2012,303,Dominic McGuire,PF,26,GSW,64,6,17.6,1.5,3.3,.448,0.0,0.1,.000,1.5,3.2,.456,.448,0.6,0.8,.736,1.1,2.7,3.8,1.7,0.7,0.6,0.9,1.6,3.5)
(2012,307,Darko Milicic,C,26,MIN,29,23,16.3,2.0,4.5,.454,0.0,0.0,,2.0,4.5,.454,.454,0.6,1.3,.432,1.2,2.1,3.3,0.6,0.3,0.9,1.1,2.0,4.6)
(2012,311,Patrick Mills,PG,23,SAS,16,3,16.3,3.9,8.1,.485,1.5,3.5,.429,2.4,4.6,.527,.577,0.9,0.9,1.000,0.3,1.5,1.8,2.4,0.6,0.1,1.6,0.9,10.3)
(2012,315,Jamario Moon,SF,31,CHA,8,0,15.4,0.9,3.0,.292,0.3,1.3,.200,0.6,1.8,.357,.333,0.3,0.3,1.000,0.3,2.5,2.8,0.6,0.1,0.6,1.0,0.6,2.3)
(2012,319,Marcus Morris,PF,22,HOU,17,0,7.4,0.9,3.2,.296,0.1,1.0,.118,0.8,2.2,.378,.315,0.4,0.5,.750,0.3,0.6,0.9,0.2,0.1,0.1,0.2,0.7,2.4)
(2012,322,Timofey Mozgov,C,25,DEN,44,35,15.6,2.3,4.3,.526,0.0,0.0,,2.3,4.3,.526,.526,0.9,1.3,.684,1.2,2.9,4.1,0.5,0.3,1.0,1.2,2.0,5.4)
(2012,326,Eduardo Najera,PF,35,CHA,22,0,12.3,1.1,2.9,.375,0.4,1.3,.276,0.7,1.6,.457,.438,0.1,0.2,.500,0.5,1.8,2.3,0.5,0.9,0.2,0.3,1.8,2.6)
(2012,330,Joakim Noah,C,26,CHI,64,64,30.4,3.9,7.7,.508,0.0,0.0,.000,3.9,7.6,.509,.508,2.4,3.2,.748,3.8,6.0,9.8,2.5,0.6,1.4,1.4,2.5,10.2)
(2012,334,Jermaine O'Neal,C,33,BOS,25,24,22.8,2.1,4.8,.433,0.0,0.0,,2.1,4.8,.433,.433,0.8,1.2,.677,1.5,3.9,5.4,0.4,0.3,1.7,0.8,3.2,5.0)
(2012,338,Daniel Orton,PF,21,ORL,16,2,11.7,1.1,1.9,.567,0.0,0.1,.000,1.1,1.8,.586,.567,0.7,1.6,.440,1.2,1.3,2.4,0.3,0.5,0.6,0.4,1.9,2.8)
(2012,341,Zaza Pachulia,C,27,ATL,58,44,28.3,2.9,5.8,.499,0.0,0.0,,2.9,5.8,.499,.499,2.0,2.7,.741,2.7,5.2,7.9,1.4,0.9,0.5,1.4,3.0,7.8)
(2012,345,Tony Parker,PG,29,SAS,60,60,32.1,7.1,14.8,.480,0.2,1.0,.230,6.9,13.8,.498,.488,3.8,4.7,.799,0.4,2.5,2.9,7.7,1.0,0.1,2.6,1.3,18.3)
(2012,349,Sasha Pavlovic,SF,28,BOS,45,7,11.7,1.1,2.8,.391,0.4,1.3,.293,0.7,1.6,.471,.457,0.1,0.2,.375,0.1,1.5,1.6,0.4,0.4,0.3,0.4,1.2,2.7)
(2012,353,Paul Pierce,SF,34,BOS,61,61,34.0,6.5,14.6,.443,1.6,4.5,.366,4.8,10.1,.476,.499,4.8,5.6,.852,0.6,4.6,5.2,4.5,1.1,0.4,2.8,2.4,19.4)
(2012,357,A.J. Price,PG,25,IND,44,1,12.9,1.3,4.0,.339,0.6,2.0,.295,0.8,2.0,.384,.414,0.6,0.8,.800,0.3,1.1,1.4,2.0,0.5,0.0,0.7,0.7,3.9)
(2012,Rk,Player,Pos,Age,Tm,G,GS,MP,FG,FGA,FG%,3P,3PA,3P,2P,2PA,2P,eFG%,FT,FTA,FT%,ORB,DRB,TRB,AST,STL,BLK,TOV,PF,PTS)
(2012,364,Michael Redd,SG,32,PHO,51,2,15.1,2.8,7.1,.400,0.8,2.6,.318,2.0,4.5,.447,.458,1.7,2.2,.793,0.3,1.2,1.5,0.6,0.3,0.0,0.7,0.6,8.2)
(2012,368,Quentin Richardson,SF,31,ORL,48,3,18.0,1.5,4.1,.376,0.9,2.5,.347,0.7,1.6,.421,.482,0.5,0.6,.833,0.3,2.3,2.6,0.8,0.6,0.1,0.6,1.5,4.5)
(2012,372,Derrick Rose,PG,23,CHI,39,39,35.3,7.7,17.8,.435,1.4,4.4,.312,6.4,13.4,.475,.473,5.0,6.1,.812,0.7,2.7,3.4,7.9,0.9,0.7,3.1,1.3,21.8)
(2012,376,John Salmons,SF,32,SAC,46,32,27.2,3.1,7.5,.409,0.7,2.4,.295,2.3,5.1,.464,.457,0.6,1.0,.644,0.4,2.5,2.9,2.0,0.8,0.2,1.0,1.7,7.5)
(2012,380,Luis Scola,PF,31,HOU,66,66,31.3,6.6,13.5,.491,0.0,0.0,.000,6.6,13.4,.493,.491,2.3,3.0,.773,1.8,4.6,6.5,2.1,0.5,0.4,2.3,3.2,15.5)
(2012,383,Kevin Seraphin,C,22,WAS,57,21,20.6,3.6,6.7,.531,0.0,0.0,.000,3.6,6.7,.533,.531,0.8,1.2,.671,1.8,3.1,4.9,0.6,0.3,1.3,1.2,2.3,7.9)
(2012,387,Bobby Simmons,SF,31,LAC,28,0,14.9,1.0,3.2,.311,0.7,2.1,.333,0.3,1.1,.267,.422,0.1,0.3,.571,0.6,1.4,2.0,0.4,0.5,0.1,0.4,1.5,2.9)
(2012,391,Donald Sloan,PG,24,TOT,33,11,20.3,2.4,6.0,.399,0.1,0.8,.080,2.3,5.2,.445,.404,0.7,0.9,.767,0.5,1.5,2.0,3.2,0.4,0.1,1.5,1.1,5.5)
(2012,395,J.R. Smith,SG,26,NYK,35,1,27.6,4.7,11.6,.407,1.9,5.5,.347,2.8,6.1,.462,.490,1.1,1.6,.709,0.8,3.1,3.9,2.4,1.5,0.2,1.3,2.5,12.5)
(2012,399,Nolan Smith,PG,23,POR,44,4,12.3,1.5,4.1,.372,0.3,1.0,.289,1.2,3.1,.400,.408,0.5,0.6,.714,0.4,0.9,1.3,1.4,0.4,0.1,1.0,1.3,3.8)
(2012,402,Jerry Stackhouse,SF,37,ATL,30,0,9.1,1.2,3.3,.370,0.4,1.3,.342,0.8,2.1,.387,.435,0.7,0.8,.913,0.2,0.6,0.8,0.5,0.3,0.1,0.4,0.4,3.6)
(2012,406,Julyan Stone,SG,23,DEN,22,2,8.1,0.6,1.4,.419,0.1,0.5,.182,0.5,0.9,.550,.452,0.4,0.5,.727,0.2,0.9,1.1,1.7,0.4,0.3,0.5,0.8,1.6)
(2012,410,Jeff Teague,PG,23,ATL,66,66,33.1,4.8,10.2,.476,0.8,2.3,.342,4.1,7.9,.514,.514,2.1,2.8,.757,0.3,2.1,2.4,4.9,1.6,0.6,2.0,2.2,12.6)
(2012,414,Isaiah Thomas,PG,22,SAC,65,37,25.5,3.9,8.8,.448,1.3,3.4,.379,2.7,5.4,.491,.521,2.4,2.8,.832,0.7,1.8,2.6,4.1,0.8,0.1,1.6,1.9,11.5)
(2012,418,Tyrus Thomas,PF,25,CHA,54,30,18.8,2.2,6.1,.367,0.0,0.1,.333,2.2,6.0,.367,.369,1.2,1.5,.759,0.9,2.8,3.7,0.6,0.7,1.1,1.0,2.7,5.6)
(2012,421,Klay Thompson,SG,21,GSW,66,29,24.4,4.8,10.9,.443,1.7,4.1,.414,3.1,6.8,.460,.520,1.2,1.4,.868,0.4,2.1,2.4,2.0,0.7,0.3,1.6,2.3,12.5)
(2012,425,Jamaal Tinsley,PG,33,UTA,37,1,13.7,1.5,3.8,.404,0.3,1.0,.270,1.3,2.8,.452,.440,0.4,0.5,.765,0.2,1.1,1.2,3.3,0.5,0.2,1.4,1.3,3.7)
(2012,429,Evan Turner,SF,23,PHI,65,20,26.4,4.0,9.1,.446,0.2,0.8,.224,3.9,8.3,.466,.455,1.1,1.7,.676,0.4,5.4,5.8,2.8,0.6,0.3,1.6,1.8,9.4)
(2012,433,Beno Udrih,SG,29,MIL,59,0,18.3,2.5,5.6,.440,0.3,1.0,.288,2.2,4.6,.473,.465,0.7,0.9,.709,0.4,1.3,1.7,3.8,0.6,0.0,1.3,1.2,5.9)
(2012,437,Jan Vesely,PF,21,WAS,57,20,18.9,2.1,3.8,.537,0.0,0.0,.000,2.1,3.8,.539,.537,0.6,1.1,.532,1.8,2.6,4.4,0.8,0.7,0.6,1.1,2.7,4.7)
(2012,Rk,Player,Pos,Age,Tm,G,GS,MP,FG,FGA,FG%,3P,3PA,3P,2P,2PA,2P,eFG%,FT,FTA,FT%,ORB,DRB,TRB,AST,STL,BLK,TOV,PF,PTS)
(2012,444,John Wall,PG,21,WAS,66,66,36.2,5.7,13.5,.423,0.0,0.6,.071,5.7,12.9,.440,.424,4.8,6.1,.789,0.7,3.8,4.5,8.0,1.4,0.9,3.9,2.1,16.3)
(2012,448,Hakim Warrick,PF,29,PHO,35,0,14.4,2.1,5.1,.411,0.0,0.3,.100,2.1,4.9,.429,.414,2.2,2.8,.768,0.9,1.7,2.6,0.9,0.2,0.1,1.0,1.0,6.4)
(2012,452,Martell Webster,SF,25,MIN,47,26,24.3,2.4,5.8,.423,0.8,2.3,.339,1.7,3.5,.479,.491,1.2,1.5,.792,0.9,2.7,3.6,0.9,0.7,0.4,1.0,1.8,6.9)
(2012,456,D.J. White,PF,25,CHA,58,11,18.9,3.0,6.1,.493,0.0,0.0,1.000,3.0,6.1,.491,.494,0.7,1.1,.705,0.9,2.7,3.6,0.8,0.3,0.4,0.7,1.6,6.8)
(2012,460,Deron Williams,PG,27,NJN,55,55,36.3,7.1,17.5,.407,2.1,6.2,.336,5.0,11.3,.446,.467,4.7,5.5,.843,0.4,2.9,3.3,8.7,1.2,0.4,4.0,2.2,21.0)
(2012,463,Jordan Williams,C,21,NJN,43,5,14.8,1.8,3.5,.507,0.0,0.0,,1.8,3.5,.507,.507,1.0,1.5,.652,1.5,2.1,3.6,0.3,0.5,0.3,0.5,1.4,4.6)
(2012,467,Reggie Williams,SF,25,CHA,33,13,22.6,3.2,7.7,.416,1.0,3.2,.308,2.2,4.5,.493,.480,0.9,1.2,.725,0.8,2.0,2.8,1.8,0.6,0.1,1.0,1.0,8.3)
(2012,471,Terrence Williams,SG,24,TOT,30,0,18.3,2.8,6.6,.429,0.5,1.5,.348,2.3,5.1,.454,.470,0.9,1.5,.587,0.4,3.0,3.4,2.2,0.7,0.2,1.4,1.2,7.1)
(2012,475,Dorell Wright,SF,26,GSW,61,61,27.0,3.6,8.6,.422,1.7,4.8,.360,1.9,3.8,.500,.522,1.3,1.6,.816,1.0,3.6,4.6,1.5,1.0,0.4,0.8,1.6,10.3)
