(2012,2,Arron Afflalo,SG,26,DEN,62,62,33.6,5.3,11.3,.471,1.4,3.6,.398,3.9,7.7,.504,.534,3.2,4.0,.798,0.6,2.5,3.2,2.4,0.6,0.2,1.4,2.2,15.2)
(2012,6,LaMarcus Aldridge,PF,26,POR,55,55,36.3,8.8,17.1,.512,0.0,0.2,.182,8.7,16.9,.516,.513,4.1,5.0,.814,2.7,5.3,8.0,2.4,0.9,0.8,2.0,2.8,21.7)
(2012,10,Morris Almond,SG,26,WAS,4,0,16.8,1.5,4.3,.353,0.3,0.8,.333,1.3,3.5,.357,.382,0.3,0.8,.333,0.3,1.8,2.0,0.5,1.8,0.0,0.3,1.5,3.5)
(2012,14,Alan Anderson,SF,29,TOR,17,12,27.1,3.2,8.4,.387,1.4,3.6,.393,1.8,4.8,.383,.472,1.7,2.0,.853,0.5,1.5,2.0,1.5,0.3,0.2,1.5,2.1,9.6)
(2012,18,Joel Anthony,C,29,MIA,64,51,21.1,1.3,2.4,.559,0.0,0.0,,1.3,2.4,.559,.559,0.8,1.1,.690,1.6,2.3,3.9,0.1,0.6,1.3,0.7,2.0,3.4)
(2012,21,Omer Asik,C,25,CHI,66,2,14.7,1.2,2.4,.506,0.0,0.0,,1.2,2.4,.506,.506,0.7,1.6,.456,1.9,3.4,5.3,0.5,0.5,1.0,1.0,1.8,3.1)
(2012,25,Kelenna Azubuike,SG,28,DAL,3,0,6.0,1.0,2.7,.375,0.3,1.0,.333,0.7,1.7,.400,.438,0.0,0.0,,0.0,0.0,0.0,0.0,0.3,0.0,1.3,0.3,2.3)
(2012,29,Jose Barea,PG,27,MIN,41,11,25.2,4.1,10.2,.400,1.3,3.5,.371,2.8,6.7,.415,.463,1.9,2.4,.776,0.3,2.4,2.8,5.7,0.5,0.0,2.5,1.5,11.3)
(2012,33,Brandon Bass,PF,26,BOS,59,39,31.7,5.1,10.7,.479,0.0,0.0,,5.1,10.7,.479,.479,2.2,2.8,.810,1.6,4.6,6.2,0.9,0.6,0.9,1.1,2.3,12.5)
(2012,37,Jerryd Bayless,PG,23,TOR,31,11,22.7,3.8,8.9,.424,1.4,3.4,.423,2.4,5.5,.424,.504,2.4,2.8,.852,0.3,1.9,2.1,3.8,0.8,0.1,1.7,2.3,11.4)
(2012,Rk,Player,Pos,Age,Tm,G,GS,MP,FG,FGA,FG%,3P,3PA,3P,2P,2PA,2P,eFG%,FT,FTA,FT%,ORB,DRB,TRB,AST,STL,BLK,TOV,PF,PTS)
(2012,44,Andris Biedrins,C,25,GSW,47,35,15.7,0.8,1.4,.609,0.0,0.0,,0.8,1.4,.609,.609,0.0,0.2,.111,1.0,2.8,3.7,0.3,0.5,1.0,0.3,2.7,1.7)
(2012,48,Steve Blake,PG,31,LAL,53,5,23.3,1.9,5.1,.377,1.0,3.0,.335,0.9,2.1,.436,.476,0.4,0.5,.778,0.2,1.4,1.6,3.3,0.7,0.0,1.4,1.4,5.2)
(2012,52,Andrew Bogut,C,27,MIL,12,12,30.3,5.1,11.3,.449,0.0,0.1,.000,5.1,11.3,.452,.449,1.2,1.9,.609,1.8,6.5,8.3,2.6,1.0,2.0,2.0,3.0,11.3)
(2012,56,Chris Bosh,PF,27,MIA,57,57,35.2,6.9,14.2,.487,0.2,0.6,.286,6.7,13.5,.496,.493,4.0,4.9,.821,1.6,6.3,7.9,1.8,0.9,0.8,2.1,2.2,18.0)
(2012,60,Elton Brand,C,32,PHI,60,60,28.9,4.8,9.7,.494,0.0,0.0,.000,4.8,9.7,.495,.494,1.4,1.9,.733,2.4,4.7,7.2,1.6,1.0,1.6,1.1,2.9,11.0)
(2012,63,Jon Brockman,PF,24,MIL,35,0,6.8,0.4,1.3,.333,0.0,0.0,.000,0.4,1.3,.341,.333,0.2,0.4,.467,0.9,1.2,2.1,0.3,0.1,0.0,0.3,0.9,1.1)
(2012,67,Shannon Brown,SG,26,PHO,59,19,23.7,4.3,10.1,.420,1.2,3.2,.362,3.1,6.9,.446,.477,1.4,1.7,.808,0.6,2.0,2.7,1.2,0.7,0.3,1.1,1.1,11.0)
(2012,71,Caron Butler,SF,31,LAC,63,63,29.7,4.6,11.2,.407,1.5,4.1,.358,3.1,7.1,.435,.472,1.4,1.7,.813,0.7,3.0,3.7,1.2,0.8,0.1,1.2,2.0,12.0)
(2012,75,Andrew Bynum,C,24,LAL,60,60,35.2,7.4,13.3,.558,0.0,0.1,.200,7.4,13.2,.560,.558,3.9,5.6,.692,3.2,8.6,11.8,1.4,0.5,1.9,2.5,1.7,18.7)
(2012,79,Brian Cardinal,SF,34,DAL,44,0,6.3,0.3,1.3,.255,0.2,1.1,.204,0.1,0.1,.667,.345,0.1,0.1,.833,0.1,0.7,0.8,0.4,0.2,0.0,0.2,0.9,1.0)
(2012,82,Anthony Carter,PG,36,TOR,24,0,8.7,0.7,2.2,.321,0.2,0.7,.294,0.5,1.5,.333,.368,0.3,0.4,.800,0.2,1.2,1.4,1.4,0.3,0.2,0.7,0.8,2.0)
(2012,86,Tyson Chandler,C,29,NYK,62,62,33.2,3.9,5.7,.679,0.0,0.0,.000,3.9,5.7,.683,.679,3.5,5.1,.689,3.4,6.5,9.9,0.9,0.9,1.4,1.6,3.0,11.3)
(2012,90,Norris Cole,PG,23,MIA,65,2,19.4,2.7,6.9,.393,0.3,1.2,.276,2.4,5.8,.417,.417,1.0,1.3,.776,0.3,1.1,1.4,2.0,0.7,0.0,1.6,1.9,6.8)
(2012,94,Mike Conley,PG,24,MEM,62,61,35.1,4.8,11.0,.433,1.0,2.6,.377,3.8,8.5,.450,.477,2.2,2.5,.861,0.4,2.2,2.5,6.5,2.2,0.2,2.0,2.1,12.7)
(2012,98,Jamal Crawford,PG,31,POR,60,6,26.9,4.7,12.3,.384,1.3,4.3,.308,3.4,8.0,.426,.438,3.2,3.4,.927,0.3,1.7,2.0,3.2,0.9,0.2,1.9,1.2,14.0)
(2012,101,Eddy Curry,C,29,MIA,14,1,5.9,0.9,1.9,.462,0.0,0.0,,0.9,1.9,.462,.462,0.4,0.6,.750,0.3,0.6,0.9,0.1,0.0,0.1,0.7,1.2,2.1)
(2012,105,Marquis Daniels,SG,31,BOS,38,0,12.7,1.4,3.8,.364,0.0,0.3,.000,1.4,3.5,.391,.364,0.4,0.6,.739,0.4,1.3,1.7,1.2,0.6,0.2,0.7,0.9,3.2)
(2012,109,Josh Davis,PF,31,MEM,15,0,8.7,0.7,1.8,.370,0.3,0.9,.308,0.4,0.9,.429,.444,0.3,0.5,.500,1.1,0.7,1.8,0.4,0.5,0.1,0.2,1.3,1.9)
(2012,113,Luol Deng,SF,26,CHI,54,54,39.4,5.8,14.0,.412,1.5,4.0,.367,4.3,10.0,.430,.464,2.4,3.1,.770,1.4,5.1,6.5,2.9,1.0,0.7,1.8,1.5,15.3)
(2012,117,Ike Diogu,PF,28,SAS,2,0,7.0,0.0,1.0,.000,0.0,0.0,,0.0,1.0,.000,.000,1.0,1.0,1.000,0.0,0.5,0.5,0.0,0.0,0.0,0.5,0.5,1.0)
(2012,Rk,Player,Pos,Age,Tm,G,GS,MP,FG,FGA,FG%,3P,3PA,3P,2P,2PA,2P,eFG%,FT,FTA,FT%,ORB,DRB,TRB,AST,STL,BLK,TOV,PF,PTS)
(2012,124,Tim Duncan,C,35,SAS,58,58,28.2,6.2,12.6,.492,0.0,0.1,.000,6.2,12.6,.495,.492,3.0,4.3,.695,1.9,7.1,9.0,2.3,0.7,1.5,1.7,1.7,15.4)
(2012,128,Devin Ebanks,SG,22,LAL,24,12,16.5,1.5,3.7,.416,0.0,0.4,.000,1.5,3.3,.463,.416,1.0,1.5,.657,1.1,1.2,2.3,0.5,0.5,0.3,0.8,1.1,4.0)
(2012,132,Andre Emmett,SF,29,NJN,6,0,7.5,0.7,1.2,.571,0.0,0.2,.000,0.7,1.0,.667,.571,0.8,1.3,.625,0.3,0.7,1.0,0.2,0.3,0.2,0.3,0.3,2.2)
(2012,136,Reggie Evans,PF,31,LAC,56,0,13.8,0.6,1.3,.472,0.0,0.0,,0.6,1.3,.472,.472,0.6,1.3,.507,1.8,3.1,4.8,0.3,0.6,0.1,0.8,2.1,1.9)
(2012,140,Jordan Farmar,PG,25,NJN,39,5,21.3,3.8,8.1,.467,1.4,3.2,.440,2.4,4.9,.484,.554,1.5,1.6,.905,0.2,1.4,1.6,3.3,0.6,0.1,1.7,1.3,10.4)
(2012,143,Rudy Fernandez,SG,26,DEN,31,1,22.9,3.2,7.3,.440,1.3,3.9,.328,1.9,3.3,.573,.529,1.0,1.4,.698,0.3,1.8,2.1,2.4,1.0,0.1,1.3,1.2,8.6)
(2012,147,Jonny Flynn,PG,22,TOT,29,1,14.3,1.6,4.5,.351,0.3,1.2,.294,1.2,3.3,.371,.389,1.0,1.3,.744,0.3,1.1,1.3,3.3,0.2,0.1,1.2,0.8,4.5)
(2012,151,Courtney Fortson,PG,23,TOT,10,0,9.5,1.1,3.2,.344,0.3,1.3,.231,0.8,1.9,.421,.391,1.0,1.5,.667,0.6,0.9,1.5,1.0,0.3,0.0,1.0,0.5,3.5)
(2012,155,Channing Frye,PF,28,PHO,64,59,26.1,4.0,9.6,.416,1.4,4.1,.346,2.6,5.5,.469,.490,1.1,1.3,.890,1.1,4.8,5.9,1.4,0.7,1.1,1.0,2.8,10.5)
(2012,159,Francisco Garcia,SF,30,SAC,49,3,16.3,1.8,4.7,.376,0.8,2.7,.290,1.0,2.0,.490,.459,0.5,0.6,.800,0.2,1.8,2.0,0.6,0.7,0.8,0.4,1.5,4.8)
(2012,162,Pau Gasol,PF,31,LAL,65,65,37.4,7.1,14.1,.501,0.1,0.4,.259,7.0,13.7,.508,.504,3.1,4.0,.782,2.8,7.6,10.4,3.6,0.6,1.4,2.2,2.0,17.4)
(2012,166,Daniel Gibson,SG,25,CLE,35,7,26.2,2.5,7.1,.351,1.6,4.0,.396,0.9,3.1,.294,.462,1.0,1.2,.791,0.3,2.6,2.9,2.2,0.7,0.5,1.3,2.0,7.5)
(2012,170,Ryan Gomes,SF,29,LAC,32,2,13.3,1.0,3.0,.326,0.1,0.9,.138,0.8,2.1,.409,.347,0.3,0.3,.727,0.4,1.5,1.9,0.4,0.5,0.0,0.5,1.1,2.3)
(2012,174,Marcin Gortat,C,27,PHO,66,66,32.0,6.5,11.7,.555,0.0,0.0,.000,6.5,11.6,.557,.555,2.5,3.8,.649,2.8,7.2,10.0,0.9,0.7,1.5,1.4,2.2,15.4)
(2012,178,Danny Green,SG,24,SAS,66,38,23.1,3.2,7.2,.442,1.5,3.5,.436,1.7,3.7,.449,.549,1.2,1.5,.790,0.8,2.6,3.5,1.3,0.9,0.7,1.0,1.6,9.1)
(2012,181,Donte Greene,PF,23,SAC,53,7,14.7,2.0,5.0,.406,0.5,2.0,.238,1.6,3.0,.516,.453,0.8,1.0,.800,0.4,2.2,2.5,0.6,0.3,0.5,0.6,1.3,5.4)
(2012,185,Richard Hamilton,SG,33,CHI,28,28,24.9,5.0,11.1,.452,0.6,1.6,.370,4.4,9.4,.466,.479,1.0,1.3,.784,0.7,1.6,2.4,3.0,0.4,0.0,1.8,2.0,11.6)
(2012,189,Justin Harper,PF,22,ORL,14,0,6.0,0.6,2.2,.290,0.1,0.9,.154,0.5,1.3,.389,.323,0.0,0.1,.000,0.2,0.6,0.9,0.1,0.1,0.2,0.4,0.4,1.4)
(2012,193,Manny Harris,SG,22,CLE,26,5,17.5,2.3,5.8,.400,0.5,1.4,.333,1.8,4.4,.421,.440,1.6,2.3,.695,0.4,2.3,2.7,1.2,0.5,0.2,1.0,1.1,6.7)
(2012,197,Spencer Hawes,C,23,PHI,37,29,24.9,4.2,8.6,.489,0.1,0.3,.250,4.1,8.3,.498,.494,1.1,1.5,.727,2.1,5.2,7.3,2.6,0.4,1.3,1.5,2.7,9.6)
(2012,Rk,Player,Pos,Age,Tm,G,GS,MP,FG,FGA,FG%,3P,3PA,3P,2P,2PA,2P,eFG%,FT,FTA,FT%,ORB,DRB,TRB,AST,STL,BLK,TOV,PF,PTS)
(2012,204,Roy Hibbert,C,25,IND,65,65,29.8,5.1,10.3,.497,0.0,0.0,.000,5.1,10.3,.498,.497,2.6,3.7,.711,3.3,5.5,8.8,1.7,0.5,2.0,2.0,3.0,12.8)
(2012,208,George Hill,PG,25,IND,50,9,25.5,3.4,7.6,.442,1.1,2.9,.367,2.3,4.7,.489,.513,1.8,2.3,.778,0.6,2.4,3.0,2.9,0.8,0.3,1.0,2.0,9.6)
(2012,212,Darington Hobson,SG,24,MIL,5,0,7.8,0.4,2.6,.154,0.0,1.2,.000,0.4,1.4,.286,.154,0.0,0.0,,0.0,0.6,0.6,1.2,0.0,0.0,0.4,0.2,0.8)
(2012,216,Al Horford,C,25,ATL,11,11,31.6,5.2,9.4,.553,0.0,0.1,.000,5.2,9.3,.559,.553,2.0,2.7,.733,2.4,4.6,7.0,2.2,0.9,1.3,1.5,1.9,12.4)
(2012,220,Juwan Howard,PF,38,MIA,28,0,6.8,0.6,2.0,.309,0.0,0.0,,0.6,2.0,.309,.309,0.3,0.4,.800,0.6,1.0,1.7,0.4,0.1,0.0,0.7,0.6,1.5)
(2012,223,Kris Humphries,PF,26,NJN,62,62,34.9,5.2,10.8,.481,0.0,0.0,,5.2,10.8,.481,.481,3.4,4.5,.752,3.8,7.2,11.0,1.5,0.8,1.2,1.9,2.8,13.8)
(2012,227,Kyrie Irving,PG,19,CLE,51,51,30.5,6.9,14.6,.469,1.4,3.6,.399,5.4,11.1,.491,.517,3.4,3.8,.872,0.9,2.9,3.7,5.4,1.1,0.4,3.1,2.2,18.5)
(2012,231,Stephen Jackson,SF,33,TOT,47,14,25.8,3.4,9.0,.374,1.0,3.6,.288,2.3,5.4,.431,.432,2.0,2.4,.825,0.5,3.0,3.5,2.5,1.1,0.3,2.2,2.1,9.8)
(2012,235,Antawn Jamison,PF,35,CLE,65,65,33.1,6.5,16.1,.403,1.4,4.1,.341,5.1,12.0,.425,.447,2.8,4.2,.683,1.9,4.4,6.3,2.0,0.8,0.7,1.4,2.5,17.2)
(2012,239,Charles Jenkins,PG,22,GSW,51,28,17.5,2.5,5.7,.447,0.1,0.4,.150,2.5,5.3,.469,.452,0.7,0.8,.872,0.2,1.2,1.3,3.3,0.6,0.1,1.2,1.7,5.8)
(2012,241,Jonas Jerebko,PF,24,DET,64,13,22.9,3.3,7.1,.468,0.5,1.7,.302,2.8,5.4,.519,.503,1.6,1.9,.806,1.5,3.3,4.8,0.7,0.6,0.3,1.0,2.5,8.7)
(2012,245,Carldell Johnson,PG,29,NOH,15,0,7.9,0.7,2.3,.314,0.3,1.0,.267,0.5,1.3,.350,.371,0.1,0.2,.333,0.1,0.5,0.6,1.5,0.5,0.0,0.5,0.7,1.8)
(2012,249,James Johnson,SF,24,TOR,62,40,25.2,3.8,8.4,.450,0.3,1.0,.317,3.5,7.4,.467,.468,1.3,1.9,.704,1.2,3.5,4.7,2.0,1.1,1.4,1.6,2.9,9.1)
(2012,253,Dahntay Jones,SF,31,IND,65,3,16.2,1.8,4.3,.409,0.5,1.2,.429,1.3,3.1,.402,.468,1.3,1.5,.838,0.4,1.4,1.8,1.0,0.4,0.2,0.7,1.8,5.3)
(2012,257,DeAndre Jordan,C,23,LAC,66,66,27.2,3.1,4.9,.632,0.0,0.0,.000,3.1,4.9,.634,.632,1.1,2.1,.525,3.1,5.2,8.3,0.3,0.5,2.0,1.1,2.9,7.4)
(2012,Rk,Player,Pos,Age,Tm,G,GS,MP,FG,FGA,FG%,3P,3PA,3P,2P,2PA,2P,eFG%,FT,FTA,FT%,ORB,DRB,TRB,AST,STL,BLK,TOV,PF,PTS)
(2012,264,Jason Kidd,PG,38,DAL,48,48,28.7,2.1,5.7,.363,1.6,4.6,.354,0.4,1.0,.400,.507,0.5,0.6,.786,0.3,3.8,4.1,5.5,1.7,0.2,1.9,1.7,6.2)
(2012,268,Kosta Koufos,C,22,DEN,48,24,16.5,2.4,4.0,.599,0.0,0.0,,2.4,4.0,.599,.599,0.7,1.1,.600,2.0,3.4,5.4,0.3,0.5,0.9,0.7,2.0,5.5)
(2012,272,David Lee,PF,28,GSW,57,57,37.2,8.1,16.2,.503,0.0,0.1,.000,8.1,16.1,.506,.503,3.8,4.9,.782,3.0,6.6,9.6,2.8,0.9,0.4,2.6,3.1,20.1)
(2012,276,Jon Leuer,PF,22,MIL,46,12,12.1,2.1,4.2,.508,0.1,0.2,.333,2.0,4.0,.516,.516,0.5,0.6,.750,1.0,1.6,2.6,0.5,0.3,0.4,0.4,1.5,4.7)
(2012,280,Shaun Livingston,SG,26,MIL,58,27,18.8,2.2,4.7,.469,0.0,0.1,.667,2.2,4.6,.466,.472,1.1,1.4,.785,0.7,1.4,2.1,2.1,0.5,0.3,1.1,1.4,5.5)
(2012,283,Kevin Love,PF,23,MIN,55,55,39.0,8.6,19.3,.448,1.9,5.1,.372,6.7,14.1,.475,.497,6.9,8.4,.824,4.1,9.2,13.3,2.0,0.9,0.5,2.3,2.8,26.0)
(2012,287,Vernon Macklin,C,25,DET,23,0,5.9,0.8,1.5,.543,0.0,0.0,,0.8,1.5,.543,.543,0.3,0.6,.571,0.6,0.9,1.5,0.2,0.2,0.2,0.1,0.4,2.0)
(2012,291,Shawn Marion,SF,33,DAL,63,63,30.5,4.6,10.3,.446,0.3,1.1,.294,4.3,9.2,.464,.461,1.2,1.5,.796,2.3,5.1,7.4,2.1,1.1,0.6,1.6,1.4,10.6)
(2012,295,Roger Mason,SG,31,WAS,52,0,13.4,2.0,5.0,.399,1.1,3.0,.383,0.8,2.0,.423,.514,0.4,0.5,.778,0.1,1.2,1.3,0.9,0.3,0.1,0.6,0.6,5.5)
(2012,299,O.J. Mayo,SG,24,MEM,66,0,26.8,4.5,11.2,.408,1.5,4.2,.364,3.0,7.0,.434,.476,2.0,2.6,.773,0.5,2.7,3.2,2.6,1.1,0.3,1.9,2.1,12.6)
(2012,302,Tracy McGrady,SF,32,ATL,52,0,16.1,1.9,4.4,.437,0.3,0.6,.455,1.7,3.8,.434,.470,1.1,1.6,.675,0.4,2.5,3.0,2.1,0.3,0.3,1.0,0.7,5.3)
(2012,306,C.J. Miles,SG,24,UTA,56,14,20.4,3.2,8.3,.381,0.8,2.7,.307,2.3,5.6,.416,.430,1.9,2.4,.794,0.5,1.6,2.1,1.2,0.8,0.3,0.9,2.2,9.1)
(2012,310,Mike Miller,SG,31,MIA,39,2,19.3,2.3,5.4,.435,1.4,3.0,.453,1.0,2.4,.413,.562,0.1,0.1,.400,0.6,2.7,3.3,1.1,0.4,0.2,0.8,1.5,6.1)
(2012,314,Greg Monroe,C,21,DET,66,66,31.5,6.2,11.8,.521,0.0,0.0,.000,6.2,11.8,.522,.521,3.0,4.1,.739,3.6,6.0,9.7,2.3,1.3,0.7,2.4,2.7,15.4)
(2012,318,Darius Morris,PG,21,LAL,19,0,8.9,0.9,2.2,.429,0.2,0.5,.444,0.7,1.7,.424,.476,0.3,0.5,.667,0.1,0.7,0.8,1.1,0.1,0.0,1.0,0.8,2.4)
(2012,321,Anthony Morrow,SG,26,NJN,62,18,26.4,4.4,10.6,.413,1.7,4.6,.371,2.7,6.0,.446,.494,1.6,1.7,.933,0.5,1.5,2.0,1.0,0.7,0.1,1.1,1.4,12.0)
(2012,325,Hamady N'Diaye,C,25,WAS,3,0,1.0,0.0,0.3,.000,0.0,0.0,,0.0,0.3,.000,.000,0.0,0.0,,0.0,0.0,0.0,0.0,0.0,0.0,0.0,0.0,0.0)
(2012,329,Jameer Nelson,PG,29,ORL,57,57,29.9,4.5,10.6,.427,1.5,4.1,.377,3.0,6.6,.459,.499,1.2,1.5,.807,0.5,2.7,3.2,5.7,0.7,0.1,2.4,2.3,11.9)
(2012,333,Dirk Nowitzki,PF,33,DAL,62,62,33.5,7.6,16.7,.457,1.3,3.4,.368,6.4,13.3,.481,.495,5.1,5.7,.896,0.7,6.0,6.7,2.2,0.7,0.5,1.9,2.1,21.6)
(2012,337,Mehmet Okur,C,32,NJN,17,14,26.7,3.1,8.2,.374,1.4,4.2,.319,1.7,3.9,.433,.457,0.2,0.3,.600,1.3,3.5,4.8,1.8,0.5,0.3,1.5,2.6,7.6)
(2012,Rk,Player,Pos,Age,Tm,G,GS,MP,FG,FGA,FG%,3P,3PA,3P,2P,2PA,2P,eFG%,FT,FTA,FT%,ORB,DRB,TRB,AST,STL,BLK,TOV,PF,PTS)
(2012,344,Anthony Parker,SF,36,CLE,51,51,25.1,2.8,6.4,.433,1.0,2.7,.362,1.8,3.7,.484,.509,0.7,1.1,.625,0.2,2.5,2.7,2.4,0.7,0.1,1.0,1.3,7.2)
(2012,348,Chris Paul,PG,26,LAC,60,60,36.4,7.1,14.8,.478,1.3,3.6,.371,5.8,11.3,.511,.522,4.3,5.0,.861,0.7,2.9,3.6,9.1,2.5,0.1,2.1,2.3,19.8)
(2012,352,Johan Petro,C,26,NJN,59,10,15.6,1.8,4.4,.419,0.0,0.0,1.000,1.8,4.4,.417,.421,0.5,0.6,.838,1.2,2.6,3.8,0.8,0.4,0.4,0.6,2.1,4.2)
(2012,356,Quincy Pondexter,SF,23,MEM,64,8,15.7,1.7,3.7,.452,0.3,1.1,.301,1.3,2.6,.518,.498,0.5,0.8,.623,0.9,1.1,2.0,0.4,0.4,0.1,0.5,1.4,4.2)
(2012,360,Joel Przybilla,C,32,POR,27,19,16.6,0.8,1.8,.458,0.0,0.0,,0.8,1.8,.458,.458,0.4,0.7,.611,1.1,4.0,5.1,0.2,0.1,0.6,0.8,2.4,2.0)
(2012,363,Zach Randolph,PF,30,MEM,28,8,26.3,4.7,10.2,.463,0.1,0.3,.250,4.6,9.9,.469,.467,2.1,3.1,.659,2.8,5.3,8.0,1.7,0.8,0.1,1.4,2.0,11.6)
(2012,367,Jason Richardson,SG,31,ORL,54,54,29.5,4.5,11.0,.408,1.9,5.1,.368,2.6,5.9,.442,.493,0.8,1.3,.594,0.7,2.9,3.6,2.0,1.0,0.4,1.1,1.7,11.6)
(2012,371,Rajon Rondo,PG,25,BOS,53,53,36.9,4.8,10.8,.448,0.2,0.8,.238,4.6,10.0,.464,.456,2.0,3.4,.597,1.2,3.7,4.8,11.7,1.8,0.1,3.6,1.9,11.9)
(2012,375,Walker Russell,PG,29,DET,28,0,12.8,1.2,3.4,.347,0.1,0.5,.308,1.0,2.9,.354,.368,0.5,0.8,.636,0.3,0.7,0.9,2.1,0.6,0.0,1.2,1.0,3.0)
(2012,379,Brian Scalabrine,PF,33,CHI,28,0,4.4,0.5,1.1,.467,0.0,0.3,.143,0.5,0.8,.565,.483,0.1,0.2,.500,0.3,0.5,0.8,0.5,0.2,0.2,0.3,0.3,1.1)
(2012,382,Josh Selby,PG,20,MEM,28,0,8.5,0.9,2.6,.347,0.1,0.5,.133,0.8,2.0,.404,.361,0.4,0.5,.786,0.1,0.5,0.5,1.1,0.3,0.0,1.0,0.6,2.3)
(2012,386,Xavier Silas,SG,24,PHI,2,0,19.5,2.0,7.5,.267,0.5,3.0,.167,1.5,4.5,.333,.300,1.0,1.5,.667,1.0,1.0,2.0,1.5,0.0,0.0,1.5,2.5,5.5)
(2012,390,Brian Skinner,C,35,MEM,1,0,4.0,0.0,1.0,.000,0.0,0.0,,0.0,1.0,.000,.000,0.0,0.0,,0.0,0.0,0.0,0.0,0.0,0.0,0.0,1.0,0.0)
(2012,394,Ish Smith,PG,23,TOT,26,1,9.0,1.2,3.1,.383,0.1,0.3,.333,1.1,2.8,.389,.401,0.3,0.4,.700,0.3,1.1,1.3,1.6,0.6,0.1,0.5,0.6,2.8)
(2012,398,Josh Smith,PF,26,ATL,66,66,35.3,7.6,16.7,.458,0.4,1.7,.257,7.2,15.0,.480,.470,3.1,4.9,.630,2.1,7.5,9.6,3.9,1.4,1.7,2.5,2.6,18.8)
(2012,401,Tiago Splitter,C,27,SAS,59,2,19.0,3.6,5.8,.618,0.0,0.0,,3.6,5.8,.618,.618,2.1,3.1,.691,1.6,3.6,5.2,1.1,0.4,0.8,1.5,2.3,9.3)
(2012,405,Greg Stiemsma,C,26,BOS,55,3,13.9,1.2,2.2,.545,0.0,0.0,,1.2,2.2,.545,.545,0.5,0.7,.707,0.9,2.3,3.2,0.5,0.7,1.5,0.6,2.6,2.9)
(2012,409,DaJuan Summers,SF,24,NOH,15,6,13.9,1.9,4.3,.431,0.3,1.1,.313,1.5,3.3,.469,.469,0.5,0.6,.778,0.5,1.0,1.5,0.7,0.5,0.0,0.5,2.1,4.5)
(2012,413,Hasheem Thabeet,C,24,TOT,20,3,7.0,0.6,1.1,.524,0.0,0.0,,0.6,1.1,.524,.524,0.7,1.0,.650,0.8,1.3,2.1,0.0,0.1,0.5,0.4,1.0,1.8)
(2012,417,Malcolm Thomas,PF,23,SAS,3,0,5.0,0.0,1.0,.000,0.0,0.0,,0.0,1.0,.000,.000,0.3,0.7,.500,0.3,0.7,1.0,0.3,0.3,0.3,0.0,0.0,0.3)
(2012,Rk,Player,Pos,Age,Tm,G,GS,MP,FG,FGA,FG%,3P,3PA,3P,2P,2PA,2P,eFG%,FT,FTA,FT%,ORB,DRB,TRB,AST,STL,BLK,TOV,PF,PTS)
(2012,424,Marcus Thornton,SG,24,SAC,51,51,34.9,6.9,15.7,.438,2.1,6.1,.345,4.8,9.7,.497,.505,2.8,3.2,.865,1.6,2.0,3.7,1.9,1.4,0.2,1.6,2.2,18.7)
(2012,428,Hedo Turkoglu,SF,32,ORL,53,53,31.2,3.9,9.5,.415,1.7,4.9,.353,2.2,4.6,.480,.505,1.3,1.8,.705,0.5,3.3,3.8,4.4,0.8,0.3,2.7,2.6,10.9)
(2012,432,Ekpe Udoh,C,24,TOT,61,11,21.1,2.1,4.8,.431,0.0,0.0,.000,2.1,4.8,.433,.431,1.4,1.9,.754,1.6,2.5,4.2,0.9,0.7,1.7,0.9,2.9,5.6)
(2012,436,Greivis Vasquez,SG,25,NOH,66,26,25.8,3.4,7.9,.430,0.7,2.0,.319,2.8,5.9,.469,.471,1.5,1.8,.821,0.3,2.3,2.6,5.4,0.9,0.1,2.2,1.9,8.9)
(2012,440,Dwyane Wade,SG,30,MIA,49,49,33.2,8.5,17.1,.497,0.3,1.1,.268,8.2,15.9,.513,.506,4.8,6.1,.791,1.5,3.3,4.8,4.6,1.7,1.3,2.6,2.2,22.1)
(2012,443,Kemba Walker,PG,21,CHA,66,25,27.2,4.3,11.6,.366,1.0,3.4,.305,3.2,8.2,.392,.411,2.5,3.2,.789,0.5,3.1,3.5,4.4,0.9,0.3,1.8,1.2,12.1)
(2012,447,Luke Walton,PF-SF,31,TOT,30,0,12.1,0.8,2.2,.369,0.2,0.7,.350,0.6,1.5,.378,.423,0.0,0.0,,0.4,1.2,1.6,1.2,0.2,0.0,0.9,1.4,1.8)
(2012,451,Earl Watson,PG,32,UTA,50,2,20.7,1.1,3.2,.338,0.2,1.0,.192,0.9,2.2,.407,.369,0.6,0.9,.674,0.6,1.8,2.4,4.3,1.1,0.4,1.7,2.1,3.0)
(2012,455,Russell Westbrook,PG,23,OKC,66,66,35.3,8.8,19.2,.457,0.9,3.0,.316,7.8,16.2,.482,.481,5.2,6.3,.823,1.5,3.1,4.6,5.5,1.7,0.3,3.6,2.2,23.6)
(2012,459,Damien Wilkins,SF,32,DET,60,2,15.4,1.3,3.2,.394,0.1,0.4,.304,1.2,2.8,.406,.412,0.6,0.9,.630,0.4,1.3,1.7,0.7,0.5,0.2,0.5,1.4,3.2)
(2012,462,Elliot Williams,SG,22,POR,24,0,6.2,1.5,3.1,.500,0.3,1.1,.296,1.2,2.0,.617,.554,0.3,0.8,.333,0.3,0.5,0.8,0.3,0.3,0.1,0.2,0.8,3.7)
(2012,466,Mo Williams,SG,29,LAC,52,1,28.3,5.0,11.8,.426,1.8,4.6,.389,3.2,7.2,.449,.502,1.4,1.5,.900,0.4,1.5,1.9,3.1,1.0,0.1,1.7,2.0,13.2)
(2012,470,Shelden Williams,C,28,NJN,58,35,22.0,1.7,3.5,.478,0.0,0.0,,1.7,3.5,.478,.478,1.3,1.8,.731,2.4,3.6,6.0,0.6,0.8,0.7,1.1,2.6,4.6)
(2012,474,Chris Wright,SF,23,GSW,24,1,7.8,1.0,1.9,.511,0.0,0.0,,1.0,1.9,.511,.511,1.0,1.3,.774,0.8,1.1,1.9,0.2,0.3,0.5,0.3,0.9,2.9)
(2012,478,Thaddeus Young,PF,23,PHI,63,1,27.9,5.5,10.9,.507,0.0,0.1,.250,5.5,10.8,.508,.507,1.8,2.3,.771,2.2,3.0,5.2,1.2,1.0,0.7,0.9,2.0,12.8)
