(2012,Rk,Player,Pos,Age,Tm,G,GS,MP,FG,FGA,FG%,3P,3PA,3P,2P,2PA,2P,eFG%,FT,FTA,FT%,ORB,DRB,TRB,AST,STL,BLK,TOV,PF,PTS)
(2012,4,Solomon Alabi,C,23,TOR,14,0,8.7,0.9,2.6,.361,0.0,0.0,,0.9,2.6,.361,.361,0.5,0.6,.875,1.1,2.3,3.4,0.2,0.1,0.6,0.4,0.8,2.4)
(2012,8,Ray Allen,SG,36,BOS,46,42,34.0,4.9,10.7,.458,2.3,5.1,.453,2.6,5.6,.463,.566,2.1,2.3,.915,0.3,2.8,3.1,2.4,1.1,0.2,1.5,1.8,14.2)
(2012,12,Louis Amundson,PF,29,IND,60,0,12.6,1.5,3.5,.430,0.0,0.0,,1.5,3.5,.430,.430,0.6,1.4,.427,1.6,2.1,3.7,0.2,0.5,0.7,0.8,2.1,3.6)
(2012,16,Ryan Anderson,PF,23,ORL,61,61,32.2,5.4,12.4,.439,2.7,6.9,.393,2.7,5.5,.496,.548,2.5,2.8,.877,3.7,4.0,7.7,0.9,0.8,0.4,0.9,2.4,16.1)
(2012,20,Trevor Ariza,SF,26,NOH,41,41,32.9,4.1,9.8,.417,0.7,2.1,.333,3.4,7.7,.440,.453,1.9,2.5,.775,1.0,4.2,5.2,3.3,1.7,0.6,1.9,1.8,10.8)
(2012,23,Gustavo Ayon,PF,26,NOH,54,24,20.1,2.6,4.8,.536,0.0,0.0,.000,2.6,4.8,.538,.536,0.7,1.2,.619,1.6,3.3,4.9,1.4,1.0,0.9,0.9,2.2,5.9)
(2012,27,Renaldo Balkman,SF,27,NYK,14,0,8.2,1.1,2.3,.500,0.1,0.6,.222,1.0,1.6,.609,.531,0.6,0.8,.727,0.4,1.4,1.9,0.4,0.3,0.2,0.4,1.0,3.0)
(2012,31,Matt Barnes,SF,31,LAL,63,16,22.9,2.8,6.1,.452,0.7,2.2,.333,2.0,4.0,.518,.512,1.5,2.0,.742,1.5,3.9,5.5,2.0,0.6,0.8,1.2,2.4,7.8)
(2012,35,Shane Battier,SF,33,MIA,65,10,23.1,1.7,4.5,.387,1.0,2.8,.339,0.8,1.7,.468,.493,0.4,0.6,.622,0.9,1.5,2.4,1.3,1.0,0.5,0.6,1.6,4.8)
(2012,39,Rodrigue Beaubois,PG,23,DAL,53,12,21.7,3.5,8.4,.422,0.7,2.5,.288,2.8,5.9,.479,.465,1.1,1.3,.841,0.4,2.5,2.8,2.9,1.1,0.5,1.3,1.8,8.9)
(2012,42,Keith Benson,C,23,GSW,3,0,3.0,0.0,0.3,.000,0.0,0.0,,0.0,0.3,.000,.000,0.0,0.0,,0.7,0.3,1.0,0.0,0.0,0.0,0.0,0.0,0.0)
(2012,46,Bismack Biyombo,C,19,CHA,63,41,23.1,2.0,4.4,.464,0.0,0.0,,2.0,4.4,.464,.464,1.1,2.3,.483,1.8,4.0,5.8,0.4,0.3,1.8,1.1,2.3,5.2)
(2012,50,Eric Bledsoe,PG,22,LAC,40,1,11.6,1.2,3.2,.389,0.2,0.8,.200,1.1,2.4,.448,.413,0.7,1.1,.636,0.6,1.1,1.6,1.7,0.8,0.4,1.2,1.5,3.3)
(2012,54,Trevor Booker,PF,24,WAS,50,32,25.2,3.6,6.8,.531,0.0,0.0,.500,3.6,6.8,.531,.532,1.1,1.9,.602,2.4,4.1,6.5,0.8,1.0,0.9,1.2,2.8,8.4)
(2012,58,Craig Brackins,PF,24,PHI,14,1,6.3,0.6,2.4,.273,0.2,0.6,.333,0.4,1.7,.250,.318,0.1,0.1,.500,0.4,0.7,1.1,0.6,0.0,0.1,0.3,0.4,1.6)
(2012,61,Corey Brewer,SF,25,DEN,59,17,21.8,3.4,7.8,.434,0.6,2.2,.260,2.8,5.7,.500,.470,1.5,2.2,.692,0.7,1.8,2.5,1.5,1.2,0.3,0.9,1.9,8.9)
(2012,65,Derrick Brown,SF,24,CHA,65,17,22.2,3.3,6.3,.518,0.1,0.4,.250,3.2,5.9,.535,.526,1.4,2.2,.667,1.5,2.2,3.6,1.0,0.7,0.2,0.8,1.5,8.1)
(2012,69,Chase Budinger,SF,23,HOU,58,9,22.4,3.6,8.1,.442,1.5,3.8,.402,2.1,4.3,.476,.535,0.9,1.2,.771,0.7,3.1,3.7,1.3,0.5,0.1,0.9,1.1,9.6)
(2012,73,Rasual Butler,SF,32,TOR,34,14,13.3,1.2,3.9,.308,0.6,2.3,.273,0.6,1.6,.357,.387,0.2,0.4,.583,0.2,1.8,1.9,0.6,0.2,0.1,0.4,1.1,3.2)
(2012,77,Jose Calderon,PG,30,TOR,53,53,33.9,4.1,9.0,.457,1.1,3.0,.371,3.0,6.0,.500,.519,1.1,1.3,.882,0.4,2.7,3.0,8.8,0.9,0.1,2.0,1.8,10.5)
(2012,Rk,Player,Pos,Age,Tm,G,GS,MP,FG,FGA,FG%,3P,3PA,3P,2P,2PA,2P,eFG%,FT,FTA,FT%,ORB,DRB,TRB,AST,STL,BLK,TOV,PF,PTS)
(2012,84,Omri Casspi,SF,23,CLE,65,35,20.6,2.6,6.3,.403,0.8,2.6,.315,1.7,3.8,.463,.467,1.1,1.7,.685,1.0,2.5,3.5,1.0,0.6,0.3,1.0,1.8,7.1)
(2012,88,Josh Childress,SF,28,PHO,34,0,14.4,1.4,2.9,.485,0.1,0.7,.167,1.3,2.2,.587,.505,0.0,0.1,.000,0.9,1.9,2.8,1.0,0.4,0.2,0.3,1.1,2.9)
(2012,92,Darren Collison,PG,24,IND,60,56,31.3,3.8,8.7,.440,0.6,1.6,.362,3.3,7.2,.457,.472,2.1,2.6,.830,0.5,2.6,3.1,4.8,0.8,0.2,1.9,1.7,10.4)
(2012,96,Daequan Cook,SG,24,OKC,57,22,17.4,1.9,5.2,.368,1.4,4.0,.346,0.5,1.2,.441,.502,0.2,0.4,.636,0.2,1.9,2.1,0.3,0.4,0.2,0.3,1.2,5.5)
(2012,100,Dante Cunningham,PF,24,MEM,64,5,17.6,2.3,4.4,.516,0.0,0.0,.000,2.3,4.3,.520,.516,0.7,1.1,.652,1.4,2.4,3.8,0.6,0.7,0.5,0.5,1.5,5.2)
(2012,103,Samuel Dalembert,C,30,HOU,65,45,22.2,3.1,6.1,.506,0.0,0.0,.000,3.1,6.1,.508,.506,1.4,1.7,.796,2.4,4.6,7.0,0.5,0.6,1.7,1.3,2.5,7.5)
(2012,107,Ed Davis,PF,22,TOR,66,9,23.2,2.6,5.1,.513,0.0,0.0,.000,2.6,5.1,.515,.513,1.1,1.6,.670,2.0,4.6,6.6,0.9,0.6,1.0,1.0,2.4,6.3)
(2012,111,Austin Daye,SF,23,DET,41,4,14.7,1.8,5.5,.322,0.3,1.5,.210,1.5,4.0,.364,.350,0.9,1.0,.814,0.3,1.9,2.2,0.8,0.5,0.5,1.0,1.5,4.7)
(2012,115,DeMar DeRozan,SG,22,TOR,63,63,35.0,6.0,14.3,.422,0.4,1.5,.261,5.7,12.9,.440,.435,4.3,5.3,.810,0.6,2.7,3.3,2.0,0.8,0.3,2.0,2.6,16.7)
(2012,119,Keyon Dooling,SG,31,BOS,46,2,14.4,1.4,3.5,.405,0.6,1.8,.333,0.8,1.8,.476,.488,0.5,0.7,.742,0.1,0.8,0.8,1.1,0.3,0.0,0.7,1.2,4.0)
(2012,122,Jared Dudley,SG,26,PHO,65,60,31.1,4.8,9.9,.485,1.2,3.2,.383,3.6,6.7,.535,.547,1.8,2.5,.726,1.5,3.2,4.6,1.7,0.8,0.3,1.1,1.6,12.7)
(2012,126,Kevin Durant,SF,23,OKC,66,66,38.6,9.7,19.7,.496,2.0,5.2,.387,7.7,14.4,.535,.547,6.5,7.6,.860,0.6,7.4,8.0,3.5,1.3,1.2,3.8,2.0,28.0)
(2012,130,Monta Ellis,SG,26,TOT,58,58,36.6,7.8,17.9,.433,1.1,3.5,.308,6.7,14.5,.462,.463,3.8,4.7,.796,0.3,3.1,3.4,6.0,1.5,0.3,3.1,2.3,20.4)
(2012,134,Jeremy Evans,SF,24,UTA,29,0,7.5,0.9,1.4,.643,0.0,0.0,.000,0.9,1.4,.659,.643,0.3,0.6,.500,0.7,1.1,1.7,0.4,0.2,0.8,0.2,0.8,2.1)
(2012,138,Christian Eyenga,SF,22,TOT,7,0,14.6,0.9,3.6,.240,0.1,0.4,.333,0.7,3.1,.227,.260,0.6,1.1,.500,0.6,1.4,2.0,0.7,0.4,0.7,0.4,1.0,2.4)
(2012,141,Derrick Favors,PF,20,UTA,65,9,21.2,3.4,6.8,.499,0.0,0.0,,3.4,6.8,.499,.499,1.9,3.0,.649,2.4,4.1,6.5,0.7,0.6,1.0,1.6,2.2,8.8)
(2012,145,Landry Fields,SG,23,NYK,66,62,28.7,3.6,7.8,.460,0.5,1.8,.256,3.1,5.9,.523,.490,1.2,2.1,.562,0.9,3.3,4.2,2.6,1.2,0.3,1.5,1.5,8.8)
(2012,149,Gary Forbes,SG,26,TOR,48,2,14.9,2.3,5.6,.413,0.6,1.7,.349,1.7,3.9,.441,.467,1.4,1.9,.725,0.6,1.6,2.1,1.1,0.5,0.1,1.1,1.2,6.6)
(2012,153,Randy Foye,SG,28,LAC,65,48,25.9,3.9,9.9,.398,2.0,5.1,.386,2.0,4.8,.410,.496,1.1,1.3,.859,0.4,1.7,2.1,2.2,0.7,0.4,1.1,2.0,11.0)
(2012,157,Sundiata Gaines,SG,25,NJN,57,12,13.9,1.8,4.8,.376,0.5,1.4,.341,1.3,3.3,.392,.428,1.0,1.7,.615,0.5,1.4,1.9,2.2,1.0,0.0,0.9,1.0,5.1)
(2012,Rk,Player,Pos,Age,Tm,G,GS,MP,FG,FGA,FG%,3P,3PA,3P,2P,2PA,2P,eFG%,FT,FTA,FT%,ORB,DRB,TRB,AST,STL,BLK,TOV,PF,PTS)
(2012,164,Alonzo Gee,SG,24,CLE,63,31,29.0,3.6,8.7,.412,0.7,2.2,.321,2.9,6.6,.442,.452,2.7,3.4,.788,1.6,3.5,5.1,1.8,1.3,0.3,1.8,2.4,10.6)
(2012,168,Manu Ginobili,SG,34,SAS,34,7,23.3,4.4,8.4,.526,1.5,3.7,.413,2.9,4.7,.616,.618,2.6,3.0,.871,0.5,2.9,3.4,4.4,0.7,0.4,1.9,1.6,12.9)
(2012,172,Ben Gordon,SG,28,DET,52,21,26.9,4.5,10.2,.442,1.2,2.8,.429,3.3,7.4,.446,.501,2.3,2.6,.860,0.3,2.1,2.3,2.4,0.7,0.2,2.2,2.2,12.5)
(2012,176,Danny Granger,SF,28,IND,62,62,33.3,6.3,15.2,.416,2.0,5.2,.381,4.3,10.0,.434,.481,4.1,4.7,.873,1.3,3.7,5.0,1.8,1.0,0.6,1.8,2.3,18.7)
(2012,180,Willie Green,SG,30,ATL,53,2,17.4,2.9,6.1,.471,0.9,2.1,.442,1.9,4.0,.486,.548,0.9,1.1,.857,0.3,1.2,1.5,0.8,0.4,0.1,0.6,1.4,7.6)
(2012,183,Hamed Haddadi,C,26,MEM,35,0,5.9,0.7,1.4,.542,0.0,0.0,.000,0.7,1.3,.553,.542,0.5,0.7,.692,0.8,1.2,2.0,0.2,0.0,0.7,0.6,1.2,2.0)
(2012,187,Luke Harangody,PF,24,CLE,21,1,11.0,1.1,3.1,.354,0.2,1.0,.238,0.9,2.1,.409,.392,0.4,0.6,.750,1.0,1.6,2.5,0.3,0.3,0.1,0.2,0.8,2.9)
(2012,191,Al Harrington,PF,31,DEN,64,1,27.5,5.4,12.1,.446,1.6,4.7,.333,3.8,7.3,.519,.512,1.9,2.8,.676,1.1,5.0,6.1,1.4,0.9,0.2,1.8,2.8,14.2)
(2012,195,Tobias Harris,SF,19,MIL,42,9,11.4,1.9,4.0,.467,0.1,0.5,.261,1.7,3.5,.500,.485,1.0,1.3,.815,0.7,1.7,2.4,0.5,0.3,0.2,0.7,1.1,5.0)
(2012,199,Gordon Hayward,SF,21,UTA,66,58,30.5,4.0,8.9,.456,0.8,2.4,.346,3.2,6.5,.496,.503,2.9,3.5,.832,0.9,2.6,3.5,3.1,0.8,0.6,1.7,1.6,11.8)
(2012,202,Gerald Henderson,SG,24,CHA,55,55,33.3,6.0,13.1,.459,0.2,0.9,.234,5.8,12.3,.475,.467,2.8,3.7,.760,1.2,2.9,4.1,2.3,0.9,0.4,1.8,2.3,15.1)
(2012,206,Cory Higgins,PG,22,CHA,38,0,11.1,1.4,4.2,.325,0.1,0.5,.200,1.3,3.7,.343,.338,1.1,1.6,.700,0.2,0.7,0.9,0.9,0.1,0.2,1.0,1.1,3.9)
(2012,210,Jordan Hill,C,24,TOT,39,8,14.1,2.1,4.2,.497,0.0,0.1,.000,2.1,4.2,.506,.497,0.8,1.2,.638,1.6,3.2,4.8,0.4,0.4,0.7,0.8,1.8,5.0)
(2012,214,Ryan Hollins,C,27,TOT,39,8,13.4,1.2,2.2,.548,0.0,0.0,,1.2,2.2,.548,.548,1.0,1.9,.520,0.9,1.2,2.1,0.2,0.1,0.4,0.9,2.0,3.4)
(2012,218,Dwight Howard,C,26,ORL,54,54,38.3,7.7,13.4,.573,0.0,0.1,.000,7.7,13.3,.579,.573,5.2,10.6,.491,3.7,10.8,14.5,1.9,1.5,2.1,3.2,2.9,20.6)
(2012,221,Lester Hudson,PG,27,TOT,16,0,20.9,3.9,10.1,.383,1.0,4.0,.250,2.9,6.1,.469,.432,2.1,2.6,.829,0.4,2.4,2.9,2.3,0.9,0.2,2.0,1.6,10.9)
(2012,225,Andre Iguodala,SF,28,PHI,62,62,35.6,4.6,10.2,.454,1.2,3.1,.394,3.4,7.1,.481,.514,2.0,3.2,.617,0.9,5.2,6.1,5.5,1.7,0.5,1.9,1.5,12.4)
(2012,229,Jarrett Jack,PG,28,NOH,45,39,34.0,5.9,13.0,.456,0.9,2.5,.348,5.0,10.5,.482,.490,2.9,3.3,.872,0.5,3.4,3.9,6.3,0.7,0.2,2.4,2.1,15.6)
(2012,233,LeBron James,SF,27,MIA,62,62,37.5,10.0,18.9,.531,0.9,2.4,.362,9.1,16.5,.556,.554,6.2,8.1,.771,1.5,6.4,7.9,6.2,1.9,0.8,3.4,1.5,27.1)
(2012,237,Richard Jefferson,SF,31,TOT,63,44,27.7,3.2,7.7,.416,1.8,4.3,.420,1.4,3.5,.411,.532,0.9,1.3,.694,0.4,3.1,3.5,1.4,0.6,0.3,0.8,1.9,9.2)
(2012,243,Amir Johnson,PF,24,TOR,64,43,24.3,3.1,5.3,.576,0.0,0.1,.400,3.0,5.2,.579,.579,0.9,1.3,.690,2.3,4.0,6.4,1.2,0.5,1.1,1.5,3.3,7.1)
(2012,247,Ivan Johnson,PF,27,ATL,56,0,16.7,2.5,4.9,.513,0.0,0.1,.333,2.5,4.8,.517,.516,1.3,1.8,.720,1.2,2.9,4.0,0.6,0.8,0.3,1.2,2.1,6.4)
(2012,251,Trey Johnson,SG,27,NOH,11,0,5.5,0.7,1.3,.571,0.0,0.0,,0.7,1.3,.571,.571,0.5,0.5,1.000,0.3,0.8,1.1,0.4,0.1,0.0,0.5,0.9,1.9)
(2012,255,James Jones,SG,31,MIA,51,10,13.1,1.1,2.9,.380,0.9,2.2,.404,0.2,0.7,.306,.533,0.5,0.6,.833,0.1,0.8,1.0,0.4,0.3,0.2,0.2,0.9,3.6)
(2012,259,Cory Joseph,PG,20,SAS,29,1,9.2,0.8,2.4,.314,0.1,0.5,.200,0.7,1.9,.345,.336,0.4,0.6,.647,0.2,0.7,0.9,1.2,0.2,0.1,0.4,0.6,2.0)
(2012,262,Jason Kapono,SG,30,LAL,27,0,10.0,0.8,2.0,.382,0.3,1.0,.296,0.5,1.0,.464,.455,0.1,0.1,1.000,0.1,0.4,0.5,0.4,0.1,0.0,0.2,0.8,2.0)
(2012,266,Brandon Knight,PG,20,DET,66,60,32.3,4.8,11.7,.415,1.6,4.2,.380,3.2,7.5,.434,.483,1.6,2.1,.759,0.5,2.7,3.2,3.8,0.7,0.2,2.6,2.3,12.8)
(2012,270,Ty Lawson,PG,24,DEN,61,61,34.8,6.1,12.6,.488,1.2,3.3,.365,4.9,9.3,.531,.535,2.9,3.5,.824,0.9,2.8,3.7,6.6,1.3,0.1,2.4,1.5,16.4)
(2012,274,Kawhi Leonard,SF,20,SAS,64,39,24.0,3.1,6.3,.493,0.6,1.7,.376,2.5,4.6,.536,.543,1.1,1.4,.773,1.6,3.5,5.1,1.1,1.3,0.4,0.7,1.4,7.9)
(2012,278,DeAndre Liggins,SF,23,ORL,17,0,6.8,0.7,1.5,.480,0.0,0.2,.000,0.7,1.2,.571,.480,0.5,1.1,.474,0.4,0.5,0.9,0.3,0.4,0.0,0.6,0.4,1.9)
(2012,281,Brook Lopez,C,23,NJN,5,5,27.2,7.6,15.4,.494,0.0,0.0,,7.6,15.4,.494,.494,4.0,6.4,.625,1.6,2.0,3.6,1.2,0.2,0.8,1.2,1.6,19.2)
(2012,285,John Lucas,PG,29,CHI,49,2,14.8,2.9,7.3,.399,1.1,2.9,.393,1.8,4.4,.404,.476,0.6,0.7,.875,0.4,1.1,1.6,2.2,0.4,0.0,0.9,0.9,7.5)
(2012,289,Jamaal Magloire,C,33,TOR,34,1,11.0,0.5,1.3,.378,0.0,0.0,,0.5,1.3,.378,.378,0.2,0.8,.259,0.7,2.6,3.3,0.2,0.1,0.3,0.6,1.9,1.2)
(2012,293,Kenyon Martin,PF,34,LAC,42,0,22.4,2.3,5.2,.441,0.1,0.3,.231,2.2,4.9,.454,.448,0.5,1.3,.370,1.2,3.1,4.3,0.4,1.0,1.0,0.8,2.5,5.2)
(2012,297,Jason Maxiell,PF,28,DET,65,42,22.6,2.8,5.9,.478,0.0,0.0,.000,2.8,5.9,.480,.478,0.9,1.6,.547,1.9,3.2,5.1,0.6,0.5,0.8,1.1,2.3,6.5)
(2012,Rk,Player,Pos,Age,Tm,G,GS,MP,FG,FGA,FG%,3P,3PA,3P,2P,2PA,2P,eFG%,FT,FTA,FT%,ORB,DRB,TRB,AST,STL,BLK,TOV,PF,PTS)
(2012,304,Josh McRoberts,PF,24,LAL,50,6,14.4,1.1,2.4,.475,0.1,0.1,.429,1.1,2.2,.477,.487,0.5,0.7,.639,1.2,2.2,3.4,1.0,0.3,0.4,0.6,1.5,2.8)
(2012,308,Andre Miller,SG,35,DEN,66,7,27.4,3.7,8.4,.438,0.3,1.3,.217,3.4,7.1,.478,.455,2.1,2.6,.811,0.8,2.5,3.3,6.7,1.0,0.1,2.7,2.0,9.7)
(2012,312,Paul Millsap,PF,26,UTA,64,62,32.8,6.7,13.5,.495,0.1,0.5,.226,6.5,13.0,.505,.499,3.2,4.0,.792,2.8,6.0,8.8,2.3,1.8,0.8,1.8,3.5,16.6)
(2012,316,E'Twaun Moore,PG,22,BOS,38,0,8.7,1.1,3.0,.381,0.4,1.2,.378,0.7,1.8,.382,.456,0.2,0.2,1.000,0.1,0.8,0.9,0.9,0.3,0.1,0.6,0.9,2.9)
(2012,320,Markieff Morris,PF,22,PHO,63,7,19.5,2.8,6.9,.399,0.7,2.0,.347,2.1,5.0,.420,.448,1.2,1.7,.717,1.1,3.3,4.4,1.0,0.7,0.7,1.1,2.8,7.4)
(2012,323,Byron Mullens,C,22,CHA,65,25,22.5,3.9,9.1,.425,0.2,0.8,.235,3.7,8.3,.443,.435,1.4,1.7,.821,1.5,3.6,5.0,0.9,0.3,0.8,1.1,2.1,9.3)
(2012,327,Steve Nash,PG,37,PHO,62,62,31.6,4.8,9.0,.532,0.9,2.3,.390,3.9,6.7,.580,.581,2.0,2.3,.894,0.4,2.6,3.0,10.7,0.6,0.1,3.7,0.9,12.5)
(2012,331,Andres Nocioni,SF,32,PHI,11,1,5.1,0.5,1.8,.250,0.1,0.5,.167,0.4,1.3,.286,.275,0.5,1.0,.545,0.1,1.2,1.3,0.1,0.1,0.1,0.5,0.4,1.5)
(2012,335,Lamar Odom,SF,32,DAL,50,4,20.5,2.5,7.0,.352,0.6,2.2,.252,1.9,4.8,.399,.393,1.2,2.0,.592,0.7,3.4,4.2,1.7,0.4,0.4,1.0,1.9,6.6)
(2012,339,Travis Outlaw,SF,27,SAC,39,5,12.8,1.5,4.5,.343,0.4,1.5,.267,1.1,2.9,.383,.389,0.8,1.2,.674,0.5,1.1,1.6,0.4,0.5,0.5,0.5,0.9,4.3)
(2012,342,Jannero Pargo,PG,32,ATL,50,0,13.4,2.1,5.1,.415,1.1,2.8,.384,1.0,2.3,.452,.520,0.4,0.4,.950,0.2,1.3,1.5,1.9,0.4,0.0,1.0,1.3,5.6)
(2012,346,Chandler Parsons,SF,23,HOU,63,57,28.6,3.9,8.7,.452,1.0,2.8,.337,3.0,5.9,.507,.506,0.7,1.2,.551,1.4,3.3,4.8,2.1,1.2,0.5,1.3,2.3,9.5)
(2012,350,Nikola Pekovic,C,26,MIN,47,35,26.9,5.4,9.7,.564,0.0,0.0,,5.4,9.7,.564,.564,3.0,4.0,.743,3.9,3.5,7.4,0.7,0.6,0.7,1.9,2.1,13.9)
(2012,354,Mickael Pietrus,SG,29,BOS,42,6,21.9,2.5,6.4,.385,1.5,4.3,.335,1.0,2.1,.489,.498,0.5,0.7,.645,0.4,2.7,3.1,0.6,0.5,0.2,0.8,1.9,6.9)
(2012,358,Ronnie Price,PG,28,PHO,36,8,14.4,1.4,3.6,.377,0.4,1.2,.295,1.0,2.4,.419,.427,0.6,0.7,.800,0.5,1.1,1.6,1.9,0.9,0.1,1.3,2.0,3.6)
(2012,361,Vladimir Radmanovic,SF,31,ATL,49,3,15.4,1.5,4.0,.376,1.0,2.8,.370,0.5,1.3,.387,.503,0.4,0.6,.759,0.7,2.2,2.9,1.1,0.4,0.3,0.7,1.3,4.5)
(2012,365,J.J. Redick,SG,27,ORL,65,22,27.2,3.8,9.0,.425,1.7,4.1,.418,2.1,4.9,.430,.521,2.2,2.4,.911,0.3,2.0,2.3,2.5,0.4,0.1,1.0,1.4,11.6)
(2012,369,Luke Ridnour,SG,30,MIN,53,53,33.0,4.6,10.4,.440,0.9,2.9,.322,3.6,7.5,.485,.485,2.0,2.2,.891,0.4,2.3,2.7,4.8,1.1,0.3,1.8,2.6,12.1)
(2012,373,Ricky Rubio,PG,21,MIN,41,31,34.2,3.4,9.5,.357,0.8,2.3,.340,2.6,7.2,.363,.398,3.1,3.8,.803,0.5,3.7,4.2,8.2,2.2,0.2,3.2,2.4,10.6)
(2012,377,Samardo Samuels,C,23,CLE,54,0,15.3,1.9,4.3,.455,0.0,0.0,,1.9,4.3,.455,.455,1.5,2.2,.701,1.2,2.2,3.3,0.4,0.4,0.4,1.0,2.1,5.4)
(2012,Rk,Player,Pos,Age,Tm,G,GS,MP,FG,FGA,FG%,3P,3PA,3P,2P,2PA,2P,eFG%,FT,FTA,FT%,ORB,DRB,TRB,AST,STL,BLK,TOV,PF,PTS)
(2012,384,Ramon Sessions,PG,25,TOT,64,23,26.7,3.8,8.8,.428,0.7,1.5,.443,3.1,7.3,.425,.466,3.0,3.9,.782,0.5,2.8,3.3,5.5,0.7,0.0,2.2,1.6,11.3)
(2012,388,Chris Singleton,SF,22,WAS,66,51,21.7,1.8,4.7,.372,0.7,1.9,.346,1.1,2.8,.389,.442,0.5,0.7,.682,0.7,2.9,3.5,0.7,1.1,0.5,0.6,2.7,4.6)
(2012,392,Craig Smith,PF,28,POR,47,0,9.9,1.3,2.5,.504,0.0,0.0,.000,1.3,2.5,.509,.504,0.8,1.1,.717,0.7,1.6,2.3,0.4,0.3,0.1,0.5,1.2,3.3)
(2012,396,Jason Smith,PF,25,NOH,40,29,23.7,4.5,8.7,.520,0.0,0.2,.111,4.5,8.5,.531,.522,0.8,1.2,.702,1.8,3.1,4.9,0.9,0.5,1.0,1.0,2.6,9.9)
(2012,400,Marreese Speights,PF,24,MEM,60,54,22.4,3.7,8.1,.453,0.0,0.1,.000,3.7,8.1,.456,.453,1.4,1.8,.771,2.2,4.0,6.2,0.8,0.4,0.5,1.2,2.5,8.8)
(2012,403,Lance Stephenson,SG,21,IND,42,1,10.5,1.1,3.0,.376,0.1,0.7,.133,1.0,2.3,.453,.392,0.2,0.4,.471,0.3,1.0,1.3,1.1,0.5,0.1,0.9,0.7,2.5)
(2012,407,Amar'e Stoudemire,PF,29,NYK,47,47,32.8,6.7,13.9,.483,0.1,0.4,.238,6.6,13.5,.491,.487,4.0,5.2,.765,2.3,5.6,7.8,1.1,0.8,1.0,2.4,2.9,17.5)
(2012,411,Sebastian Telfair,PG,26,PHO,60,1,14.9,2.4,5.7,.412,0.6,1.8,.314,1.8,4.0,.456,.461,0.9,1.1,.791,0.3,1.2,1.5,2.3,0.7,0.2,1.1,2.0,6.1)
(2012,415,Kurt Thomas,C,39,POR,53,3,15.2,1.4,3.0,.465,0.0,0.0,,1.4,3.0,.465,.465,0.3,0.4,.700,0.7,2.8,3.5,0.9,0.5,0.6,0.6,2.3,3.0)
(2012,419,Trey Thompkins,C,21,LAC,24,0,5.0,1.0,2.5,.393,0.2,0.5,.308,0.8,2.0,.417,.426,0.2,0.3,.714,0.2,0.8,1.0,0.1,0.1,0.1,0.3,0.4,2.4)
(2012,422,Mychel Thompson,SG,23,CLE,5,3,19.0,1.4,4.8,.292,0.8,2.2,.364,0.6,2.6,.231,.375,0.0,0.0,,0.0,1.0,1.0,1.4,0.4,0.2,1.0,1.6,3.6)
(2012,426,Anthony Tolliver,SF,26,MIN,51,0,17.3,1.4,3.6,.390,0.5,2.0,.248,0.9,1.6,.568,.459,0.8,1.1,.745,1.0,2.0,3.0,0.4,0.4,0.4,0.7,1.7,4.1)
(2012,430,Jeremy Tyler,C,20,GSW,42,23,13.5,2.1,5.0,.421,0.0,0.0,.000,2.1,5.0,.423,.421,0.7,1.2,.558,1.3,2.0,3.3,0.4,0.4,0.5,0.9,2.0,4.9)
(2012,434,Ben Uzoh,PG,23,TOT,18,8,20.6,1.9,5.5,.354,0.0,0.1,.000,1.9,5.4,.357,.354,0.6,1.1,.579,1.1,2.7,3.7,3.4,0.9,0.2,1.1,1.7,4.5)
(2012,438,Charlie Villanueva,PF,27,DET,13,0,13.8,2.7,7.0,.385,1.2,3.5,.333,1.5,3.5,.435,.467,0.5,0.5,.857,0.7,3.0,3.7,0.5,0.5,0.4,0.5,1.9,7.0)
(2012,441,Von Wafer,SG,26,ORL,33,1,14.2,2.2,4.8,.452,0.4,1.2,.359,1.7,3.6,.483,.497,1.2,1.6,.704,0.2,1.2,1.4,0.9,0.3,0.1,1.1,0.8,5.9)
(2012,445,Ben Wallace,C,37,DET,62,11,15.8,0.5,1.4,.395,0.0,0.1,.250,0.5,1.3,.402,.401,0.3,0.8,.340,1.3,3.0,4.3,0.7,0.8,0.8,0.5,1.0,1.4)
(2012,449,Darryl Watkins,C,27,NOH,5,0,19.6,1.4,2.8,.500,0.0,0.0,,1.4,2.8,.500,.500,1.8,3.6,.500,1.6,3.8,5.4,0.6,1.0,0.8,1.6,2.8,4.6)
(2012,453,David West,PF,31,IND,66,66,29.2,5.3,10.8,.487,0.0,0.1,.222,5.3,10.7,.491,.489,2.2,2.7,.807,1.8,4.8,6.6,2.1,0.8,0.7,1.4,2.4,12.8)
(2012,457,Hassan Whiteside,C,22,SAC,18,0,6.1,0.7,1.5,.444,0.0,0.0,,0.7,1.5,.444,.444,0.3,0.7,.417,0.9,1.3,2.2,0.0,0.2,0.8,0.3,0.7,1.6)
(2012,Rk,Player,Pos,Age,Tm,G,GS,MP,FG,FGA,FG%,3P,3PA,3P,2P,2PA,2P,eFG%,FT,FTA,FT%,ORB,DRB,TRB,AST,STL,BLK,TOV,PF,PTS)
(2012,464,Louis Williams,PG,25,PHI,64,0,26.3,5.0,12.2,.407,1.3,3.6,.362,3.7,8.6,.425,.460,3.7,4.6,.812,0.5,2.0,2.4,3.5,0.8,0.3,1.1,1.4,14.9)
(2012,468,Sean Williams,C,25,TOT,11,0,9.7,1.3,2.0,.636,0.0,0.0,,1.3,2.0,.636,.636,1.1,1.2,.923,1.2,1.1,2.3,0.5,0.4,0.7,0.9,1.6,3.6)
(2012,472,Metta World Peace,SF,32,LAL,64,45,26.9,2.9,7.3,.394,0.9,3.0,.296,2.0,4.3,.460,.454,1.1,1.8,.617,1.1,2.3,3.4,2.2,1.1,0.4,1.1,2.1,7.7)
(2012,476,Nick Young,SG,26,TOT,62,35,27.9,5.1,12.6,.403,1.7,4.5,.365,3.4,8.1,.424,.469,2.3,2.7,.852,0.5,1.6,2.1,0.9,0.7,0.3,1.3,2.3,14.2)
