(2012,1,Jeff Adrien,PF,25,HOU,8,0,7.9,0.9,2.0,.438,0.0,0.0,,0.9,2.0,.438,.438,0.9,1.5,.583,0.6,2.1,2.8,0.1,0.0,0.3,0.3,1.6,2.6)
(2012,5,Cole Aldrich,C,23,OKC,26,0,6.7,0.8,1.6,.524,0.0,0.0,,0.8,1.6,.524,.524,0.5,0.5,.929,0.5,1.3,1.8,0.1,0.3,0.6,0.3,0.8,2.2)
(2012,9,Tony Allen,SG,30,MEM,58,57,26.3,3.6,7.7,.469,0.1,0.4,.308,3.5,7.3,.479,.478,2.4,3.0,.800,1.7,2.3,4.0,1.4,1.8,0.6,1.6,2.4,9.8)
(2012,13,Chris Andersen,C,33,DEN,32,1,15.2,1.8,3.4,.546,0.0,0.0,,1.8,3.4,.546,.546,1.6,2.6,.610,1.5,3.1,4.6,0.2,0.6,1.4,0.5,1.6,5.3)
(2012,17,Carmelo Anthony,SF,27,NYK,55,55,34.1,8.0,18.6,.430,1.2,3.7,.335,6.8,14.9,.454,.463,5.4,6.7,.804,1.6,4.7,6.3,3.6,1.1,0.4,2.6,2.8,22.6)
(2012,Rk,Player,Pos,Age,Tm,G,GS,MP,FG,FGA,FG%,3P,3PA,3P,2P,2PA,2P,eFG%,FT,FTA,FT%,ORB,DRB,TRB,AST,STL,BLK,TOV,PF,PTS)
(2012,24,Jeff Ayres,C,24,IND,20,1,5.3,0.8,1.8,.417,0.0,0.0,,0.8,1.8,.417,.417,0.2,0.4,.571,0.6,1.1,1.7,0.2,0.2,0.1,0.1,0.8,1.7)
(2012,28,Leandro Barbosa,SG,29,TOT,64,0,21.6,4.2,10.0,.425,1.0,2.7,.382,3.2,7.3,.441,.476,1.6,1.9,.815,0.5,1.5,2.0,1.5,0.9,0.1,1.5,2.1,11.1)
(2012,32,Earl Barron,C,30,GSW,2,0,4.5,1.0,2.0,.500,0.0,0.0,,1.0,2.0,.500,.500,0.0,0.0,,0.5,0.0,0.5,0.0,0.0,0.0,0.0,2.5,2.0)
(2012,36,Nicolas Batum,SF,23,POR,59,34,30.4,4.9,10.9,.451,1.8,4.6,.391,3.1,6.2,.496,.534,2.3,2.7,.836,1.4,3.2,4.6,1.4,1.0,1.0,1.5,1.8,13.9)
(2012,40,Marco Belinelli,SG,25,NOH,66,55,29.8,4.3,10.4,.417,1.6,4.3,.377,2.7,6.1,.445,.495,1.5,2.0,.783,0.3,2.3,2.6,1.5,0.7,0.1,1.0,1.7,11.8)
(2012,43,Mike Bibby,PG,33,NYK,39,4,14.3,0.9,3.2,.282,0.7,2.2,.318,0.2,1.0,.205,.391,0.2,0.2,.750,0.1,1.4,1.5,2.1,0.5,0.1,0.5,1.2,2.6)
(2012,47,DeJuan Blair,PF,22,SAS,64,62,21.3,4.2,7.9,.534,0.0,0.0,.000,4.2,7.9,.535,.534,1.1,1.9,.613,2.4,3.1,5.5,1.2,0.9,0.2,1.4,2.6,9.5)
(2012,51,Keith Bogans,SF,31,NJN,5,1,18.8,1.6,4.2,.381,0.6,2.4,.250,1.0,1.8,.556,.452,0.4,1.0,.400,1.0,1.2,2.2,0.6,0.4,0.0,0.6,3.0,4.2)
(2012,55,Carlos Boozer,PF,30,CHI,66,66,29.5,6.8,12.8,.532,0.0,0.0,.000,6.8,12.7,.533,.532,1.4,2.1,.693,1.7,6.8,8.5,1.9,1.0,0.4,1.7,2.5,15.0)
(2012,59,Avery Bradley,PG,21,BOS,64,28,21.4,3.1,6.3,.498,0.3,0.8,.407,2.8,5.4,.511,.525,1.0,1.2,.795,0.5,1.3,1.8,1.4,0.7,0.2,1.2,1.7,7.6)
(2012,62,Ronnie Brewer,SG,26,CHI,66,43,24.8,2.9,6.7,.427,0.3,1.0,.275,2.6,5.7,.455,.448,0.8,1.5,.560,1.1,2.4,3.5,2.1,1.1,0.3,0.9,1.0,6.9)
(2012,66,Kwame Brown,C,29,GSW,9,3,20.8,2.3,4.4,.525,0.0,0.0,,2.3,4.4,.525,.525,1.7,3.8,.441,1.8,4.6,6.3,0.4,0.9,0.0,1.6,2.3,6.3)
(2012,70,Alec Burks,SG,20,UTA,59,0,15.9,2.6,6.1,.429,0.3,0.8,.333,2.3,5.3,.442,.450,1.8,2.4,.727,1.0,1.3,2.2,0.9,0.5,0.1,0.9,1.4,7.2)
(2012,74,Derrick Byars,PF,27,SAS,2,0,18.5,1.5,5.5,.273,0.0,3.0,.000,1.5,2.5,.600,.273,2.0,2.0,1.000,3.0,2.5,5.5,0.5,1.0,0.0,0.0,1.0,5.0)
(2012,78,Marcus Camby,C,37,TOT,59,53,22.9,2.2,4.9,.446,0.0,0.1,.400,2.1,4.8,.447,.449,0.5,1.1,.453,2.7,6.3,9.0,1.8,0.8,1.4,1.0,2.1,4.9)
(2012,81,Matt Carroll,SG,31,CHA,53,2,11.2,1.0,3.0,.331,0.2,0.8,.186,0.8,2.2,.386,.357,0.6,0.7,.789,0.2,0.9,1.1,0.7,0.3,0.1,0.5,1.0,2.7)
(2012,85,Mario Chalmers,PG,25,MIA,64,64,28.5,3.5,7.8,.448,1.6,4.1,.388,1.9,3.7,.513,.549,1.3,1.6,.792,0.3,2.4,2.7,3.5,1.5,0.2,2.2,2.6,9.8)
(2012,89,Earl Clark,PF,24,ORL,45,1,12.4,1.1,3.1,.367,0.0,0.0,,1.1,3.1,.367,.367,0.5,0.6,.724,0.8,2.0,2.8,0.4,0.3,0.7,0.6,1.6,2.7)
(2012,93,Nick Collison,PF,31,OKC,63,0,20.7,1.9,3.2,.597,0.0,0.0,.000,1.9,3.2,.600,.597,0.7,1.0,.710,1.9,2.5,4.3,1.3,0.5,0.4,1.0,2.4,4.5)
(2012,97,DeMarcus Cousins,C,21,SAC,64,62,30.5,7.0,15.6,.448,0.0,0.2,.143,7.0,15.4,.453,.449,4.1,5.8,.702,4.1,6.8,11.0,1.6,1.5,1.2,2.7,4.0,18.1)
(2012,Rk,Player,Pos,Age,Tm,G,GS,MP,FG,FGA,FG%,3P,3PA,3P,2P,2PA,2P,eFG%,FT,FTA,FT%,ORB,DRB,TRB,AST,STL,BLK,TOV,PF,PTS)
(2012,104,Erick Dampier,C,36,ATL,15,0,5.5,0.1,0.5,.125,0.0,0.0,,0.1,0.5,.125,.125,0.0,0.0,,0.7,1.0,1.7,0.3,0.1,0.3,0.2,0.6,0.1)
(2012,108,Glen Davis,PF,26,ORL,61,13,23.4,3.7,8.8,.421,0.0,0.2,.143,3.7,8.5,.429,.423,1.9,2.7,.683,1.8,3.7,5.4,0.8,0.7,0.3,1.2,1.7,9.3)
(2012,112,Carlos Delfino,SF,29,MIL,54,53,28.5,3.4,8.4,.402,1.6,4.4,.360,1.8,4.0,.449,.497,0.7,0.9,.792,0.4,3.5,3.9,2.3,1.5,0.2,1.2,1.8,9.0)
(2012,116,Boris Diaw,PF,29,TOT,57,35,25.0,2.7,6.2,.444,0.5,1.7,.313,2.2,4.4,.496,.489,0.4,0.6,.629,1.2,3.7,4.9,3.6,0.6,0.4,2.0,2.2,6.4)
(2012,120,Toney Douglas,PG,25,NYK,38,9,17.3,2.5,7.6,.324,0.7,3.1,.231,1.8,4.6,.387,.371,0.6,0.7,.846,0.4,1.5,1.9,2.0,0.8,0.0,1.5,1.4,6.2)
(2012,123,Chris Duhon,PG,29,ORL,63,9,19.5,1.3,3.2,.419,0.8,1.9,.420,0.6,1.3,.417,.542,0.3,0.3,.810,0.2,1.4,1.6,2.4,0.6,0.1,1.3,1.1,3.8)
(2012,127,Jerome Dyson,PG,24,NOH,9,1,20.0,2.1,5.3,.396,0.1,0.9,.125,2.0,4.4,.450,.406,3.1,4.0,.778,0.2,1.9,2.1,2.0,1.2,0.2,2.2,2.1,7.4)
(2012,131,Francisco Elson,C,35,PHI,5,0,3.2,0.2,0.6,.333,0.0,0.0,,0.2,0.6,.333,.333,0.0,0.0,,0.0,0.2,0.2,0.2,0.2,0.2,0.2,0.0,0.4)
(2012,135,Maurice Evans,SF,33,WAS,24,0,14.3,1.9,4.7,.402,0.7,1.9,.378,1.2,2.8,.418,.478,0.4,0.5,.769,0.3,0.7,1.0,0.4,0.6,0.0,0.4,1.5,4.9)
(2012,139,Kenneth Faried,PF,22,DEN,46,39,22.5,3.9,6.7,.586,0.0,0.0,,3.9,6.7,.586,.586,2.4,3.6,.665,3.1,4.6,7.7,0.8,0.7,1.0,1.2,2.5,10.2)
(2012,142,Raymond Felton,PG,27,POR,60,56,31.8,4.4,10.7,.407,1.0,3.4,.305,3.3,7.3,.453,.455,1.7,2.1,.806,0.5,2.0,2.5,6.5,1.3,0.2,2.8,2.0,11.4)
(2012,146,Derek Fisher,PG,37,TOT,63,43,23.9,2.0,5.5,.371,0.6,1.7,.321,1.5,3.8,.393,.421,0.9,1.1,.851,0.2,1.7,1.9,2.7,0.8,0.1,1.2,1.9,5.6)
(2012,150,T.J. Ford,PG,28,SAS,14,0,13.6,1.4,3.1,.442,0.1,0.6,.250,1.2,2.5,.486,.465,0.8,1.0,.786,0.2,1.1,1.3,3.2,0.6,0.1,1.6,1.6,3.6)
(2012,154,Jimmer Fredette,PG,22,SAC,61,7,18.6,2.8,7.3,.386,1.3,3.5,.361,1.5,3.8,.409,.473,0.7,0.8,.833,0.3,0.9,1.2,1.8,0.5,0.0,1.1,1.2,7.6)
(2012,158,Danilo Gallinari,SF,23,DEN,43,40,31.4,4.5,10.8,.414,1.4,4.3,.328,3.1,6.6,.470,.479,4.2,4.9,.871,0.7,4.0,4.7,2.7,1.0,0.5,1.6,2.0,14.6)
(2012,161,Marc Gasol,C,27,MEM,65,65,36.5,5.5,11.4,.482,0.0,0.2,.083,5.5,11.2,.489,.483,3.6,4.9,.748,1.8,7.1,8.9,3.1,1.0,1.9,1.9,3.1,14.6)
(2012,165,Paul George,SG,21,IND,66,66,29.7,4.3,9.7,.440,1.4,3.5,.385,2.9,6.1,.472,.510,2.2,2.8,.802,0.8,4.8,5.6,2.4,1.6,0.6,1.8,2.9,12.1)
(2012,169,Mickell Gladness,PF,25,TOT,26,7,9.7,1.0,2.3,.424,0.0,0.0,,1.0,2.3,.424,.424,0.2,0.5,.500,0.5,1.7,2.2,0.2,0.2,0.8,0.3,1.2,2.2)
(2012,173,Eric Gordon,PG,23,NOH,9,9,34.4,7.0,15.6,.450,1.1,4.4,.250,5.9,11.1,.530,.486,5.4,7.2,.754,0.2,2.6,2.8,3.4,1.4,0.4,2.7,2.2,20.6)
(2012,177,Aaron Gray,C,27,TOR,49,40,16.6,1.7,3.3,.516,0.0,0.0,,1.7,3.3,.516,.516,0.5,1.0,.532,1.7,4.0,5.7,0.6,0.4,0.3,1.0,2.6,3.9)
(2012,Rk,Player,Pos,Age,Tm,G,GS,MP,FG,FGA,FG%,3P,3PA,3P,2P,2PA,2P,eFG%,FT,FTA,FT%,ORB,DRB,TRB,AST,STL,BLK,TOV,PF,PTS)
(2012,184,Jordan Hamilton,SF,21,DEN,26,2,9.9,1.8,4.3,.432,0.7,1.8,.362,1.2,2.5,.484,.509,0.1,0.2,.400,0.4,2.0,2.4,0.8,0.2,0.1,0.6,0.6,4.4)
(2012,188,James Harden,SG,22,OKC,62,2,31.4,5.0,10.1,.491,1.8,4.7,.390,3.1,5.4,.579,.582,5.0,6.0,.846,0.5,3.6,4.1,3.7,1.0,0.2,2.2,2.4,16.8)
(2012,192,Devin Harris,PG,28,UTA,63,63,27.6,3.8,8.6,.445,1.2,3.4,.362,2.6,5.2,.498,.516,2.5,3.3,.746,0.2,1.6,1.8,5.0,1.0,0.2,1.9,2.2,11.3)
(2012,196,Udonis Haslem,PF,31,MIA,64,10,24.8,2.4,5.6,.423,0.0,0.0,,2.4,5.6,.423,.423,1.3,1.6,.814,1.8,5.5,7.3,0.7,0.5,0.4,0.9,2.2,6.0)
(2012,200,Lazar Hayward,SF,25,OKC,26,0,5.4,0.5,1.5,.342,0.2,0.5,.286,0.3,0.9,.375,.395,0.3,0.5,.583,0.1,0.5,0.6,0.2,0.1,0.0,0.3,0.7,1.4)
(2012,203,Xavier Henry,SG,20,NOH,45,0,16.9,2.0,5.1,.395,0.2,0.4,.412,1.8,4.7,.393,.410,1.2,1.9,.612,0.5,1.8,2.4,0.8,0.6,0.2,0.8,1.3,5.3)
(2012,207,Nene Hilario,C,29,TOT,39,33,28.5,5.4,10.1,.537,0.0,0.1,.000,5.4,10.0,.542,.537,2.9,4.3,.673,1.6,5.8,7.5,2.1,1.1,1.0,2.5,2.4,13.7)
(2012,211,Kirk Hinrich,SG,31,ATL,48,31,25.8,2.5,6.1,.414,1.0,2.8,.346,1.6,3.3,.472,.493,0.5,0.7,.781,0.2,1.9,2.1,2.8,0.8,0.2,1.2,2.1,6.6)
(2012,215,Tyler Honeycutt,SF,21,SAC,15,0,5.9,0.5,1.6,.333,0.1,0.2,.333,0.5,1.4,.333,.354,0.2,0.3,.600,0.2,0.7,0.9,0.5,0.3,0.2,0.1,0.2,1.3)
(2012,219,Josh Howard,SF,31,UTA,43,18,23.0,3.3,8.4,.399,0.2,0.9,.243,3.1,7.5,.417,.411,1.7,2.3,.773,0.9,2.8,3.7,1.2,0.7,0.2,1.2,2.1,8.7)
(2012,222,Larry Hughes,PG,33,ORL,9,0,12.7,0.6,2.4,.227,0.1,0.8,.143,0.4,1.7,.267,.250,0.1,0.2,.500,0.1,0.4,0.6,0.8,0.2,0.0,1.3,1.1,1.3)
(2012,226,Ersan Ilyasova,PF,24,MIL,60,41,27.6,4.9,10.0,.492,0.9,1.9,.455,4.1,8.1,.501,.535,2.4,3.1,.781,3.3,5.6,8.8,1.2,0.7,0.7,1.3,2.2,13.0)
(2012,230,Reggie Jackson,PG,21,OKC,45,0,11.1,1.1,3.5,.321,0.3,1.4,.210,0.8,2.2,.392,.362,0.6,0.6,.862,0.3,0.9,1.2,1.6,0.6,0.0,0.8,0.7,3.1)
(2012,234,Mike James,PG,36,CHI,11,0,10.9,1.8,4.5,.408,0.5,0.9,.600,1.3,3.5,.359,.469,0.6,0.7,.875,0.2,0.7,0.9,2.6,0.4,0.2,1.3,1.8,4.8)
(2012,238,Jared Jeffries,PF,30,NYK,39,4,18.7,1.5,3.7,.410,0.1,0.4,.188,1.4,3.3,.438,.420,1.3,1.8,.681,1.8,2.1,3.9,0.7,0.7,0.6,0.7,2.3,4.4)
(2012,Rk,Player,Pos,Age,Tm,G,GS,MP,FG,FGA,FG%,3P,3PA,3P,2P,2PA,2P,eFG%,FT,FTA,FT%,ORB,DRB,TRB,AST,STL,BLK,TOV,PF,PTS)
(2012,244,Armon Johnson,PG,22,TOT,9,0,13.8,2.2,4.8,.465,0.1,0.3,.333,2.1,4.4,.475,.477,0.7,0.7,1.000,0.1,1.3,1.4,1.2,0.6,0.0,0.7,1.0,5.2)
(2012,248,JaJuan Johnson,PF,22,BOS,36,0,8.3,1.5,3.4,.446,0.0,0.0,,1.5,3.4,.446,.446,0.2,0.3,.667,0.6,1.1,1.6,0.2,0.1,0.4,0.4,0.7,3.2)
(2012,252,Wesley Johnson,SF,24,MIN,65,64,22.6,2.4,6.1,.398,0.8,2.6,.314,1.6,3.5,.461,.465,0.4,0.5,.706,0.4,2.4,2.7,0.9,0.5,0.7,0.9,1.8,6.0)
(2012,256,Solomon Jones,C-PF,27,TOT,21,1,13.9,1.1,2.9,.393,0.0,0.0,,1.1,2.9,.393,.393,0.9,1.1,.826,1.5,1.2,2.8,0.4,0.4,0.5,0.9,2.0,3.2)
(2012,260,Chris Kaman,C,29,NOH,47,33,29.2,5.7,12.7,.446,0.0,0.0,,5.7,12.7,.446,.446,1.8,2.3,.785,1.9,5.9,7.7,2.1,0.5,1.6,2.7,2.3,13.1)
(2012,263,D.J. Kennedy,SF,22,CLE,2,0,29.5,2.5,6.0,.417,1.0,2.0,.500,1.5,4.0,.375,.500,0.0,1.0,.000,0.5,3.0,3.5,1.5,1.0,0.0,1.5,3.5,6.0)
(2012,267,Kyle Korver,SG,30,CHI,65,7,22.6,2.7,6.3,.432,1.8,4.2,.435,0.9,2.2,.426,.575,0.8,1.0,.833,0.4,2.0,2.4,1.7,0.6,0.2,0.8,1.7,8.1)
(2012,271,Courtney Lee,SG,26,HOU,58,26,30.3,4.3,10.0,.433,1.5,3.7,.401,2.8,6.3,.452,.508,1.2,1.5,.826,0.4,2.3,2.7,1.5,1.2,0.4,1.1,1.8,11.4)
(2012,275,Travis Leslie,SG,21,LAC,10,0,4.5,0.5,1.4,.357,0.0,0.0,,0.5,1.4,.357,.357,0.4,0.9,.444,0.6,0.3,0.9,0.5,0.2,0.2,0.2,0.4,1.4)
(2012,279,Jeremy Lin,PG,23,NYK,35,25,26.9,4.9,10.9,.446,0.7,2.1,.320,4.2,8.8,.477,.478,4.2,5.2,.798,0.5,2.5,3.1,6.2,1.6,0.3,3.6,2.2,14.6)
(2012,282,Robin Lopez,C,23,PHO,64,0,14.0,1.9,4.2,.461,0.0,0.0,,1.9,4.2,.461,.461,1.6,2.2,.714,1.4,1.9,3.3,0.3,0.3,0.9,0.7,2.0,5.4)
(2012,286,Shelvin Mack,PG,21,WAS,64,0,12.2,1.4,3.4,.400,0.2,0.7,.286,1.2,2.8,.427,.427,0.7,0.9,.712,0.2,1.3,1.4,2.0,0.4,0.0,0.8,0.8,3.6)
(2012,290,Ian Mahinmi,C,25,DAL,61,12,18.7,2.1,3.9,.546,0.0,0.0,.000,2.1,3.9,.549,.546,1.5,2.4,.639,1.8,3.0,4.7,0.2,0.6,0.5,0.8,2.9,5.8)
(2012,294,Kevin Martin,SG,28,HOU,40,40,31.6,5.6,13.4,.413,2.0,5.6,.347,3.6,7.8,.462,.486,4.0,4.5,.894,0.3,2.3,2.7,2.8,0.7,0.1,1.8,1.8,17.1)
(2012,298,Eric Maynor,PG,24,OKC,9,0,15.2,1.6,4.3,.359,0.7,1.9,.353,0.9,2.4,.364,.436,0.4,0.4,1.000,0.3,1.1,1.4,2.4,0.6,0.0,1.2,1.4,4.2)
(2012,301,JaVale McGee,C,24,TOT,61,45,25.2,5.0,9.0,.556,0.0,0.0,,5.0,9.0,.556,.556,1.3,2.7,.461,2.7,5.1,7.8,0.5,0.6,2.2,1.4,2.7,11.3)
(2012,305,Jodie Meeks,SG,24,PHI,66,50,24.9,2.9,7.1,.409,1.5,4.0,.365,1.4,3.0,.468,.513,1.2,1.3,.906,0.3,2.2,2.4,0.8,0.6,0.0,0.4,1.2,8.4)
(2012,309,Brad Miller,C,35,MIN,15,1,9.7,0.6,1.8,.333,0.5,1.0,.467,0.1,0.8,.167,.463,0.7,0.8,.833,0.3,1.0,1.3,1.6,0.3,0.1,0.8,0.7,2.3)
(2012,313,Nazr Mohammed,C,34,OKC,63,1,11.0,1.3,2.7,.467,0.0,0.0,.000,1.3,2.7,.470,.467,0.2,0.4,.565,0.9,1.8,2.7,0.2,0.3,0.6,0.4,1.6,2.7)
(2012,317,Mikki Moore,C,36,GSW,7,0,16.9,1.3,2.9,.450,0.0,0.0,,1.3,2.9,.450,.450,0.9,1.0,.857,1.0,2.1,3.1,0.7,0.4,0.4,1.0,3.4,3.4)
(2012,Rk,Player,Pos,Age,Tm,G,GS,MP,FG,FGA,FG%,3P,3PA,3P,2P,2PA,2P,eFG%,FT,FTA,FT%,ORB,DRB,TRB,AST,STL,BLK,TOV,PF,PTS)
(2012,324,Troy Murphy,PF,31,LAL,59,0,16.2,1.3,2.9,.450,0.5,1.1,.418,0.8,1.8,.471,.532,0.1,0.2,.667,0.7,2.6,3.2,0.9,0.3,0.3,0.4,1.7,3.2)
(2012,328,Gary Neal,SG,27,SAS,56,7,21.5,3.8,8.7,.436,1.5,3.5,.419,2.3,5.1,.448,.522,0.9,1.1,.781,0.2,1.9,2.1,2.1,0.5,0.0,1.1,1.3,9.9)
(2012,332,Steve Novak,PF,28,NYK,54,0,18.9,3.0,6.2,.478,2.5,5.2,.472,0.5,1.0,.509,.675,0.4,0.5,.846,0.2,1.8,1.9,0.2,0.3,0.2,0.4,1.1,8.8)
(2012,336,Emeka Okafor,C,29,NOH,27,27,28.9,4.2,7.9,.533,0.0,0.0,,4.2,7.9,.533,.533,1.4,2.7,.514,2.6,5.3,7.9,0.9,0.6,1.0,1.4,2.7,9.9)
(2012,340,Larry Owens,SF,29,NJN,7,0,10.7,0.6,1.6,.364,0.3,0.7,.400,0.3,0.9,.333,.455,0.4,0.6,.750,0.3,1.6,1.9,0.6,0.0,0.1,0.3,1.4,1.9)
(2012,343,Jeremy Pargo,PG,25,MEM,44,5,9.6,1.1,3.4,.333,0.2,0.9,.263,0.9,2.5,.357,.367,0.4,0.6,.593,0.3,0.6,0.8,1.3,0.3,0.0,1.0,1.0,2.9)
(2012,347,Patrick Patterson,PF,22,HOU,64,1,23.2,3.5,8.0,.440,0.0,0.0,.000,3.5,7.9,.443,.440,0.6,0.9,.702,1.8,2.7,4.5,0.8,0.4,0.6,0.8,1.8,7.7)
(2012,351,Kendrick Perkins,C,27,OKC,65,65,26.8,2.0,4.0,.489,0.0,0.0,,2.0,4.0,.489,.489,1.1,1.7,.652,1.8,4.7,6.6,1.2,0.4,1.1,1.8,2.9,5.1)
(2012,355,Dexter Pittman,C,23,MIA,35,6,8.6,1.3,2.7,.468,0.0,0.0,,1.3,2.7,.468,.468,0.5,0.8,.643,0.8,1.3,2.0,0.3,0.2,0.2,0.5,2.1,3.0)
(2012,359,Tayshaun Prince,SF,31,DET,63,63,33.1,5.3,12.7,.421,0.6,1.7,.356,4.7,11.0,.431,.444,1.4,1.8,.774,1.1,3.3,4.5,2.4,0.4,0.5,1.2,1.2,12.7)
(2012,362,Anthony Randolph,PF,22,MIN,34,5,15.2,2.8,5.9,.470,0.0,0.0,.000,2.8,5.9,.472,.470,1.9,2.5,.762,1.2,2.4,3.6,0.6,0.4,1.0,1.2,1.6,7.4)
(2012,366,Ryan Reid,PF,25,OKC,5,0,3.4,0.8,1.0,.800,0.0,0.0,,0.8,1.0,.800,.800,0.0,0.0,,0.2,0.2,0.4,0.0,0.0,0.0,0.2,0.2,1.6)
(2012,370,Nate Robinson,PG,27,GSW,51,9,23.4,4.0,9.5,.424,1.3,3.5,.365,2.7,5.9,.459,.492,1.8,2.2,.832,0.3,1.7,2.0,4.5,1.2,0.0,1.5,2.3,11.2)
(2012,374,Brandon Rush,SF,26,GSW,65,1,26.4,3.6,7.2,.501,1.5,3.4,.452,2.1,3.8,.544,.607,1.0,1.3,.793,0.5,3.4,3.9,1.4,0.5,0.9,1.0,1.0,9.8)
(2012,378,Larry Sanders,PF,23,MIL,52,0,12.4,1.6,3.5,.457,0.0,0.0,.000,1.6,3.5,.462,.457,0.3,0.7,.474,1.2,1.9,3.1,0.6,0.6,1.5,0.8,2.6,3.6)
(2012,381,Thabo Sefolosha,SG,27,OKC,42,42,21.8,1.6,3.7,.432,0.7,1.7,.437,0.9,2.0,.429,.532,0.9,1.0,.884,0.5,2.5,3.0,1.1,0.9,0.4,1.0,1.9,4.8)
(2012,385,Iman Shumpert,PG,21,NYK,59,35,28.9,3.6,9.1,.401,0.8,2.7,.306,2.8,6.4,.440,.446,1.5,1.8,.798,0.7,2.4,3.2,2.8,1.7,0.1,1.9,2.9,9.5)
(2012,389,James Singleton,PF,30,WAS,12,0,21.8,3.4,6.3,.547,0.2,0.8,.222,3.3,5.5,.591,.560,1.2,1.3,.933,2.1,4.7,6.8,1.3,0.8,0.7,0.8,2.3,8.2)
(2012,393,Greg Smith,C,21,HOU,8,0,8.6,0.9,1.4,.636,0.0,0.0,,0.9,1.4,.636,.636,0.0,0.0,,0.6,1.9,2.5,0.1,0.3,0.6,0.1,2.1,1.8)
(2012,397,Jerry Smith,PG,24,NJN,5,0,9.2,0.6,2.8,.214,0.2,1.2,.167,0.4,1.6,.250,.250,0.0,0.0,,0.4,1.0,1.4,0.8,1.0,0.0,0.0,1.0,1.4)
(2012,Rk,Player,Pos,Age,Tm,G,GS,MP,FG,FGA,FG%,3P,3PA,3P,2P,2PA,2P,eFG%,FT,FTA,FT%,ORB,DRB,TRB,AST,STL,BLK,TOV,PF,PTS)
(2012,404,DeShawn Stevenson,SF,30,NJN,51,30,18.8,1.0,3.4,.285,0.8,2.8,.283,0.2,0.5,.296,.404,0.2,0.3,.563,0.1,1.8,2.0,0.8,0.4,0.1,0.4,1.2,2.9)
(2012,408,Rodney Stuckey,SG,25,DET,55,48,29.9,4.7,10.9,.429,0.6,1.9,.317,4.1,9.0,.452,.456,4.9,5.8,.834,0.7,1.9,2.6,3.8,0.8,0.2,1.9,2.3,14.8)
(2012,412,Jason Terry,SG,34,DAL,63,1,31.7,5.7,13.2,.430,2.2,5.8,.378,3.5,7.4,.471,.513,1.6,1.8,.883,0.3,2.1,2.4,3.6,1.2,0.2,2.0,1.1,15.1)
(2012,416,Lance Thomas,PF,23,NOH,42,10,15.0,1.4,3.0,.452,0.0,0.0,.000,1.4,3.0,.456,.452,1.2,1.5,.839,1.2,1.8,3.0,0.3,0.2,0.2,0.6,1.9,4.0)
(2012,420,Jason Thompson,PF,25,SAC,64,47,25.9,3.7,6.9,.535,0.0,0.0,.000,3.7,6.9,.537,.535,1.7,2.8,.602,2.6,4.3,6.9,1.2,0.7,0.7,1.1,2.3,9.1)
(2012,423,Tristan Thompson,PF,20,CLE,60,25,23.7,3.2,7.4,.439,0.0,0.0,.000,3.2,7.3,.441,.439,1.8,3.2,.552,3.1,3.4,6.5,0.5,0.5,1.0,1.4,2.2,8.2)
(2012,427,Ronny Turiaf,C,29,TOT,17,5,16.4,1.1,1.9,.576,0.0,0.1,.000,1.1,1.9,.594,.576,0.8,1.3,.591,1.2,2.9,4.1,0.6,0.8,1.0,0.8,2.3,3.0)
(2012,431,Edwin Ubiles,SF,25,WAS,4,0,13.0,1.3,4.5,.278,0.3,1.3,.200,1.0,3.3,.308,.306,0.8,0.8,1.000,0.5,2.0,2.5,0.3,0.3,0.3,0.3,0.3,3.5)
(2012,435,Anderson Varejao,C,29,CLE,25,25,31.4,4.6,8.9,.514,0.0,0.2,.000,4.6,8.7,.523,.514,1.7,2.6,.672,4.4,7.1,11.5,1.7,1.4,0.7,1.8,2.5,10.8)
(2012,439,Nikola Vucevic,C,21,PHI,51,15,15.9,2.6,5.7,.450,0.1,0.2,.375,2.5,5.5,.452,.455,0.4,0.7,.529,1.7,3.1,4.8,0.6,0.4,0.7,0.6,2.2,5.5)
(2012,442,Henry Walker,SG,24,NYK,32,8,19.4,2.1,5.3,.398,1.1,3.5,.319,1.0,1.8,.552,.503,0.5,0.6,.850,0.3,2.2,2.5,1.2,0.6,0.2,1.1,2.6,5.9)
(2012,446,Gerald Wallace,SF,29,TOT,58,58,35.8,4.9,10.9,.454,0.8,2.6,.307,4.2,8.3,.500,.491,3.1,3.9,.800,1.5,5.2,6.7,2.8,1.5,0.6,1.9,2.5,13.8)
(2012,450,C.J. Watson,PG,27,CHI,49,25,23.7,3.3,8.9,.368,1.4,3.5,.393,1.9,5.4,.352,.446,1.7,2.1,.808,0.4,1.7,2.1,4.1,0.9,0.2,2.0,2.1,9.7)
(2012,454,Delonte West,PG,28,DAL,44,33,24.1,3.8,8.2,.461,0.6,1.7,.355,3.2,6.5,.489,.499,1.4,1.6,.886,0.3,2.0,2.3,3.2,1.3,0.3,1.7,1.5,9.6)
(2012,458,Chris Wilcox,C,29,BOS,28,4,17.2,2.3,3.8,.598,0.0,0.0,,2.3,3.8,.598,.598,0.9,1.4,.615,1.4,3.0,4.4,0.4,0.4,0.3,1.1,2.3,5.4)
(2012,461,Derrick Williams,PF,20,MIN,66,15,21.5,3.1,7.5,.412,0.6,2.1,.268,2.5,5.5,.467,.449,2.1,3.0,.697,1.2,3.5,4.7,0.6,0.5,0.5,1.2,1.4,8.8)
(2012,465,Marvin Williams,SF,25,ATL,57,37,26.3,3.6,8.2,.432,1.0,2.6,.389,2.5,5.6,.452,.494,2.0,2.6,.788,1.3,3.8,5.2,1.2,0.8,0.3,0.7,1.5,10.2)
(2012,469,Shawne Williams,SF,25,NJN,25,6,20.6,1.7,5.9,.286,0.8,3.5,.241,0.8,2.4,.350,.357,0.3,0.4,.727,0.8,1.9,2.7,0.6,0.4,0.4,0.5,1.8,4.5)
(2012,473,Brandan Wright,C,24,DAL,49,0,16.1,2.9,4.8,.618,0.0,0.0,.000,2.9,4.7,.621,.618,1.1,1.7,.634,1.3,2.3,3.6,0.3,0.4,1.3,0.4,1.2,6.9)
(2012,477,Sam Young,SF,26,TOT,35,2,10.7,1.3,3.6,.354,0.1,0.5,.294,1.1,3.1,.364,.374,0.5,0.7,.731,0.6,1.2,1.8,0.4,0.5,0.2,0.5,0.7,3.3)
