(2004,1,Shareef Abdur-Rahim,PF,27,TOT,85,56,31.6,5.9,12.4,.475,0.1,0.4,.265,5.8,12.0,.482,.480,4.4,5.0,.869,2.2,5.3,7.5,2.0,0.8,0.4,2.2,2.6,16.3)
(2004,5,Chris Andersen,PF,25,DEN,71,0,14.5,1.3,2.9,.443,0.0,0.0,.000,1.3,2.8,.446,.443,0.9,1.5,.589,1.3,2.9,4.2,0.5,0.5,1.6,0.7,1.7,3.4)
(2004,9,Carmelo Anthony,SF,19,DEN,82,82,36.5,7.6,17.9,.426,0.8,2.6,.322,6.8,15.3,.444,.449,5.0,6.4,.777,2.2,3.8,6.1,2.8,1.2,0.5,3.0,2.7,21.0)
(2004,13,Darrell Armstrong,PG,35,NOH,79,22,28.4,3.7,9.3,.395,1.7,5.4,.315,2.0,3.9,.508,.487,1.6,1.8,.854,0.8,2.1,2.9,3.9,1.7,0.2,2.0,1.9,10.6)
(2004,17,Vin Baker,PF,32,TOT,54,33,24.3,3.9,8.0,.481,0.0,0.1,.333,3.8,7.9,.483,.483,2.1,2.9,.726,2.1,3.1,5.2,1.2,0.5,0.6,1.4,3.0,9.8)
(2004,Rk,Player,Pos,Age,Tm,G,GS,MP,FG,FGA,FG%,3P,3PA,3P,2P,2PA,2P,eFG%,FT,FTA,FT%,ORB,DRB,TRB,AST,STL,BLK,TOV,PF,PTS)
(2004,24,Mengke Bateer,C,28,TOR,7,0,5.7,0.6,1.0,.571,0.0,0.0,,0.6,1.0,.571,.571,0.0,0.0,,0.7,0.4,1.1,0.1,0.1,0.0,0.3,1.4,1.1)
(2004,28,Jerome Beasley,PF,23,MIA,2,0,2.5,0.5,1.5,.333,0.0,0.0,,0.5,1.5,.333,.333,0.0,0.0,,0.0,0.5,0.5,0.0,0.0,0.0,0.0,0.0,1.0)
(2004,32,Travis Best,PG,31,DAL,61,1,12.5,1.0,2.8,.372,0.0,0.3,.150,1.0,2.5,.401,.381,0.7,0.8,.870,0.3,0.8,1.1,1.8,0.5,0.1,0.5,1.1,2.8)
(2004,36,Corie Blount,PF-C,35,TOT,62,3,16.9,1.9,4.1,.455,0.0,0.0,.000,1.9,4.0,.460,.455,0.2,0.4,.556,1.6,2.9,4.4,0.9,0.8,0.4,0.7,2.2,4.0)
(2004,40,Carlos Boozer,PF,22,CLE,75,75,34.6,6.3,12.0,.523,0.0,0.1,.167,6.3,11.9,.526,.524,2.9,3.8,.768,3.1,8.4,11.4,2.0,1.0,0.7,1.8,2.7,15.5)
(2004,43,Ruben Boumtje-Boumtje,C,25,POR,9,0,2.9,0.1,0.6,.200,0.0,0.0,,0.1,0.6,.200,.200,0.2,0.2,1.000,0.0,0.1,0.1,0.1,0.0,0.1,0.0,0.2,0.4)
(2004,47,Michael Bradley,C-PF,24,TOT,16,1,6.1,0.4,0.9,.467,0.0,0.0,,0.4,0.9,.467,.467,0.1,0.1,.500,0.4,1.1,1.4,0.1,0.2,0.0,0.4,0.9,0.9)
(2004,51,J.R. Bremer,PG,23,TOT,36,2,12.3,1.2,4.4,.272,0.5,2.1,.257,0.7,2.3,.286,.332,0.4,0.6,.650,0.3,0.8,1.0,1.4,0.5,0.1,0.7,0.9,3.3)
(2004,55,Devin Brown,SG,25,SAS,58,0,10.8,1.5,3.4,.434,0.1,0.2,.286,1.4,3.1,.445,.444,1.0,1.3,.811,0.7,1.6,2.2,0.6,0.3,0.1,0.7,1.1,4.0)
(2004,59,Tierre Brown,PG,24,NOH,3,0,5.7,0.7,1.3,.500,0.0,0.0,,0.7,1.3,.500,.500,0.7,1.3,.500,0.0,0.3,0.3,0.7,0.0,0.0,2.3,0.3,2.0)
(2004,62,Greg Buckner,SG,27,PHI,53,3,13.3,1.2,3.3,.377,0.2,0.8,.273,1.0,2.5,.412,.411,0.4,0.5,.741,0.5,1.4,1.9,0.8,0.4,0.1,0.6,1.5,3.1)
(2004,66,Rasual Butler,SF,24,MIA,45,0,15.0,2.6,5.6,.476,1.1,2.4,.463,1.5,3.2,.486,.576,0.4,0.5,.762,0.1,1.3,1.4,0.5,0.2,0.3,0.6,1.6,6.8)
(2004,70,Brian Cardinal,PF,26,GSW,76,11,21.5,2.9,6.1,.472,0.7,1.6,.444,2.2,4.5,.482,.531,3.1,3.6,.878,1.3,2.9,4.2,1.4,0.9,0.3,1.1,2.7,9.6)
(2004,74,Vince Carter,SG,27,TOR,73,73,38.2,8.3,20.0,.417,1.3,3.3,.383,7.1,16.6,.424,.449,4.6,5.7,.806,1.3,3.5,4.8,4.8,1.2,0.9,3.1,2.9,22.5)
(2004,78,Calbert Cheaney,SF,32,GSW,79,7,26.2,3.5,7.3,.481,0.0,0.1,.000,3.5,7.2,.489,.481,0.6,1.0,.610,1.0,2.3,3.3,1.7,0.8,0.2,1.1,2.3,7.6)
(2004,81,Speedy Claxton,PG,25,GSW,60,29,26.6,3.7,8.7,.427,0.1,0.4,.182,3.7,8.4,.438,.431,3.0,3.7,.813,0.6,2.0,2.6,4.5,1.6,0.2,1.7,2.4,10.6)
(2004,85,Jason Collier,C,26,ATL,20,16,27.3,4.0,8.3,.479,0.1,0.2,.250,3.9,8.1,.484,.482,3.4,4.3,.788,1.8,3.8,5.6,0.9,0.6,0.6,1.6,3.6,11.3)
(2004,89,Omar Cook,PG,22,POR,17,0,8.2,0.4,1.6,.259,0.0,0.1,.000,0.4,1.5,.269,.259,0.0,0.0,,0.2,0.2,0.4,1.4,0.6,0.0,0.6,0.8,0.8)
(2004,93,Eddy Curry,PF,21,CHI,73,63,29.5,5.7,11.5,.496,0.0,0.0,1.000,5.7,11.5,.496,.497,3.2,4.8,.671,2.0,4.2,6.2,0.9,0.3,1.1,2.4,3.5,14.7)
(2004,97,Antonio Daniels,PG,28,SEA,71,32,21.3,2.6,5.6,.470,0.6,1.6,.362,2.0,4.0,.514,.523,2.2,2.6,.842,0.3,1.7,2.0,4.2,0.6,0.1,0.9,0.9,8.0)
(2004,Rk,Player,Pos,Age,Tm,G,GS,MP,FG,FGA,FG%,3P,3PA,3P,2P,2PA,2P,eFG%,FT,FTA,FT%,ORB,DRB,TRB,AST,STL,BLK,TOV,PF,PTS)
(2004,104,Ricky Davis,SF-SG,24,TOT,79,27,31.3,5.6,12.0,.469,0.7,1.8,.371,5.0,10.3,.486,.497,2.5,3.5,.718,1.0,3.6,4.5,3.3,1.2,0.3,2.4,2.2,14.4)
(2004,108,Boris Diaw,SG,21,ATL,76,37,25.3,1.8,4.1,.447,0.1,0.3,.231,1.8,3.8,.467,.457,0.7,1.2,.602,1.5,3.0,4.5,2.4,0.8,0.5,1.7,2.5,4.5)
(2004,112,Vlade Divac,C,35,SAC,81,81,28.6,3.9,8.2,.470,0.0,0.2,.154,3.9,8.1,.476,.472,2.1,3.2,.654,1.7,4.0,5.7,5.3,0.7,1.0,2.1,2.7,9.9)
(2004,116,Bryce Drew,PG,29,NOH,15,0,5.2,0.3,1.2,.222,0.1,0.5,.143,0.2,0.7,.273,.250,0.2,0.2,1.000,0.0,0.4,0.4,0.9,0.3,0.0,0.5,0.1,0.8)
(2004,120,Ronald Dupree,SF,23,CHI,47,8,19.0,2.4,6.0,.394,0.1,0.2,.444,2.3,5.8,.392,.401,1.4,2.2,.629,1.2,2.4,3.6,1.2,0.7,0.4,1.1,2.9,6.2)
(2004,123,Francisco Elson,C,27,DEN,62,14,14.1,1.5,3.2,.472,0.0,0.0,.000,1.5,3.2,.475,.472,0.5,0.7,.667,1.0,2.2,3.3,0.5,0.6,0.6,0.6,2.3,3.5)
(2004,127,Michael Finley,SG,30,DAL,72,72,38.6,7.1,16.1,.443,2.1,5.1,.405,5.1,11.0,.461,.508,2.3,2.7,.850,1.1,3.4,4.5,2.9,1.2,0.5,1.2,1.6,18.6)
(2004,131,T.J. Ford,PG,20,MIL,55,55,26.8,2.8,7.2,.384,0.1,0.4,.238,2.7,6.9,.393,.391,1.5,1.8,.816,0.7,2.5,3.2,6.5,1.1,0.1,2.5,2.2,7.1)
(2004,135,Rick Fox,SF,34,LAL,38,34,22.3,1.9,4.9,.392,0.4,1.6,.246,1.5,3.3,.464,.433,0.6,0.8,.733,0.8,1.9,2.7,2.6,0.8,0.1,1.3,2.6,4.8)
(2004,139,Hiram Fuller,PF,22,ATL,4,0,10.8,0.8,2.0,.375,0.0,0.0,,0.8,2.0,.375,.375,0.5,1.5,.333,1.0,1.8,2.8,0.5,0.0,0.3,1.0,1.3,2.0)
(2004,142,Alex Garcia,SG,23,SAS,2,0,6.5,0.5,3.5,.143,0.0,0.0,,0.5,3.5,.143,.143,0.5,1.0,.500,0.0,0.0,0.0,0.0,1.0,0.0,0.5,0.0,1.5)
(2004,146,Devean George,SF,26,LAL,82,48,23.8,2.8,7.0,.408,0.8,2.3,.349,2.0,4.7,.436,.465,0.9,1.2,.760,1.1,3.0,4.0,1.4,1.0,0.5,1.1,2.3,7.4)
(2004,150,Gordan Giricek,SF-SG,26,TOT,73,43,28.0,4.3,9.9,.436,0.8,2.1,.395,3.5,7.8,.448,.478,1.8,2.2,.854,0.7,2.4,3.1,1.7,0.8,0.2,1.4,2.0,11.3)
(2004,154,Brian Grant,C,31,MIA,76,76,30.3,3.8,8.1,.471,0.0,0.0,.000,3.8,8.1,.472,.471,1.1,1.4,.782,2.3,4.6,6.9,0.9,0.7,0.5,1.1,3.3,8.7)
(2004,158,Adrian Griffin,SG,29,HOU,19,1,7.0,0.3,0.9,.278,0.1,0.1,.500,0.2,0.8,.250,.306,0.0,0.2,.000,0.1,0.9,1.0,0.5,0.4,0.1,0.2,0.9,0.6)
(2004,161,Darvin Ham,SF,30,DET,54,2,9.0,0.7,1.4,.493,0.0,0.0,.500,0.7,1.4,.493,.500,0.4,0.6,.600,0.9,0.9,1.7,0.3,0.2,0.1,0.6,1.2,1.8)
(2004,165,Travis Hansen,SF,25,ATL,41,4,12.4,1.1,3.2,.354,0.2,0.7,.300,0.9,2.4,.370,.388,0.5,0.7,.815,0.7,1.0,1.7,0.5,0.2,0.2,0.4,1.6,3.0)
(2004,169,Othella Harrington,PF,30,NYK,56,3,15.6,1.8,3.6,.495,0.0,0.0,,1.8,3.6,.495,.495,1.0,1.4,.744,1.0,2.1,3.2,0.5,0.2,0.3,1.2,2.4,4.6)
(2004,173,Udonis Haslem,PF,23,MIA,75,24,23.9,2.7,6.0,.459,0.0,0.0,.000,2.7,5.9,.462,.459,1.9,2.4,.765,2.5,3.8,6.3,0.7,0.4,0.3,1.0,2.6,7.3)
(2004,177,Shane Heal,PG,33,SAS,6,0,12.0,1.2,4.0,.292,0.7,3.0,.222,0.5,1.0,.500,.375,0.7,0.8,.800,0.2,0.5,0.7,0.8,0.2,0.0,0.8,0.3,3.7)
(2004,Rk,Player,Pos,Age,Tm,G,GS,MP,FG,FGA,FG%,3P,3PA,3P,2P,2PA,2P,eFG%,FT,FTA,FT%,ORB,DRB,TRB,AST,STL,BLK,TOV,PF,PTS)
(2004,184,Eddie House,SG,25,LAC,60,10,19.8,2.7,7.5,.359,0.9,2.3,.375,1.8,5.2,.351,.415,0.6,0.8,.800,0.5,1.8,2.3,2.5,1.1,0.1,1.1,1.5,6.8)
(2004,188,Troy Hudson,PG,27,MIN,29,1,17.3,2.8,7.1,.386,1.1,2.7,.403,1.7,4.5,.377,.461,0.9,1.1,.818,0.1,1.1,1.2,2.4,0.2,0.0,1.2,1.1,7.5)
(2004,192,Lindsey Hunter,SG,33,DET,33,8,20.0,1.5,4.3,.343,0.4,1.5,.280,1.1,2.8,.376,.392,0.2,0.2,.625,0.4,1.6,2.0,2.6,1.2,0.2,1.0,1.4,3.5)
(2004,196,Bobby Jackson,SG,30,SAC,50,0,23.7,5.3,11.8,.444,1.6,4.4,.370,3.6,7.5,.488,.513,1.6,2.2,.752,1.1,2.4,3.5,2.1,1.0,0.2,1.3,2.1,13.8)
(2004,200,Stephen Jackson,SF,25,ATL,80,78,36.8,6.7,15.8,.425,1.8,5.3,.340,4.9,10.4,.469,.483,2.9,3.7,.785,1.2,3.4,4.6,3.1,1.8,0.3,2.8,2.7,18.1)
(2004,203,LeBron James,SG,19,CLE,79,79,39.5,7.9,18.9,.417,0.8,2.7,.290,7.1,16.1,.438,.438,4.4,5.8,.754,1.3,4.2,5.5,5.9,1.6,0.7,3.5,1.9,20.9)
(2004,207,Chris Jefferies,SF-SG,23,TOT,21,2,9.3,1.3,3.4,.375,0.8,2.0,.405,0.5,1.4,.333,.493,0.6,1.0,.650,0.2,1.1,1.4,0.3,0.2,0.3,0.9,1.7,4.0)
(2004,211,Anthony Johnson,PG,29,IND,73,7,21.9,2.3,5.6,.406,0.6,1.7,.336,1.7,4.0,.436,.456,1.0,1.3,.798,0.4,1.4,1.8,2.8,0.9,0.1,1.0,1.9,6.2)
(2004,215,Joe Johnson,SG,22,PHO,82,77,40.6,6.8,15.7,.430,1.0,3.3,.305,5.8,12.4,.463,.462,2.1,2.8,.750,1.0,3.7,4.7,4.4,1.1,0.3,2.4,2.2,16.7)
(2004,219,Eddie Jones,SG,32,MIA,81,81,37.0,5.8,14.3,.409,2.2,5.9,.370,3.7,8.4,.437,.486,3.4,4.1,.835,0.5,3.3,3.8,3.2,1.1,0.4,1.6,2.8,17.3)
(2004,222,Jumaine Jones,SG,24,BOS,42,2,8.9,0.8,2.3,.344,0.3,1.0,.295,0.5,1.2,.385,.411,0.3,0.5,.609,0.6,1.0,1.6,0.3,0.3,0.2,0.5,1.1,2.2)
(2004,223,Popeye Jones,PF,33,GSW,5,0,2.0,0.0,0.4,.000,0.0,0.0,,0.0,0.4,.000,.000,0.0,0.0,,0.2,0.0,0.2,0.0,0.0,0.0,0.0,0.4,0.0)
(2004,227,Andrei Kirilenko,PF,22,UTA,78,78,37.1,5.3,11.9,.443,0.9,2.6,.338,4.4,9.4,.471,.479,5.0,6.4,.790,2.9,5.2,8.1,3.1,1.9,2.8,2.8,2.2,16.5)
(2004,231,Toni Kukoc,PF,35,MIL,73,0,20.8,2.9,6.9,.417,0.7,2.3,.292,2.2,4.6,.479,.465,2.0,2.7,.729,0.8,2.9,3.7,2.7,0.8,0.3,1.5,1.5,8.4)
(2004,235,Sean Lampley,SF,24,GSW,10,0,6.3,1.3,2.0,.650,0.0,0.0,,1.3,2.0,.650,.650,0.8,1.2,.667,0.2,0.9,1.1,0.2,0.0,0.1,0.3,0.2,3.4)
(2004,239,Quincy Lewis,SF,26,MIN,14,0,4.6,0.5,1.4,.350,0.1,0.4,.400,0.4,1.1,.333,.400,0.0,0.0,,0.1,0.4,0.5,0.1,0.1,0.1,0.2,0.7,1.1)
(2004,242,Raul Lopez,PG,23,UTA,82,11,19.7,2.7,6.3,.431,0.3,1.0,.294,2.4,5.3,.458,.456,1.2,1.4,.863,0.3,1.6,1.9,3.7,0.8,0.0,2.1,2.4,7.0)
(2004,246,Corey Maggette,SF,24,LAC,73,72,36.0,6.2,13.9,.447,1.0,3.2,.329,5.2,10.7,.482,.485,7.2,8.5,.848,1.3,4.6,5.9,3.1,0.9,0.2,2.8,3.0,20.7)
(2004,250,Shawn Marion,SF,25,PHO,79,79,40.7,7.5,17.0,.440,1.1,3.4,.340,6.3,13.6,.465,.474,2.9,3.4,.851,2.7,6.6,9.3,2.7,2.1,1.3,2.0,2.6,19.0)
(2004,254,Jamal Mashburn,SF,31,NOH,19,18,38.4,8.2,20.9,.392,1.0,3.5,.284,7.2,17.4,.414,.416,3.4,4.2,.813,1.0,5.2,6.2,2.5,0.7,0.3,1.9,2.2,20.8)
(2004,258,Walter McCarty,PF,29,BOS,77,23,24.7,2.6,6.8,.388,1.8,4.8,.374,0.9,2.0,.420,.519,0.8,1.1,.756,0.4,2.7,3.1,1.6,0.9,0.3,1.2,2.3,7.9)
(2004,261,Antonio McDyess,PF,29,TOT,42,20,22.1,3.0,6.4,.470,0.0,0.0,,3.0,6.4,.470,.470,0.9,1.6,.551,1.7,4.5,6.1,0.9,0.9,0.6,1.4,2.8,6.9)
(2004,265,Keith McLeod,PG,24,MIN,33,0,11.8,0.8,2.5,.329,0.0,0.3,.100,0.8,2.2,.361,.335,1.0,1.3,.767,0.2,0.9,1.0,1.8,0.5,0.0,0.9,1.2,2.7)
(2004,269,Darius Miles,SF,22,TOT,79,56,26.3,4.6,9.5,.485,0.1,0.5,.175,4.5,9.0,.502,.489,1.6,2.4,.642,1.4,3.1,4.5,2.1,0.8,0.8,1.6,2.1,10.9)
(2004,273,Mike Miller,SF,23,MEM,65,65,27.2,4.2,9.5,.438,1.2,3.3,.372,2.9,6.2,.474,.503,1.6,2.2,.723,0.6,2.7,3.3,3.6,0.9,0.2,1.6,2.5,11.1)
(2004,277,Cuttino Mobley,SG,28,HOU,80,80,40.4,5.8,13.5,.426,2.1,5.3,.390,3.7,8.3,.448,.501,2.2,2.7,.811,0.5,4.0,4.5,3.2,1.3,0.4,2.3,2.2,15.8)
(2004,Rk,Player,Pos,Age,Tm,G,GS,MP,FG,FGA,FG%,3P,3PA,3P,2P,2PA,2P,eFG%,FT,FTA,FT%,ORB,DRB,TRB,AST,STL,BLK,TOV,PF,PTS)
(2004,284,Ronald Murray,PG,24,SEA,82,18,24.6,4.7,11.2,.425,0.8,2.8,.293,3.9,8.4,.469,.462,2.0,2.9,.715,0.5,1.9,2.5,2.5,1.0,0.3,1.8,1.9,12.4)
(2004,288,Bostjan Nachbar,SF,23,HOU,45,3,11.5,1.0,2.9,.356,0.5,1.4,.365,0.5,1.5,.348,.443,0.5,0.6,.724,0.2,1.4,1.6,0.7,0.3,0.3,0.5,1.6,3.1)
(2004,292,Rasho Nesterovic,C,27,SAS,82,82,28.7,4.0,8.5,.469,0.0,0.0,,4.0,8.5,.469,.469,0.7,1.4,.474,3.1,4.6,7.7,1.4,0.6,2.0,1.3,3.0,8.7)
(2004,296,Jermaine O'Neal,PF,25,IND,78,78,35.7,7.8,17.9,.434,0.0,0.2,.111,7.8,17.7,.438,.435,4.5,5.9,.757,2.5,7.5,10.0,2.1,0.8,2.6,2.3,3.2,20.1)
(2004,300,Mehmet Okur,PF,24,DET,71,33,22.3,3.5,7.6,.463,0.3,0.7,.375,3.3,7.0,.472,.480,2.3,2.9,.775,2.3,3.7,5.9,1.0,0.5,0.9,1.4,1.9,9.6)
(2004,303,Greg Ostertag,C,30,UTA,78,51,27.6,2.7,5.6,.476,0.0,0.0,.000,2.7,5.6,.477,.476,1.4,2.5,.579,2.8,4.6,7.4,1.6,0.4,1.8,1.3,2.9,6.8)
(2004,307,Zaza Pachulia,C,19,ORL,59,2,11.3,1.2,3.0,.389,0.0,0.0,,1.2,3.0,.389,.389,1.0,1.5,.644,1.2,1.8,2.9,0.2,0.4,0.2,0.6,1.5,3.3)
(2004,311,Jannero Pargo,PG,24,TOT,31,1,15.5,2.6,6.4,.407,0.7,2.0,.355,1.9,4.4,.431,.462,0.7,0.9,.852,0.3,0.9,1.2,2.3,0.4,0.2,1.5,1.6,6.7)
(2004,315,Sasha Pavlovic,SF,20,UTA,79,14,14.5,1.9,4.8,.396,0.2,0.9,.271,1.6,3.9,.425,.422,0.8,1.1,.774,0.6,1.5,2.0,0.8,0.5,0.2,0.8,2.4,4.8)
(2004,319,Kirk Penney,SG,23,MIA,2,0,9.0,0.5,3.0,.167,0.5,1.5,.333,0.0,1.5,.000,.250,0.0,0.0,,0.0,0.5,0.5,0.5,0.5,0.0,1.5,0.5,1.5)
(2004,322,Morris Peterson,SF,26,TOR,82,29,26.2,2.9,7.2,.405,1.5,4.1,.371,1.4,3.0,.453,.513,0.9,1.1,.809,0.4,2.8,3.2,1.4,1.1,0.2,0.8,2.5,8.3)
(2004,326,Scottie Pippen*,SF,38,CHI,23,6,17.9,2.3,6.1,.379,0.6,2.1,.271,1.7,4.0,.435,.425,0.7,1.2,.630,0.9,2.1,3.0,2.2,0.9,0.4,1.3,1.7,5.9)
(2004,330,Mark Pope,PF,31,DEN,4,0,5.0,0.3,0.5,.500,0.0,0.0,,0.3,0.5,.500,.500,0.0,0.3,.000,0.0,0.8,0.8,0.0,0.3,0.0,0.8,2.0,0.5)
(2004,334,Joel Przybilla,C,24,TOT,17,12,20.4,1.1,2.9,.360,0.0,0.0,,1.1,2.9,.360,.360,0.8,1.8,.419,1.9,4.6,6.5,0.4,0.3,1.0,1.1,3.1,2.9)
(2004,338,Zeljko Rebraca,C,31,TOT,24,2,11.4,1.4,3.2,.442,0.0,0.0,,1.4,3.2,.442,.442,1.0,1.3,.767,1.0,1.5,2.4,0.3,0.2,0.5,0.7,2.2,3.8)
(2004,341,Jason Richardson,SG,23,GSW,78,78,37.6,7.2,16.5,.438,1.0,3.5,.282,6.2,13.0,.481,.468,3.3,4.8,.684,1.6,5.1,6.7,2.9,1.1,0.5,2.5,2.3,18.7)
(2004,345,Eddie Robinson,SF,27,CHI,51,4,20.1,3.1,6.4,.482,0.0,0.1,.200,3.1,6.3,.486,.483,0.5,0.8,.651,0.5,1.5,2.0,1.1,0.6,0.2,0.9,1.1,6.7)
(2004,349,Jalen Rose,PG-SF,31,TOT,66,64,37.8,5.8,14.4,.402,1.0,3.1,.342,4.8,11.4,.419,.439,2.8,3.5,.810,0.5,3.5,4.0,5.0,0.8,0.3,3.2,2.8,15.5)
(2004,353,Bryon Russell,SF,33,LAL,72,1,13.1,1.4,3.4,.402,0.6,1.6,.384,0.8,1.8,.417,.490,0.7,0.9,.769,0.4,1.6,2.0,1.0,0.4,0.2,0.5,1.5,4.0)
(2004,357,Brian Scalabrine,PF,25,NJN,69,2,13.4,1.2,3.2,.394,0.1,0.6,.244,1.1,2.6,.429,.417,0.8,1.0,.829,0.6,1.9,2.5,0.9,0.3,0.2,0.6,1.6,3.5)
(2004,Rk,Player,Pos,Age,Tm,G,GS,MP,FG,FGA,FG%,3P,3PA,3P,2P,2PA,2P,eFG%,FT,FTA,FT%,ORB,DRB,TRB,AST,STL,BLK,TOV,PF,PTS)
(2004,364,Joe Smith,PF,28,MIL,76,76,29.7,4.1,9.3,.439,0.0,0.1,.200,4.1,9.3,.441,.440,2.7,3.2,.859,3.0,5.4,8.5,1.0,0.6,1.2,1.1,2.8,10.9)
(2004,368,Eric Snow,PG,30,PHI,82,82,36.2,3.6,8.7,.413,0.0,0.2,.111,3.6,8.5,.420,.414,3.1,3.9,.797,0.8,2.7,3.4,6.9,1.2,0.1,2.3,2.6,10.3)
(2004,372,Vladimir Stepania,C,27,POR,42,2,10.8,1.0,2.5,.417,0.0,0.0,,1.0,2.5,.417,.417,0.5,0.9,.611,1.2,1.8,3.0,0.5,0.3,0.4,0.5,1.5,2.6)
(2004,376,Damon Stoudamire,PG,30,POR,82,82,38.0,5.0,12.4,.401,1.9,5.2,.365,3.1,7.2,.426,.477,1.5,1.8,.876,0.6,3.1,3.8,6.1,1.2,0.1,2.2,2.1,13.4)
(2004,380,Bruno Sundov,C,23,TOT,5,0,6.6,0.8,2.0,.400,0.0,0.0,,0.8,2.0,.400,.400,0.6,1.2,.500,0.4,1.6,2.0,0.2,0.0,0.0,0.6,1.8,2.2)
(2004,383,Stromile Swift,PF,24,MEM,77,10,19.8,3.5,7.4,.469,0.0,0.1,.250,3.5,7.4,.471,.470,2.5,3.4,.725,1.8,3.1,4.9,0.5,0.7,1.5,1.1,2.4,9.4)
(2004,387,Etan Thomas,C,25,WAS,79,15,24.1,3.3,6.7,.489,0.0,0.0,,3.3,6.7,.489,.489,2.4,3.7,.647,2.3,4.4,6.7,0.9,0.5,1.6,1.4,2.8,8.9)
(2004,391,Jamaal Tinsley,PG,25,IND,52,43,26.5,2.9,7.1,.414,1.5,4.0,.372,1.5,3.1,.466,.518,0.9,1.3,.731,0.5,2.1,2.6,5.8,1.6,0.3,2.1,2.5,8.3)
(2004,395,Cezary Trybanski,C,24,TOT,7,0,2.1,0.0,0.6,.000,0.0,0.0,,0.0,0.6,.000,.000,0.1,0.3,.500,0.0,0.1,0.1,0.0,0.1,0.1,0.3,0.4,0.1)
(2004,399,Ime Udoka,SF,26,LAL,4,0,7.0,0.8,2.3,.333,0.0,0.3,.000,0.8,2.0,.375,.333,0.5,1.0,.500,0.3,1.0,1.3,0.5,0.5,0.3,0.8,0.8,2.0)
(2004,402,Jacque Vaughn,PG,28,ATL,71,6,17.9,1.5,3.9,.386,0.0,0.3,.150,1.5,3.6,.405,.392,0.7,1.0,.779,0.2,1.5,1.6,2.7,0.6,0.0,1.2,1.8,3.8)
(2004,406,Dajuan Wagner,SG,20,CLE,44,4,16.1,2.5,7.0,.366,0.7,2.0,.360,1.8,5.0,.368,.417,0.7,1.1,.681,0.2,1.1,1.3,1.2,0.6,0.2,0.9,2.0,6.5)
(2004,410,Gerald Wallace,SF,21,SAC,37,1,9.1,0.9,2.4,.360,0.0,0.1,.000,0.9,2.4,.368,.360,0.3,0.6,.458,0.9,1.1,2.0,0.5,0.4,0.4,0.2,1.0,2.0)
(2004,414,Charlie Ward,PG,33,TOT,71,10,17.6,2.3,5.5,.410,1.2,2.9,.408,1.1,2.6,.413,.518,0.3,0.4,.741,0.2,1.9,2.0,3.0,0.9,0.2,1.4,1.5,6.0)
(2004,418,Bonzi Wells,SG,27,TOT,72,27,26.0,5.0,11.8,.427,0.3,1.0,.319,4.7,10.8,.437,.440,1.9,2.5,.754,1.1,2.5,3.6,1.9,1.3,0.3,2.2,2.7,12.3)
(2004,421,David West,PF,23,NOH,71,1,13.1,1.5,3.2,.474,0.0,0.0,.000,1.5,3.2,.478,.474,0.8,1.1,.713,1.6,2.5,4.2,0.8,0.4,0.4,0.7,1.6,3.8)
(2004,425,Chris Wilcox,C,21,LAC,65,17,20.6,3.5,6.7,.521,0.0,0.0,.000,3.5,6.7,.522,.521,1.6,2.3,.700,1.9,2.8,4.7,0.8,0.4,0.3,1.2,2.8,8.6)
(2004,429,Eric Williams,SF,31,TOT,71,36,26.6,3.3,8.4,.386,0.5,1.8,.276,2.8,6.6,.416,.416,3.0,4.0,.760,0.9,3.1,4.0,1.7,1.0,0.1,1.2,2.5,10.0)
(2004,433,Mo Williams,SG,21,UTA,57,0,13.5,2.0,5.3,.380,0.2,0.7,.256,1.8,4.6,.398,.396,0.8,1.0,.786,0.4,0.9,1.3,1.3,0.5,0.0,0.9,1.5,5.0)
(2004,437,Kevin Willis,C,41,SAS,48,0,7.8,1.5,3.1,.467,0.0,0.0,.000,1.5,3.1,.470,.467,0.5,0.8,.615,0.8,1.3,2.0,0.2,0.4,0.2,0.7,1.3,3.4)
(2004,Rk,Player,Pos,Age,Tm,G,GS,MP,FG,FGA,FG%,3P,3PA,3P,2P,2PA,2P,eFG%,FT,FTA,FT%,ORB,DRB,TRB,AST,STL,BLK,TOV,PF,PTS)
