(2004,Rk,Player,Pos,Age,Tm,G,GS,MP,FG,FGA,FG%,3P,3PA,3P,2P,2PA,2P,eFG%,FT,FTA,FT%,ORB,DRB,TRB,AST,STL,BLK,TOV,PF,PTS)
(2004,4,Rafer Alston,PG,27,MIA,82,28,31.5,3.5,9.3,.376,2.0,5.3,.371,1.5,4.0,.382,.481,1.3,1.6,.769,0.3,2.4,2.8,4.5,1.4,0.2,1.6,2.6,10.2)
(2004,8,Shandon Anderson,SG,30,NYK,80,37,24.7,3.0,7.1,.422,0.5,1.6,.281,2.5,5.5,.463,.454,1.5,2.0,.764,0.7,2.1,2.8,1.5,0.9,0.2,1.5,2.3,7.9)
(2004,12,Brandon Armstrong,SG,23,NJN,56,0,7.8,1.2,3.1,.371,0.3,0.9,.365,0.8,2.2,.374,.426,0.0,0.1,.500,0.2,0.6,0.8,0.3,0.2,0.0,0.4,0.9,2.7)
(2004,16,Stacey Augmon,SF,35,NOH,69,24,20.5,2.1,5.0,.412,0.0,0.1,.143,2.1,4.9,.418,.414,1.6,2.0,.791,0.8,1.8,2.5,1.2,0.8,0.2,1.1,1.7,5.8)
(2004,20,Matt Barnes,SF,23,LAC,38,9,19.1,1.7,3.6,.457,0.1,0.3,.154,1.6,3.3,.488,.464,1.1,1.6,.705,1.4,2.6,4.0,1.3,0.7,0.1,1.2,2.0,4.5)
(2004,23,Jon Barry,SG,34,DEN,57,9,19.3,2.1,5.2,.404,0.9,2.4,.370,1.2,2.8,.434,.490,1.1,1.2,.845,0.4,1.7,2.2,2.6,1.0,0.1,0.9,1.2,6.2)
(2004,27,Lonny Baxter,C-PF,25,TOT,62,5,12.4,1.7,3.4,.493,0.0,0.0,.333,1.6,3.3,.495,.495,0.7,1.2,.579,1.0,2.0,3.0,0.3,0.3,0.5,0.6,2.0,4.0)
(2004,31,Jonathan Bender,SF,23,IND,21,0,12.9,2.4,5.0,.472,0.4,1.0,.409,2.0,4.0,.488,.514,1.9,2.2,.830,0.4,1.5,1.9,0.4,0.2,0.5,1.6,1.1,7.0)
(2004,35,Steve Blake,PG,23,WAS,75,14,18.6,2.1,5.4,.386,1.0,2.7,.371,1.1,2.7,.400,.478,0.7,0.9,.821,0.2,1.3,1.6,2.8,0.8,0.1,1.7,1.3,5.9)
(2004,39,Calvin Booth,C,27,SEA,71,35,17.0,1.9,4.1,.466,0.0,0.0,.000,1.9,4.1,.469,.466,1.1,1.3,.798,1.2,2.7,3.9,0.4,0.2,1.4,0.6,2.1,4.9)
(2004,42,Chris Bosh,C,19,TOR,75,63,33.5,4.4,9.5,.459,0.1,0.2,.357,4.3,9.3,.461,.463,2.7,3.8,.701,2.5,4.9,7.4,1.0,0.8,1.4,1.4,2.9,11.5)
(2004,46,Earl Boykins,SG,27,DEN,82,3,22.5,3.9,9.3,.419,0.7,2.1,.322,3.2,7.3,.447,.455,1.7,2.0,.877,0.5,1.2,1.7,3.6,0.6,0.0,1.2,1.0,10.2)
(2004,50,Elton Brand,PF,24,LAC,69,68,38.7,7.0,14.2,.493,0.0,0.0,.000,7.0,14.2,.493,.493,6.0,7.7,.773,3.9,6.4,10.3,3.3,0.9,2.2,2.8,3.3,20.0)
(2004,54,Damone Brown,PF,24,NJN,3,0,5.7,0.3,3.3,.100,0.0,0.0,,0.3,3.3,.100,.100,0.3,0.7,.500,1.0,0.7,1.7,0.0,0.7,0.0,0.3,0.7,1.0)
(2004,58,P.J. Brown,PF,34,NOH,80,80,34.4,4.2,8.9,.476,0.0,0.0,.000,4.2,8.9,.477,.476,2.0,2.3,.854,3.0,5.7,8.6,1.9,1.0,0.9,1.3,2.5,10.5)
(2004,61,Kobe Bryant,SG,25,LAL,65,64,37.6,7.9,18.1,.438,1.1,3.3,.327,6.8,14.8,.463,.468,7.0,8.2,.852,1.6,3.9,5.5,5.1,1.7,0.4,2.6,2.7,24.0)
(2004,65,Mitchell Butler,SG,33,WAS,41,4,13.5,1.3,3.0,.435,0.3,0.7,.367,1.0,2.3,.457,.480,0.4,0.6,.625,0.6,1.1,1.7,0.8,0.5,0.1,0.6,1.3,3.3)
(2004,69,Elden Campbell,C,35,DET,65,27,13.7,2.1,4.8,.439,0.0,0.0,,2.1,4.8,.439,.439,1.3,1.9,.685,0.8,2.4,3.2,0.7,0.3,0.8,1.0,2.1,5.6)
(2004,73,Maurice Carter,SG,27,TOT,10,0,11.0,1.1,3.5,.314,0.4,1.1,.364,0.7,2.4,.292,.371,1.6,2.0,.800,0.2,0.9,1.1,0.4,0.0,0.0,0.9,1.0,4.2)
(2004,77,Tyson Chandler,PF,21,CHI,35,8,22.3,1.9,4.5,.424,0.0,0.0,.000,1.9,4.5,.427,.424,2.3,3.4,.669,2.3,5.4,7.7,0.7,0.5,1.2,1.1,2.5,6.1)
(2004,Rk,Player,Pos,Age,Tm,G,GS,MP,FG,FGA,FG%,3P,3PA,3P,2P,2PA,2P,eFG%,FT,FTA,FT%,ORB,DRB,TRB,AST,STL,BLK,TOV,PF,PTS)
(2004,84,Bimbo Coles,PG,35,MIA,22,1,7.7,0.5,1.5,.353,0.0,0.0,,0.5,1.5,.353,.353,0.2,0.3,.667,0.1,0.4,0.5,0.7,0.1,0.0,0.4,1.2,1.3)
(2004,88,Brian Cook,C,23,LAL,35,2,12.6,1.9,4.0,.475,0.0,0.1,.000,1.9,3.9,.493,.475,0.6,0.8,.750,0.9,2.0,2.9,0.6,0.5,0.5,0.5,1.8,4.4)
(2004,92,Austin Croshere,PF,28,IND,77,0,13.6,1.5,4.0,.388,0.7,1.9,.389,0.8,2.1,.387,.479,1.2,1.4,.894,0.8,2.4,3.2,0.7,0.3,0.2,0.7,1.3,5.0)
(2004,96,Erick Dampier,C,28,GSW,74,74,32.5,4.7,8.8,.535,0.0,0.0,.000,4.7,8.8,.537,.535,2.9,4.5,.654,4.6,7.3,12.0,0.8,0.4,1.9,1.8,3.1,12.3)
(2004,100,Baron Davis,PG,24,NOH,67,66,40.1,8.3,20.9,.395,2.8,8.7,.321,5.5,12.2,.448,.462,3.5,5.3,.673,1.0,3.3,4.3,7.5,2.4,0.4,3.2,2.7,22.9)
(2004,103,Josh Davis,PF,23,ATL,4,1,5.8,0.5,1.3,.400,0.0,0.5,.000,0.5,0.8,.667,.400,0.3,0.3,1.000,0.3,1.0,1.3,0.0,0.0,0.0,0.5,0.8,1.3)
(2004,107,Derrick Dial,SG,28,ORL,9,0,9.6,1.0,3.1,.321,0.2,1.0,.222,0.8,2.1,.368,.357,0.7,0.9,.750,0.6,0.9,1.4,0.2,0.7,0.0,0.1,0.7,2.9)
(2004,111,DeSagana Diop,C,22,CLE,56,3,13.0,1.0,2.6,.388,0.0,0.0,,1.0,2.6,.388,.388,0.2,0.4,.600,1.3,2.3,3.6,0.6,0.5,0.9,0.5,2.1,2.3)
(2004,115,Keyon Dooling,PG,23,LAC,58,24,19.6,2.4,6.1,.389,0.1,0.8,.174,2.2,5.3,.422,.401,1.3,1.6,.830,0.3,1.1,1.4,2.2,0.8,0.1,1.1,1.9,6.2)
(2004,119,Mike Dunleavy,SF,23,GSW,75,69,31.1,4.3,9.6,.449,1.3,3.4,.370,3.1,6.2,.491,.514,1.8,2.5,.741,1.2,4.7,5.9,2.9,0.9,0.2,1.9,2.3,11.7)
(2004,122,Howard Eisley,PG,31,TOT,67,23,21.7,2.5,6.7,.368,0.8,2.4,.319,1.7,4.3,.396,.426,1.1,1.3,.854,0.3,1.6,1.9,4.1,0.8,0.1,1.5,2.0,6.9)
(2004,126,Desmond Ferguson,SF,26,POR,7,0,4.6,0.7,1.7,.417,0.4,1.1,.375,0.3,0.6,.500,.542,0.0,0.3,.000,0.0,0.6,0.6,0.1,0.0,0.0,0.1,0.0,1.9)
(2004,130,Alton Ford,PF,22,HOU,9,0,4.6,0.7,1.2,.545,0.0,0.0,,0.7,1.2,.545,.545,0.3,0.7,.500,0.3,0.9,1.2,0.3,0.0,0.1,0.3,1.0,1.7)
(2004,134,Tremaine Fowlkes,SF,27,DET,36,0,7.3,0.4,1.3,.313,0.0,0.2,.125,0.4,1.1,.350,.323,0.4,0.5,.722,0.5,1.0,1.5,0.4,0.3,0.1,0.3,1.0,1.2)
(2004,138,Steve Francis,PG,26,HOU,79,79,40.4,5.7,14.1,.403,0.9,3.2,.292,4.8,11.0,.435,.436,4.3,5.5,.775,1.5,4.0,5.5,6.2,1.8,0.4,3.7,3.3,16.6)
(2004,141,Reece Gaines,PG,23,ORL,38,1,9.6,0.7,2.3,.291,0.1,0.3,.300,0.6,2.0,.289,.308,0.4,0.7,.640,0.2,0.8,1.0,1.1,0.3,0.1,0.5,0.6,1.8)
(2004,145,Pau Gasol,PF,23,MEM,78,78,31.5,6.5,13.4,.482,0.1,0.2,.267,6.4,13.3,.485,.484,4.7,6.6,.714,2.6,5.1,7.7,2.5,0.6,1.7,2.4,2.4,17.7)
(2004,149,Manu Ginobili,SG,26,SAS,77,38,29.4,4.3,10.2,.418,1.1,3.2,.359,3.1,7.1,.445,.474,3.1,3.9,.802,1.1,3.4,4.5,3.8,1.8,0.2,2.1,2.4,12.8)
(2004,153,Drew Gooden,PF,22,ORL,79,17,27.0,4.7,10.5,.445,0.1,0.5,.214,4.6,10.0,.457,.451,2.1,3.3,.637,2.0,4.5,6.5,1.1,0.8,0.9,1.6,2.5,11.6)
(2004,157,Willie Green,SG,22,PHI,53,0,14.5,2.7,6.7,.401,0.4,1.2,.311,2.3,5.6,.419,.427,1.1,1.5,.728,0.3,0.9,1.2,1.0,0.5,0.1,1.1,1.6,6.9)
(2004,Rk,Player,Pos,Age,Tm,G,GS,MP,FG,FGA,FG%,3P,3PA,3P,2P,2PA,2P,eFG%,FT,FTA,FT%,ORB,DRB,TRB,AST,STL,BLK,TOV,PF,PTS)
(2004,164,Ben Handlogten,C,30,UTA,17,0,10.1,1.5,2.8,.532,0.0,0.0,,1.5,2.8,.532,.532,1.1,1.6,.667,1.3,1.9,3.2,0.4,0.2,0.2,0.6,1.9,4.0)
(2004,168,Al Harrington,PF,23,IND,79,15,30.9,5.3,11.5,.463,0.3,1.0,.273,5.1,10.5,.481,.475,2.3,3.2,.734,2.1,4.4,6.4,1.7,1.0,0.3,2.1,3.2,13.3)
(2004,172,Donnell Harvey,PF,23,TOT,60,8,13.1,1.5,3.4,.443,0.0,0.1,.000,1.5,3.3,.449,.443,1.0,1.4,.735,0.8,1.9,2.7,0.4,0.4,0.5,0.8,2.2,4.0)
(2004,176,Brendan Haywood,C,24,WAS,77,59,19.3,2.6,5.0,.515,0.0,0.0,.000,2.6,5.0,.517,.515,1.8,3.0,.585,2.4,2.6,5.0,0.6,0.4,1.3,1.0,2.0,7.0)
(2004,180,Tyrone Hill,PF,35,MIA,5,0,7.6,0.6,1.0,.600,0.0,0.0,,0.6,1.0,.600,.600,0.6,0.8,.750,1.0,0.6,1.6,0.0,0.0,0.2,0.4,2.0,1.8)
(2004,183,Robert Horry,PF,33,SAS,81,1,15.9,1.7,4.3,.405,0.5,1.3,.380,1.2,3.0,.417,.464,0.9,1.3,.645,1.3,2.0,3.4,1.2,0.6,0.6,0.7,2.0,4.8)
(2004,187,Juwan Howard,PF,30,ORL,81,77,35.5,6.5,14.4,.453,0.0,0.0,.000,6.5,14.4,.453,.453,3.9,4.9,.809,2.1,4.9,7.0,2.0,0.7,0.3,2.2,3.5,17.0)
(2004,191,Brandon Hunter,PF,23,BOS,36,12,11.3,1.5,3.2,.457,0.0,0.1,.000,1.5,3.1,.469,.457,0.5,1.2,.442,1.4,1.9,3.3,0.5,0.4,0.0,0.6,1.1,3.5)
(2004,195,Allen Iverson,SG,28,PHI,48,47,42.5,9.1,23.4,.387,1.2,4.1,.286,7.9,19.3,.408,.412,7.1,9.5,.745,0.7,3.0,3.7,6.8,2.4,0.1,4.4,1.8,26.4)
(2004,199,Mark Jackson,PG,38,HOU,42,3,13.7,0.8,2.4,.340,0.2,1.0,.171,0.6,1.4,.458,.375,0.7,0.9,.718,0.2,1.4,1.7,2.8,0.4,0.0,1.3,1.0,2.5)
(2004,202,Jerome James,C,28,SEA,65,24,15.2,2.0,4.0,.498,0.0,0.0,,2.0,4.0,.498,.498,1.0,1.5,.660,1.2,2.3,3.5,0.5,0.3,0.9,1.3,2.8,5.0)
(2004,206,Marko Jaric,PG,25,LAC,58,50,30.3,3.2,8.2,.388,0.9,2.6,.340,2.3,5.6,.410,.441,1.3,1.7,.733,0.8,2.3,3.0,4.8,1.6,0.3,2.0,2.3,8.5)
(2004,210,Britton Johnsen,C,24,ORL,20,4,14.5,0.9,3.0,.288,0.1,0.6,.083,0.8,2.4,.340,.297,0.4,0.8,.438,0.8,1.5,2.3,0.6,0.4,0.1,0.7,1.4,2.1)
(2004,214,Ervin Johnson,C,36,MIN,66,47,14.6,0.8,1.6,.534,0.0,0.0,.000,0.8,1.5,.539,.534,0.3,0.4,.607,0.9,2.6,3.5,0.4,0.4,0.7,0.5,2.4,1.9)
(2004,218,Damon Jones,PG,27,MIL,82,26,24.6,2.6,6.4,.401,1.2,3.3,.359,1.4,3.1,.446,.494,0.7,0.9,.764,0.2,1.9,2.1,5.8,0.4,0.0,1.3,1.1,7.0)
(2004,221,James Jones,SF,23,IND,6,0,4.3,0.3,1.5,.222,0.2,0.7,.250,0.2,0.8,.200,.278,0.3,0.3,1.000,0.0,0.3,0.3,0.0,0.2,0.0,0.0,0.2,1.2)
(2004,226,Jason Kidd,PG,30,NJN,67,66,36.6,5.5,14.3,.384,1.4,4.4,.321,4.1,9.9,.411,.433,3.1,3.7,.827,1.3,5.1,6.4,9.2,1.8,0.2,3.2,1.6,15.5)
(2004,230,Kyle Korver,SF,22,PHI,74,0,11.9,1.6,4.4,.352,1.1,2.8,.391,0.5,1.6,.283,.476,0.3,0.3,.792,0.4,1.1,1.5,0.5,0.3,0.1,0.6,1.4,4.5)
(2004,234,Maciej Lampe,C,18,PHO,21,0,10.7,2.0,4.2,.489,0.0,0.2,.000,2.0,4.0,.512,.489,0.5,0.6,.769,0.4,1.7,2.1,0.4,0.1,0.1,0.7,1.3,4.6)
(2004,238,Voshon Lenard,SG,30,DEN,73,70,30.6,5.4,12.8,.422,1.5,4.0,.367,3.9,8.8,.447,.479,2.0,2.5,.791,0.6,2.1,2.7,2.1,0.8,0.2,1.4,2.4,14.2)
(2004,241,Randy Livingston,PG,28,LAC,4,0,12.0,0.5,2.5,.200,0.0,0.8,.000,0.5,1.8,.286,.200,1.0,1.5,.667,0.5,1.3,1.8,1.0,0.5,0.0,1.0,1.8,2.0)
(2004,245,Mark Madsen,C,28,MIN,72,12,17.3,1.4,2.8,.495,0.0,0.1,.000,1.4,2.8,.510,.495,0.8,1.6,.483,1.9,1.9,3.8,0.4,0.5,0.3,0.7,2.4,3.6)
(2004,249,Stephon Marbury,PG,26,TOT,81,81,40.2,7.4,17.1,.431,1.1,3.4,.318,6.3,13.7,.460,.463,4.4,5.4,.817,0.7,2.5,3.2,8.9,1.6,0.1,3.1,2.1,20.2)
(2004,253,Kenyon Martin,PF,26,NJN,65,62,34.6,6.8,13.8,.488,0.1,0.4,.280,6.6,13.5,.494,.492,3.1,4.5,.684,2.0,7.4,9.5,2.5,1.5,1.3,2.6,3.5,16.7)
(2004,257,Tony Massenburg,PF,36,SAC,59,0,13.4,1.8,3.7,.475,0.0,0.0,.000,1.8,3.7,.477,.475,0.7,1.1,.683,1.0,2.2,3.2,0.5,0.2,0.3,0.8,2.4,4.3)
(2004,Rk,Player,Pos,Age,Tm,G,GS,MP,FG,FGA,FG%,3P,3PA,3P,2P,2PA,2P,eFG%,FT,FTA,FT%,ORB,DRB,TRB,AST,STL,BLK,TOV,PF,PTS)
(2004,264,Aaron McKie,SF,31,PHI,75,41,28.2,3.5,7.7,.459,1.0,2.3,.436,2.5,5.4,.469,.524,1.1,1.5,.757,0.6,2.8,3.4,2.6,1.1,0.3,1.4,1.9,9.2)
(2004,268,Chris Mihm,C-PF,24,TOT,76,17,17.5,2.4,5.0,.488,0.0,0.0,,2.4,5.0,.488,.488,1.4,2.2,.663,2.1,3.4,5.4,0.3,0.5,0.8,1.2,2.7,6.3)
(2004,272,Brad Miller,PF,27,SAC,72,53,36.4,5.2,10.2,.510,0.2,0.5,.316,5.0,9.6,.521,.518,3.6,4.6,.778,2.7,7.7,10.3,4.3,0.9,1.2,2.0,3.4,14.1)
(2004,276,Yao Ming,C,23,HOU,82,82,32.8,6.5,12.5,.522,0.0,0.0,.000,6.5,12.5,.523,.522,4.4,5.4,.809,2.4,6.6,9.0,1.5,0.3,1.9,2.5,3.3,17.5)
(2004,280,Mikki Moore,PF-C,28,TOT,32,0,12.3,1.6,3.1,.505,0.0,0.0,,1.6,3.1,.505,.505,0.9,1.1,.857,0.9,1.7,2.6,0.6,0.2,0.4,0.7,2.0,4.1)
(2004,283,Lamond Murray,SF,30,TOR,33,4,15.7,2.3,6.5,.353,0.6,1.8,.350,1.7,4.7,.355,.402,0.7,1.1,.686,0.4,2.3,2.7,0.8,0.5,0.2,1.2,1.4,6.0)
(2004,287,Mamadou N'Diaye,C,28,TOT,28,1,13.1,1.0,2.5,.391,0.0,0.0,,1.0,2.5,.391,.391,1.6,2.1,.746,1.5,2.5,4.0,0.0,0.3,0.9,0.6,2.1,3.5)
(2004,291,Steve Nash,PG,29,DAL,78,78,33.5,5.1,10.8,.470,1.3,3.3,.405,3.8,7.5,.498,.531,2.9,3.2,.916,0.8,2.2,3.0,8.8,0.9,0.1,2.7,1.8,14.5)
(2004,295,Dirk Nowitzki,C,25,DAL,77,77,37.9,7.9,17.0,.462,1.3,3.8,.341,6.6,13.2,.496,.500,4.8,5.5,.877,1.2,7.5,8.7,2.7,1.2,1.4,1.8,2.8,21.8)
(2004,299,Lamar Odom,PF,24,MIA,80,80,37.5,6.1,14.1,.430,0.8,2.6,.298,5.3,11.5,.460,.457,4.3,5.7,.742,2.0,7.7,9.7,4.1,1.1,0.9,3.0,3.4,17.1)
(2004,302,Michael Olowokandi,C,28,MIN,43,25,21.5,2.8,6.6,.425,0.0,0.0,,2.8,6.6,.425,.425,0.8,1.4,.590,1.8,3.9,5.7,0.6,0.4,1.6,1.3,3.2,6.5)
(2004,306,Doug Overton,PG,34,TOT,61,11,16.9,1.6,4.0,.404,0.0,0.4,.130,1.6,3.6,.432,.410,0.4,0.5,.742,0.3,1.1,1.4,2.3,0.4,0.0,1.0,1.5,3.7)
(2004,310,Milt Palacio,PG,25,TOR,59,13,20.5,1.8,5.1,.349,0.1,0.4,.154,1.7,4.6,.368,.356,0.8,1.2,.662,0.3,1.5,1.7,3.1,0.7,0.2,1.5,1.5,4.4)
(2004,314,Ruben Patterson,SF,28,POR,73,1,22.6,2.7,5.4,.506,0.0,0.2,.167,2.7,5.2,.517,.509,1.4,2.6,.553,1.8,1.9,3.7,1.9,1.2,0.3,1.4,2.1,6.9)
(2004,318,Desmond Penigar,PF,22,ORL,10,0,8.9,1.4,2.8,.500,0.0,0.0,,1.4,2.8,.500,.500,0.4,0.4,1.000,0.6,1.8,2.4,0.3,0.2,0.2,0.6,1.4,3.2)
(2004,321,Wesley Person,SG,32,TOT,58,0,17.9,2.2,5.4,.401,0.9,2.4,.399,1.2,3.0,.403,.489,0.5,0.7,.795,0.3,1.7,2.0,1.1,0.3,0.2,0.7,0.7,5.8)
(2004,325,Mickael Pietrus,PG,21,GSW,53,22,14.1,1.8,4.4,.416,0.7,2.0,.333,1.2,2.4,.484,.491,1.0,1.4,.693,0.9,1.3,2.2,0.5,0.6,0.2,0.8,1.9,5.3)
(2004,329,Olden Polynice,C,39,LAC,2,0,6.0,0.0,0.0,,0.0,0.0,,0.0,0.0,,,0.0,0.0,,0.5,0.5,1.0,0.5,0.5,0.0,2.0,1.0,0.0)
(2004,333,Tayshaun Prince,SF,23,DET,82,80,32.9,4.1,8.8,.467,0.7,1.9,.363,3.4,6.9,.496,.507,1.3,1.7,.766,1.1,3.6,4.8,2.3,0.8,0.8,1.5,1.8,10.3)
(2004,337,Theo Ratliff,C,30,TOT,85,83,31.3,3.1,6.5,.485,0.0,0.0,,3.1,6.5,.485,.485,1.6,2.6,.645,2.3,4.9,7.2,0.8,0.6,3.6,1.4,3.5,7.9)
(2004,Rk,Player,Pos,Age,Tm,G,GS,MP,FG,FGA,FG%,3P,3PA,3P,2P,2PA,2P,eFG%,FT,FTA,FT%,ORB,DRB,TRB,AST,STL,BLK,TOV,PF,PTS)
(2004,344,Clifford Robinson,PF,37,GSW,82,82,34.7,4.5,11.5,.387,1.4,3.8,.357,3.1,7.7,.403,.447,1.5,2.1,.711,0.7,3.3,3.9,3.3,0.8,0.9,2.1,2.9,11.8)
(2004,348,Sean Rooks,C,34,TOT,55,0,10.8,1.0,2.7,.358,0.0,0.0,.000,1.0,2.7,.360,.358,0.6,0.7,.892,0.4,1.3,1.8,0.5,0.3,0.2,0.4,1.6,2.6)
(2004,352,Kareem Rush,SG,23,LAL,72,15,17.3,2.6,6.0,.440,0.7,1.9,.348,2.0,4.1,.483,.495,0.4,0.7,.596,0.3,1.1,1.3,0.8,0.5,0.3,0.7,1.5,6.4)
(2004,356,Daniel Santiago,C,27,MIL,54,28,13.1,1.4,3.0,.479,0.0,0.0,,1.4,3.0,.479,.479,1.1,1.7,.678,0.6,1.8,2.4,0.4,0.4,0.4,0.6,1.8,4.0)
(2004,360,Bobby Simmons,SF,23,LAC,56,8,24.6,2.6,6.7,.394,0.0,0.2,.167,2.6,6.4,.402,.397,2.5,3.0,.834,2.1,2.6,4.7,1.7,0.9,0.3,1.3,3.0,7.8)
(2004,363,Jabari Smith,C,26,SAC,31,0,5.4,0.8,2.3,.371,0.0,0.1,.000,0.8,2.2,.388,.371,0.4,0.6,.600,0.4,0.6,1.0,0.4,0.1,0.2,0.2,0.8,2.1)
(2004,367,Theron Smith,SF,23,MEM,20,0,8.9,0.8,2.2,.372,0.3,0.6,.500,0.5,1.6,.323,.442,0.3,0.4,.750,0.7,1.4,2.1,0.4,0.3,0.3,0.7,0.9,2.2)
(2004,371,Jerry Stackhouse,SF,29,WAS,26,17,29.8,4.9,12.3,.399,0.9,2.5,.354,4.0,9.8,.410,.435,3.2,4.0,.806,0.6,3.0,3.6,4.0,0.9,0.1,3.4,1.9,13.9)
(2004,375,Peja Stojakovic,SF,26,SAC,81,81,40.3,8.2,17.1,.480,3.0,6.8,.433,5.2,10.3,.511,.566,4.9,5.2,.927,1.1,5.1,6.3,2.1,1.3,0.2,1.9,2.0,24.2)
(2004,379,Rod Strickland,PG,37,TOT,61,10,19.6,2.5,5.8,.425,0.2,0.6,.278,2.3,5.2,.442,.439,1.2,1.6,.735,0.6,2.0,2.5,4.0,0.6,0.2,1.4,1.2,6.3)
(2004,382,Mike Sweetney,PF,21,NYK,42,1,11.8,1.6,3.3,.493,0.0,0.0,.000,1.6,3.3,.496,.493,1.0,1.4,.724,1.6,2.1,3.7,0.3,0.4,0.3,0.8,1.4,4.3)
(2004,386,Jason Terry,PG,26,ATL,81,78,37.3,6.2,14.8,.417,1.8,5.2,.347,4.4,9.6,.455,.478,2.7,3.2,.827,0.6,3.5,4.1,5.4,1.5,0.2,2.8,2.4,16.8)
(2004,390,Tim Thomas,SF,26,TOT,66,65,31.7,5.5,12.3,.446,1.1,2.9,.376,4.4,9.4,.468,.491,2.6,3.3,.784,1.0,3.9,4.8,1.9,1.0,0.3,1.8,3.0,14.7)
(2004,394,Jeff Trepagnier,SG,24,DEN,11,0,8.7,0.9,3.5,.263,0.2,0.4,.500,0.7,3.1,.235,.289,0.3,0.5,.500,0.5,0.8,1.4,0.4,0.3,0.0,0.5,0.6,2.3)
(2004,398,Hedo Turkoglu,SF,24,SAS,80,44,25.9,3.3,8.1,.406,1.3,3.0,.419,2.0,5.1,.399,.484,1.4,2.0,.708,0.7,3.8,4.5,1.9,1.0,0.4,1.2,2.1,9.2)
(2004,401,Keith Van Horn,SF,28,TOT,72,62,32.5,5.7,12.5,.454,1.3,3.2,.399,4.4,9.3,.473,.506,3.5,4.0,.859,2.1,4.9,7.0,1.7,0.9,0.5,2.3,3.0,16.1)
(2004,405,Dwyane Wade,PG,22,MIA,61,56,34.9,6.1,13.1,.465,0.3,0.9,.302,5.8,12.2,.477,.475,3.8,5.1,.747,1.4,2.7,4.0,4.5,1.4,0.6,3.2,2.3,16.2)
(2004,409,Ben Wallace,C,29,DET,81,81,37.7,3.9,9.2,.421,0.0,0.1,.125,3.9,9.1,.424,.422,1.8,3.6,.490,4.0,8.4,12.4,1.7,1.8,3.0,1.5,2.0,9.5)
(2004,413,Luke Walton,PF,23,LAL,72,2,10.1,0.9,2.1,.425,0.2,0.5,.333,0.7,1.6,.456,.467,0.4,0.6,.705,0.5,1.2,1.8,1.6,0.4,0.1,0.6,1.0,2.4)
(2004,417,Chris Webber,PF,30,SAC,23,23,36.1,7.6,18.3,.413,0.0,0.2,.200,7.5,18.1,.416,.414,3.5,5.0,.711,2.1,6.6,8.7,4.6,1.3,0.9,2.6,3.3,18.7)
(2004,Rk,Player,Pos,Age,Tm,G,GS,MP,FG,FGA,FG%,3P,3PA,3P,2P,2PA,2P,eFG%,FT,FTA,FT%,ORB,DRB,TRB,AST,STL,BLK,TOV,PF,PTS)
(2004,424,Chris Whitney,PG,32,WAS,16,5,11.6,1.1,2.8,.378,0.5,1.1,.444,0.6,1.7,.333,.467,0.3,0.3,1.000,0.2,0.8,0.9,0.9,0.4,0.1,0.4,0.4,2.9)
(2004,428,Alvin Williams,SG,29,TOR,56,54,30.9,3.6,8.9,.405,0.5,1.6,.292,3.1,7.3,.430,.431,1.2,1.5,.776,0.3,2.4,2.7,4.0,1.0,0.2,1.4,2.0,8.8)
(2004,432,Jerome Williams,PF,30,TOT,68,44,24.1,2.3,4.9,.470,0.0,0.1,.000,2.3,4.8,.482,.470,1.6,2.3,.684,2.6,4.4,7.0,1.1,1.3,0.1,1.1,2.0,6.2)
(2004,436,Corliss Williamson,PF,30,DET,79,0,19.9,3.8,7.6,.505,0.0,0.0,,3.8,7.6,.505,.505,1.8,2.5,.731,1.1,2.1,3.2,0.7,0.4,0.3,1.4,2.6,9.5)
(2004,440,Metta World Peace,SF,24,IND,73,71,37.2,6.4,15.2,.421,1.0,3.3,.310,5.4,11.9,.452,.455,4.4,6.0,.733,1.4,3.9,5.3,3.7,2.1,0.7,2.8,2.7,18.3)
