(2004,3,Ray Allen,SG,28,SEA,56,56,38.4,8.0,18.2,.440,2.6,6.8,.392,5.3,11.4,.468,.512,4.4,4.8,.904,1.2,3.9,5.1,4.8,1.3,0.2,2.8,2.4,23.0)
(2004,7,Kenny Anderson,PG,33,IND,44,31,20.6,2.6,5.8,.441,0.0,0.1,.250,2.5,5.7,.444,.443,0.8,1.1,.729,0.4,1.4,1.8,2.8,0.6,0.1,1.1,1.7,6.0)
(2004,11,Gilbert Arenas,PG,22,WAS,55,52,37.6,6.5,16.6,.392,2.3,6.1,.375,4.2,10.6,.401,.460,4.3,5.8,.748,1.0,3.6,4.6,5.0,1.9,0.2,4.1,3.2,19.6)
(2004,15,Chucky Atkins,PG,29,TOT,64,24,24.1,3.0,7.6,.397,1.3,3.8,.336,1.7,3.8,.457,.480,1.1,1.5,.753,0.1,1.3,1.5,3.5,0.7,0.0,1.4,1.6,8.4)
(2004,19,Leandro Barbosa,PG,21,PHO,70,46,21.4,3.0,6.7,.447,1.2,3.0,.395,1.8,3.7,.488,.535,0.7,0.9,.770,0.3,1.4,1.8,2.4,1.3,0.1,1.7,2.6,7.9)
(2004,22,Brent Barry,SG,32,SEA,59,53,30.6,3.6,7.2,.504,1.9,4.3,.452,1.7,3.0,.577,.637,1.5,1.9,.827,0.4,3.1,3.5,5.8,1.4,0.3,2.4,2.1,10.8)
(2004,26,Shane Battier,SF,25,MEM,79,1,24.6,3.1,6.9,.446,0.8,2.4,.349,2.2,4.5,.496,.506,1.5,2.1,.732,1.3,2.5,3.8,1.3,1.3,0.7,0.7,2.4,8.5)
(2004,30,Troy Bell,PG,23,MEM,6,0,5.7,0.7,3.0,.222,0.0,0.7,.000,0.7,2.3,.286,.222,0.5,0.5,1.000,0.5,0.2,0.7,0.7,0.2,0.0,1.0,1.0,1.8)
(2004,34,Chauncey Billups,PG,27,DET,78,78,35.4,5.0,12.8,.394,1.7,4.3,.388,3.4,8.5,.396,.459,5.2,5.9,.878,0.4,3.1,3.5,5.7,1.1,0.1,2.4,2.3,16.9)
(2004,38,Keith Bogans,SF,23,ORL,73,36,24.5,2.5,6.2,.403,0.9,2.6,.358,1.6,3.7,.434,.477,0.9,1.4,.631,1.5,2.9,4.3,1.3,0.6,0.1,1.0,1.8,6.8)
(2004,41,Curtis Borchardt,C,23,UTA,16,0,16.1,1.4,3.5,.393,0.0,0.1,.000,1.4,3.4,.400,.393,0.9,1.1,.778,0.8,2.6,3.4,0.9,0.3,0.9,1.1,2.5,3.6)
(2004,45,Ryan Bowen,PF,28,DEN,52,1,7.5,0.3,1.0,.340,0.0,0.0,,0.3,1.0,.340,.340,0.2,0.2,.833,0.8,0.9,1.7,0.3,0.3,0.3,0.1,0.9,0.9)
(2004,49,Torraye Braggs,PF,27,TOT,15,0,10.3,1.1,2.2,.485,0.0,0.0,,1.1,2.2,.485,.485,0.5,0.8,.667,1.2,1.4,2.6,0.5,0.3,0.1,0.9,1.9,2.7)
(2004,53,Primoz Brezec,C,24,IND,18,0,4.0,0.7,1.4,.462,0.0,0.0,,0.7,1.4,.462,.462,0.2,0.3,.667,0.3,0.6,0.8,0.2,0.0,0.2,0.3,0.7,1.6)
(2004,57,Kwame Brown,PF,21,WAS,74,57,30.3,3.9,8.0,.489,0.0,0.0,.500,3.9,7.9,.489,.490,3.1,4.5,.683,2.4,5.0,7.4,1.5,0.9,0.7,1.9,1.9,10.9)
(2004,Rk,Player,Pos,Age,Tm,G,GS,MP,FG,FGA,FG%,3P,3PA,3P,2P,2PA,2P,eFG%,FT,FTA,FT%,ORB,DRB,TRB,AST,STL,BLK,TOV,PF,PTS)
(2004,64,Caron Butler,SF,23,MIA,68,56,29.9,3.5,9.3,.380,0.1,0.6,.238,3.4,8.7,.390,.388,2.0,2.6,.756,1.4,3.4,4.8,1.9,1.1,0.2,1.3,2.4,9.2)
(2004,68,Marcus Camby,C,29,DEN,72,72,30.0,3.6,7.6,.477,0.0,0.0,.000,3.6,7.6,.479,.477,1.4,1.9,.721,2.9,7.2,10.1,1.8,1.2,2.6,1.4,3.3,8.6)
(2004,72,Anthony Carter,PG,28,SAS,5,2,17.4,2.2,7.4,.297,0.0,0.6,.000,2.2,6.8,.324,.297,0.0,0.0,,0.4,1.8,2.2,2.4,0.8,0.0,2.4,1.8,4.4)
(2004,76,Kelvin Cato,PF,29,HOU,69,67,25.3,2.3,5.2,.447,0.0,0.0,,2.3,5.2,.447,.447,1.4,2.1,.676,2.2,4.6,6.8,1.0,0.8,1.4,1.2,2.9,6.1)
(2004,80,Keon Clark,PF,28,UTA,2,0,13.5,1.0,3.0,.333,0.0,0.0,,1.0,3.0,.333,.333,0.0,0.0,,0.5,3.0,3.5,0.5,0.5,0.0,0.0,0.5,2.0)
(2004,83,Derrick Coleman,C,36,PHI,34,30,24.8,3.1,7.6,.413,0.2,1.1,.222,2.9,6.6,.444,.429,1.4,1.9,.754,1.3,4.3,5.6,1.4,0.7,0.8,1.7,2.3,8.0)
(2004,87,Jason Collins,C,25,NJN,78,78,28.5,2.1,4.9,.424,0.0,0.0,.000,2.1,4.9,.427,.424,1.7,2.4,.739,1.8,3.3,5.1,2.0,0.9,0.7,1.2,3.2,5.9)
(2004,91,Jamal Crawford,SG,23,CHI,80,73,35.1,6.4,16.5,.386,2.1,6.5,.317,4.3,10.0,.432,.449,2.5,3.0,.833,0.6,3.0,3.5,5.1,1.4,0.4,2.4,2.0,17.3)
(2004,95,Samuel Dalembert,C,22,PHI,82,53,26.8,3.3,6.1,.541,0.0,0.0,.000,3.3,6.1,.542,.541,1.4,2.1,.644,2.4,5.3,7.6,0.3,0.5,2.3,1.0,3.3,8.0)
(2004,99,Antonio Davis,C,35,TOT,80,79,32.1,3.3,8.3,.403,0.0,0.0,,3.3,8.3,.403,.403,2.2,2.9,.765,2.6,5.8,8.4,1.7,0.5,0.8,1.4,2.6,8.9)
(2004,102,Hubert Davis,SG,33,TOT,17,0,4.6,0.1,0.6,.091,0.0,0.1,.000,0.1,0.6,.100,.091,0.1,0.1,1.000,0.1,0.4,0.5,0.2,0.1,0.0,0.2,0.7,0.2)
(2004,106,Tony Delk,SG,30,DAL,33,11,15.4,2.1,5.6,.380,0.6,2.0,.303,1.5,3.6,.424,.435,1.1,1.3,.841,0.5,1.3,1.8,0.8,0.8,0.2,0.5,1.4,6.0)
(2004,110,Kaniel Dickens,PF,25,POR,3,0,4.0,1.0,1.0,1.000,0.0,0.0,,1.0,1.0,1.000,1.000,0.3,0.7,.500,0.7,0.0,0.7,0.0,0.0,0.0,0.3,1.0,2.3)
(2004,114,Michael Doleac,C,26,TOT,72,0,14.3,1.9,4.5,.435,0.0,0.0,,1.9,4.5,.435,.435,0.6,0.7,.865,1.2,2.5,3.7,0.6,0.3,0.5,0.7,2.0,4.5)
(2004,118,Tim Duncan,PF,27,SAS,69,68,36.6,8.6,17.1,.501,0.0,0.2,.167,8.6,16.9,.505,.502,5.1,8.5,.599,3.3,9.2,12.4,3.1,0.9,2.7,2.7,2.4,22.3)
(2004,121,Ndudi Ebi,SF,19,MIN,17,0,1.9,0.4,0.8,.429,0.0,0.0,,0.4,0.8,.429,.429,0.1,0.2,.250,0.1,0.1,0.2,0.2,0.0,0.2,0.2,0.4,0.8)
(2004,125,Reggie Evans,PF,23,SEA,75,27,17.1,0.9,2.2,.406,0.0,0.0,.000,0.9,2.2,.414,.406,1.1,2.0,.561,2.1,3.4,5.4,0.4,0.7,0.1,0.9,2.3,2.9)
(2004,129,Marcus Fizer,SF,25,CHI,46,2,16.0,2.9,7.6,.383,0.0,0.4,.118,2.9,7.2,.396,.386,2.0,2.6,.750,1.3,3.1,4.4,0.9,0.3,0.2,1.1,2.1,7.8)
(2004,133,Jeff Foster,C,27,IND,82,79,23.9,2.4,4.4,.544,0.0,0.0,.000,2.4,4.4,.550,.544,1.3,1.9,.669,3.0,4.4,7.4,0.8,0.9,0.3,0.7,2.3,6.1)
(2004,137,Richie Frahm,SF,26,SEA,54,0,8.7,1.2,2.6,.453,0.6,1.7,.370,0.5,0.9,.617,.576,0.4,0.5,.885,0.2,0.8,1.0,0.4,0.3,0.1,0.1,0.9,3.4)
(2004,Rk,Player,Pos,Age,Tm,G,GS,MP,FG,FGA,FG%,3P,3PA,3P,2P,2PA,2P,eFG%,FT,FTA,FT%,ORB,DRB,TRB,AST,STL,BLK,TOV,PF,PTS)
(2004,144,Pat Garrity,PF,27,ORL,2,0,11.0,0.5,1.5,.333,0.0,0.0,,0.5,1.5,.333,.333,0.0,0.0,,0.0,0.0,0.0,0.5,0.0,0.0,0.0,1.0,1.0)
(2004,148,Kendall Gill,SG,35,CHI,56,35,25.2,3.8,9.8,.392,0.2,0.7,.237,3.7,9.1,.404,.401,1.8,2.4,.735,1.1,2.3,3.4,1.6,1.2,0.3,1.5,1.9,9.6)
(2004,152,Anthony Goldwire,PG,32,TOT,11,0,7.7,0.6,2.0,.318,0.2,0.7,.250,0.5,1.3,.357,.364,0.1,0.1,1.000,0.1,0.5,0.6,1.0,0.5,0.0,0.3,0.5,1.5)
(2004,156,Paul Grant,C,30,UTA,10,0,9.8,1.1,2.3,.478,0.0,0.0,,1.1,2.3,.478,.478,0.3,0.8,.375,0.7,1.0,1.7,0.3,0.1,0.1,0.7,1.7,2.5)
(2004,160,Marcus Haislip,PF,23,MIL,31,0,8.5,1.2,2.4,.486,0.0,0.1,.500,1.1,2.3,.486,.493,0.6,0.9,.714,0.7,1.0,1.7,0.1,0.2,0.4,0.3,0.8,3.0)
(2004,163,Zendon Hamilton,C,28,PHI,46,0,10.3,1.1,2.1,.537,0.0,0.0,,1.1,2.1,.537,.537,1.5,2.1,.698,1.1,2.1,3.2,0.3,0.2,0.2,0.6,1.6,3.7)
(2004,167,Matt Harpring,SF,27,UTA,31,31,36.6,6.2,13.2,.471,0.3,1.1,.242,6.0,12.2,.491,.480,3.5,5.1,.688,2.9,5.0,8.0,2.0,0.7,0.1,2.1,3.3,16.2)
(2004,171,Jason Hart,PG,25,SAS,53,5,12.5,1.3,3.0,.447,0.0,0.2,.222,1.3,2.8,.460,.453,0.6,0.8,.767,0.2,1.3,1.5,1.5,0.5,0.1,0.5,1.1,3.3)
(2004,175,Jarvis Hayes,SF,22,WAS,70,42,29.2,4.0,9.9,.400,0.6,1.9,.305,3.4,8.1,.422,.429,1.1,1.4,.786,1.0,2.8,3.8,1.5,1.0,0.2,1.6,2.2,9.6)
(2004,179,Nene Hilario,PF,21,DEN,77,77,32.5,4.3,8.2,.530,0.0,0.0,.000,4.3,8.2,.532,.530,3.1,4.6,.682,2.0,4.5,6.5,2.2,1.5,0.5,2.4,3.6,11.8)
(2004,182,Fred Hoiberg,SG,31,MIN,79,3,22.8,2.3,4.8,.465,1.0,2.2,.442,1.3,2.7,.483,.564,1.2,1.5,.845,0.3,3.1,3.4,1.4,0.8,0.1,0.6,1.7,6.7)
(2004,186,Josh Howard,SF,23,DAL,67,29,23.7,3.4,7.9,.430,0.3,1.0,.303,3.1,7.0,.448,.449,1.4,2.1,.703,2.2,3.3,5.5,1.4,1.0,0.8,1.0,2.5,8.6)
(2004,190,Ryan Humphrey,PF,24,MEM,2,0,5.5,0.5,2.0,.250,0.0,0.5,.000,0.5,1.5,.333,.250,0.0,0.0,,1.0,0.5,1.5,0.5,0.5,0.0,1.0,1.5,1.0)
(2004,194,Zydrunas Ilgauskas,C,28,CLE,81,81,31.3,5.8,11.9,.483,0.0,0.1,.286,5.7,11.8,.484,.484,3.7,5.0,.746,3.4,4.6,8.1,1.3,0.5,2.5,2.0,3.4,15.3)
(2004,198,Marc Jackson,PF,29,PHI,22,13,27.2,3.2,7.8,.415,0.0,0.0,.000,3.2,7.7,.418,.415,2.9,3.7,.790,2.0,3.7,5.7,0.8,0.5,0.3,1.1,2.0,9.4)
(2004,201,Casey Jacobsen,SF,22,PHO,78,13,23.4,1.9,4.6,.417,1.0,2.3,.417,1.0,2.3,.417,.521,1.2,1.4,.820,0.5,2.0,2.6,1.3,0.6,0.1,0.9,1.8,6.0)
(2004,205,Antawn Jamison,SF,27,DAL,82,2,29.0,6.0,11.1,.535,0.2,0.5,.400,5.8,10.6,.541,.543,2.7,3.6,.748,2.8,3.5,6.3,0.9,1.0,0.4,1.0,2.1,14.8)
(2004,209,Jared Jeffries,PF,22,WAS,82,38,23.3,2.2,5.7,.377,0.1,0.4,.167,2.1,5.4,.392,.383,1.3,2.1,.614,2.2,3.0,5.2,1.1,0.6,0.3,1.3,2.6,5.7)
(2004,213,DerMarr Johnson,SF,23,NYK,21,1,13.7,1.7,4.6,.371,0.6,1.7,.361,1.1,2.9,.377,.438,1.3,1.5,.903,0.2,1.6,1.9,0.5,0.4,0.3,0.8,1.5,5.4)
(2004,217,Dahntay Jones,SG,23,MEM,20,0,7.7,0.8,2.7,.283,0.1,0.2,.250,0.7,2.5,.286,.292,0.3,0.6,.455,0.4,0.8,1.2,0.6,0.3,0.3,0.6,1.2,1.8)
(2004,Rk,Player,Pos,Age,Tm,G,GS,MP,FG,FGA,FG%,3P,3PA,3P,2P,2PA,2P,eFG%,FT,FTA,FT%,ORB,DRB,TRB,AST,STL,BLK,TOV,PF,PTS)
(2004,225,Jason Kapono,SF,22,CLE,41,3,10.4,1.3,3.1,.403,0.5,1.1,.477,0.8,2.1,.365,.484,0.5,0.6,.833,0.5,0.9,1.3,0.3,0.3,0.0,0.5,1.0,3.5)
(2004,229,Brevin Knight,PG,28,TOT,56,13,18.5,1.9,4.4,.427,0.0,0.1,.250,1.8,4.3,.433,.431,0.9,1.2,.754,0.3,1.8,2.0,3.6,1.5,0.0,1.3,1.9,4.7)
(2004,233,Raef LaFrentz,C,27,BOS,17,1,19.3,3.4,7.3,.460,0.5,2.4,.200,2.9,4.9,.583,.492,0.6,0.8,.769,1.8,2.9,4.6,1.4,0.5,0.8,0.6,2.8,7.8)
(2004,237,Rusty LaRue,PG,30,GSW,4,0,5.5,0.3,0.8,.333,0.3,0.3,1.000,0.0,0.5,.000,.500,0.3,0.5,.500,0.0,0.8,0.8,0.5,0.5,0.0,1.0,0.5,1.0)
(2004,Rk,Player,Pos,Age,Tm,G,GS,MP,FG,FGA,FG%,3P,3PA,3P,2P,2PA,2P,eFG%,FT,FTA,FT%,ORB,DRB,TRB,AST,STL,BLK,TOV,PF,PTS)
(2004,244,George Lynch,SF,33,NOH,78,51,21.8,1.9,4.8,.397,0.6,1.8,.309,1.4,3.0,.449,.455,0.4,0.7,.667,1.2,2.8,4.0,1.5,0.6,0.2,0.8,2.0,4.8)
(2004,248,Karl Malone*,PF,40,LAL,42,42,32.7,4.6,9.5,.483,0.0,0.0,.000,4.6,9.5,.484,.483,4.0,5.4,.747,1.5,7.3,8.7,3.9,1.2,0.5,2.5,2.8,13.2)
(2004,252,Darrick Martin,PG,32,MIN,16,0,10.8,1.3,4.2,.299,0.4,1.6,.231,0.9,2.6,.341,.343,0.6,0.6,1.000,0.1,0.3,0.4,1.4,0.1,0.1,0.4,1.4,3.4)
(2004,256,Roger Mason,SG,23,TOT,26,3,12.6,1.2,3.8,.327,0.5,1.5,.333,0.7,2.3,.322,.393,0.7,0.8,.864,0.0,1.2,1.2,1.0,0.4,0.2,0.8,1.4,3.7)
(2004,260,Jelani McCoy,C,26,CLE,2,0,6.0,0.0,0.0,,0.0,0.0,,0.0,0.0,,,0.0,0.0,,0.5,1.5,2.0,0.0,0.0,0.0,0.5,2.0,0.0)
(2004,263,Jeff McInnis,SG-PG,29,TOT,70,57,33.8,4.8,10.7,.447,0.7,1.8,.362,4.1,8.9,.465,.478,1.6,2.0,.797,0.5,2.0,2.5,6.1,1.0,0.1,1.7,2.3,11.8)
(2004,267,Ron Mercer,SG,27,SAS,39,0,13.2,2.3,5.4,.427,0.1,0.2,.286,2.3,5.2,.431,.431,0.3,0.4,.765,0.3,1.0,1.3,0.6,0.4,0.1,0.7,0.9,5.0)
(2004,271,Andre Miller,PG,27,DEN,82,82,34.6,5.2,11.5,.457,0.1,0.8,.185,5.1,10.7,.477,.463,4.2,5.0,.832,1.5,2.9,4.5,6.1,1.7,0.3,2.6,2.4,14.8)
(2004,275,Reggie Miller*,SG,38,IND,80,80,28.2,3.3,7.4,.438,1.7,4.2,.401,1.6,3.3,.485,.551,1.8,2.1,.885,0.2,2.1,2.4,3.1,0.8,0.1,0.9,1.2,10.0)
(2004,279,Jerome Moiso,PF,25,TOR,35,1,11.9,1.1,2.4,.476,0.0,0.0,.000,1.1,2.4,.482,.476,0.6,1.1,.579,1.2,2.1,3.2,0.2,0.5,0.3,0.7,1.2,2.9)
(2004,282,Troy Murphy,PF,23,GSW,28,0,21.8,3.8,8.7,.440,0.2,0.6,.294,3.6,8.1,.451,.451,2.1,2.9,.750,1.7,4.5,6.2,0.7,0.4,0.6,1.2,2.1,10.0)
(2004,286,Dikembe Mutombo*,C,37,NYK,65,56,23.0,2.2,4.5,.478,0.0,0.0,,2.2,4.5,.478,.478,1.2,1.8,.681,2.2,4.5,6.7,0.4,0.3,1.9,0.8,2.2,5.6)
(2004,290,Eduardo Najera,SF,27,DAL,58,7,12.4,1.2,2.8,.444,0.0,0.1,.500,1.2,2.7,.443,.451,0.5,0.8,.652,1.2,1.5,2.7,0.4,0.6,0.3,0.5,1.6,3.0)
(2004,294,Moochie Norris,PG,30,TOT,66,0,12.8,1.2,3.3,.369,0.3,0.9,.345,0.9,2.4,.377,.415,0.8,1.1,.761,0.2,0.8,1.0,1.8,0.7,0.1,1.0,0.8,3.5)
(2004,298,Charles Oakley,PF,40,HOU,7,0,3.6,0.3,0.9,.333,0.0,0.0,,0.3,0.9,.333,.333,0.7,0.9,.833,0.0,0.7,0.7,0.3,0.0,0.0,0.1,1.1,1.3)
(2004,301,Kevin Ollie,PG,31,CLE,82,7,17.1,1.2,3.1,.370,0.0,0.1,.444,1.1,3.0,.367,.377,1.8,2.1,.835,0.3,1.8,2.1,2.9,0.6,0.1,1.0,1.5,4.2)
(2004,305,Travis Outlaw,PF,19,POR,8,0,2.4,0.4,0.9,.429,0.0,0.0,,0.4,0.9,.429,.429,0.3,0.5,.500,0.3,0.3,0.5,0.1,0.1,0.0,0.1,0.1,1.0)
(2004,309,Scott Padgett,PF,27,HOU,58,5,9.4,1.3,2.9,.443,0.5,1.1,.431,0.8,1.8,.451,.527,0.4,0.6,.750,0.8,1.6,2.4,0.4,0.2,0.2,0.4,1.3,3.4)
(2004,313,Cherokee Parks,C,31,GSW,12,0,5.3,0.3,0.8,.400,0.0,0.0,,0.3,0.8,.400,.400,0.3,0.5,.667,0.3,0.5,0.8,0.1,0.0,0.3,0.2,0.6,1.0)
(2004,317,Anthony Peeler,SG,34,SAC,75,0,18.5,2.1,4.6,.448,0.9,1.9,.482,1.2,2.8,.425,.546,0.7,0.8,.836,0.4,1.6,2.0,1.6,0.7,0.1,1.0,1.4,5.7)
(2004,Rk,Player,Pos,Age,Tm,G,GS,MP,FG,FGA,FG%,3P,3PA,3P,2P,2PA,2P,eFG%,FT,FTA,FT%,ORB,DRB,TRB,AST,STL,BLK,TOV,PF,PTS)
(2004,324,Paul Pierce,SG,26,BOS,80,80,38.7,7.5,18.7,.402,1.4,4.8,.299,6.1,13.9,.438,.441,6.5,7.9,.819,0.9,5.7,6.5,5.1,1.6,0.7,3.8,2.9,23.0)
(2004,328,Scot Pollard,C,28,IND,61,3,11.1,0.8,1.9,.412,0.0,0.0,,0.8,1.9,.412,.412,0.2,0.3,.571,1.1,1.6,2.7,0.2,0.4,0.4,0.4,1.8,1.7)
(2004,332,Vitaly Potapenko,C,28,SEA,65,39,21.8,3.1,6.3,.489,0.0,0.0,,3.1,6.3,.489,.489,0.9,1.4,.641,1.6,2.9,4.4,0.8,0.3,0.4,1.2,2.5,7.1)
(2004,336,Zach Randolph,PF,22,POR,81,80,37.9,8.2,16.9,.485,0.0,0.1,.200,8.2,16.8,.486,.485,3.7,4.9,.761,3.0,7.5,10.5,2.0,0.8,0.5,3.0,2.8,20.1)
(2004,340,Glen Rice,SF,36,LAC,18,0,14.6,1.2,4.2,.289,0.3,1.6,.179,0.9,2.7,.354,.322,0.9,0.9,1.000,0.5,1.8,2.3,1.3,0.3,0.0,0.7,1.2,3.7)
(2004,343,Luke Ridnour,PG,22,SEA,69,6,16.1,2.1,5.1,.414,0.4,1.2,.338,1.7,3.9,.437,.453,0.9,1.1,.823,0.5,1.1,1.6,2.4,0.8,0.1,1.2,1.5,5.5)
(2004,347,Rodney Rogers,PF,32,NJN,69,15,20.4,3.0,7.3,.410,0.7,2.2,.329,2.3,5.1,.445,.459,1.1,1.4,.765,1.4,3.0,4.4,2.0,0.9,0.4,1.4,2.7,7.8)
(2004,351,Michael Ruffin,PF,27,UTA,41,23,17.9,0.9,2.9,.325,0.0,0.0,,0.9,2.9,.325,.325,0.4,0.9,.421,1.9,3.1,5.0,1.0,0.5,0.5,1.0,2.5,2.2)
(2004,355,Jamal Sampson,C,20,LAL,10,2,13.0,1.1,2.3,.478,0.0,0.0,,1.1,2.3,.478,.478,0.7,1.2,.583,2.3,2.9,5.2,0.7,0.2,0.4,0.6,1.6,2.9)
(2004,359,Paul Shirley,PF,26,CHI,7,0,12.3,1.4,3.3,.435,0.0,0.1,.000,1.4,3.1,.455,.435,0.1,0.4,.333,1.1,1.1,2.3,0.6,0.1,0.1,1.3,1.3,3.0)
(2004,362,Tamar Slay,SG,23,NJN,22,0,7.5,1.0,2.7,.350,0.2,0.5,.333,0.8,2.2,.354,.383,0.3,0.6,.500,0.5,0.7,1.1,0.6,0.3,0.0,0.5,0.9,2.4)
(2004,366,Steve Smith,SG,34,NOH,71,4,13.1,1.7,4.1,.406,0.6,1.5,.402,1.1,2.6,.409,.480,1.1,1.2,.928,0.4,0.8,1.1,0.8,0.2,0.1,0.6,1.3,5.0)
(2004,370,Latrell Sprewell,SF,33,MIN,82,82,37.8,6.3,15.4,.409,1.2,3.6,.331,5.1,11.8,.433,.448,2.9,3.6,.814,0.7,3.1,3.8,3.5,1.1,0.3,1.9,1.2,16.8)
(2004,374,Michael Stewart,C-PF,28,TOT,25,2,5.9,0.2,0.5,.417,0.0,0.0,,0.2,0.5,.417,.417,0.1,0.2,.750,0.3,0.8,1.2,0.0,0.1,0.4,0.1,1.4,0.5)
(2004,378,Erick Strickland,PG,30,MIL,43,0,13.3,1.8,4.6,.403,0.7,1.5,.439,1.2,3.0,.385,.477,1.0,1.2,.863,0.3,1.3,1.7,2.1,0.6,0.0,1.3,1.5,5.4)
(2004,381,Bob Sura,SG,30,TOT,80,18,20.8,2.5,6.1,.416,0.3,1.0,.266,2.3,5.1,.446,.438,2.1,2.8,.757,1.3,2.8,4.1,2.9,0.8,0.2,1.3,2.0,7.5)
(2004,385,Maurice Taylor,PF,27,HOU,75,10,27.7,4.9,10.2,.480,0.0,0.0,.000,4.9,10.2,.481,.480,1.7,2.3,.736,1.7,3.4,5.1,1.4,0.6,0.6,2.0,3.4,11.5)
(2004,389,Kurt Thomas,PF,31,NYK,80,75,31.9,4.9,10.4,.473,0.0,0.0,.000,4.9,10.3,.475,.473,1.3,1.6,.835,1.8,6.5,8.3,1.9,0.7,1.0,1.7,3.7,11.1)
(2004,393,Gary Trent,C,29,MIN,68,2,15.1,2.3,4.8,.473,0.0,0.1,.000,2.3,4.7,.481,.473,1.0,1.3,.758,1.2,2.0,3.2,0.7,0.2,0.3,0.8,1.9,5.6)
(2004,397,Nikoloz Tskitishvili,PF,20,DEN,39,0,7.9,1.0,3.1,.328,0.1,0.3,.273,0.9,2.8,.333,.340,0.6,0.7,.793,0.6,1.0,1.6,0.3,0.2,0.2,0.4,1.3,2.7)
(2004,Rk,Player,Pos,Age,Tm,G,GS,MP,FG,FGA,FG%,3P,3PA,3P,2P,2PA,2P,eFG%,FT,FTA,FT%,ORB,DRB,TRB,AST,STL,BLK,TOV,PF,PTS)
(2004,404,Slavko Vranes,C,21,POR,1,0,3.0,0.0,1.0,.000,0.0,0.0,,0.0,1.0,.000,.000,0.0,0.0,,0.0,0.0,0.0,0.0,0.0,0.0,0.0,1.0,0.0)
(2004,408,Samaki Walker,PF,27,MIA,33,0,12.7,1.2,3.0,.384,0.0,0.1,.000,1.2,2.9,.392,.384,0.9,1.3,.659,1.3,2.1,3.4,0.2,0.3,0.3,0.5,1.6,3.2)
(2004,412,Rasheed Wallace,PF,29,TOT,68,66,35.1,6.3,14.3,.436,1.2,3.6,.331,5.0,10.7,.472,.478,2.3,3.1,.736,1.5,5.3,6.8,2.3,0.9,1.8,1.8,2.8,16.0)
(2004,416,Clarence Weatherspoon,PF,33,TOT,52,1,16.7,2.0,4.1,.493,0.0,0.0,.000,2.0,4.0,.495,.493,1.0,1.4,.736,1.4,2.5,3.9,0.6,0.6,0.3,0.7,1.4,5.0)
(2004,420,David Wesley,SG,33,NOH,61,60,32.8,5.1,13.1,.389,1.5,4.7,.323,3.6,8.4,.425,.446,2.2,3.0,.753,0.5,1.7,2.2,2.9,1.2,0.2,1.6,2.4,14.0)
(2004,423,Rodney White,SF,23,DEN,72,0,13.7,3.0,6.5,.459,0.5,1.2,.379,2.5,5.3,.478,.495,1.1,1.4,.750,0.6,1.7,2.3,0.8,0.4,0.3,1.1,1.5,7.5)
(2004,427,Aaron Williams,C,32,NJN,72,7,18.6,2.4,4.8,.503,0.0,0.0,.333,2.4,4.7,.504,.504,1.5,2.2,.677,1.4,2.7,4.1,1.1,0.5,0.6,1.2,2.6,6.3)
(2004,431,Jason Williams,PG,28,MEM,72,68,29.4,4.0,9.9,.407,1.7,5.1,.330,2.4,4.8,.487,.491,1.1,1.4,.837,0.3,1.7,2.0,6.8,1.3,0.1,1.9,1.3,10.9)
(2004,435,Shammond Williams,SG-PG,28,TOT,53,4,14.4,1.6,4.4,.375,0.6,1.9,.300,1.1,2.5,.432,.440,1.0,1.1,.879,0.2,1.0,1.1,2.2,0.7,0.0,0.9,1.2,4.8)
(2004,439,Qyntel Woods,SF,22,POR,62,8,10.9,1.4,3.8,.371,0.2,0.5,.345,1.3,3.4,.375,.392,0.6,1.0,.633,0.7,1.5,2.2,0.7,0.3,0.2,0.8,1.4,3.6)
(2004,442,Wang Zhizhi,C,26,TOT,16,0,7.1,1.1,2.9,.370,0.3,0.9,.286,0.8,2.0,.406,.413,0.6,0.6,.900,0.3,0.9,1.1,0.1,0.2,0.3,0.4,0.8,2.9)
