(2004,2,Malik Allen,PF,25,MIA,45,6,13.7,1.8,4.4,.419,0.0,0.0,,1.8,4.4,.419,.419,0.6,0.7,.758,0.9,1.7,2.6,0.4,0.3,0.6,0.6,1.8,4.2)
(2004,6,Derek Anderson,SG,29,POR,51,46,35.5,4.5,12.0,.376,1.5,5.1,.305,3.0,6.9,.428,.440,3.0,3.7,.824,0.5,3.1,3.6,4.5,1.3,0.1,1.8,1.5,13.6)
(2004,10,Robert Archibald,C-PF,23,TOT,32,3,8.0,0.3,1.0,.273,0.0,0.0,,0.3,1.0,.273,.273,0.4,1.0,.452,0.7,1.0,1.6,0.4,0.4,0.1,0.3,1.6,1.0)
(2004,14,Carlos Arroyo,PG,24,UTA,71,71,28.3,4.8,10.8,.441,0.5,1.6,.325,4.2,9.2,.462,.466,2.5,3.2,.804,0.6,2.0,2.6,5.0,0.9,0.1,2.2,2.3,12.6)
(2004,18,Marcus Banks,PG,22,BOS,81,2,17.1,2.2,5.5,.400,0.3,1.1,.314,1.9,4.4,.421,.431,1.2,1.6,.756,0.4,1.3,1.6,2.2,1.1,0.2,1.5,2.1,5.9)
(2004,21,Dana Barros,SG,36,BOS,1,0,11.0,2.0,3.0,.667,0.0,0.0,,2.0,3.0,.667,.667,2.0,2.0,1.000,0.0,0.0,0.0,0.0,0.0,0.0,0.0,2.0,6.0)
(2004,25,Tony Battie,C,27,TOT,73,7,20.2,2.3,5.3,.443,0.0,0.1,.222,2.3,5.1,.448,.445,0.9,1.2,.742,1.6,3.3,4.9,0.8,0.4,0.9,0.9,2.2,5.6)
(2004,29,Raja Bell,SG,27,UTA,82,4,24.6,4.0,9.8,.409,0.8,2.0,.373,3.3,7.8,.418,.447,2.4,3.0,.786,0.7,2.2,2.9,1.3,0.8,0.2,1.4,3.2,11.2)
(2004,33,Mike Bibby,PG,25,SAC,82,82,36.3,6.4,14.3,.450,1.8,4.6,.392,4.6,9.7,.479,.514,3.7,4.5,.815,0.8,2.6,3.4,5.4,1.4,0.2,2.1,1.8,18.4)
(2004,37,Mark Blount,C,28,BOS,82,73,29.3,4.2,7.4,.566,0.0,0.0,,4.2,7.4,.566,.566,1.9,2.7,.719,2.5,4.7,7.2,0.9,1.0,1.3,1.8,3.1,10.3)
(2004,Rk,Player,Pos,Age,Tm,G,GS,MP,FG,FGA,FG%,3P,3PA,3P,2P,2PA,2P,eFG%,FT,FTA,FT%,ORB,DRB,TRB,AST,STL,BLK,TOV,PF,PTS)
(2004,44,Bruce Bowen,SF,32,SAS,82,82,32.0,2.6,6.1,.420,0.9,2.6,.363,1.6,3.5,.462,.497,0.8,1.4,.579,0.5,2.5,3.1,1.4,1.0,0.4,1.1,2.0,6.9)
(2004,48,Shawn Bradley,C,31,DAL,66,5,11.7,1.3,2.8,.473,0.0,0.0,.000,1.3,2.8,.476,.473,0.6,0.7,.837,1.1,1.5,2.6,0.3,0.5,1.1,0.3,2.0,3.3)
(2004,52,Jamison Brewer,PG,23,IND,13,1,12.3,1.0,2.7,.371,0.4,1.1,.357,0.6,1.6,.381,.443,0.1,0.5,.167,0.2,0.7,0.8,1.3,0.5,0.0,0.8,0.7,2.5)
(2004,56,Kedrick Brown,SF,22,TOT,55,26,17.6,2.1,4.6,.461,0.7,1.8,.384,1.4,2.8,.510,.535,0.3,0.5,.630,0.7,1.9,2.7,1.2,0.5,0.1,0.5,1.5,5.3)
(2004,60,Rick Brunson,PG,31,TOT,40,0,10.3,1.0,2.6,.381,0.3,0.6,.478,0.7,2.1,.354,.433,0.7,0.8,.871,0.2,0.7,0.9,2.1,0.6,0.1,0.8,1.1,3.0)
(2004,63,Rodney Buford,SF,26,SAC,22,0,6.4,0.9,2.5,.339,0.0,0.1,.000,0.9,2.5,.352,.339,0.1,0.3,.500,0.3,0.4,0.7,0.3,0.3,0.0,0.2,0.4,1.9)
(2004,67,Zarko Cabarkapa,PF,22,PHO,49,4,11.6,1.7,4.0,.411,0.1,0.7,.188,1.5,3.4,.455,.426,0.7,1.1,.660,0.5,1.5,2.0,0.8,0.2,0.3,1.1,1.5,4.1)
(2004,71,Matt Carroll,SG,23,TOT,16,0,4.4,0.4,1.0,.438,0.1,0.2,.333,0.4,0.8,.462,.469,0.3,0.4,.667,0.1,0.3,0.4,0.1,0.1,0.0,0.4,0.5,1.2)
(2004,75,Sam Cassell,PG,34,MIN,81,81,35.0,7.7,15.7,.488,0.9,2.3,.398,6.7,13.4,.504,.517,3.6,4.1,.873,0.5,2.8,3.3,7.3,1.3,0.2,2.7,3.0,19.8)
(2004,79,Doug Christie,SG,33,SAC,82,82,33.9,3.9,8.4,.461,0.6,1.7,.345,3.3,6.7,.491,.496,1.8,2.1,.860,0.8,3.2,4.0,4.2,1.8,0.5,1.9,2.3,10.1)
(2004,82,Mateen Cleaves,PG,26,CLE,4,2,23.0,1.8,5.8,.304,0.0,0.3,.000,1.8,5.5,.318,.304,0.3,0.5,.500,0.3,1.5,1.8,4.8,1.0,0.5,1.3,3.3,3.8)
(2004,86,Jarron Collins,C,25,UTA,81,31,21.4,1.8,3.6,.498,0.0,0.0,.000,1.8,3.6,.500,.498,2.3,3.2,.718,1.4,2.5,3.9,1.0,0.3,0.2,1.0,3.1,6.0)
(2004,90,Chris Crawford,PF,28,ATL,56,25,21.6,3.8,8.4,.448,0.8,2.0,.389,3.0,6.4,.466,.495,1.8,2.1,.866,1.0,2.1,3.1,0.8,0.7,0.4,1.0,2.3,10.2)
(2004,94,Michael Curry,SF,35,TOR,70,15,17.6,1.1,2.8,.388,0.0,0.2,.200,1.0,2.6,.403,.395,0.7,0.8,.845,0.3,0.9,1.2,0.8,0.3,0.1,0.7,2.2,2.9)
(2004,98,Marquis Daniels,SG,23,DAL,56,15,18.6,3.6,7.3,.494,0.2,0.6,.306,3.4,6.7,.512,.507,1.1,1.4,.769,1.2,1.4,2.6,2.1,0.9,0.2,0.8,0.9,8.5)
(2004,101,Dale Davis,C,34,POR,76,37,22.1,1.8,3.7,.473,0.0,0.0,,1.8,3.7,.473,.473,0.9,1.4,.613,2.1,3.2,5.2,0.9,0.6,0.8,0.5,2.0,4.4)
(2004,105,Andrew DeClercq,C,30,ORL,71,53,17.1,1.3,2.7,.477,0.0,0.0,,1.3,2.7,.477,.477,0.6,0.8,.815,1.8,2.6,4.5,0.6,0.7,0.5,0.8,3.1,3.2)
(2004,109,Dan Dickau,PG,25,TOT,43,0,6.8,0.9,2.3,.378,0.2,0.7,.333,0.6,1.6,.397,.429,0.3,0.3,.786,0.2,0.4,0.6,0.9,0.4,0.0,0.6,1.0,2.2)
(2004,113,Juan Dixon,SG,25,WAS,71,16,20.8,3.5,9.0,.388,0.8,2.8,.298,2.6,6.2,.428,.434,1.6,2.0,.799,0.4,1.7,2.1,1.9,1.2,0.1,1.5,1.6,9.4)
(2004,117,Predrag Drobnjak,C,28,LAC,61,14,15.6,2.4,6.2,.393,0.2,0.6,.306,2.3,5.6,.402,.408,1.2,1.4,.849,0.9,2.3,3.2,0.6,0.4,0.4,0.8,1.4,6.3)
(2004,Rk,Player,Pos,Age,Tm,G,GS,MP,FG,FGA,FG%,3P,3PA,3P,2P,2PA,2P,eFG%,FT,FTA,FT%,ORB,DRB,TRB,AST,STL,BLK,TOV,PF,PTS)
(2004,124,Melvin Ely,PF,25,LAC,42,2,12.1,1.6,3.6,.431,0.0,0.0,.000,1.6,3.6,.434,.431,0.6,1.0,.595,1.1,1.3,2.4,0.5,0.2,0.4,0.5,1.6,3.7)
(2004,128,Derek Fisher,SG,29,LAL,82,3,21.6,2.5,7.0,.352,0.6,2.2,.291,1.8,4.8,.380,.398,1.5,1.9,.797,0.4,1.5,1.9,2.3,1.3,0.0,1.0,1.4,7.1)
(2004,132,Danny Fortson,C,27,DAL,56,20,11.2,1.3,2.5,.511,0.0,0.0,,1.3,2.5,.511,.511,1.3,1.6,.815,2.0,2.4,4.5,0.2,0.2,0.2,0.7,2.6,3.9)
(2004,136,Adonal Foyle,C,28,GSW,44,8,13.0,1.3,3.0,.454,0.0,0.0,,1.3,3.0,.454,.454,0.4,0.8,.543,1.2,2.6,3.8,0.4,0.1,1.0,0.5,1.5,3.1)
(2004,140,Dan Gadzuric,C,25,MIL,75,0,16.8,2.4,4.7,.524,0.0,0.0,.000,2.4,4.6,.526,.524,0.8,1.6,.492,1.7,2.9,4.6,0.4,0.7,1.4,0.6,2.5,5.7)
(2004,143,Kevin Garnett,PF,27,MIN,82,82,39.4,9.8,19.6,.499,0.1,0.5,.256,9.7,19.1,.506,.502,4.5,5.7,.791,3.0,10.9,13.9,5.0,1.5,2.2,2.6,2.5,24.2)
(2004,147,Eddie Gill,PG,25,POR,22,0,7.1,0.7,1.6,.417,0.1,0.4,.375,0.5,1.3,.429,.458,0.8,0.9,.850,0.2,0.6,0.8,0.7,0.4,0.0,0.5,0.7,2.3)
(2004,151,Dion Glover,SG,25,TOT,69,30,23.8,3.3,8.5,.390,0.6,1.7,.336,2.8,6.8,.404,.424,1.7,2.3,.769,0.8,3.0,3.9,1.9,0.7,0.3,1.5,1.8,9.0)
(2004,155,Horace Grant,PF,38,LAL,55,10,20.1,1.7,4.1,.411,0.0,0.0,.000,1.7,4.1,.413,.411,0.7,1.0,.722,1.4,2.8,4.2,1.3,0.4,0.4,0.5,1.3,4.1)
(2004,159,Tom Gugliotta,PF,34,TOT,55,27,14.9,1.3,3.7,.345,0.0,0.1,.250,1.3,3.6,.347,.347,0.4,0.5,.714,1.2,2.2,3.4,1.1,0.6,0.2,0.7,1.5,2.9)
(2004,162,Richard Hamilton,SG,25,DET,78,78,35.5,6.8,14.9,.455,0.2,0.9,.265,6.6,14.1,.466,.462,3.8,4.4,.868,1.0,2.6,3.6,4.0,1.3,0.2,2.7,2.8,17.6)
(2004,166,Anfernee Hardaway,SG,32,TOT,76,14,27.6,3.7,8.9,.411,0.4,1.0,.380,3.3,7.9,.415,.433,1.5,1.8,.804,0.9,2.9,3.8,2.3,0.9,0.3,1.4,1.9,9.2)
(2004,170,Lucious Harris,PG,33,NJN,69,15,21.8,2.7,6.7,.404,0.6,1.5,.376,2.2,5.2,.412,.445,1.0,1.1,.846,0.6,1.5,2.0,2.0,0.6,0.0,0.8,1.1,6.9)
(2004,174,Trenton Hassell,SG,24,MIN,81,74,28.0,2.2,4.7,.465,0.0,0.2,.308,2.1,4.5,.470,.470,0.6,0.8,.787,0.8,2.3,3.2,1.6,0.4,0.7,0.6,2.5,5.0)
(2004,178,Alan Henderson,PF,31,ATL,6,0,11.3,1.7,3.5,.476,0.0,0.0,,1.7,3.5,.476,.476,0.7,1.0,.667,1.8,1.7,3.5,0.3,0.2,0.3,0.5,0.2,4.0)
(2004,181,Kirk Hinrich,PG,23,CHI,76,66,35.6,4.2,10.8,.386,1.9,4.9,.390,2.3,6.0,.383,.474,1.8,2.2,.804,0.6,2.9,3.4,6.8,1.3,0.3,2.7,3.6,12.0)
(2004,185,Allan Houston,SG,32,NYK,50,50,36.0,6.8,15.6,.435,1.7,4.0,.431,5.1,11.6,.437,.491,3.1,3.4,.913,0.4,2.0,2.4,2.0,0.8,0.0,2.0,2.1,18.5)
(2004,189,Larry Hughes,SG,25,WAS,61,61,33.8,6.6,16.5,.397,1.3,3.8,.341,5.3,12.7,.414,.437,4.4,5.5,.797,1.6,3.8,5.3,2.4,1.6,0.4,2.5,2.4,18.8)
(2004,193,Steven Hunter,C,22,ORL,59,23,13.4,1.4,2.6,.529,0.0,0.0,,1.4,2.6,.529,.529,0.4,1.2,.333,0.9,2.0,2.9,0.2,0.1,1.2,0.5,1.7,3.2)
(2004,197,Jim Jackson,SF,33,HOU,80,80,39.0,4.8,11.3,.424,2.0,5.1,.400,2.8,6.2,.444,.514,1.3,1.6,.843,0.7,5.4,6.1,2.8,1.1,0.3,2.2,2.8,12.9)
(2004,Rk,Player,Pos,Age,Tm,G,GS,MP,FG,FGA,FG%,3P,3PA,3P,2P,2PA,2P,eFG%,FT,FTA,FT%,ORB,DRB,TRB,AST,STL,BLK,TOV,PF,PTS)
(2004,204,Mike James,PG,28,TOT,81,55,27.1,3.4,8.1,.414,1.3,3.5,.377,2.0,4.6,.441,.495,1.3,1.6,.811,0.3,2.5,2.9,4.2,1.2,0.0,1.5,1.9,9.3)
(2004,208,Richard Jefferson,SF,23,NJN,82,82,38.2,6.8,13.6,.498,0.6,1.6,.364,6.2,12.0,.516,.519,4.4,5.7,.763,1.3,4.3,5.7,3.8,1.1,0.3,2.4,2.7,18.5)
(2004,212,Avery Johnson,PG,38,GSW,46,1,13.8,1.7,4.3,.402,0.0,0.1,.000,1.7,4.3,.408,.402,1.1,1.7,.667,0.1,0.7,0.7,2.4,0.6,0.1,1.1,0.7,4.6)
(2004,216,Linton Johnson,SF,23,CHI,41,20,17.9,1.8,5.0,.355,0.2,0.8,.212,1.6,4.1,.382,.372,0.5,0.9,.595,1.4,3.0,4.5,0.7,0.9,0.8,0.9,2.2,4.2)
(2004,220,Fred Jones,SG,24,IND,81,2,18.6,1.5,3.8,.395,0.3,1.1,.303,1.2,2.7,.432,.439,1.5,1.8,.832,0.3,1.2,1.6,2.1,0.8,0.2,0.9,1.6,4.9)
(2004,224,Chris Kaman,C,21,LAC,82,61,22.5,2.4,5.3,.460,0.0,0.0,.000,2.4,5.3,.462,.460,1.2,1.7,.697,1.5,4.1,5.6,1.0,0.3,0.9,1.9,2.6,6.1)
(2004,228,Kerry Kittles,SG,29,NJN,82,82,34.7,5.3,11.7,.453,1.2,3.4,.351,4.1,8.3,.493,.503,1.3,1.7,.787,0.7,3.3,4.0,2.5,1.5,0.5,1.2,1.8,13.1)
(2004,232,Christian Laettner,PF,34,WAS,48,18,20.5,2.5,5.3,.465,0.1,0.4,.286,2.4,4.9,.481,.477,0.8,1.0,.800,1.0,3.8,4.8,1.9,0.8,0.6,0.9,2.1,5.9)
(2004,236,Dan Langhi,SF,26,TOT,6,0,6.2,0.8,2.3,.357,0.2,0.3,.500,0.7,2.0,.333,.393,0.3,0.3,1.000,0.0,0.7,0.7,0.0,0.0,0.0,0.3,1.2,2.2)
(2004,240,Rashard Lewis,SF,24,SEA,80,80,36.6,6.7,15.4,.435,1.8,4.8,.376,4.9,10.5,.463,.494,2.6,3.4,.763,1.7,4.8,6.5,2.2,1.2,0.7,1.7,2.9,17.8)
(2004,243,Tyronn Lue,PG,26,ORL,76,69,30.7,4.1,9.4,.433,1.1,2.8,.383,3.0,6.6,.453,.489,1.3,1.7,.771,0.3,2.1,2.5,4.2,0.8,0.1,1.6,2.4,10.5)
(2004,247,Jamaal Magloire,C,25,NOH,82,82,33.9,4.7,9.9,.473,0.0,0.0,.000,4.7,9.9,.474,.473,4.3,5.7,.751,3.3,7.1,10.3,1.0,0.5,1.2,2.5,3.4,13.6)
(2004,251,Donyell Marshall,PF,30,TOT,82,74,36.4,5.7,12.4,.461,1.6,4.0,.403,4.1,8.5,.488,.525,1.6,2.2,.736,2.6,7.3,9.9,1.5,1.1,1.5,1.4,3.0,14.7)
(2004,255,Desmond Mason,SF,26,MIL,82,31,30.9,5.0,10.6,.472,0.1,0.5,.231,4.9,10.1,.483,.477,4.3,5.6,.769,1.1,3.2,4.4,1.9,0.7,0.3,1.8,2.3,14.4)
(2004,259,Amal McCaskill,C,30,PHI,59,3,10.8,0.8,2.0,.402,0.0,0.0,.000,0.8,2.0,.405,.402,0.3,0.5,.704,0.8,1.4,2.3,0.3,0.2,0.3,0.4,1.5,1.9)
(2004,262,Tracy McGrady,SG,24,ORL,67,67,39.9,9.7,23.4,.417,2.6,7.7,.339,7.1,15.7,.455,.473,5.9,7.5,.796,1.4,4.6,6.0,5.5,1.4,0.6,2.7,1.9,28.0)
(2004,266,Stanislav Medvedenko,PF,24,LAL,68,38,21.2,3.5,7.9,.441,0.0,0.0,.000,3.5,7.9,.444,.441,1.3,1.7,.767,2.2,2.9,5.0,0.8,0.6,0.3,0.9,2.8,8.3)
(2004,270,Darko Milicic,C,18,DET,34,0,4.7,0.5,1.9,.262,0.0,0.0,.000,0.5,1.9,.266,.262,0.4,0.7,.583,0.3,0.9,1.3,0.2,0.2,0.4,0.4,1.0,1.4)
(2004,274,Oliver Miller,C,33,MIN,48,1,10.5,1.1,2.1,.530,0.0,0.0,.000,1.1,2.1,.535,.530,0.3,0.5,.652,1.0,1.8,2.7,0.8,0.4,0.5,0.7,1.9,2.5)
(2004,278,Nazr Mohammed,C,26,TOT,80,24,20.1,3.1,5.9,.521,0.0,0.0,,3.1,5.9,.521,.521,1.3,2.1,.592,2.2,3.7,5.9,0.5,0.7,0.7,1.2,2.4,7.4)
(2004,281,Alonzo Mourning*,C,33,NJN,12,0,17.9,2.8,5.9,.465,0.0,0.0,,2.8,5.9,.465,.465,2.5,2.8,.882,0.7,1.6,2.3,0.7,0.2,0.5,0.8,2.7,8.0)
(2004,285,Tracy Murray,SF,32,POR,7,0,5.0,0.4,1.7,.250,0.3,0.7,.400,0.1,1.0,.143,.333,0.0,0.1,.000,0.4,0.3,0.7,0.1,0.1,0.0,0.3,0.4,1.1)
(2004,289,Lee Nailon,PF-SF,28,TOT,57,4,13.7,2.6,5.7,.450,0.0,0.1,.000,2.6,5.7,.454,.450,0.8,1.0,.810,1.1,1.4,2.5,0.7,0.3,0.1,0.8,1.6,6.0)
(2004,293,Ira Newble,SF,29,CLE,64,25,19.5,1.7,4.3,.391,0.0,0.3,.105,1.7,4.0,.412,.395,0.6,0.7,.783,1.0,1.4,2.4,1.1,0.4,0.3,0.8,1.7,4.0)
(2004,297,Shaquille O'Neal,C,31,LAL,67,67,36.8,8.3,14.1,.584,0.0,0.0,,8.3,14.1,.584,.584,4.9,10.1,.490,3.7,7.8,11.5,2.9,0.5,2.5,2.9,3.4,21.5)
(2004,Rk,Player,Pos,Age,Tm,G,GS,MP,FG,FGA,FG%,3P,3PA,3P,2P,2PA,2P,eFG%,FT,FTA,FT%,ORB,DRB,TRB,AST,STL,BLK,TOV,PF,PTS)
(2004,304,Bo Outlaw,PF,32,MEM,82,1,19.6,1.9,3.8,.510,0.0,0.0,.000,1.9,3.8,.516,.510,0.7,1.4,.526,1.5,2.6,4.2,1.1,0.9,0.9,0.8,2.1,4.6)
(2004,308,Robert Pack,PG,34,NJN,26,0,8.5,0.8,2.0,.423,0.0,0.0,,0.8,2.0,.423,.423,0.2,0.2,.833,0.2,0.5,0.7,1.0,0.5,0.0,0.6,0.8,1.9)
(2004,312,Tony Parker,PG,21,SAS,75,75,34.4,5.6,12.6,.447,0.8,2.7,.312,4.8,10.0,.483,.480,2.5,3.6,.702,0.6,2.6,3.2,5.5,0.8,0.1,2.4,2.0,14.7)
(2004,316,Gary Payton*,PG,35,LAL,82,82,34.5,5.9,12.5,.471,0.7,2.0,.333,5.2,10.5,.497,.498,2.2,3.1,.714,0.9,3.3,4.2,5.5,1.2,0.2,1.8,2.1,14.6)
(2004,320,Kendrick Perkins,C,19,BOS,10,0,3.5,0.8,1.5,.533,0.0,0.0,,0.8,1.5,.533,.533,0.6,0.9,.667,0.5,0.9,1.4,0.3,0.0,0.2,0.5,0.6,2.2)
(2004,323,Eric Piatkowski,SF,33,HOU,49,0,14.3,1.5,3.9,.377,0.9,2.5,.352,0.6,1.4,.420,.490,0.3,0.3,.875,0.2,1.3,1.5,0.5,0.3,0.1,0.6,0.9,4.1)
(2004,327,Zoran Planinic,SG,21,NJN,49,1,9.7,1.1,2.6,.411,0.2,0.7,.281,0.9,2.0,.454,.446,0.8,1.2,.633,0.3,0.8,1.1,1.4,0.3,0.1,0.7,1.4,3.1)
(2004,331,James Posey,SG,27,MEM,82,82,29.9,4.5,9.4,.478,1.4,3.5,.386,3.1,5.9,.533,.551,3.4,4.1,.830,1.1,3.8,4.9,1.5,1.7,0.5,1.4,3.0,13.7)
(2004,335,Vladimir Radmanovic,PF,23,SEA,77,38,30.1,4.5,10.5,.425,1.8,4.9,.371,2.7,5.6,.471,.511,1.2,1.6,.748,1.4,3.9,5.3,1.8,1.0,0.5,1.4,2.4,12.0)
(2004,339,Michael Redd,SG,24,MIL,82,82,36.8,7.7,17.5,.440,1.5,4.4,.350,6.2,13.1,.470,.484,4.7,5.4,.868,1.4,3.5,5.0,2.3,1.0,0.1,1.4,1.9,21.7)
(2004,342,Quentin Richardson,SG,23,LAC,65,64,36.0,6.5,16.4,.398,1.8,5.2,.352,4.7,11.2,.420,.454,2.3,3.1,.740,2.2,4.1,6.4,2.1,1.0,0.3,2.2,2.0,17.2)
(2004,346,Glenn Robinson,SF,31,PHI,42,42,31.8,6.5,14.6,.448,0.8,2.4,.340,5.7,12.2,.469,.476,2.7,3.3,.832,1.1,3.4,4.5,1.4,1.0,0.2,2.5,2.3,16.6)
(2004,350,Malik Rose,PF,29,SAS,67,13,18.7,2.6,6.0,.428,0.0,0.0,.000,2.6,6.0,.431,.428,2.7,3.4,.813,1.6,3.1,4.8,1.0,0.5,0.4,1.7,2.4,7.9)
(2004,354,John Salmons,SG,24,PHI,77,24,20.8,2.1,5.4,.387,0.6,1.9,.340,1.4,3.5,.413,.447,0.9,1.2,.772,0.5,2.1,2.5,1.7,0.8,0.2,1.0,1.6,5.8)
(2004,358,Ansu Sesay,SF,27,SEA,57,2,10.2,1.4,3.1,.455,0.1,0.4,.286,1.3,2.8,.478,.472,0.6,0.8,.696,0.8,0.9,1.6,0.3,0.3,0.4,0.4,1.2,3.5)
(2004,361,Brian Skinner,C,27,MIL,56,54,28.2,4.6,9.2,.497,0.0,0.0,,4.6,9.2,.497,.497,1.4,2.5,.572,2.1,5.2,7.3,0.9,0.5,1.1,1.4,2.9,10.5)
(2004,365,Leon Smith,C,23,SEA,1,0,4.0,1.0,2.0,.500,0.0,0.0,,1.0,2.0,.500,.500,0.0,0.0,,1.0,1.0,2.0,0.0,0.0,0.0,0.0,1.0,2.0)
(2004,369,Darius Songaila,PF,25,SAC,73,7,13.4,1.8,3.7,.487,0.0,0.0,,1.8,3.7,.487,.487,1.0,1.2,.807,1.2,1.8,3.1,0.7,0.6,0.2,0.6,1.7,4.6)
(2004,373,DeShawn Stevenson,SG-SF,22,TOT,80,78,30.6,4.7,10.9,.432,0.2,0.9,.268,4.5,10.0,.446,.443,1.7,2.6,.676,1.0,2.7,3.7,2.0,0.7,0.2,1.5,1.8,11.4)
(2004,377,Amar'e Stoudemire,PF,21,PHO,55,53,36.8,7.5,15.7,.475,0.0,0.1,.200,7.5,15.6,.477,.476,5.6,7.9,.713,2.9,6.2,9.0,1.4,1.2,1.6,3.2,3.4,20.6)
(2004,Rk,Player,Pos,Age,Tm,G,GS,MP,FG,FGA,FG%,3P,3PA,3P,2P,2PA,2P,eFG%,FT,FTA,FT%,ORB,DRB,TRB,AST,STL,BLK,TOV,PF,PTS)
(2004,384,Wally Szczerbiak,SF,26,MIN,28,0,22.2,3.8,8.4,.449,0.7,1.6,.435,3.1,6.8,.453,.492,1.9,2.3,.828,0.9,2.3,3.1,1.2,0.4,0.0,1.0,1.5,10.2)
(2004,388,Kenny Thomas,PF,26,PHI,74,72,36.5,5.1,11.0,.469,0.0,0.1,.200,5.1,10.9,.470,.469,3.3,4.4,.752,3.5,6.6,10.1,1.5,1.1,0.4,2.3,3.0,13.6)
(2004,392,Robert Traylor,C,26,NOH,71,0,13.3,2.0,4.0,.505,0.0,0.1,.400,2.0,4.0,.507,.509,1.0,1.8,.547,1.5,2.2,3.7,0.6,0.5,0.5,0.9,2.3,5.1)
(2004,396,Jake Tsakalidis,C,24,MEM,40,28,13.3,1.7,3.3,.504,0.0,0.0,,1.7,3.3,.504,.504,0.9,1.5,.590,0.9,2.3,3.2,0.5,0.2,0.6,0.6,2.0,4.3)
(2004,400,Nick Van Exel,PG,32,GSW,39,29,32.2,4.8,12.3,.390,1.2,3.8,.307,3.6,8.4,.429,.438,1.8,2.5,.707,0.4,2.3,2.7,5.3,0.5,0.1,2.0,1.5,12.6)
(2004,403,Jake Voskuhl,C,26,PHO,66,43,24.3,2.3,4.5,.507,0.0,0.0,,2.3,4.5,.507,.507,2.0,2.7,.740,1.9,3.3,5.2,0.9,0.6,0.4,1.2,3.9,6.6)
(2004,407,Antoine Walker,PF,27,DAL,82,82,34.6,5.9,13.8,.428,1.0,3.7,.269,4.9,10.0,.487,.464,1.3,2.3,.554,2.4,5.9,8.3,4.5,0.8,0.8,2.5,2.6,14.0)
(2004,411,John Wallace,SF,29,MIA,37,0,9.9,1.6,3.9,.421,0.1,0.4,.385,1.5,3.6,.424,.438,0.8,1.1,.775,0.3,1.3,1.6,0.4,0.1,0.2,0.6,1.0,4.3)
(2004,415,Earl Watson,PG,24,MEM,81,14,20.6,2.1,5.7,.371,0.3,1.3,.245,1.8,4.4,.408,.399,1.1,1.7,.652,0.6,1.6,2.2,5.0,1.1,0.2,1.8,2.2,5.7)
(2004,419,Jiri Welsch,SG,24,BOS,81,68,26.9,3.2,7.6,.428,0.9,2.2,.381,2.4,5.3,.448,.484,1.9,2.5,.743,0.7,2.9,3.7,2.3,1.2,0.1,1.6,2.2,9.2)
(2004,422,Jahidi White,C,27,TOT,62,17,14.0,1.6,3.1,.521,0.0,0.0,,1.6,3.1,.521,.521,1.0,2.0,.500,1.6,2.6,4.2,0.1,0.4,0.8,1.1,2.8,4.2)
(2004,426,Mike Wilks,PG,24,HOU,26,0,5.6,0.7,1.4,.472,0.2,0.4,.600,0.4,1.0,.423,.556,0.4,0.5,.833,0.1,0.5,0.6,0.7,0.1,0.0,0.3,0.6,1.9)
(2004,430,Frank Williams,PG,23,NYK,56,3,12.8,1.4,3.7,.385,0.3,1.1,.300,1.1,2.6,.419,.428,0.7,0.9,.854,0.1,0.8,0.9,2.2,0.4,0.1,1.1,1.0,3.9)
(2004,434,Scott Williams,C,35,TOT,43,21,12.3,2.1,4.3,.484,0.0,0.1,.667,2.0,4.3,.481,.489,0.4,0.6,.593,0.9,2.2,3.1,0.4,0.5,0.4,0.4,2.2,4.6)
(2004,438,Loren Woods,C,25,MIA,38,2,13.3,1.2,2.5,.458,0.0,0.0,,1.2,2.5,.458,.458,0.9,1.4,.600,1.7,1.8,3.5,0.3,0.3,0.5,0.7,1.4,3.2)
(2004,441,Lorenzen Wright,C,28,MEM,65,46,25.8,4.0,9.0,.439,0.0,0.1,.000,4.0,8.9,.442,.439,1.5,2.0,.733,2.2,4.6,6.8,1.1,0.7,0.9,1.2,3.0,9.4)
