(1976,1,Zaid Abdul-Aziz,C,29,SEA,27,,8.3,1.3,2.8,.467,,,,1.3,2.8,.467,.467,0.6,1.1,.552,1.1,1.7,2.8,0.6,0.3,0.6,,1.1,3.2)
(1976,5,Lucius Allen,PG,28,LAL,76,,31.4,6.1,13.2,.459,,,,6.1,13.2,.459,.459,2.6,3.3,.776,0.8,2.0,2.8,4.7,1.3,0.3,,3.2,14.7)
(1976,9,Jim Ard,C,27,BOS,81,,10.5,1.3,3.6,.364,,,,1.3,3.6,.364,.364,0.9,1.2,.710,1.2,2.4,3.6,0.6,0.1,0.4,,1.7,3.5)
(1976,13,Jim Barnett,SG,31,NYK,71,,14.5,2.3,5.2,.442,,,,2.3,5.2,.442,.442,1.3,1.6,.789,0.7,0.6,1.2,1.3,0.3,0.0,,1.2,5.9)
(1976,17,Ron Behagen,PF,25,NOJ,66,,26.3,4.7,10.5,.446,,,,4.7,10.5,.446,.446,2.2,2.7,.804,2.9,5.5,8.4,2.1,1.0,0.4,,3.4,11.5)
(1976,Rk,Player,Pos,Age,Tm,G,GS,MP,FG,FGA,FG%,3P,3PA,3P%,2P,2PA,2P%,eFG%,FT,FTA,FT%,ORB,DRB,TRB,AST,STL,BLK,TOV,PF,PTS)
(1976,24,Tom Boerwinkle,C,30,CHI,74,,27.6,3.6,7.2,.500,,,,3.6,7.2,.500,.500,1.6,2.4,.667,3.6,7.1,10.7,3.8,0.6,0.7,,3.6,8.8)
(1976,28,Jim Brewer,PF,24,CLE,82,,35.5,4.9,10.7,.458,,,,4.9,10.7,.458,.458,1.7,2.6,.654,3.6,7.2,10.9,2.5,1.1,1.1,,2.6,11.5)
(1976,32,John Brown,PF,24,ATL,75,,23.4,2.9,6.5,.442,,,,2.9,6.5,.442,.442,2.2,2.8,.775,1.9,3.4,5.4,1.7,0.6,0.2,,3.1,7.9)
(1976,36,Corky Calhoun,SF,25,LAL,76,,23.9,2.3,4.8,.467,,,,2.3,4.8,.467,.467,0.9,1.1,.783,1.5,2.9,4.5,1.1,0.8,0.5,,2.8,5.4)
(1976,40,Harvey Catchings,C,24,PHI,75,,23.1,1.4,3.2,.426,,,,1.4,3.2,.426,.426,0.8,1.3,.604,2.5,4.4,6.9,0.8,0.3,2.2,,3.5,3.5)
(1976,43,Jim Chones,C,26,CLE,82,,33.4,6.9,15.3,.448,,,,6.9,15.3,.448,.448,2.1,3.2,.662,2.4,6.6,9.0,2.0,0.5,1.1,,2.9,15.8)
(1976,47,E.C. Coleman,PF,25,NOJ,67,,27.6,3.2,7.1,.451,,,,3.2,7.1,.451,.451,0.9,1.3,.663,1.9,4.4,6.3,1.3,0.8,0.4,,3.4,7.3)
(1976,51,Jim Creighton,SF,25,ATL,32,,5.4,0.4,1.3,.279,,,,0.4,1.3,.279,.279,0.2,0.5,.438,0.4,1.0,1.4,0.1,0.1,0.3,,0.7,1.0)
(1976,55,Dwight Davis,PF,26,GSW,72,,12.0,1.5,3.7,.413,,,,1.5,3.7,.413,.413,1.1,1.6,.690,1.2,1.9,3.1,0.6,0.3,0.4,,2.0,4.2)
(1976,59,Rod Derline,SG,23,SEA,49,,6.9,1.5,3.7,.403,,,,1.5,3.7,.403,.403,0.9,1.1,.804,0.2,0.4,0.6,0.5,0.2,0.0,,0.4,3.9)
(1976,62,Ernie DiGregorio,PG,25,BUF,67,,20.4,2.7,7.1,.384,,,,2.7,7.1,.384,.384,1.3,1.4,.915,0.2,1.4,1.7,4.0,0.6,0.0,,2.4,6.7)
(1976,66,Al Eberhard,SF,23,DET,81,,25.5,3.5,8.4,.414,,,,3.5,8.4,.414,.414,2.4,2.8,.834,1.7,3.1,4.8,1.0,1.1,0.2,,3.1,9.3)
(1976,70,Larry Fogle,SG,22,NYK,2,,7.0,0.5,2.5,.200,,,,0.5,2.5,.200,.200,0.0,0.0,,0.5,1.0,1.5,0.0,0.5,0.0,,2.0,1.0)
(1976,74,Walt Frazier*,PG,30,NYK,59,,41.1,8.0,16.4,.485,,,,8.0,16.4,.485,.485,3.2,3.8,.823,1.3,5.4,6.8,5.9,1.8,0.2,,2.8,19.1)
(1976,78,John Gianelli,C,25,NYK,82,,28.4,4.0,8.4,.473,,,,4.0,8.4,.473,.473,1.4,2.0,.713,2.3,4.5,6.7,1.4,0.3,0.8,,2.4,9.3)
(1976,81,Gail Goodrich*,SG,32,LAL,75,,35.3,7.8,17.6,.441,,,,7.8,17.6,.441,.441,3.9,4.6,.847,1.3,1.6,2.9,5.6,1.6,0.2,,3.2,19.5)
(1976,85,Matt Guokas,SG,31,TOT,56,,14.2,1.3,3.1,.422,,,,1.3,3.1,.422,.422,0.3,0.5,.667,0.4,0.7,1.1,1.3,0.3,0.1,,1.4,2.9)
(1976,89,John Havlicek*,SF,35,BOS,76,,34.2,6.6,14.8,.450,,,,6.6,14.8,.450,.450,3.7,4.4,.844,1.5,2.6,4.1,3.7,1.3,0.4,,2.7,17.0)
(1976,93,Nate Hawthorne,SG,26,PHO,79,,14.5,2.3,5.4,.430,,,,2.3,5.4,.430,.430,1.5,2.2,.676,1.1,1.6,2.6,0.6,0.4,0.2,,1.9,6.1)
(1976,97,Tom Henderson,PG,24,ATL,81,,35.8,5.8,14.0,.413,,,,5.8,14.0,.413,.413,2.7,3.8,.708,0.7,2.6,3.3,4.6,1.7,0.1,,2.4,14.2)
(1976,Rk,Player,Pos,Age,Tm,G,GS,MP,FG,FGA,FG%,3P,3PA,3P%,2P,2PA,2P%,eFG%,FT,FTA,FT%,ORB,DRB,TRB,AST,STL,BLK,TOV,PF,PTS)
(1976,104,Charles Johnson,PG,26,GSW,81,,19.1,4.2,9.0,.467,,,,4.2,9.0,.467,.467,0.7,1.0,.759,1.0,1.5,2.5,1.5,1.2,0.1,,2.2,9.2)
(1976,108,Ollie Johnson,SF,26,KCK,81,,26.5,4.3,8.4,.513,,,,4.3,8.4,.513,.513,1.5,1.8,.839,1.4,3.0,4.4,1.8,0.8,0.5,,2.7,10.1)
(1976,112,Wali Jones,PG,33,TOT,17,,10.4,1.4,2.9,.469,,,,1.4,2.9,.469,.469,0.5,0.8,.692,0.0,0.5,0.5,1.9,0.4,0.0,,1.6,3.2)
(1976,116,Tom Kropp,SG,22,WSB,25,,2.9,0.3,1.2,.233,,,,0.3,1.2,.233,.233,0.2,0.2,.833,0.2,0.4,0.6,0.3,0.1,0.0,,0.8,0.8)
(1976,120,Sam Lacey,C,27,KCK,81,,38.1,5.0,12.6,.401,,,,5.0,12.6,.401,.401,2.7,3.5,.759,2.7,10.0,12.6,4.7,1.6,1.7,,3.5,12.8)
(1976,Rk,Player,Pos,Age,Tm,G,GS,MP,FG,FGA,FG%,3P,3PA,3P%,2P,2PA,2P%,eFG%,FT,FTA,FT%,ORB,DRB,TRB,AST,STL,BLK,TOV,PF,PTS)
(1976,124,John Laskowski,SG,22,CHI,71,,22.1,4.0,9.7,.412,,,,4.0,9.7,.412,.412,1.2,1.7,.725,0.7,2.4,3.1,0.8,0.8,0.1,,1.3,9.2)
(1976,128,Phil Lumpkin,PG,24,PHO,34,,10.9,0.6,1.9,.338,,,,0.6,1.9,.338,.338,0.8,0.9,.867,0.2,0.5,0.7,1.4,0.4,0.0,,0.8,2.1)
(1976,132,Clyde Mayes,PF,22,MIL,65,,14.6,1.8,3.8,.460,,,,1.8,3.8,.460,.460,0.9,1.5,.577,1.5,2.6,4.0,0.6,0.1,0.6,,2.4,4.4)
(1976,136,Glenn McDonald,SF,23,BOS,75,,13.6,2.5,6.1,.419,,,,2.5,6.1,.419,.419,0.5,0.7,.714,0.7,1.1,1.8,0.9,0.5,0.3,,1.6,5.6)
(1976,140,Tom McMillen,C,23,BUF,50,,14.2,1.9,4.4,.432,,,,1.9,4.4,.432,.432,0.8,1.1,.759,1.3,2.4,3.7,1.4,0.1,0.1,,1.7,4.7)
(1976,143,Cliff Meely,PF,28,TOT,34,,9.2,1.5,3.9,.394,,,,1.5,3.9,.394,.394,1.0,1.4,.688,0.6,2.2,2.9,0.6,0.4,0.2,,1.8,4.0)
(1976,147,Dave Meyers,PF,22,MIL,72,,22.1,2.8,6.6,.419,,,,2.8,6.6,.419,.419,1.9,2.9,.643,1.7,4.5,6.2,1.4,1.0,0.3,,2.0,7.4)
(1976,151,Otto Moore,C,29,NOJ,81,,29.7,3.6,8.3,.436,,,,3.6,8.3,.436,.436,1.8,2.8,.637,2.0,7.8,9.8,2.7,1.0,1.7,,3.1,9.0)
(1976,155,Don Nelson*,SF,35,BOS,75,,12.6,2.3,5.1,.462,,,,2.3,5.1,.462,.462,1.7,2.1,.789,0.7,1.7,2.4,1.0,0.2,0.1,,1.5,6.4)
(1976,159,Willie Norwood,SF,28,SEA,64,,15.7,2.3,4.7,.485,,,,2.3,4.7,.485,.485,2.4,3.2,.749,1.4,2.2,3.6,0.9,0.7,0.1,,2.2,6.9)
(1976,162,Curtis Perry,PF,27,PHO,71,,33.1,5.4,10.9,.497,,,,5.4,10.9,.497,.497,2.5,3.4,.732,2.8,6.9,9.6,2.6,1.2,0.9,,3.8,13.3)
(1976,166,Kevin Porter,PG,25,DET,19,,36.2,5.2,12.4,.421,,,,5.2,12.4,.421,.421,2.2,2.9,.750,0.7,1.6,2.3,10.2,1.8,0.2,,4.4,12.6)
(1976,170,Kevin Restani,PF,24,MIL,82,,20.1,2.9,6.0,.475,,,,2.9,6.0,.475,.475,0.3,0.5,.571,1.4,3.2,4.6,1.2,0.4,0.1,,1.8,6.0)
(1976,174,Rick Roberson,C,28,KCK,74,,9.6,1.0,2.4,.406,,,,1.0,2.4,.406,.406,0.6,1.4,.408,1.0,2.1,3.1,0.7,0.2,0.2,,1.7,2.5)
(1976,178,Curtis Rowe,PF,26,DET,80,,37.5,6.4,13.7,.468,,,,6.4,13.7,.468,.468,3.2,4.3,.737,2.9,5.8,8.7,2.3,0.6,0.6,,2.6,16.0)
(1976,181,Fred Saunders,SF,24,PHO,17,,8.6,1.6,3.8,.438,,,,1.6,3.8,.438,.438,0.4,0.6,.545,0.6,1.5,2.2,0.8,0.3,0.1,,1.4,3.6)
(1976,185,Ed Searcy,SF,23,BOS,4,,3.0,0.5,1.5,.333,,,,0.5,1.5,.333,.333,0.5,0.5,1.000,0.0,0.0,0.0,0.3,0.0,0.0,,1.0,1.5)
(1976,189,Tal Skinner,SF,23,SEA,72,,17.0,1.8,4.0,.463,,,,1.8,4.0,.463,.463,0.7,1.1,.613,1.2,2.4,3.7,0.9,0.7,0.1,,1.6,4.3)
(1976,193,Greg Smith,SF,29,POR,1,,3.0,0.0,1.0,.000,,,,0.0,1.0,.000,.000,0.0,0.0,,0.0,0.0,0.0,0.0,0.0,0.0,,2.0,0.0)
(1976,197,Ricky Sobers,SG,23,PHO,78,,24.3,3.6,8.0,.449,,,,3.6,8.0,.449,.449,2.0,2.5,.823,1.0,2.3,3.3,2.8,1.4,0.1,,3.2,9.2)
(1976,Rk,Player,Pos,Age,Tm,G,GS,MP,FG,FGA,FG%,3P,3PA,3P%,2P,2PA,2P%,eFG%,FT,FTA,FT%,ORB,DRB,TRB,AST,STL,BLK,TOV,PF,PTS)
(1976,204,Rudy Tomjanovich,PF,27,HOU,79,,36.9,7.9,15.2,.517,,,,7.9,15.2,.517,.517,2.8,3.6,.767,2.1,6.3,8.4,2.4,0.5,0.2,,2.6,18.5)
(1976,208,Tom Van Arsdale,SF,32,ATL,75,,27.0,4.6,10.5,.441,,,,4.6,10.5,.441,.441,1.7,2.2,.759,0.5,2.0,2.5,1.9,0.8,0.1,,2.7,10.9)
(1976,212,Jimmy Walker,SG,31,KCK,73,,34.1,6.3,13.0,.483,,,,6.3,13.0,.483,.483,3.2,3.7,.865,0.7,1.8,2.4,2.4,1.2,0.2,,2.5,15.7)
(1976,216,Kermit Washington,PF,24,LAL,36,,13.7,1.1,2.5,.433,,,,1.1,2.5,.433,.433,1.3,1.8,.682,1.4,3.2,4.6,0.6,0.3,0.7,,2.1,3.4)
(1976,220,Bob Weiss,PG,33,BUF,66,,15.1,1.3,2.8,.486,,,,1.3,2.8,.486,.486,0.5,0.7,.729,0.2,0.8,1.0,2.3,0.7,0.2,,1.4,3.2)
(1976,223,John Wetzel,SG,31,PHO,37,,6.7,0.6,1.2,.478,,,,0.6,1.2,.478,.478,0.5,0.6,.833,0.2,0.8,1.0,0.5,0.2,0.1,,0.8,1.7)
(1976,227,Jamaal Wilkes*,SF,22,GSW,82,,33.1,7.5,16.3,.463,,,,7.5,16.3,.463,.463,2.8,3.6,.772,2.4,6.4,8.8,2.0,1.2,0.4,,2.7,17.8)
(1976,231,Ron Williams,PG,31,LAL,9,,17.6,1.9,4.8,.395,,,,1.9,4.8,.395,.395,1.1,1.4,.769,0.2,1.9,2.1,2.3,0.3,0.0,,1.7,4.9)
(1976,235,Harthorne Wingo,PF,28,NYK,57,,9.4,1.3,2.9,.442,,,,1.3,2.9,.442,.442,0.7,1.1,.667,0.8,1.1,1.9,0.3,0.3,0.1,,1.0,3.2)
