(1976,3,Alvan Adams,C,21,PHO,80,,33.2,7.9,16.8,.469,,,,7.9,16.8,.469,.469,3.3,4.4,.735,2.7,6.4,9.1,5.6,1.5,1.5,,3.4,19.0)
(1976,7,Jerome Anderson,SG,22,BOS,22,,5.7,1.1,2.0,.556,,,,1.1,2.0,.556,.556,0.5,0.7,.688,0.2,0.4,0.6,0.3,0.1,0.1,,1.1,2.8)
(1976,11,Gus Bailey,SG,24,HOU,30,,8.7,0.9,2.6,.364,,,,0.9,2.6,.364,.364,0.5,0.9,.500,0.7,1.0,1.7,1.4,0.5,0.3,,1.1,2.3)
(1976,15,Jerry Baskerville,SF,24,PHI,21,,5.0,0.4,1.2,.308,,,,0.4,1.2,.308,.308,0.5,0.8,.625,0.6,0.7,1.3,0.1,0.3,0.2,,1.5,1.2)
(1976,19,Leon Benbow,SG,25,CHI,76,,20.9,2.9,7.3,.397,,,,2.9,7.3,.397,.397,1.4,1.8,.750,0.9,1.5,2.3,2.1,0.8,0.1,,2.4,7.1)
(1976,22,Dave Bing*,PG,32,WSB,82,,35.9,6.1,13.6,.447,,,,6.1,13.6,.447,.447,4.0,5.1,.787,1.1,1.7,2.9,6.0,1.4,0.3,,3.2,16.2)
(1976,26,Freddie Boyd,SG-PG,25,TOT,36,,17.1,2.1,4.8,.433,,,,2.1,4.8,.433,.433,0.8,1.4,.569,0.1,0.8,0.9,2.2,0.8,0.2,,1.6,4.9)
(1976,30,Gary Brokaw,SG,22,MIL,75,,19.6,3.2,6.9,.457,,,,3.2,6.9,.457,.457,2.1,3.0,.700,0.3,1.3,1.7,3.3,0.5,0.2,,1.8,8.4)
(1976,34,Joe Bryant,PF,21,PHI,75,,16.0,3.1,7.4,.422,,,,3.1,7.4,.422,.422,1.2,2.0,.626,1.3,2.4,3.7,0.8,0.6,0.3,,2.2,7.4)
(1976,38,Austin Carr,SG,27,CLE,65,,19.7,4.2,9.6,.442,,,,4.2,9.6,.442,.442,1.6,2.1,.791,1.0,1.0,2.0,1.9,0.6,0.0,,1.4,10.1)
(1976,41,Ken Charles,SG,24,BUF,81,,27.7,4.0,8.9,.456,,,,4.0,8.9,.456,.456,2.0,2.5,.785,0.7,2.0,2.7,2.5,1.5,0.6,,3.2,10.1)
(1976,45,Jim Cleamons,PG,26,CLE,82,,34.6,5.0,10.8,.466,,,,5.0,10.8,.466,.466,2.1,2.7,.798,1.5,2.8,4.3,5.2,1.5,0.2,,2.6,12.2)
(1976,49,Mel Counts,C,34,NOJ,30,,10.6,1.2,3.0,.407,,,,1.2,3.0,.407,.407,0.5,0.7,.762,0.9,2.4,3.3,1.3,0.5,0.3,,2.5,3.0)
(1976,53,Mike D'Antoni,SG,24,KCK,9,,11.2,0.8,3.0,.259,,,,0.8,3.0,.259,.259,0.2,0.2,1.000,0.4,1.1,1.6,1.8,1.1,0.0,,2.0,1.8)
(1976,57,Mickey Davis,SF,25,MIL,45,,9.1,1.2,3.4,.362,,,,1.2,3.4,.362,.362,1.1,1.4,.794,0.6,1.3,1.9,0.8,0.3,0.0,,0.8,3.6)
(1976,Rk,Player,Pos,Age,Tm,G,GS,MP,FG,FGA,FG%,3P,3PA,3P%,2P,2PA,2P%,eFG%,FT,FTA,FT%,ORB,DRB,TRB,AST,STL,BLK,TOV,PF,PTS)
(1976,64,Charles Dudley,PG,25,GSW,82,,17.8,2.2,4.2,.528,,,,2.2,4.2,.528,.528,1.9,3.0,.641,1.4,1.9,3.3,2.9,0.9,0.0,,2.1,6.4)
(1976,68,Keith Erickson,SF,31,PHO,74,,25.0,4.1,8.8,.470,,,,4.1,8.8,.470,.470,1.8,2.1,.854,1.4,3.1,4.5,2.5,1.1,0.1,,2.6,10.1)
(1976,72,Don Ford,SF,23,LAL,76,,24.2,4.1,9.3,.438,,,,4.1,9.3,.438,.438,1.4,1.8,.748,1.6,2.8,4.4,1.5,0.7,0.2,,2.4,9.6)
(1976,76,Donnie Freeman,SG,31,LAL,64,,23.1,4.1,9.5,.434,,,,4.1,9.5,.434,.434,2.5,3.1,.819,1.1,1.7,2.8,2.7,0.9,0.2,,2.5,10.8)
(1976,80,Herm Gilliam,SG,29,SEA,81,,20.3,3.7,8.3,.442,,,,3.7,8.3,.442,.442,1.1,1.4,.776,0.7,2.0,2.7,2.5,1.0,0.1,,1.7,8.5)
(1976,83,Kevin Grevey,SF,22,WSB,56,,9.0,1.4,3.8,.371,,,,1.4,3.8,.371,.371,0.9,1.0,.897,0.4,0.6,1.1,0.5,0.2,0.1,,1.2,3.8)
(1976,87,Glenn Hansen,SG,23,KCK,66,,17.3,2.6,6.4,.412,,,,2.6,6.4,.412,.412,1.3,1.8,.726,1.2,1.7,2.8,1.0,0.7,0.2,,2.2,6.5)
(1976,91,Connie Hawkins*,PF,33,ATL,74,,25.8,3.2,7.2,.447,,,,3.2,7.2,.447,.447,1.8,2.6,.712,1.4,4.6,6.0,2.9,1.1,0.6,,2.3,8.2)
(1976,95,Spencer Haywood*,PF,26,NYK,78,,37.1,7.8,17.4,.445,,,,7.8,17.4,.445,.445,4.3,5.7,.757,3.0,8.3,11.3,1.2,0.7,1.0,,3.3,19.9)
(1976,99,Lionel Hollins,PG,22,POR,74,,25.6,4.2,10.0,.421,,,,4.2,10.0,.421,.421,2.4,3.3,.721,0.5,1.8,2.4,4.1,1.8,0.4,,3.2,10.8)
(1976,102,Phil Jackson*,PF,30,NYK,80,,18.3,2.3,4.8,.478,,,,2.3,4.8,.478,.478,1.4,1.9,.733,1.0,3.3,4.3,1.3,0.5,0.3,,3.4,6.0)
(1976,106,John Johnson,SF,28,TOT,76,,22.3,4.2,9.2,.453,,,,4.2,9.2,.453,.453,1.6,2.0,.774,1.2,3.1,4.4,2.9,0.8,0.5,,2.6,9.9)
(1976,110,Jimmy Jones,PG,31,WSB,64,,17.7,2.4,4.8,.497,,,,2.4,4.8,.497,.497,1.1,1.5,.766,0.5,1.5,2.0,1.9,0.5,0.1,,2.0,5.9)
(1976,114,Len Kosmalski,C,24,KCK,9,,10.3,0.9,2.2,.400,,,,0.9,2.2,.400,.400,0.4,0.8,.571,1.0,1.8,2.8,1.3,0.3,0.4,,1.2,2.2)
(1976,118,Kevin Kunnert,C,24,HOU,80,,29.2,5.8,11.9,.487,,,,5.8,11.9,.487,.487,1.3,2.0,.654,3.3,6.5,9.8,1.9,0.7,1.3,,3.9,12.9)
(1976,122,Bob Lanier*,C,27,DET,64,,36.9,8.5,15.9,.532,,,,8.5,15.9,.532,.532,4.4,5.8,.768,3.4,8.3,11.7,3.4,1.2,1.3,,3.2,21.3)
(1976,126,Greg Lee,PG,24,POR,5,,7.0,0.4,0.8,.500,,,,0.4,0.8,.500,.500,0.4,0.4,1.000,0.0,0.4,0.4,2.2,0.4,0.0,,1.2,1.2)
(1976,130,Jack Marin,SF,31,TOT,79,,24.2,4.3,10.3,.422,,,,4.3,10.3,.422,.422,2.0,2.4,.856,0.9,2.3,3.2,1.8,0.6,0.1,,2.1,10.7)
(1976,134,Bob McAdoo*,C,24,BUF,78,,42.7,12.0,24.6,.487,,,,12.0,24.6,.487,.487,7.2,9.4,.762,3.1,9.3,12.4,4.0,1.2,2.1,,3.8,31.1)
(1976,138,George McGinnis,PF,25,PHI,77,,38.3,8.4,20.2,.417,,,,8.4,20.2,.417,.417,6.2,8.3,.740,3.4,9.2,12.6,4.7,2.6,0.5,,4.3,23.0)
(1976,141,Jim McMillian,SF,27,BUF,74,,35.3,6.6,12.4,.536,,,,6.6,12.4,.536,.536,2.5,3.0,.858,1.8,3.5,5.3,2.8,1.2,0.2,,1.9,15.8)
(1976,145,John Mengelt,SG,26,DET,67,,16.5,3.9,8.1,.489,,,,3.9,8.1,.489,.489,2.9,3.5,.810,0.4,1.3,1.7,1.6,0.6,0.1,,2.1,10.7)
(1976,149,Eric Money,PG,20,DET,80,,28.3,5.6,11.8,.474,,,,5.6,11.8,.474,.474,1.8,2.3,.806,1.0,1.6,2.6,4.2,1.7,0.1,,3.0,13.0)
(1976,153,Calvin Murphy*,PG,27,HOU,82,,36.5,8.2,16.7,.493,,,,8.2,16.7,.493,.493,4.5,5.0,.907,0.6,1.9,2.5,7.3,1.8,0.1,,3.6,21.0)
(1976,157,Mike Newlin,SG,27,HOU,82,,37.4,6.9,13.7,.507,,,,6.9,13.7,.507,.507,4.7,5.4,.865,0.9,3.2,4.1,5.6,1.3,0.1,,3.2,18.6)
(1976,Rk,Player,Pos,Age,Tm,G,GS,MP,FG,FGA,FG%,3P,3PA,3P%,2P,2PA,2P%,eFG%,FT,FTA,FT%,ORB,DRB,TRB,AST,STL,BLK,TOV,PF,PTS)
(1976,164,Cliff Pondexter,PF,21,CHI,75,,17.7,2.1,5.1,.411,,,,2.1,5.1,.411,.411,1.6,2.4,.670,1.5,3.6,5.1,1.2,0.4,0.3,,1.8,5.8)
(1976,168,Ed Ratleff,SF,25,HOU,72,,33.3,4.4,9.0,.485,,,,4.4,9.0,.485,.485,2.3,2.9,.816,1.5,3.8,5.3,3.6,1.6,0.5,,3.3,11.1)
(1976,172,Ron Riley,PF,25,HOU,65,,16.1,1.8,4.3,.411,,,,1.8,4.3,.411,.411,0.6,0.9,.679,1.4,3.3,4.7,1.2,0.5,0.3,,2.1,4.1)
(1976,176,Bill Robinzine,PF,23,KCK,75,,17.7,3.1,6.7,.459,,,,3.1,6.7,.459,.459,1.9,2.6,.732,1.7,3.0,4.7,0.8,1.1,0.1,,3.9,8.0)
(1976,180,Cazzie Russell,SF,31,LAL,74,,22.0,5.0,10.8,.463,,,,5.0,10.8,.463,.463,1.8,2.0,.892,0.7,1.8,2.5,1.6,0.7,0.0,,1.6,11.8)
(1976,183,Charlie Scott,SG,27,BOS,82,,35.5,7.2,16.0,.449,,,,7.2,16.0,.449,.449,3.3,4.1,.797,1.3,3.1,4.4,4.2,1.3,0.3,,4.3,17.6)
(1976,187,John Shumate,PF,23,TOT,75,,26.3,4.4,7.9,.561,,,,4.4,7.9,.561,.561,2.8,4.3,.650,1.9,5.5,7.4,1.7,1.1,0.5,,2.1,11.7)
(1976,191,Bingo Smith,SG,29,CLE,81,,28.9,6.1,13.8,.442,,,,6.1,13.8,.442,.442,1.4,1.7,.816,1.0,3.2,4.2,1.9,0.7,0.4,,2.9,13.6)
(1976,195,Randy Smith,SG,27,BUF,82,,38.6,8.6,17.3,.494,,,,8.6,17.3,.494,.494,4.7,5.7,.817,1.3,3.8,5.1,5.9,1.9,0.0,,3.3,21.8)
(1976,199,Kevin Stacom,SG,24,BOS,77,,14.5,2.2,5.0,.439,,,,2.2,5.0,.439,.439,0.9,1.2,.747,0.8,1.3,2.1,1.7,0.3,0.1,,1.5,5.3)
(1976,202,Terry Thomas,PF,22,DET,28,,4.9,1.0,2.3,.431,,,,1.0,2.3,.431,.431,0.8,1.0,.724,0.5,0.8,1.3,0.1,0.1,0.1,,0.8,2.8)
(1976,206,Wes Unseld*,C,29,WSB,78,,37.5,4.1,7.3,.561,,,,4.1,7.3,.561,.561,1.5,2.5,.585,3.5,9.8,13.3,5.2,1.1,0.8,,2.6,9.6)
(1976,210,Neal Walk,C,27,NYK,82,,16.3,3.2,7.4,.432,,,,3.2,7.4,.432,.432,1.0,1.2,.798,1.2,3.5,4.7,1.5,0.3,0.3,,2.5,7.4)
(1976,214,Cornell Warner,PF,27,LAL,81,,31.0,3.1,6.5,.479,,,,3.1,6.5,.479,.479,1.1,1.6,.695,2.8,6.2,8.9,1.3,0.7,0.6,,3.5,7.3)
(1976,218,Nick Weatherspoon,SF,25,WSB,64,,16.9,3.4,7.2,.476,,,,3.4,7.2,.476,.476,1.5,2.1,.701,1.3,3.0,4.3,0.9,0.7,0.3,,2.7,8.3)
(1976,221,Walt Wesley,C,31,LAL,1,,7.0,1.0,2.0,.500,,,,1.0,2.0,.500,.500,2.0,4.0,.500,0.0,1.0,1.0,1.0,0.0,0.0,,2.0,4.0)
(1976,225,Rudy White,SG,22,HOU,32,,8.9,1.3,3.2,.412,,,,1.3,3.2,.412,.412,0.6,0.8,.720,0.4,0.8,1.2,0.9,0.6,0.2,,1.0,3.2)
(1976,229,Gus Williams,PG,22,GSW,77,,22.4,4.7,11.1,.428,,,,4.7,11.1,.428,.428,2.2,3.0,.742,0.8,1.3,2.1,3.1,1.8,0.3,,1.9,11.7)
(1976,233,Bobby Wilson,SG,25,CHI,58,,14.8,3.4,8.4,.403,,,,3.4,8.4,.403,.403,0.7,1.0,.741,0.6,1.1,1.6,0.9,0.4,0.0,,1.7,7.5)
(1976,237,Luke Witte,C,25,CLE,22,,4.5,0.5,1.5,.344,,,,0.5,1.5,.344,.344,0.4,0.7,.600,0.4,1.3,1.7,0.2,0.0,0.0,,0.6,1.4)
