(1976,2,Kareem Abdul-Jabbar*,C,28,LAL,82,,41.2,11.1,21.1,.529,,,,11.1,21.1,.529,.529,5.5,7.8,.703,3.3,13.5,16.9,5.0,1.5,4.1,,3.6,27.7)
(1976,6,Dan Anderson,PG,25,POR,52,,11.8,1.7,3.5,.486,,,,1.7,3.5,.486,.486,1.0,1.2,.836,0.3,0.9,1.2,1.6,0.4,0.0,,1.1,4.4)
(1976,10,Dennis Awtrey,C,27,PHO,74,,18.6,1.9,4.1,.467,,,,1.9,4.1,.467,.467,1.0,1.5,.688,1.3,2.7,4.0,2.1,0.3,0.3,,2.1,4.9)
(1976,14,Rick Barry*,SF,31,GSW,81,,38.5,8.7,20.0,.435,,,,8.7,20.0,.435,.435,3.5,3.8,.923,0.9,5.2,6.1,6.1,2.5,0.3,,2.7,21.0)
(1976,18,Dennis Bell,SF,24,NYK,10,,7.6,0.8,2.1,.381,,,,0.8,2.1,.381,.381,0.3,0.7,.429,0.4,1.0,1.4,0.3,0.6,0.1,,1.1,1.9)
(1976,21,Bob Bigelow,SF,22,KCK,31,,5.3,0.5,1.5,.340,,,,0.5,1.5,.340,.340,0.8,1.1,.727,0.3,0.6,0.9,0.3,0.1,0.0,,0.6,1.8)
(1976,25,Tom Boswell,PF,22,BOS,35,,7.9,1.2,2.7,.441,,,,1.2,2.7,.441,.441,0.4,0.7,.583,0.7,1.3,2.0,0.5,0.1,0.0,,2.0,2.7)
(1976,29,Junior Bridgeman,SF,22,MIL,81,,20.3,3.5,8.0,.439,,,,3.5,8.0,.439,.439,1.6,2.0,.795,1.4,2.2,3.6,1.9,0.6,0.3,,2.9,8.6)
(1976,33,Roger Brown,C,25,DET,29,,15.7,1.0,2.5,.403,,,,1.0,2.5,.403,.403,0.5,0.6,.778,1.6,2.9,4.5,0.4,0.2,0.9,,2.6,2.5)
(1976,37,Al Carlson,C,24,SEA,28,,10.0,1.0,2.8,.342,,,,1.0,2.8,.342,.342,0.6,1.0,.621,1.1,1.5,2.6,0.5,0.3,0.4,,1.4,2.6)
(1976,Rk,Player,Pos,Age,Tm,G,GS,MP,FG,FGA,FG%,3P,3PA,3P%,2P,2PA,2P%,eFG%,FT,FTA,FT%,ORB,DRB,TRB,AST,STL,BLK,TOV,PF,PTS)
(1976,44,Archie Clark,SG,34,DET,79,,20.1,3.2,7.3,.433,,,,3.2,7.3,.433,.433,1.3,1.5,.862,0.3,1.4,1.7,2.8,0.8,0.1,,2.0,7.6)
(1976,48,Doug Collins,SG,24,PHI,77,,38.9,8.0,15.5,.513,,,,8.0,15.5,.513,.513,4.8,5.8,.836,1.6,2.4,4.0,2.5,1.4,0.3,,3.2,20.8)
(1976,52,Billy Cunningham*,SF,32,PHI,20,,32.0,5.2,12.6,.410,,,,5.2,12.6,.410,.410,3.4,4.4,.773,1.5,5.9,7.4,5.4,1.2,0.5,,2.9,13.7)
(1976,56,Mel Davis,PF,25,NYK,42,,9.7,1.8,4.6,.394,,,,1.8,4.6,.394,.394,0.5,0.7,.759,1.0,2.5,3.5,0.7,0.4,0.1,,1.3,4.1)
(1976,60,Henry Dickerson,SG,24,DET,17,,6.6,0.5,1.7,.310,,,,0.5,1.7,.310,.310,0.6,0.9,.625,0.2,0.0,0.2,0.5,0.1,0.1,,1.0,1.6)
(1976,63,John Drew,SF,21,ATL,77,,30.5,7.6,15.2,.502,,,,7.6,15.2,.502,.502,6.3,8.5,.744,3.7,4.9,8.6,1.9,1.8,0.4,,3.4,21.6)
(1976,67,Leroy Ellis,C,35,PHI,29,,16.9,2.1,4.6,.462,,,,2.1,4.6,.462,.462,0.6,1.0,.607,1.6,2.6,4.2,0.7,0.6,0.3,,2.1,4.8)
(1976,71,Chris Ford,SG,27,DET,82,,26.8,3.7,8.6,.426,,,,3.7,8.6,.426,.426,1.0,1.4,.722,1.0,2.6,3.5,3.3,2.2,0.3,,2.7,8.4)
(1976,75,World B. Free,SG,22,PHI,71,,15.8,3.4,7.5,.448,,,,3.4,7.5,.448,.448,1.6,2.6,.602,0.9,0.9,1.8,1.5,0.5,0.1,,1.5,8.3)
(1976,79,Dick Gibbs,SF,27,BUF,72,,12.0,1.8,4.2,.429,,,,1.8,4.2,.429,.429,1.1,1.3,.828,0.6,0.9,1.5,0.7,0.2,0.2,,1.8,4.7)
(1976,82,Leonard Gray,PF,24,SEA,66,,32.4,6.0,12.6,.474,,,,6.0,12.6,.474,.474,1.9,2.6,.746,1.7,4.4,6.0,3.1,1.1,0.5,,3.9,13.8)
(1976,86,Lindsay Hairston,SF,24,DET,47,,13.9,2.2,4.9,.456,,,,2.2,4.9,.456,.456,1.4,2.4,.580,1.4,2.4,3.8,0.4,0.4,0.7,,1.8,5.8)
(1976,90,Steve Hawes,C,25,TOT,72,,19.6,2.8,5.6,.494,,,,2.8,5.6,.494,.494,1.2,1.7,.725,2.4,4.5,6.9,1.6,0.6,0.3,,2.3,6.7)
(1976,94,Elvin Hayes*,PF,30,WSB,80,,37.2,8.1,17.3,.470,,,,8.1,17.3,.470,.470,3.6,5.7,.628,2.6,8.4,11.0,1.5,1.3,2.5,,3.7,19.8)
(1976,98,Wilbur Holland,SG,24,ATL,33,,10.6,2.6,6.5,.399,,,,2.6,6.5,.399,.399,0.7,1.0,.647,0.5,0.8,1.2,0.8,0.6,0.1,,1.5,5.8)
(1976,101,John Hummer,PF,27,SEA,29,,12.6,1.1,2.3,.478,,,,1.1,2.3,.478,.478,0.6,1.4,.415,0.7,1.9,2.7,0.9,0.2,0.3,,2.4,2.8)
(1976,105,George Johnson,C,27,GSW,82,,21.3,2.0,4.2,.484,,,,2.0,4.2,.484,.484,0.9,1.3,.673,2.4,5.2,7.6,1.0,0.6,2.1,,3.4,4.9)
(1976,109,Dwight Jones,C,23,ATL,66,,26.7,3.8,8.2,.463,,,,3.8,8.2,.463,.463,2.5,3.3,.744,2.6,5.3,7.9,1.3,0.8,0.9,,3.2,10.1)
(1976,113,Rich Kelley,C,22,NOJ,75,,17.9,2.5,5.1,.485,,,,2.5,5.1,.485,.485,2.1,2.7,.776,2.6,4.5,7.0,2.1,0.7,0.8,,2.8,7.0)
(1976,117,Steve Kuberski,C-SF,28,TOT,70,,13.8,1.9,4.2,.464,,,,1.9,4.2,.464,.464,1.0,1.1,.899,1.3,2.4,3.7,0.7,0.2,0.2,,1.9,4.9)
(1976,121,John Lambert,PF,23,CLE,54,,6.2,0.9,2.0,.445,,,,0.9,2.0,.445,.445,0.5,0.7,.676,0.7,1.2,1.9,0.3,0.1,0.2,,1.0,2.3)
(1976,125,Clyde Lee,C,31,PHI,79,,18.0,1.6,3.6,.436,,,,1.6,3.6,.436,.436,0.8,1.2,.663,2.1,3.7,5.7,0.7,0.3,0.3,,2.4,3.9)
(1976,129,Pete Maravich*,SG,28,NOJ,62,,38.3,9.7,21.2,.459,,,,9.7,21.2,.459,.459,6.4,7.9,.811,0.7,4.1,4.8,5.4,1.4,0.4,,3.2,25.9)
(1976,133,Ken Mayfield,SG,27,NYK,13,,4.9,1.3,3.5,.370,,,,1.3,3.5,.370,.370,0.2,0.2,1.000,0.1,0.5,0.6,0.3,0.0,0.0,,1.4,2.8)
(1976,137,Jim McElroy,PG,22,NOJ,51,,22.2,3.0,5.8,.510,,,,3.0,5.8,.510,.510,1.6,2.2,.736,0.7,1.5,2.2,2.1,0.9,0.1,,1.4,7.5)
(1976,Rk,Player,Pos,Age,Tm,G,GS,MP,FG,FGA,FG%,3P,3PA,3P%,2P,2PA,2P%,eFG%,FT,FTA,FT%,ORB,DRB,TRB,AST,STL,BLK,TOV,PF,PTS)
(1976,144,Dean Meminger,SG,27,ATL,68,,20.9,2.3,5.6,.409,,,,2.3,5.6,.409,.409,1.5,2.2,.658,1.0,1.3,2.2,3.3,0.8,0.1,,1.7,6.0)
(1976,148,Steve Mix,SF,28,PHI,81,,37.5,5.2,10.4,.499,,,,5.2,10.4,.499,.499,3.5,4.3,.818,2.7,5.5,8.2,2.7,2.0,0.4,,3.6,13.9)
(1976,152,Jeff Mullins,SG,33,GSW,29,,10.7,2.0,4.1,.483,,,,2.0,4.1,.483,.483,0.8,1.0,.793,0.4,0.7,1.1,1.3,0.5,0.0,,1.2,4.8)
(1976,156,Louie Nelson,SG,24,NOJ,66,,30.8,5.0,11.4,.433,,,,5.0,11.4,.433,.433,2.6,3.5,.735,1.2,1.8,3.1,2.6,1.2,0.1,,2.2,12.5)
(1976,160,Frank Oleynick,SG,20,SEA,52,,12.5,2.4,6.1,.402,,,,2.4,6.1,.402,.402,1.0,1.5,.688,0.2,0.7,0.9,1.0,0.4,0.1,,1.2,5.9)
(1976,163,Geoff Petrie,SG,27,POR,72,,35.5,7.5,16.3,.461,,,,7.5,16.3,.461,.461,3.8,4.6,.829,0.5,1.8,2.3,4.6,1.1,0.1,,2.7,18.9)
(1976,167,Jim Price,PG,26,MIL,80,,31.6,5.0,12.0,.415,,,,5.0,12.0,.415,.415,1.8,2.1,.849,0.9,2.3,3.3,4.9,1.9,0.4,,3.3,11.7)
(1976,171,Pat Riley*,SG,30,TOT,62,,13.1,1.9,4.9,.389,,,,1.9,4.9,.389,.389,0.9,1.2,.714,0.3,0.5,0.8,0.9,0.4,0.1,,1.8,4.7)
(1976,175,Truck Robinson,PF,24,WSB,82,,25.1,4.3,9.5,.454,,,,4.3,9.5,.454,.454,2.6,3.8,.672,1.7,5.1,6.8,1.4,0.5,1.3,,2.9,11.2)
(1976,179,Campy Russell,SF,24,CLE,82,,23.9,5.9,12.2,.482,,,,5.9,12.2,.482,.482,3.2,4.2,.773,1.6,2.6,4.2,1.3,0.8,0.1,,2.8,15.0)
(1976,182,Dale Schlueter,C,30,BUF,71,,10.9,0.9,1.7,.500,,,,0.9,1.7,.500,.500,0.8,1.1,.667,0.8,2.3,3.2,1.1,0.2,0.2,,2.0,2.5)
(1976,186,Gene Short,SF,22,TOT,34,,6.5,0.9,2.7,.352,,,,0.9,2.7,.352,.352,0.6,0.9,.625,0.6,0.9,1.4,0.3,0.2,0.1,,1.1,2.5)
(1976,190,Jerry Sloan*,SG,33,CHI,22,,28.0,3.8,9.5,.400,,,,3.8,9.5,.400,.400,2.5,3.5,.705,1.8,3.5,5.3,1.0,1.2,0.2,,3.5,10.1)
(1976,194,Phil Smith,SG,23,GSW,82,,34.1,8.0,16.9,.477,,,,8.0,16.9,.477,.477,3.9,5.0,.788,1.6,3.0,4.6,4.4,1.3,0.2,,2.7,20.0)
(1976,198,Mike Sojourner,C,22,ATL,67,,23.9,3.7,7.8,.473,,,,3.7,7.8,.473,.473,1.2,1.8,.672,1.9,4.8,6.7,0.9,0.6,0.6,,2.6,8.6)
(1976,201,Larry Steele,SG,26,POR,81,,29.4,4.0,8.0,.495,,,,4.0,8.0,.495,.495,1.9,2.5,.759,1.0,2.7,3.6,4.0,2.1,0.2,,3.6,9.9)
(1976,205,George Trapp,PF,27,DET,76,,14.4,3.7,7.9,.462,,,,3.7,7.9,.462,.462,0.8,1.2,.716,1.0,2.0,3.0,0.7,0.4,0.3,,2.2,8.1)
(1976,209,Norm Van Lier,PG,28,CHI,76,,39.8,4.8,13.0,.366,,,,4.8,13.0,.366,.366,3.1,4.2,.737,1.8,3.6,5.4,6.6,2.0,0.3,,3.9,12.6)
(1976,213,Bill Walton*,C,23,POR,51,,33.1,6.8,14.4,.471,,,,6.8,14.4,.471,.471,2.6,4.5,.583,2.6,10.8,13.4,4.3,1.0,1.6,,2.8,16.1)
(1976,217,Slick Watts,PG,24,SEA,82,,33.9,5.3,12.4,.427,,,,5.3,12.4,.427,.427,2.4,4.2,.578,1.4,3.1,4.5,8.1,3.2,0.2,,3.3,13.0)
(1976,Rk,Player,Pos,Age,Tm,G,GS,MP,FG,FGA,FG%,3P,3PA,3P%,2P,2PA,2P%,eFG%,FT,FTA,FT%,ORB,DRB,TRB,AST,STL,BLK,TOV,PF,PTS)
(1976,224,Jo Jo White*,PG,29,BOS,82,,39.7,8.2,18.2,.449,,,,8.2,18.2,.449,.449,2.6,3.1,.838,0.7,3.1,3.8,5.4,1.3,0.2,,2.2,18.9)
(1976,228,Earl Williams,C,24,DET,46,,12.2,1.6,3.3,.480,,,,1.6,3.3,.480,.480,0.5,1.0,.500,2.2,3.2,5.5,0.4,0.5,0.4,,1.8,3.7)
(1976,232,Bill Willoughby,SF,18,ATL,62,,14.0,1.8,4.6,.398,,,,1.8,4.6,.398,.398,1.1,1.6,.660,1.7,3.0,4.6,0.5,0.6,0.5,,1.4,4.7)
(1976,236,Brian Winters,SG,23,MIL,78,,35.8,7.9,17.1,.464,,,,7.9,17.1,.464,.464,2.3,2.8,.829,0.8,2.3,3.2,4.7,1.6,0.3,,3.1,18.2)
