(1976,Rk,Player,Pos,Age,Tm,G,GS,MP,FG,FGA,FG%,3P,3PA,3P%,2P,2PA,2P%,eFG%,FT,FTA,FT%,ORB,DRB,TRB,AST,STL,BLK,TOV,PF,PTS)
(1976,4,Don Adams,SF,28,BUF,56,,12.6,1.2,3.0,.394,,,,1.2,3.0,.394,.394,0.7,1.0,.702,0.7,1.9,2.6,1.3,0.5,0.1,,2.3,3.1)
(1976,8,Tiny Archibald*,PG,27,KCK,78,,40.8,9.2,20.3,.453,,,,9.2,20.3,.453,.453,6.4,8.0,.802,0.9,1.9,2.7,7.9,1.6,0.2,,2.2,24.8)
(1976,12,Mike Bantom,SF,24,TOT,73,,21.5,3.0,6.5,.462,,,,3.0,6.5,.462,.462,1.9,2.7,.683,1.9,3.4,5.4,1.4,0.4,0.4,,3.0,7.9)
(1976,16,Butch Beard,PG,28,TOT,75,,22.7,3.0,6.6,.460,,,,3.0,6.6,.460,.460,1.9,2.6,.750,1.4,2.8,4.1,2.9,1.1,0.1,,2.9,8.0)
(1976,20,Henry Bibby,PG,26,NOJ,79,,22.4,3.4,7.9,.428,,,,3.4,7.9,.428,.428,2.5,3.2,.797,0.7,1.5,2.3,2.8,0.8,0.0,,2.1,9.3)
(1976,23,John Block,PF,31,CHI,2,,3.5,1.0,2.0,.500,,,,1.0,2.0,.500,.500,0.0,1.0,.000,0.0,1.0,1.0,0.0,0.5,0.0,,1.0,2.0)
(1976,27,Bill Bradley*,SF,32,NYK,82,,33.0,4.8,11.0,.433,,,,4.8,11.0,.433,.433,1.6,1.8,.878,0.6,2.3,2.9,3.0,0.8,0.2,,3.1,11.1)
(1976,31,Fred Brown,SG,27,SEA,76,,33.1,9.8,20.0,.488,,,,9.8,20.0,.488,.488,3.6,4.1,.869,1.5,2.7,4.2,2.7,1.9,0.2,,2.4,23.1)
(1976,35,Tom Burleson,C,23,SEA,82,,32.3,6.0,12.6,.481,,,,6.0,12.6,.481,.481,3.5,4.7,.750,3.1,5.9,9.0,2.2,0.9,1.8,,3.3,15.6)
(1976,39,Fred Carter,PG,30,PHI,82,,36.5,8.1,19.4,.417,,,,8.1,19.4,.417,.417,2.7,3.8,.702,1.4,2.3,3.6,4.5,1.7,0.2,,3.5,18.9)
(1976,42,Phil Chenier,SG,25,WSB,80,,36.9,8.2,16.9,.483,,,,8.2,16.9,.483,.483,3.5,4.3,.827,1.1,3.0,4.0,3.2,2.0,0.6,,2.3,19.9)
(1976,46,Barry Clemens,SF,32,POR,49,,9.0,1.4,2.9,.490,,,,1.4,2.9,.490,.490,0.6,0.7,.886,0.6,0.9,1.4,0.7,0.6,0.1,,1.2,3.5)
(1976,50,Dave Cowens*,C,27,BOS,78,,39.8,7.8,16.7,.468,,,,7.8,16.7,.468,.468,3.3,4.4,.756,4.3,11.7,16.0,4.2,1.2,0.9,,4.0,19.0)
(1976,54,Bob Dandridge,SF,28,MIL,73,,37.5,8.9,17.8,.502,,,,8.9,17.8,.502,.502,3.7,4.5,.824,2.3,5.1,7.4,2.8,1.5,0.5,,3.6,21.5)
(1976,58,Darryl Dawkins,C,19,PHI,37,,4.5,1.1,2.2,.500,,,,1.1,2.2,.500,.500,0.2,0.6,.333,0.4,0.9,1.3,0.1,0.1,0.2,,1.1,2.4)
(1976,61,Derrek Dickey,PF,24,GSW,79,,15.3,2.8,6.0,.465,,,,2.8,6.0,.465,.465,0.8,1.0,.785,1.4,3.0,4.4,1.1,0.3,0.1,,1.8,6.4)
(1976,65,Dennis DuVal,PG,23,ATL,13,,10.0,1.2,3.3,.349,,,,1.2,3.3,.349,.349,0.5,0.7,.667,0.1,0.5,0.6,1.5,0.5,0.2,,1.2,2.8)
(1976,69,Eric Fernsten,C,22,TOT,37,,7.2,0.9,2.3,.384,,,,0.9,2.3,.384,.384,0.7,1.0,.703,0.7,1.2,1.9,0.5,0.2,0.4,,0.6,2.5)
(1976,73,Jim Fox,C,32,MIL,70,,13.1,1.5,2.9,.517,,,,1.5,2.9,.517,.517,0.9,1.1,.785,1.2,2.2,3.4,0.6,0.4,0.2,,1.8,3.9)
(1976,77,Rowland Garrett,SF,25,TOT,55,,9.8,2.0,4.7,.419,,,,2.0,4.7,.419,.419,1.0,1.2,.815,0.8,1.3,2.1,0.3,0.5,0.1,,1.2,4.9)
(1976,Rk,Player,Pos,Age,Tm,G,GS,MP,FG,FGA,FG%,3P,3PA,3P%,2P,2PA,2P%,eFG%,FT,FTA,FT%,ORB,DRB,TRB,AST,STL,BLK,TOV,PF,PTS)
(1976,84,Bob Gross,SF,22,POR,76,,19.4,2.8,5.3,.523,,,,2.8,5.3,.523,.523,1.3,1.9,.683,1.8,2.2,4.0,2.1,1.2,0.6,,2.4,6.8)
(1976,88,Clem Haskins,SG,32,WSB,55,,13.4,2.7,4.9,.550,,,,2.7,4.9,.550,.550,1.0,1.2,.831,0.2,0.8,1.0,1.3,0.4,0.1,,1.4,6.4)
(1976,92,Robert Hawkins,SG,21,GSW,32,,4.8,1.7,3.3,.510,,,,1.7,3.3,.510,.510,0.6,1.0,.645,0.5,0.4,0.9,0.5,0.3,0.3,,1.0,3.9)
(1976,96,Gar Heard,PF,27,TOT,86,,31.9,4.6,10.5,.435,,,,4.6,10.5,.435,.435,1.8,2.9,.637,2.9,7.2,10.1,2.2,1.4,1.1,,3.5,11.0)
(1976,100,Lou Hudson,SG,31,ATL,81,,31.6,7.0,14.9,.472,,,,7.0,14.9,.472,.472,2.9,3.6,.814,1.3,2.4,3.7,2.6,1.5,0.2,,3.0,17.0)
(1976,103,Aaron James,SF,23,NOJ,75,,17.9,3.5,7.9,.441,,,,3.5,7.9,.441,.441,2.0,2.7,.750,1.2,2.1,3.3,0.8,0.4,0.1,,2.3,9.0)
(1976,107,Mickey Johnson,PF,23,CHI,81,,29.5,5.9,12.8,.463,,,,5.9,12.8,.463,.463,3.5,4.4,.786,3.4,5.9,9.4,1.6,1.1,0.8,,3.6,15.3)
(1976,111,Steve Jones,SG,33,POR,64,,12.8,2.6,5.9,.442,,,,2.6,5.9,.442,.442,1.2,1.5,.830,0.2,1.0,1.2,1.0,0.3,0.1,,1.5,6.5)
(1976,115,Tom Kozelko,PF,24,WSB,67,,8.7,0.7,1.5,.485,,,,0.7,1.5,.485,.485,0.3,0.4,.633,0.3,0.9,1.2,0.5,0.3,0.1,,1.1,1.7)
(1976,119,C.J. Kupec,SF,23,LAL,16,,3.4,0.6,2.5,.250,,,,0.6,2.5,.250,.250,0.4,0.7,.636,0.3,1.2,1.4,0.3,0.2,0.0,,0.4,1.7)
(1976,123,Stu Lantz,PG,29,LAL,53,,16.1,1.6,3.8,.417,,,,1.6,3.8,.417,.417,1.5,1.7,.899,0.5,1.3,1.9,1.4,0.5,0.1,,2.0,4.7)
(1976,127,Bob Love,SF,33,CHI,76,,37.1,7.1,18.3,.390,,,,7.1,18.3,.390,.390,4.8,5.9,.801,2.5,4.2,6.7,1.9,0.8,0.1,,3.1,19.1)
(1976,131,LaRue Martin,C,25,POR,63,,14.1,1.7,4.8,.361,,,,1.7,4.8,.361,.361,0.9,1.2,.740,1.1,3.9,4.9,1.1,0.1,0.4,,2.0,4.4)
(1976,135,Jim McDaniels,C,27,LAL,35,,6.9,1.2,2.9,.402,,,,1.2,2.9,.402,.402,0.3,0.3,1.000,0.7,1.4,2.1,0.4,0.1,0.3,,1.1,2.6)
(1976,139,Jon McGlocklin,SG,32,MIL,33,,10.2,1.9,4.5,.426,,,,1.9,4.5,.426,.426,0.3,0.3,.900,0.1,0.4,0.5,1.2,0.2,0.0,,0.5,4.1)
(1976,142,Larry McNeill,PF,25,KCK,82,,19.7,3.6,7.4,.484,,,,3.6,7.4,.484,.484,2.5,3.3,.758,1.9,4.3,6.2,0.9,0.6,0.4,,3.0,9.7)
(1976,146,Joe Meriweather,C,22,HOU,81,,25.2,4.2,8.4,.494,,,,4.2,8.4,.494,.494,1.9,3.0,.644,2.0,4.4,6.4,1.0,0.4,1.5,,2.7,10.2)
(1976,150,Earl Monroe*,SG,31,NYK,76,,38.0,8.5,17.8,.478,,,,8.5,17.8,.478,.478,3.7,4.7,.787,0.6,3.0,3.6,4.0,1.5,0.3,,2.8,20.7)
(1976,154,Lloyd Neal,PF,25,POR,68,,34.1,6.4,13.3,.481,,,,6.4,13.3,.481,.481,2.7,3.9,.694,2.1,6.5,8.6,1.7,0.8,1.6,,3.7,15.5)
(1976,158,Connie Norman,SG,22,PHI,65,,12.6,2.8,6.5,.434,,,,2.8,6.5,.434,.434,0.3,0.4,.833,0.8,0.8,1.6,1.0,0.4,0.1,,1.3,5.9)
(1976,161,Steve Patterson,C,27,TOT,66,,13.9,1.3,3.3,.382,,,,1.3,3.3,.382,.382,0.5,0.8,.630,1.2,2.2,3.5,1.2,0.2,0.2,,1.4,3.1)
(1976,165,Howard Porter,SF,27,DET,75,,19.8,4.0,8.5,.469,,,,4.0,8.5,.469,.469,1.0,1.3,.753,1.1,2.9,3.9,0.3,0.4,0.5,,1.8,8.9)
(1976,169,Clifford Ray,C,27,GSW,82,,26.6,2.6,4.9,.525,,,,2.6,4.9,.525,.525,1.7,2.8,.609,3.3,6.2,9.5,1.8,1.0,1.0,,3.0,6.9)
(1976,173,Mike Riordan,SF,30,WSB,78,,24.9,3.7,8.5,.440,,,,3.7,8.5,.440,.440,0.9,1.2,.740,0.6,1.8,2.4,1.6,0.7,0.2,,2.6,8.4)
(1976,177,John Roche,SG,26,LAL,15,,3.5,0.2,0.9,.214,,,,0.2,0.9,.214,.214,0.1,0.3,.500,0.0,0.2,0.2,0.4,0.0,0.0,,0.5,0.5)
(1976,Rk,Player,Pos,Age,Tm,G,GS,MP,FG,FGA,FG%,3P,3PA,3P%,2P,2PA,2P%,eFG%,FT,FTA,FT%,ORB,DRB,TRB,AST,STL,BLK,TOV,PF,PTS)
(1976,184,Bruce Seals,SF,22,SEA,81,,30.1,4.8,11.0,.436,,,,4.8,11.0,.436,.436,2.2,3.3,.678,1.9,4.3,6.3,1.5,0.8,0.5,,3.9,11.8)
(1976,188,Paul Silas,PF,32,BOS,81,,32.9,3.9,9.1,.426,,,,3.9,9.1,.426,.426,2.9,4.1,.709,4.5,8.1,12.7,2.5,0.7,0.4,,2.8,10.7)
(1976,192,Elmore Smith,C,26,MIL,78,,36.0,6.4,12.3,.518,,,,6.4,12.3,.518,.518,2.8,4.5,.632,2.6,8.9,11.4,1.2,1.0,3.1,,3.4,15.6)
(1976,196,Dick Snyder,SG,31,CLE,82,,27.7,5.4,10.7,.501,,,,5.4,10.7,.501,.501,1.9,2.3,.824,0.6,1.8,2.4,2.7,0.7,0.4,,2.6,12.6)
(1976,200,Bud Stallworth,SF,26,NOJ,56,,18.8,3.8,8.6,.437,,,,3.8,8.6,.437,.437,1.5,2.2,.685,0.8,1.8,2.6,0.9,0.5,0.3,,2.4,9.1)
(1976,203,Nate Thurmond*,C,34,TOT,78,,17.9,1.8,4.3,.421,,,,1.8,4.3,.421,.421,0.8,1.6,.504,1.5,3.8,5.3,1.2,0.3,1.3,,2.1,4.4)
(1976,207,Dick Van Arsdale,SG,32,PHO,58,,32.2,4.8,9.8,.484,,,,4.8,9.8,.484,.484,3.4,4.1,.830,0.7,1.7,2.4,2.4,0.9,0.2,,1.9,12.9)
(1976,211,Foots Walker,PG,24,CLE,81,,15.8,1.8,4.6,.388,,,,1.8,4.6,.388,.388,1.0,1.3,.778,0.7,1.6,2.2,3.6,1.2,0.1,,1.7,4.6)
(1976,215,Jim Washington,PF,32,BUF,1,,7.0,0.0,1.0,.000,,,,0.0,1.0,.000,.000,0.0,0.0,,1.0,0.0,1.0,1.0,0.0,0.0,,0.0,0.0)
(1976,219,Scott Wedman,SF,23,KCK,82,,36.2,6.6,14.4,.456,,,,6.6,14.4,.456,.456,2.3,3.0,.780,2.4,5.0,7.4,2.4,1.3,0.4,,3.4,15.5)
(1976,222,Paul Westphal,PG,25,PHO,82,,36.1,8.0,16.2,.494,,,,8.0,16.2,.494,.494,4.5,5.4,.830,0.9,2.3,3.2,5.4,2.6,0.5,,2.7,20.5)
(1976,226,Sidney Wicks,PF,26,POR,79,,38.5,7.3,15.2,.483,,,,7.3,15.2,.483,.483,4.4,6.5,.674,3.1,5.9,9.0,3.1,1.0,0.7,,3.2,19.1)
(1976,230,Nate Williams,SF,25,NOJ,81,,23.9,5.2,11.7,.444,,,,5.2,11.7,.444,.444,2.4,3.0,.824,1.7,2.8,4.4,1.3,1.3,0.2,,3.1,12.8)
(1976,234,Lee Winfield,PG,28,KCK,22,,9.7,1.5,3.0,.485,,,,1.5,3.0,.485,.485,0.4,0.6,.643,0.4,0.7,1.1,0.9,0.5,0.3,,0.6,3.3)
(1976,238,Dave Wohl,PG,26,HOU,50,,14.0,1.3,3.3,.405,,,,1.3,3.3,.405,.405,0.8,1.0,.776,0.2,0.9,1.1,2.2,0.5,0.0,,2.2,3.4)
