(1983,1,Kareem Abdul-Jabbar*,C,35,LAL,79,79,32.3,9.1,15.5,.588,0.0,0.0,.000,9.1,15.5,.589,.588,3.5,4.7,.749,2.1,5.4,7.5,2.5,0.8,2.2,2.5,2.8,21.8)
(1983,5,Dwight Anderson,PG,22,DEN,5,0,6.6,1.4,2.8,.500,0.0,0.0,,1.4,2.8,.500,.500,1.4,2.0,.700,0.0,0.4,0.4,0.6,0.2,0.0,1.0,1.4,4.2)
(1983,9,John Bagley,PG,22,CLE,68,3,14.6,2.4,5.5,.432,0.0,0.2,.000,2.4,5.3,.448,.432,0.9,1.2,.762,0.3,1.2,1.4,2.5,0.8,0.1,1.7,1.1,5.7)
(1983,13,Billy Ray Bates,SG,26,TOT,19,3,16.0,2.9,7.6,.379,0.1,0.3,.400,2.8,7.4,.379,.386,0.6,1.2,.500,0.6,0.4,1.0,0.7,0.7,0.2,0.6,1.0,6.5)
(1983,17,Otis Birdsong,SG,27,NJN,62,54,30.4,6.9,13.5,.511,0.0,0.1,.333,6.8,13.4,.512,.512,1.3,2.3,.566,0.9,1.6,2.4,3.9,1.4,0.3,1.8,2.5,15.1)
(1983,Rk,Player,Pos,Age,Tm,G,GS,MP,FG,FGA,FG%,3P,3PA,3P%,2P,2PA,2P%,eFG%,FT,FTA,FT%,ORB,DRB,TRB,AST,STL,BLK,TOV,PF,PTS)
(1983,24,Junior Bridgeman,SF,29,MIL,70,5,26.5,6.0,12.2,.492,0.0,0.2,.077,6.0,12.0,.498,.492,2.3,2.8,.837,0.6,2.9,3.5,3.0,0.6,0.1,1.7,2.2,14.4)
(1983,28,Fred Brown,PG,34,SEA,80,1,17.9,4.6,8.9,.520,0.2,0.4,.438,4.5,8.5,.523,.529,0.7,0.9,.806,0.4,0.8,1.2,3.0,0.7,0.2,1.4,1.2,10.2)
(1983,32,Don Buse,PG,32,POR,41,1,15.7,1.8,4.4,.396,0.2,0.9,.257,1.5,3.6,.429,.420,1.0,1.1,.891,0.5,0.9,1.3,2.8,1.1,0.0,0.6,1.5,4.7)
(1983,36,Joe Barry Carroll,C,24,GSW,79,79,37.8,9.9,19.4,.513,0.0,0.0,.000,9.9,19.3,.514,.513,4.3,5.9,.719,2.8,5.9,8.7,2.1,1.4,2.0,3.6,3.3,24.1)
(1983,40,Tom Chambers,PF,23,SDC,79,79,33.7,6.6,13.9,.472,0.0,0.1,.000,6.6,13.8,.476,.472,4.5,6.2,.723,2.8,3.8,6.6,2.4,1.0,0.7,3.0,4.2,17.6)
(1983,43,Lester Conner,PG,23,GSW,75,10,18.9,1.9,4.0,.479,0.0,0.1,.000,1.9,4.0,.485,.479,1.1,1.5,.699,0.9,2.0,2.9,3.4,1.5,0.1,1.3,1.9,4.9)
(1983,47,Michael Cooper,SG,26,LAL,82,3,26.2,3.2,6.1,.535,0.1,0.3,.238,3.2,5.8,.548,.540,1.2,1.6,.785,1.0,2.3,3.3,3.8,1.4,0.6,1.6,2.5,7.8)
(1983,51,Chubby Cox,SG,27,WSB,7,0,11.1,1.9,5.3,.351,0.0,0.3,.000,1.9,5.0,.371,.351,0.4,0.9,.500,1.0,0.4,1.4,0.9,0.0,0.1,1.3,2.3,4.1)
(1983,55,Terry Cummings,PF,21,SDC,70,69,36.2,9.8,18.7,.523,0.0,0.0,.000,9.8,18.7,.523,.523,4.2,5.9,.709,4.3,6.3,10.6,2.5,1.8,0.9,2.9,4.2,23.7)
(1983,59,Brad Davis,PG,27,DAL,79,78,29.4,4.5,7.9,.572,0.1,0.5,.256,4.4,7.4,.595,.580,2.4,2.8,.845,0.4,2.1,2.5,7.2,1.0,0.1,1.8,2.2,11.6)
(1983,62,Mike Davis,PF,26,NYK,8,0,3.5,0.5,1.3,.400,0.0,0.0,,0.5,1.3,.400,.400,0.8,1.3,.600,0.4,0.9,1.3,0.0,0.0,0.5,0.0,0.5,1.8)
(1983,66,Coby Dietrick,C,34,SAS,8,0,4.3,0.1,0.6,.200,0.0,0.0,,0.1,0.6,.200,.200,0.0,0.3,.000,0.3,0.8,1.0,0.8,0.1,0.0,0.1,0.8,0.3)
(1983,70,John Drew,SF,28,UTA,44,33,27.4,7.2,15.3,.474,0.0,0.1,.000,7.2,15.1,.477,.474,6.7,8.9,.755,2.2,3.1,5.3,2.2,0.8,0.2,3.1,3.5,21.2)
(1983,74,T.R. Dunn,SG,27,DEN,82,80,32.2,3.1,6.4,.482,0.0,0.0,.000,3.1,6.4,.483,.482,1.5,2.0,.730,2.8,4.7,7.5,2.3,1.8,0.3,1.4,2.7,7.6)
(1983,78,Keith Edmonson,SG,22,ATL,32,2,9.7,1.5,4.3,.345,0.0,0.1,.000,1.5,4.3,.350,.345,0.5,0.8,.593,0.6,0.6,1.2,0.7,0.3,0.2,0.6,1.3,3.5)
(1983,81,Len Elmore,C,30,NJN,74,0,13.2,1.3,3.3,.398,0.0,0.0,.000,1.3,3.3,.399,.398,0.7,1.1,.643,1.1,2.1,3.2,0.5,0.6,0.5,1.1,1.7,3.4)
(1983,85,Mike Evans,SG,27,DEN,42,5,16.5,2.7,5.8,.473,0.0,0.2,.000,2.7,5.6,.491,.473,0.8,1.0,.805,0.1,1.3,1.4,2.7,0.5,0.1,1.7,2.2,6.3)
(1983,89,World B. Free,SG,29,TOT,73,69,36.1,8.9,19.5,.456,0.2,0.6,.333,8.7,18.9,.460,.461,5.9,8.0,.738,1.3,1.5,2.8,4.0,1.3,0.2,2.9,3.3,23.9)
(1983,93,Artis Gilmore*,C,33,SAS,82,82,34.1,6.8,10.8,.626,0.0,0.1,.000,6.8,10.8,.630,.626,4.5,6.0,.740,3.6,8.4,12.0,1.5,0.5,2.3,3.1,3.3,18.0)
(1983,97,Rickey Green,PG,28,UTA,78,78,35.7,5.9,12.1,.493,0.0,0.2,.154,5.9,11.9,.497,.494,2.4,3.0,.797,0.8,2.1,2.9,8.9,2.8,0.1,2.8,2.0,14.3)
(1983,Rk,Player,Pos,Age,Tm,G,GS,MP,FG,FGA,FG%,3P,3PA,3P%,2P,2PA,2P%,eFG%,FT,FTA,FT%,ORB,DRB,TRB,AST,STL,BLK,TOV,PF,PTS)
(1983,104,Ernie Grunfeld,SF,27,NYK,77,0,18.5,2.2,4.9,.443,0.0,0.1,.000,2.2,4.8,.448,.443,1.1,1.3,.827,0.5,1.6,2.1,1.8,0.5,0.1,1.1,2.2,5.4)
(1983,108,Steve Hawes,PF,32,TOT,77,4,18.4,2.1,5.1,.418,0.1,0.3,.238,2.1,4.8,.428,.424,0.9,1.2,.734,1.1,3.6,4.7,1.2,0.5,0.2,1.4,2.5,5.2)
(1983,112,Gerald Henderson,PG,27,BOS,82,9,18.9,3.5,7.5,.463,0.0,0.2,.188,3.5,7.3,.470,.465,1.2,1.6,.722,0.7,0.8,1.5,2.4,1.2,0.0,1.6,2.3,8.2)
(1983,116,Armond Hill,PG,29,MIL,14,3,12.1,1.0,1.9,.538,0.0,0.0,,1.0,1.9,.538,.538,1.3,1.6,.818,0.4,1.1,1.4,1.9,0.6,0.0,0.9,1.4,3.3)
(1983,120,Geoff Huston,PG,25,CLE,80,79,34.0,5.0,10.4,.482,0.1,0.2,.333,5.0,10.3,.484,.484,2.1,3.1,.686,0.5,1.5,2.0,6.1,0.9,0.1,2.4,2.7,12.2)
(1983,123,Tracy Jackson,SG,23,CHI,78,3,16.8,2.6,5.5,.467,0.0,0.2,.154,2.5,5.3,.477,.469,1.2,1.6,.730,1.1,1.2,2.3,1.3,0.8,0.1,1.1,1.7,6.3)
(1983,127,Eddie Johnson,SG,27,ATL,61,57,29.7,6.4,14.1,.453,0.2,0.7,.341,6.1,13.4,.459,.462,3.0,3.9,.785,0.4,1.6,2.0,5.2,1.0,0.1,2.6,2.3,16.0)
(1983,131,George Johnson,SF,26,IND,82,64,28.0,5.0,10.5,.477,0.1,0.5,.184,4.9,10.0,.490,.481,1.5,2.1,.733,2.1,4.5,6.6,2.7,0.9,0.6,3.0,3.4,11.6)
(1983,135,Reggie Johnson,SF,25,TOT,79,8,19.5,3.1,6.4,.485,0.0,0.1,.250,3.1,6.4,.487,.486,1.2,1.6,.731,1.4,2.3,3.7,0.9,0.3,0.5,1.3,2.9,7.5)
(1983,139,Bobby Jones,PF,31,PHI,74,0,23.6,3.4,6.2,.543,0.0,0.0,.000,3.4,6.2,.545,.543,2.2,2.8,.793,1.4,3.3,4.6,1.9,1.1,1.2,1.5,2.7,9.0)
(1983,142,Edgar Jones,PF,26,TOT,77,28,21.5,3.1,6.2,.495,0.0,0.1,.222,3.1,6.1,.500,.497,2.6,3.7,.703,1.8,4.1,5.8,1.2,0.5,1.4,1.9,3.5,8.8)
(1983,146,Jeff Judkins,SF,26,POR,34,0,9.1,1.1,2.6,.443,0.1,0.2,.250,1.1,2.4,.463,.455,0.7,0.9,.833,0.5,0.7,1.3,0.5,0.4,0.1,0.5,1.1,3.1)
(1983,150,Larry Kenon,PF,30,TOT,48,7,16.0,2.5,5.4,.463,0.0,0.0,.000,2.5,5.3,.465,.463,0.9,1.2,.737,1.4,1.7,3.1,0.8,0.5,0.2,1.0,1.3,5.8)
(1983,154,Billy Knight,SG,30,IND,80,54,28.3,6.4,12.3,.520,0.0,0.2,.158,6.4,12.1,.527,.522,4.3,5.1,.841,1.9,2.2,4.1,2.4,0.8,0.1,2.4,1.8,17.1)
(1983,158,Bill Laimbeer,C,25,DET,82,82,35.0,5.3,10.7,.497,0.0,0.2,.154,5.3,10.5,.502,.498,3.0,3.8,.790,3.4,8.7,12.1,3.2,0.6,1.4,2.1,3.9,13.6)
(1983,160,Mark Landsberger,PF,27,LAL,39,4,9.1,1.1,2.6,.422,0.0,0.0,,1.1,2.6,.422,.422,0.3,0.6,.480,1.4,1.9,3.3,0.3,0.2,0.1,0.5,1.2,2.5)
(1983,163,Ronnie Lester,PG,24,CHI,65,38,22.1,3.1,6.9,.453,0.0,0.1,.000,3.1,6.8,.458,.453,1.9,2.6,.725,0.7,1.9,2.6,5.1,0.8,0.1,2.1,1.9,8.1)
(1983,167,Alton Lister,PF,24,MIL,80,37,23.6,3.4,6.4,.529,0.0,0.0,,3.4,6.4,.529,.529,1.6,3.0,.537,2.1,5.0,7.1,1.4,0.6,2.2,2.3,4.1,8.4)
(1983,171,John Long,SG,26,DET,70,30,21.2,4.5,9.9,.451,0.0,0.1,.286,4.4,9.8,.453,.452,1.6,2.1,.760,0.8,1.8,2.6,1.5,0.6,0.2,2.1,1.9,10.5)
(1983,175,Kyle Macy,PG,25,PHO,82,9,22.4,4.0,7.7,.517,0.3,0.9,.303,3.7,6.8,.547,.535,1.6,1.8,.872,0.5,1.5,2.0,3.4,0.8,0.1,1.1,1.6,9.9)
(1983,179,Wes Matthews,PG,23,ATL,64,0,18.5,2.7,6.6,.403,0.2,0.8,.292,2.5,5.9,.418,.420,1.3,1.8,.768,0.4,1.0,1.4,3.9,0.9,0.1,1.9,2.0,6.9)
(1983,182,Bob McAdoo*,C,31,LAL,47,1,21.7,6.2,12.0,.520,0.0,0.0,.000,6.2,11.9,.520,.520,2.5,3.5,.730,1.6,3.6,5.3,0.8,0.9,0.9,1.4,3.3,15.0)
(1983,186,Billy McKinney,PG,27,DEN,68,38,22.9,3.9,8.0,.487,0.0,0.1,.000,3.9,7.9,.494,.487,2.0,2.5,.814,0.3,1.5,1.8,4.2,0.6,0.1,1.5,2.1,9.8)
(1983,190,Mike Mitchell,SF,27,SAS,80,79,35.0,8.6,16.8,.511,0.0,0.0,.000,8.6,16.7,.512,.511,2.7,3.6,.758,2.4,4.4,6.7,1.2,0.7,0.7,1.6,3.1,19.9)
(1983,194,Johnny Moore,PG,24,SAS,77,73,33.1,5.1,10.9,.468,0.1,0.3,.227,5.1,10.6,.475,.471,1.9,2.6,.744,0.8,2.8,3.6,9.8,2.5,0.4,2.9,3.2,12.2)
(1983,198,Larry Nance,PF,23,PHO,82,82,35.5,7.2,13.0,.550,0.0,0.0,.333,7.2,13.0,.551,.551,2.4,3.5,.672,2.9,5.7,8.7,2.4,1.2,2.6,2.3,3.1,16.7)
(1983,201,Kenny Natt,SG,24,UTA,22,0,9.5,1.7,3.3,.521,0.0,0.1,.000,1.7,3.2,.535,.521,0.4,0.6,.643,0.3,0.7,1.0,1.3,0.2,0.0,1.0,1.6,3.9)
(1983,205,Kurt Nimphius,C,24,DAL,81,12,18.7,2.1,4.4,.490,0.0,0.0,1.000,2.1,4.4,.489,.492,1.0,1.7,.550,1.9,3.0,5.0,1.4,0.3,1.4,0.8,3.5,5.3)
(1983,209,Mark Olberding,PF,26,CHI,80,31,22.7,3.1,6.5,.481,0.0,0.2,.167,3.1,6.4,.488,.483,2.4,3.1,.782,1.4,3.1,4.5,1.6,0.6,0.1,1.9,3.1,8.7)
(1983,213,Robert Parish*,C,29,BOS,78,76,31.5,7.9,14.4,.550,0.0,0.0,.000,7.9,14.4,.551,.550,3.5,5.0,.698,3.3,7.3,10.6,1.8,1.0,1.9,2.4,2.8,19.3)
(1983,217,Roger Phegley,SG,26,SAS,62,4,9.7,1.9,4.3,.449,0.0,0.2,.214,1.9,4.1,.462,.455,0.7,0.9,.768,0.6,0.7,1.4,1.0,0.5,0.1,0.8,1.5,4.6)
(1983,Rk,Player,Pos,Age,Tm,G,GS,MP,FG,FGA,FG%,3P,3PA,3P%,2P,2PA,2P%,eFG%,FT,FTA,FT%,ORB,DRB,TRB,AST,STL,BLK,TOV,PF,PTS)
(1983,224,Mark Radford,SG,23,SEA,54,2,8.1,1.6,3.2,.488,0.1,0.3,.222,1.5,2.9,.519,.500,0.6,1.4,.411,0.2,0.6,0.9,1.9,0.6,0.1,1.4,1.4,3.7)
(1983,228,James Ray,PF,25,DEN,45,3,9.6,1.6,3.4,.458,0.0,0.0,.000,1.6,3.4,.461,.458,0.7,1.1,.647,0.8,2.0,2.8,0.9,0.5,0.4,1.1,1.8,3.8)
(1983,232,Cliff Robinson,PF,22,CLE,77,75,33.8,7.6,16.0,.477,0.0,0.1,.000,7.6,15.9,.479,.477,2.8,3.9,.708,2.5,8.6,11.1,1.9,0.8,0.8,2.9,3.5,18.0)
(1983,236,Tree Rollins,C,27,ATL,80,80,30.9,3.3,6.4,.510,0.0,0.0,.000,3.3,6.4,.511,.510,1.2,1.7,.726,2.6,6.7,9.3,0.9,0.6,4.3,1.2,3.7,7.8)
(1983,240,Walker Russell,PG,22,DET,68,1,11.1,1.0,2.7,.364,0.0,0.3,.111,1.0,2.4,.392,.370,0.7,0.9,.810,0.3,0.8,1.1,1.9,0.2,0.0,1.4,1.0,2.7)
(1983,243,Russ Schoene,PF,22,TOT,77,7,15.9,2.7,5.6,.476,0.0,0.1,.250,2.7,5.6,.478,.477,0.8,1.1,.735,1.2,2.1,3.3,0.8,0.3,0.3,1.1,2.5,6.2)
(1983,247,Purvis Short,SF,25,GSW,67,57,35.8,8.8,18.0,.487,0.1,0.2,.267,8.7,17.8,.490,.489,3.8,4.6,.828,2.2,3.1,5.3,3.4,1.4,0.2,2.9,3.6,21.4)
(1983,251,Derek Smith,SF,21,GSW,27,0,5.7,0.8,1.9,.412,0.0,0.1,.000,0.8,1.8,.429,.412,0.6,0.9,.680,0.4,1.0,1.4,0.1,0.0,0.1,0.4,1.5,2.2)
(1983,255,Randy Smith,SG,34,TOT,80,16,17.6,3.4,7.1,.483,0.0,0.2,.167,3.4,6.8,.494,.486,1.4,1.6,.870,0.5,0.7,1.2,2.6,0.7,0.0,1.2,1.7,8.3)
(1983,259,Rory Sparrow,PG,24,TOT,81,58,30.0,4.8,10.0,.484,0.1,0.3,.227,4.8,9.7,.491,.487,1.8,2.5,.739,0.8,2.1,2.8,4.9,1.3,0.1,2.4,3.1,11.6)
(1983,262,Jeff Taylor,SG,23,HOU,44,5,17.6,1.5,3.6,.400,0.0,0.0,.000,1.5,3.6,.403,.400,0.7,1.0,.652,0.6,1.2,1.8,2.5,0.9,0.3,1.4,1.9,3.6)
(1983,266,Reggie Theus,PG,25,CHI,82,81,34.8,9.1,19.1,.478,0.3,1.1,.231,8.9,18.0,.493,.485,5.3,6.6,.801,1.1,2.5,3.7,5.9,1.7,0.2,3.9,3.4,23.8)
(1983,270,David Thompson*,SG,28,SEA,75,64,28.7,5.9,12.3,.481,0.0,0.1,.200,5.9,12.2,.484,.482,4.0,5.1,.784,1.3,2.3,3.6,3.0,0.6,0.4,2.2,1.9,15.9)
(1983,274,Ray Tolbert,PF,24,TOT,73,2,15.2,2.2,4.3,.500,0.0,0.0,.000,2.2,4.3,.505,.500,0.7,1.4,.505,1.0,2.3,3.3,0.7,0.4,0.6,1.1,2.1,5.0)
(1983,278,Trent Tucker,SG,23,NYK,78,59,23.5,3.8,8.3,.462,0.2,0.4,.467,3.7,7.9,.462,.473,0.6,0.8,.672,1.0,1.8,2.8,2.5,0.7,0.1,0.9,3.0,8.4)
(1983,281,Darnell Valentine,PG,23,POR,47,36,27.6,4.4,9.8,.454,0.0,0.0,.000,4.4,9.8,.455,.454,3.6,4.5,.793,0.7,1.8,2.5,6.2,2.1,0.1,2.8,3.0,12.5)
(1983,285,Jay Vincent,PF,23,DAL,81,73,33.7,7.7,15.7,.489,0.0,0.0,.000,7.7,15.7,.490,.489,3.3,4.2,.784,2.7,4.6,7.3,2.6,0.9,0.6,2.3,3.6,18.7)
(1983,289,Bill Walton*,C,30,SDC,33,32,33.3,6.1,11.5,.528,0.0,0.0,,6.1,11.5,.528,.528,2.0,3.5,.556,2.3,7.5,9.8,3.6,1.0,3.6,3.2,3.4,14.1)
(1983,293,Paul Westphal,SG,32,NYK,80,59,24.7,4.0,8.7,.459,0.2,0.6,.292,3.8,8.1,.471,.469,1.9,2.3,.804,0.2,1.2,1.4,5.5,1.1,0.2,2.5,2.3,10.0)
(1983,297,Jamaal Wilkes*,SF,29,LAL,80,80,31.9,8.6,16.1,.530,0.0,0.1,.000,8.6,16.1,.533,.530,2.5,3.4,.757,1.8,2.5,4.3,2.3,0.8,0.2,1.9,2.8,19.6)
(1983,Rk,Player,Pos,Age,Tm,G,GS,MP,FG,FGA,FG%,3P,3PA,3P%,2P,2PA,2P%,eFG%,FT,FTA,FT%,ORB,DRB,TRB,AST,STL,BLK,TOV,PF,PTS)
(1983,304,Herb Williams,C,24,IND,78,74,32.2,7.4,14.9,.499,0.0,0.1,.000,7.4,14.8,.502,.499,2.0,2.8,.705,1.9,5.5,7.5,3.4,0.7,2.2,2.9,2.9,16.9)
(1983,308,Sam Williams,PF,23,GSW,75,28,20.4,3.4,6.4,.526,0.0,0.0,.000,3.4,6.4,.527,.526,1.6,2.3,.719,2.0,3.2,5.2,0.6,0.9,1.2,1.3,3.3,8.4)
(1983,312,Al Wood,SF,24,SDC,76,47,24.0,4.5,9.7,.464,0.2,0.7,.300,4.3,9.1,.475,.474,1.6,2.1,.770,1.3,1.8,3.1,1.8,0.7,0.5,1.5,2.5,10.9)
(1983,316,Jim Zoet,C,29,DET,7,0,4.3,0.1,0.7,.200,0.0,0.0,,0.1,0.7,.200,.200,0.0,0.0,,0.4,0.7,1.1,0.1,0.1,0.4,0.6,1.3,0.3)
