(1983,Rk,Player,Pos,Age,Tm,G,GS,MP,FG,FGA,FG%,3P,3PA,3P%,2P,2PA,2P%,eFG%,FT,FTA,FT%,ORB,DRB,TRB,AST,STL,BLK,TOV,PF,PTS)
(1983,4,Danny Ainge,SG,23,BOS,80,76,25.6,4.5,9.0,.496,0.1,0.4,.172,4.4,8.6,.509,.499,0.9,1.2,.742,1.0,1.6,2.7,3.1,1.4,0.1,1.2,3.2,9.9)
(1983,8,Tiny Archibald*,PG,34,BOS,66,19,27.4,3.6,8.4,.425,0.1,0.4,.208,3.5,8.0,.435,.429,3.3,4.5,.743,0.4,1.0,1.4,6.2,0.6,0.1,2.5,1.7,10.5)
(1983,12,Gene Banks,PF,23,SAS,81,81,33.6,6.2,11.3,.550,0.0,0.1,.000,6.2,11.3,.553,.550,2.4,3.4,.705,2.7,4.8,7.6,3.4,1.0,0.3,2.1,2.8,14.9)
(1983,16,Larry Bird*,PF,26,BOS,79,79,37.7,9.5,18.7,.504,0.3,1.0,.286,9.2,17.8,.516,.512,4.4,5.3,.840,2.4,8.6,11.0,5.8,1.9,0.9,3.0,2.5,23.6)
(1983,20,Dudley Bradley,SG,25,CHI,58,11,11.8,1.4,2.7,.516,0.0,0.1,.200,1.4,2.7,.526,.519,0.6,0.8,.800,0.5,1.3,1.8,1.8,0.8,0.2,1.0,1.6,3.5)
(1983,23,Ron Brewer,SG,27,TOT,74,52,26.5,4.6,10.9,.426,0.1,0.2,.389,4.6,10.7,.427,.431,1.9,2.3,.835,0.8,1.1,1.9,1.3,1.2,0.3,1.3,1.7,11.3)
(1983,27,Michael Brooks,SF,24,SDC,82,26,30.0,4.9,10.1,.484,0.1,0.2,.333,4.8,9.9,.487,.487,2.4,3.4,.697,2.9,3.4,6.4,3.2,1.4,0.5,2.2,3.6,12.2)
(1983,31,Quinn Buckner,SG,28,BOS,72,56,21.7,3.4,7.8,.442,0.0,0.1,.000,3.4,7.7,.445,.442,1.0,1.6,.632,0.9,1.7,2.6,3.8,1.5,0.1,2.2,2.7,7.9)
(1983,35,M.L. Carr,SF,32,BOS,77,0,11.5,1.8,4.1,.429,0.0,0.2,.158,1.7,3.8,.446,.433,0.8,1.1,.741,0.7,1.1,1.8,0.9,0.6,0.1,1.0,1.8,4.3)
(1983,39,Harvey Catchings,C,31,MIL,74,33,21.0,1.2,2.7,.457,0.0,0.0,,1.2,2.7,.457,.457,0.8,1.2,.674,1.8,3.7,5.5,1.0,0.4,2.0,1.1,3.0,3.3)
(1983,42,Don Collins,SF,24,WSB,65,21,24.2,5.1,9.8,.523,0.0,0.1,.000,5.1,9.7,.528,.523,1.6,2.1,.743,1.8,1.4,3.2,2.0,1.3,0.5,2.2,2.6,11.8)
(1983,46,Joe Cooper,C,25,TOT,20,4,16.7,1.9,3.6,.514,0.0,0.0,,1.9,3.6,.514,.514,0.8,1.5,.552,2.1,2.2,4.3,0.9,0.5,1.0,1.6,2.5,4.5)
(1983,50,Dave Cowens*,PF,34,MIL,40,34,25.4,3.4,7.7,.444,0.0,0.1,.000,3.4,7.6,.447,.444,1.3,1.6,.825,1.8,5.0,6.9,2.1,0.8,0.4,1.1,3.4,8.1)
(1983,54,Pat Cummings,C,26,DAL,81,71,28.6,5.3,10.8,.493,0.0,0.0,.000,5.3,10.8,.494,.493,1.8,2.4,.755,2.8,5.5,8.2,1.8,0.7,0.4,2.0,3.7,12.5)
(1983,58,Adrian Dantley*,SF,26,UTA,22,22,40.3,10.6,18.3,.580,0.0,0.0,,10.6,18.3,.580,.580,9.5,11.3,.847,2.6,3.7,6.4,4.8,0.9,0.0,3.7,2.8,30.7)
(1983,61,Johnny Davis,SG,27,ATL,53,33,27.6,4.9,10.7,.455,0.1,0.3,.278,4.8,10.4,.461,.459,3.1,3.9,.796,0.7,1.7,2.4,5.9,0.8,0.1,2.2,1.9,12.9)
(1983,65,Kenny Dennard,PF,24,KCK,22,0,10.2,0.5,1.5,.324,0.0,0.0,,0.5,1.5,.324,.324,0.3,0.4,.667,0.9,1.5,2.4,0.3,0.7,0.0,0.2,1.2,1.3)
(1983,69,Leon Douglas,C,28,KCK,5,0,9.2,0.4,0.6,.667,0.0,0.0,,0.4,0.6,.667,.667,0.0,0.4,.000,0.6,0.8,1.4,0.0,0.0,0.6,0.2,2.6,0.8)
(1983,73,Mike Dunleavy,PG,28,SAS,79,9,20.5,2.7,6.5,.418,0.8,2.5,.345,1.8,4.0,.462,.483,1.5,1.9,.779,0.2,1.5,1.7,5.5,0.9,0.1,2.0,2.7,7.8)
(1983,77,Jerry Eaves,PG,23,UTA,82,7,19.4,3.4,7.0,.487,0.0,0.1,.125,3.4,6.9,.492,.488,2.4,3.0,.810,0.4,1.1,1.5,2.6,0.6,0.0,1.9,1.4,9.3)
(1983,Rk,Player,Pos,Age,Tm,G,GS,MP,FG,FGA,FG%,3P,3PA,3P%,2P,2PA,2P%,eFG%,FT,FTA,FT%,ORB,DRB,TRB,AST,STL,BLK,TOV,PF,PTS)
(1983,84,Julius Erving*,SF,32,PHI,72,72,33.6,8.4,16.3,.517,0.0,0.1,.286,8.4,16.2,.518,.518,4.6,6.0,.759,2.4,4.4,6.8,3.7,1.6,1.8,2.7,2.8,21.4)
(1983,88,Phil Ford,PG,26,TOT,77,63,20.9,2.8,5.8,.479,0.0,0.1,.111,2.8,5.7,.486,.480,1.3,1.6,.789,0.2,1.1,1.3,3.8,0.7,0.0,1.7,2.5,6.8)
(1983,92,George Gervin*,SG,30,SAS,78,78,36.3,9.7,19.9,.487,0.2,0.4,.364,9.6,19.5,.490,.491,6.6,7.8,.853,1.4,3.2,4.6,3.4,1.1,0.9,3.2,3.1,26.2)
(1983,96,Glen Gondrezick,PF,27,DEN,76,2,14.9,1.8,3.9,.456,0.0,0.0,.000,1.8,3.8,.460,.456,1.1,1.5,.719,1.4,2.5,4.0,1.3,1.1,0.1,0.6,2.1,4.6)
(1983,100,Kevin Grevey,SF,29,WSB,41,11,18.4,2.8,7.2,.388,0.4,0.9,.395,2.4,6.2,.387,.413,1.3,1.7,.783,0.4,0.8,1.2,1.2,0.4,0.2,0.7,1.5,7.2)
(1983,103,Bob Gross,SF,29,SDC,27,3,13.8,1.3,3.0,.427,0.0,0.1,.333,1.3,2.9,.430,.433,0.4,0.7,.632,1.2,1.3,2.4,1.3,0.8,0.3,0.9,2.6,3.1)
(1983,107,Scott Hastings,C-PF,22,TOT,31,0,4.5,0.4,1.2,.342,0.0,0.1,.000,0.4,1.1,.371,.342,0.4,0.6,.550,0.5,0.8,1.3,0.1,0.2,0.0,0.3,1.1,1.2)
(1983,111,Spencer Haywood*,PF,33,WSB,38,25,20.4,3.3,8.2,.401,0.0,0.0,.000,3.3,8.2,.402,.401,1.7,2.3,.724,2.0,2.8,4.8,0.8,0.3,0.7,1.8,2.5,8.2)
(1983,115,Johnny High,SG,25,PHO,82,2,14.1,1.2,2.6,.461,0.0,0.1,.200,1.2,2.6,.467,.463,0.8,1.7,.463,0.5,1.3,1.8,1.9,1.0,0.4,1.3,2.5,3.2)
(1983,119,Phil Hubbard,SF,26,CLE,82,38,23.8,3.5,7.3,.482,0.0,0.0,.000,3.5,7.3,.484,.482,2.5,3.6,.689,2.7,3.0,5.7,1.1,1.1,0.1,1.9,3.3,9.5)
(1983,122,Dan Issel*,C,34,DEN,80,80,30.4,8.3,16.2,.510,0.1,0.2,.211,8.2,16.0,.514,.512,5.0,6.0,.835,1.9,5.6,7.5,2.8,1.0,0.5,2.2,2.8,21.6)
(1983,126,Dennis Johnson*,PG,28,PHO,77,74,33.1,5.2,11.2,.462,0.1,0.4,.161,5.1,10.8,.473,.465,3.8,4.8,.791,1.2,3.2,4.4,5.0,1.3,0.5,2.6,2.6,14.2)
(1983,130,George Johnson,C,34,ATL,37,0,12.5,0.7,1.5,.439,0.0,0.0,,0.7,1.5,.439,.439,0.4,0.5,.737,1.2,2.0,3.2,0.5,0.3,1.6,0.5,1.9,1.7)
(1983,134,Mickey Johnson,PF,30,TOT,78,16,26.3,5.0,11.8,.425,0.0,0.5,.083,5.0,11.3,.438,.426,4.0,4.9,.821,2.1,4.2,6.3,3.3,1.1,0.6,3.1,3.7,14.1)
(1983,138,Jim Johnstone,PF-C,22,TOT,23,0,8.3,0.5,1.3,.367,0.0,0.0,,0.5,1.3,.367,.367,0.4,0.9,.450,0.7,1.3,2.0,0.5,0.1,0.3,0.7,1.4,1.3)
(1983,141,Dwight Jones,PF,30,TOT,81,2,14.4,1.8,4.0,.455,0.0,0.0,.000,1.8,4.0,.457,.455,1.0,1.5,.642,1.0,2.8,3.8,0.8,0.4,0.3,1.2,2.1,4.6)
(1983,145,Eddie Jordan,PG,28,LAL,35,0,9.5,1.1,3.8,.303,0.1,0.5,.188,1.1,3.3,.319,.314,0.3,0.5,.647,0.2,0.5,0.7,2.3,0.9,0.0,1.5,1.5,2.7)
(1983,149,Greg Kelser,SF,25,SEA,80,9,18.8,3.1,5.6,.549,0.0,0.0,.000,3.1,5.6,.553,.549,2.2,3.2,.673,2.0,3.1,5.0,1.2,0.7,0.4,1.9,3.0,8.3)
(1983,153,Reggie King,SF,25,KCK,58,5,17.2,1.8,3.9,.462,0.0,0.0,,1.8,3.9,.462,.462,1.3,1.7,.760,1.6,2.6,4.1,1.0,0.5,0.2,1.1,1.6,4.8)
(1983,157,Sam Lacey,C,34,CLE,60,33,20.5,1.9,4.4,.420,0.0,0.2,.222,1.8,4.3,.427,.424,0.5,0.6,.784,1.0,2.8,3.9,2.0,0.5,0.4,1.6,3.5,4.2)
(1983,162,Allen Leavell,PG,25,HOU,79,76,32.9,5.6,13.4,.415,0.5,2.2,.240,5.0,11.2,.449,.434,3.1,3.8,.832,0.8,1.7,2.5,6.7,2.1,0.2,2.5,2.7,14.8)
(1983,166,Steve Lingenfelter,PF,24,WSB,7,0,7.6,0.6,0.9,.667,0.0,0.0,,0.6,0.9,.667,.667,0.0,0.6,.000,0.1,1.6,1.7,0.6,0.1,0.4,0.7,2.3,1.1)
(1983,170,Kevin Loder,SF,23,KCK,66,13,12.4,2.1,4.5,.460,0.1,0.1,.556,2.0,4.4,.457,.468,0.8,1.2,.663,0.6,1.3,1.9,1.1,0.4,0.1,1.0,1.5,5.1)
(1983,174,Rudy Macklin,SF,24,ATL,73,20,16.0,2.3,4.9,.472,0.0,0.1,.000,2.3,4.9,.478,.472,1.4,1.8,.771,1.2,1.4,2.6,1.0,0.6,0.1,1.2,2.6,6.0)
(1983,178,Moses Malone*,C,27,PHI,78,78,37.5,8.4,16.7,.501,0.0,0.0,.000,8.4,16.7,.502,.501,7.7,10.1,.761,5.7,9.6,15.3,1.3,1.1,2.0,3.4,2.6,24.5)
(1983,181,Scott May,SF,28,DET,9,1,17.2,2.3,5.6,.420,0.0,0.0,,2.3,5.6,.420,.420,1.9,2.3,.810,1.1,1.8,2.9,1.3,0.6,0.2,1.4,2.7,6.6)
(1983,185,Kevin McHale*,PF,25,BOS,82,13,28.6,5.9,10.9,.541,0.0,0.0,.000,5.9,10.9,.541,.541,2.4,3.3,.717,2.6,4.1,6.7,1.3,0.4,2.3,1.9,2.9,14.1)
(1983,189,Joe Meriweather,C,29,KCK,78,74,21.9,3.3,5.8,.570,0.0,0.0,,3.3,5.8,.570,.570,1.3,2.1,.626,1.9,3.5,5.4,0.8,0.6,1.1,1.5,3.7,7.9)
(1983,193,Sidney Moncrief,SG,25,MIL,76,76,35.7,8.0,15.2,.524,0.0,0.1,.100,8.0,15.1,.528,.525,6.6,7.9,.826,2.5,3.2,5.8,3.9,1.5,0.3,2.6,2.4,22.5)
(1983,197,Calvin Murphy*,PG,34,HOU,64,0,22.2,5.3,11.8,.447,0.1,0.2,.286,5.2,11.6,.450,.450,2.2,2.3,.920,0.5,0.6,1.2,2.5,0.9,0.1,1.4,2.5,12.8)
(1983,Rk,Player,Pos,Age,Tm,G,GS,MP,FG,FGA,FG%,3P,3PA,3P%,2P,2PA,2P%,eFG%,FT,FTA,FT%,ORB,DRB,TRB,AST,STL,BLK,TOV,PF,PTS)
(1983,204,Carl Nicks,SG,24,CLE,9,2,16.4,2.9,6.6,.441,0.0,0.1,.000,2.9,6.4,.448,.441,1.2,1.9,.647,0.9,2.0,2.9,1.2,0.7,0.0,1.2,1.9,7.0)
(1983,208,Mike O'Koren,SF,24,NJN,46,14,17.5,3.0,5.6,.525,0.0,0.2,.222,2.9,5.4,.536,.529,0.7,1.0,.708,0.9,1.6,2.5,1.8,0.9,0.2,1.3,1.5,6.7)
(1983,212,Tom Owens,C,33,DET,49,4,14.8,1.7,3.9,.422,0.0,0.0,,1.7,3.9,.422,.422,0.9,1.3,.682,1.3,2.4,3.8,0.9,0.2,0.3,1.0,2.3,4.2)
(1983,216,Sam Pellom,PF,31,TOT,6,0,4.8,1.0,2.7,.375,0.0,0.0,,1.0,2.7,.375,.375,0.0,0.0,,0.3,1.0,1.3,0.2,0.0,0.0,0.3,0.5,2.0)
(1983,220,Charles Pittman,PF,24,PHO,28,0,6.1,0.7,1.4,.475,0.0,0.0,.000,0.7,1.4,.487,.475,0.9,1.3,.676,0.5,0.6,1.1,0.3,0.1,0.3,0.8,1.5,2.3)
(1983,223,Paul Pressey,SG,24,MIL,79,18,19.3,2.7,5.9,.457,0.0,0.1,.111,2.7,5.8,.464,.458,1.3,2.2,.597,1.1,2.5,3.6,2.6,1.3,0.6,2.1,2.2,6.7)
(1983,227,Kelvin Ransey,PG,24,DAL,76,4,21.1,4.5,9.8,.460,0.0,0.2,.125,4.5,9.6,.467,.461,2.0,2.6,.764,0.6,1.4,1.9,3.7,0.8,0.1,1.7,1.4,11.1)
(1983,231,Rick Robey,C,27,BOS,59,6,14.5,1.7,3.6,.467,0.0,0.0,,1.7,3.6,.467,.467,0.8,1.3,.577,1.3,2.4,3.7,1.1,0.2,0.1,1.2,2.2,4.2)
(1983,235,Dave Robisch,C,33,DEN,61,0,11.7,1.6,4.1,.382,0.0,0.0,.000,1.6,4.1,.384,.382,1.5,1.9,.780,0.6,1.9,2.5,0.9,0.2,0.1,0.7,1.0,4.7)
(1983,239,Jeff Ruland,C,24,WSB,79,47,36.2,7.3,13.3,.552,0.0,0.0,.333,7.3,13.3,.552,.552,4.7,6.9,.689,3.7,7.3,11.0,3.0,0.9,1.0,3.8,3.9,19.4)
(1983,242,Danny Schayes,C,23,TOT,82,50,27.9,4.2,9.1,.457,0.0,0.0,.000,4.2,9.1,.457,.457,2.8,3.6,.773,2.4,5.3,7.7,2.5,0.7,1.2,3.1,4.0,11.1)
(1983,246,Ed Sherod,PG,23,NYK,64,37,25.4,2.7,6.6,.406,0.0,0.2,.077,2.7,6.4,.417,.407,0.8,1.3,.650,0.7,1.7,2.3,4.9,1.5,0.2,1.6,1.8,6.2)
(1983,250,Jose Slaughter,SG,22,IND,63,1,8.2,1.4,3.8,.374,0.1,0.7,.220,1.3,3.1,.406,.393,0.6,0.9,.644,0.5,0.5,1.1,0.8,0.6,0.1,0.7,1.5,3.6)
(1983,254,Phil Smith,SG,30,SEA,79,17,15.7,2.2,5.1,.438,0.0,0.1,.375,2.2,5.0,.439,.441,1.3,1.7,.759,0.3,1.3,1.6,2.7,0.6,0.1,1.3,1.4,5.7)
(1983,258,Jim Spanarkel,SG,25,DAL,48,4,15.0,1.9,4.1,.462,0.0,0.2,.200,1.9,3.9,.476,.467,1.8,2.4,.779,0.6,1.2,1.8,1.6,0.6,0.1,1.1,1.2,5.7)
(1983,261,Brook Steppe,SG,23,KCK,62,6,9.8,1.4,2.8,.477,0.0,0.1,.143,1.3,2.7,.491,.480,1.2,1.6,.760,0.4,0.8,1.2,1.1,0.4,0.0,0.9,1.5,4.0)
(1983,265,Carlos Terry,SG,26,WSB,55,3,9.3,0.7,1.9,.368,0.0,0.0,.000,0.7,1.9,.375,.368,0.2,0.3,.667,0.5,1.3,1.8,0.8,0.4,0.2,0.4,1.4,1.6)
(1983,269,Corny Thompson,PF,22,DAL,44,2,11.8,1.0,3.1,.314,0.0,0.0,,1.0,3.1,.314,.314,0.8,1.0,.783,0.9,1.8,2.7,0.8,0.3,0.2,0.7,2.1,2.8)
(1983,273,Darren Tillis,C,22,TOT,52,4,10.1,1.5,3.5,.420,0.0,0.0,.000,1.5,3.5,.422,.420,0.3,0.5,.571,0.8,1.7,2.5,0.3,0.2,0.6,0.4,1.5,3.2)
(1983,277,Kelly Tripucka,SF,23,DET,58,58,38.8,9.7,19.9,.489,0.2,0.6,.378,9.5,19.3,.492,.495,6.8,8.0,.845,2.2,2.4,4.6,4.1,1.2,0.3,3.2,2.7,26.5)
(1983,Rk,Player,Pos,Age,Tm,G,GS,MP,FG,FGA,FG%,3P,3PA,3P%,2P,2PA,2P%,eFG%,FT,FTA,FT%,ORB,DRB,TRB,AST,STL,BLK,TOV,PF,PTS)
(1983,284,Pete Verhoeven,PF,23,POR,48,0,11.0,1.8,3.6,.509,0.0,0.0,.000,1.8,3.5,.512,.509,0.4,0.6,.677,0.9,1.1,2.0,0.7,0.4,0.2,0.8,2.0,4.1)
(1983,288,Wally Walker,SF,28,HOU,82,59,27.5,4.4,9.8,.449,0.0,0.0,.250,4.4,9.8,.450,.450,0.9,1.4,.621,1.7,2.9,4.5,2.4,0.5,0.3,1.8,2.5,9.7)
(1983,292,Scott Wedman,SF,30,TOT,75,35,23.9,5.0,10.5,.475,0.1,0.4,.313,4.9,10.1,.481,.481,1.1,1.4,.794,1.3,2.5,3.8,1.6,0.6,0.2,1.7,3.0,11.2)
(1983,296,Bob Wilkerson,SF,28,CLE,77,11,22.1,2.8,6.6,.417,0.0,0.1,.000,2.8,6.6,.420,.417,1.2,1.6,.750,0.8,2.3,3.1,2.5,0.9,0.2,2.1,2.0,6.7)
(1983,300,Jeff Wilkins,C,27,UTA,81,34,28.5,4.8,10.1,.477,0.0,0.0,.000,4.8,10.0,.478,.477,1.9,2.5,.780,1.9,5.5,7.4,1.6,0.5,0.5,2.3,3.1,11.5)
(1983,303,Gus Williams,PG,29,SEA,80,80,34.5,8.3,17.3,.477,0.0,0.5,.047,8.2,16.8,.491,.478,3.5,4.6,.751,0.9,1.7,2.6,8.0,2.3,0.3,2.9,1.5,20.0)
(1983,307,Rob Williams,PG,21,DEN,74,33,19.5,2.6,6.3,.408,0.0,0.2,.133,2.6,6.1,.417,.410,1.8,2.4,.753,0.5,1.3,1.8,4.9,1.2,0.2,2.5,3.0,7.0)
(1983,311,Brian Winters,SG,30,MIL,57,12,23.9,4.5,10.3,.434,0.4,1.2,.324,4.1,9.1,.449,.453,1.3,1.5,.859,0.6,1.3,1.9,2.7,0.8,0.1,1.4,2.3,10.6)
(1983,315,James Worthy*,SF,21,LAL,77,1,25.6,5.8,10.0,.579,0.0,0.1,.250,5.8,10.0,.581,.580,1.8,2.9,.624,2.0,3.1,5.2,1.7,1.2,0.8,2.3,2.9,13.4)
