(1983,3,Mark Aguirre,SF,23,DAL,81,75,34.4,9.5,19.6,.483,0.2,0.9,.211,9.3,18.7,.496,.488,5.3,7.3,.728,2.4,3.9,6.3,4.1,1.0,0.3,3.2,3.0,24.4)
(1983,7,Richard Anderson,C,22,SDC,78,5,16.3,2.2,5.5,.404,0.1,0.2,.368,2.1,5.3,.405,.412,0.6,0.9,.696,1.4,2.1,3.5,1.5,0.7,0.3,1.2,2.2,5.2)
(1983,11,Greg Ballard,SF,28,WSB,78,78,36.4,7.7,16.3,.473,0.2,0.5,.351,7.6,15.9,.477,.478,2.3,3.0,.781,1.6,4.9,6.5,3.4,1.7,0.3,2.0,2.3,18.0)
(1983,15,Kent Benson,C,28,DET,21,15,28.5,4.0,8.7,.467,0.0,0.0,.000,4.0,8.6,.470,.467,1.8,2.4,.760,2.5,4.9,7.4,2.3,0.7,0.8,1.7,2.9,9.9)
(1983,19,Charles Bradley,SG,23,BOS,51,5,10.4,1.4,3.5,.392,0.0,0.1,.000,1.4,3.4,.399,.392,0.9,1.8,.511,0.6,0.9,1.5,0.5,0.6,0.5,0.8,1.6,3.6)
(1983,22,Mike Bratz,PG,27,CHI,15,0,9.3,0.9,2.8,.333,0.1,0.5,.125,0.9,2.3,.382,.345,0.7,0.9,.769,0.2,1.1,1.3,1.5,0.5,0.0,0.9,1.3,2.6)
(1983,26,Jim Brogan,SG,24,SDC,58,0,8.0,1.6,3.7,.427,0.1,0.2,.231,1.5,3.4,.440,.434,0.6,0.7,.791,0.6,0.5,1.1,1.1,0.4,0.2,0.7,1.4,3.8)
(1983,30,Joe Bryant,SF,28,HOU,81,56,25.4,4.2,9.5,.448,0.1,0.4,.222,4.1,9.0,.459,.453,1.4,2.0,.703,1.1,2.3,3.4,2.3,1.0,0.4,2.2,3.2,10.0)
(1983,34,Kenny Carr,PF,27,POR,82,26,28.4,4.4,8.7,.505,0.0,0.1,.333,4.4,8.7,.506,.506,3.1,4.5,.697,2.2,5.0,7.2,1.4,0.8,0.5,2.3,3.7,12.0)
(1983,38,Bill Cartwright,C,25,NYK,82,82,30.1,5.5,9.8,.566,0.0,0.0,,5.5,9.8,.566,.566,4.6,6.2,.744,2.3,4.9,7.2,1.7,0.5,1.5,2.5,3.8,15.7)
(1983,41,Maurice Cheeks,PG,26,PHI,79,79,31.2,5.1,9.4,.542,0.0,0.1,.167,5.1,9.4,.545,.543,2.3,3.0,.754,0.7,2.0,2.6,6.9,2.3,0.4,2.3,2.3,12.5)
(1983,45,Jeff Cook,PF,26,TOT,75,22,17.8,2.0,4.1,.487,0.0,0.0,.000,2.0,4.0,.492,.487,1.1,1.4,.760,1.6,2.9,4.5,1.4,0.5,0.4,1.4,2.4,5.0)
(1983,49,Dave Corzine,C,26,CHI,82,71,30.4,5.6,11.2,.497,0.0,0.0,.000,5.6,11.2,.498,.497,2.8,3.9,.720,3.0,5.8,8.7,1.9,0.6,1.3,2.8,3.0,14.0)
(1983,53,Geoff Crompton,C,27,SAS,14,0,10.6,1.0,2.4,.412,0.0,0.0,,1.0,2.4,.412,.412,0.2,0.4,.600,1.3,2.1,3.4,0.5,0.2,0.4,0.4,1.8,2.2)
(1983,57,Quintin Dailey,SG,22,CHI,76,32,27.4,6.2,13.3,.466,0.1,0.3,.200,6.1,12.9,.473,.469,2.7,3.7,.730,1.1,2.3,3.4,3.7,0.9,0.1,2.7,3.3,15.1)
(1983,Rk,Player,Pos,Age,Tm,G,GS,MP,FG,FGA,FG%,3P,3PA,3P%,2P,2PA,2P%,eFG%,FT,FTA,FT%,ORB,DRB,TRB,AST,STL,BLK,TOV,PF,PTS)
(1983,64,Darryl Dawkins,C,26,NJN,81,81,25.8,5.0,8.3,.599,0.0,0.0,,5.0,8.3,.599,.599,2.0,3.2,.646,1.6,3.6,5.2,1.4,0.8,1.9,3.5,4.7,12.0)
(1983,68,John Douglas,SG,26,SDC,3,1,4.0,0.3,2.0,.167,0.3,0.7,.500,0.0,1.3,.000,.250,0.7,0.7,1.000,0.0,0.3,0.3,0.3,0.0,0.0,0.0,0.0,1.7)
(1983,72,Terry Duerod,SG,26,GSW,5,0,9.8,1.8,3.8,.474,0.0,0.0,,1.8,3.8,.474,.474,0.0,0.0,,0.0,0.6,0.6,1.0,0.4,0.2,1.8,1.0,3.6)
(1983,76,Mark Eaton,C,26,UTA,81,32,18.9,1.8,4.4,.414,0.0,0.0,.000,1.8,4.3,.415,.414,0.7,1.1,.656,1.1,4.6,5.7,1.4,0.3,3.4,1.7,3.2,4.3)
(1983,80,James Edwards,C,27,TOT,31,9,21.5,4.1,8.5,.487,0.0,0.0,,4.1,8.5,.487,.487,2.2,3.5,.639,1.8,3.2,5.0,1.3,0.4,0.6,1.6,3.5,10.5)
(1983,83,Alex English*,SF,29,DEN,82,82,36.4,11.7,22.6,.516,0.0,0.1,.167,11.7,22.5,.519,.517,5.0,6.0,.829,3.2,4.1,7.3,4.8,1.4,1.5,3.2,2.9,28.4)
(1983,87,Sleepy Floyd,PG,22,TOT,76,17,16.4,3.0,6.9,.429,0.1,0.3,.400,2.8,6.6,.430,.438,2.0,2.4,.833,0.7,1.1,1.8,1.8,0.8,0.2,1.4,1.8,8.1)
(1983,91,Calvin Garrett,SF,26,HOU,4,0,8.5,1.0,2.8,.364,0.0,0.3,.000,1.0,2.5,.400,.364,0.5,0.5,1.000,0.8,1.0,1.8,0.8,0.0,0.0,0.8,1.0,2.5)
(1983,95,Mike Gminski,C,23,NJN,80,1,15.7,2.7,5.3,.500,0.0,0.0,.000,2.7,5.3,.501,.500,2.2,2.8,.778,1.9,2.9,4.8,0.8,0.4,1.5,1.6,1.5,7.5)
(1983,99,John Greig,SF,21,SEA,9,0,2.9,0.8,1.4,.538,0.0,0.0,,0.8,1.4,.538,.538,0.6,0.7,.833,0.2,0.4,0.7,0.0,0.0,0.1,0.2,0.4,2.1)
(1983,102,Darrell Griffith,SG,24,UTA,77,76,36.2,9.8,20.2,.484,0.5,1.7,.288,9.3,18.5,.502,.496,2.2,3.2,.679,1.3,2.6,3.9,3.5,1.8,0.4,3.3,2.4,22.2)
(1983,106,Joe Hassett,SG,27,GSW,6,2,23.2,3.2,7.3,.432,0.2,1.5,.111,3.0,5.8,.514,.443,0.0,0.0,,0.5,1.3,1.8,3.5,0.3,0.0,1.5,2.3,6.5)
(1983,110,Steve Hayes,C,27,CLE,65,3,16.3,1.6,3.3,.479,0.0,0.0,.000,1.6,3.3,.481,.479,0.4,0.8,.569,1.6,2.1,3.6,0.6,0.3,0.6,0.8,3.3,3.6)
(1983,114,Rod Higgins,SF,23,CHI,82,42,26.8,3.8,8.5,.448,0.2,0.5,.317,3.7,8.0,.457,.458,2.5,3.2,.792,1.9,2.5,4.5,2.1,0.8,0.8,1.5,3.0,10.3)
(1983,118,Lionel Hollins,PG,29,SDC,56,54,32.9,5.6,12.8,.437,0.1,0.4,.143,5.5,12.4,.445,.439,2.3,3.2,.721,0.5,1.8,2.3,6.7,2.0,0.3,3.5,2.8,13.5)
(1983,121,Marc Iavaroni,PF,26,PHI,80,77,20.2,2.0,4.4,.462,0.0,0.0,.000,2.0,4.4,.464,.462,1.0,1.4,.690,1.5,2.7,4.1,1.0,0.4,0.6,1.7,3.0,5.1)
(1983,125,Clemon Johnson,C,26,TOT,83,11,23.1,3.6,7.0,.515,0.0,0.0,.000,3.6,7.0,.516,.515,1.3,2.2,.617,2.3,4.0,6.3,1.7,0.8,1.1,1.5,2.7,8.5)
(1983,129,Frank Johnson,PG,24,WSB,68,65,34.2,4.7,11.6,.408,0.2,0.9,.230,4.5,10.7,.423,.417,2.9,3.8,.751,0.7,1.9,2.6,8.1,1.6,0.1,3.5,2.5,12.5)
(1983,133,Marques Johnson,SF,26,MIL,80,80,35.7,9.0,17.8,.509,0.1,0.3,.200,9.0,17.5,.514,.511,3.3,4.5,.735,2.5,4.6,7.0,4.5,1.3,0.7,2.5,2.6,21.4)
(1983,137,Vinnie Johnson,SG,26,DET,82,51,30.6,6.3,12.4,.513,0.1,0.5,.275,6.2,11.9,.523,.519,3.0,3.8,.778,2.0,2.3,4.3,3.7,1.1,0.6,1.9,3.2,15.8)
(1983,Rk,Player,Pos,Age,Tm,G,GS,MP,FG,FGA,FG%,3P,3PA,3P%,2P,2PA,2P%,eFG%,FT,FTA,FT%,ORB,DRB,TRB,AST,STL,BLK,TOV,PF,PTS)
(1983,144,Major Jones,PF,29,HOU,60,4,14.6,2.4,5.2,.457,0.0,0.0,.000,2.4,5.2,.460,.457,0.9,1.7,.549,1.9,2.5,4.4,0.7,0.4,0.4,1.4,1.7,5.7)
(1983,148,Clark Kellogg,PF,21,IND,81,81,34.1,8.4,17.5,.479,0.0,0.2,.222,8.3,17.3,.482,.480,3.2,4.3,.741,4.2,6.4,10.6,2.8,1.7,0.5,2.7,3.7,20.1)
(1983,152,Bernard King*,SF,26,NYK,68,68,32.5,8.9,16.8,.528,0.0,0.1,.000,8.9,16.7,.531,.528,4.1,5.7,.722,1.5,3.3,4.8,2.9,1.3,0.2,2.9,3.4,21.9)
(1983,156,Joel Kramer,C,27,PHO,54,4,8.5,0.8,1.9,.423,0.0,0.0,.000,0.8,1.9,.427,.423,0.3,0.3,.875,0.8,0.9,1.6,0.7,0.3,0.1,0.4,1.2,1.9)
(1983,161,Bob Lanier*,C,34,MIL,39,35,25.1,4.2,8.5,.491,0.0,0.0,.000,4.2,8.5,.492,.491,2.3,3.4,.684,1.5,3.6,5.1,2.7,0.9,0.6,2.1,3.2,10.7)
(1983,165,Cliff Levingston,PF,22,DET,62,5,14.2,2.1,4.4,.485,0.0,0.0,.000,2.1,4.3,.487,.485,1.4,2.4,.571,1.7,2.1,3.7,0.8,0.4,0.6,1.2,2.0,5.6)
(1983,169,Scott Lloyd,C,30,DAL,15,0,13.7,1.3,3.3,.380,0.0,0.1,.000,1.3,3.3,.388,.380,0.7,1.1,.647,1.3,1.8,3.1,1.4,0.4,0.4,0.4,1.6,3.3)
(1983,173,Maurice Lucas,PF,30,PHO,77,71,33.6,6.4,13.6,.474,0.0,0.0,.333,6.4,13.5,.474,.474,3.6,4.6,.781,2.6,7.8,10.4,2.8,0.7,0.6,2.9,3.6,16.5)
(1983,177,Rick Mahorn,PF,24,WSB,82,82,36.9,4.6,9.4,.490,0.0,0.0,.000,4.6,9.3,.492,.490,1.8,3.1,.575,2.1,7.4,9.5,1.4,1.0,1.8,2.1,4.1,11.0)
(1983,Rk,Player,Pos,Age,Tm,G,GS,MP,FG,FGA,FG%,3P,3PA,3P%,2P,2PA,2P%,eFG%,FT,FTA,FT%,ORB,DRB,TRB,AST,STL,BLK,TOV,PF,PTS)
(1983,184,Mike McGee,SF,23,LAL,39,7,9.8,1.8,4.2,.423,0.0,0.2,.143,1.7,4.0,.436,.426,0.4,0.6,.739,0.8,0.5,1.4,0.7,0.3,0.1,0.7,1.3,4.0)
(1983,188,Mark McNamara,C,23,PHI,36,2,5.1,0.8,1.8,.453,0.0,0.0,,0.8,1.8,.453,.453,0.6,1.3,.444,0.9,1.2,2.1,0.2,0.1,0.1,1.0,1.2,2.2)
(1983,192,Paul Mokeski,C,26,TOT,73,19,15.5,1.6,3.6,.458,0.0,0.0,.000,1.6,3.5,.459,.458,0.7,0.9,.735,1.0,2.5,3.6,0.7,0.3,0.6,0.9,3.1,3.9)
(1983,196,Guy Morgan,SG,22,IND,8,0,5.8,0.9,3.0,.292,0.0,0.0,,0.9,3.0,.292,.292,0.1,0.5,.250,0.8,1.4,2.1,0.9,0.3,0.0,0.3,0.9,1.9)
(1983,200,Calvin Natt,SF,26,POR,80,80,36.0,8.1,14.8,.543,0.0,0.3,.150,8.0,14.6,.549,.544,4.2,5.4,.792,2.7,4.8,7.5,2.1,0.8,0.4,2.5,2.3,20.4)
(1983,203,Chuck Nevitt,C,23,HOU,6,0,10.7,1.8,2.5,.733,0.0,0.0,,1.8,2.5,.733,.733,0.2,0.7,.250,1.0,1.8,2.8,0.0,0.2,2.0,1.2,2.3,3.8)
(1983,207,Audie Norris,C,22,POR,30,0,10.4,0.9,2.1,.413,0.0,0.0,,0.9,2.1,.413,.413,0.5,1.0,.467,0.8,1.5,2.3,0.8,0.4,0.1,1.1,2.0,2.2)
(1983,211,Louis Orr,SF,24,NYK,82,14,20.3,3.3,7.2,.462,0.0,0.0,.000,3.3,7.2,.464,.462,1.7,2.1,.800,1.1,1.6,2.8,1.1,0.8,0.3,1.1,1.6,8.4)
(1983,215,Jim Paxson,SG,25,POR,81,81,33.8,8.4,16.3,.515,0.0,0.3,.160,8.4,16.0,.522,.517,4.8,5.9,.812,0.8,1.3,2.1,2.9,1.7,0.2,1.9,2.0,21.7)
(1983,219,Ricky Pierce,SG,23,DET,39,1,6.8,0.8,2.3,.375,0.0,0.2,.143,0.8,2.1,.395,.381,0.5,0.8,.563,0.4,0.5,0.9,0.4,0.2,0.1,0.5,1.1,2.2)
(1983,222,Kevin Porter,PG,32,WSB,11,0,19.1,1.9,3.6,.525,0.0,0.0,,1.9,3.6,.525,.525,0.5,0.5,.833,0.2,0.3,0.5,4.2,0.9,0.0,1.9,2.7,4.3)
(1983,226,Kurt Rambis,PF,24,LAL,78,77,23.2,3.0,5.3,.569,0.0,0.0,.000,3.0,5.3,.572,.569,1.5,2.1,.687,2.1,4.7,6.8,1.2,1.3,0.8,1.9,3.0,7.5)
(1983,230,Micheal Ray Richardson,PG,27,TOT,64,51,32.4,5.4,12.7,.425,0.1,0.8,.157,5.3,11.9,.442,.429,1.7,2.5,.650,1.8,2.8,4.6,6.8,2.8,0.4,3.8,3.8,12.6)
(1983,234,Truck Robinson,PF,31,NYK,81,76,30.0,4.0,8.7,.462,0.0,0.0,,4.0,8.7,.462,.462,1.5,2.5,.587,2.5,5.7,8.1,1.8,0.7,0.3,2.3,3.0,9.5)
(1983,238,Dan Roundfield,PF,29,ATL,77,76,36.5,7.3,15.5,.470,0.1,0.4,.185,7.2,15.1,.477,.472,4.4,5.8,.749,3.4,8.1,11.4,2.9,0.8,1.5,3.2,3.1,19.0)
(1983,241,Mike Sanders,SF,22,SAS,26,0,15.1,2.9,6.0,.484,0.0,0.1,.000,2.9,6.0,.490,.484,1.2,1.7,.721,1.2,2.4,3.6,0.7,0.7,0.2,1.1,2.2,7.0)
(1983,245,Lonnie Shelton,PF,27,SEA,82,79,31.4,5.3,11.2,.478,0.0,0.1,.167,5.3,11.1,.480,.478,1.7,2.3,.754,1.9,4.1,6.0,2.9,0.9,0.9,2.1,3.8,12.4)
(1983,249,Jack Sikma,C,27,SEA,75,71,34.2,6.5,13.9,.464,0.0,0.1,.000,6.5,13.8,.468,.464,5.3,6.4,.837,2.8,8.6,11.4,3.1,1.2,0.9,2.5,3.5,18.2)
(1983,253,Larry Smith,PF,25,GSW,49,41,29.2,3.7,6.2,.588,0.0,0.0,,3.7,6.2,.588,.588,1.1,2.0,.535,4.3,5.6,9.9,0.9,0.7,0.4,1.7,3.8,8.4)
(1983,257,Ricky Sobers,SG,30,WSB,41,39,35.1,5.7,13.0,.438,0.6,1.3,.418,5.1,11.7,.441,.460,3.8,4.5,.832,0.9,1.6,2.5,5.3,1.5,0.3,3.6,3.9,15.7)
(1983,Rk,Player,Pos,Age,Tm,G,GS,MP,FG,FGA,FG%,3P,3PA,3P%,2P,2PA,2P%,eFG%,FT,FTA,FT%,ORB,DRB,TRB,AST,STL,BLK,TOV,PF,PTS)
(1983,264,Terry Teagle,SG,22,HOU,73,44,23.4,4.5,10.6,.428,0.1,0.4,.345,4.4,10.2,.431,.434,1.2,1.7,.696,1.0,1.6,2.7,2.1,0.7,0.2,1.9,2.3,10.4)
(1983,268,Isiah Thomas*,PG,21,DET,81,81,38.2,9.0,19.0,.472,0.4,1.5,.288,8.5,17.4,.488,.483,4.5,6.4,.710,1.3,2.8,4.0,7.8,2.5,0.4,4.0,3.9,22.9)
(1983,272,Mychal Thompson,C,28,POR,80,80,37.7,6.3,12.9,.489,0.0,0.0,.000,6.3,12.9,.489,.489,3.1,5.0,.621,2.3,7.1,9.4,4.8,0.9,1.4,3.5,2.7,15.7)
(1983,276,Linton Townes,SF,23,POR,55,0,9.4,1.9,4.3,.449,0.2,0.5,.360,1.7,3.8,.459,.468,0.5,0.7,.737,0.5,0.6,1.2,0.6,0.3,0.1,0.6,1.5,4.5)
(1983,280,Terry Tyler,SF,26,DET,82,56,31.0,5.1,10.7,.478,0.0,0.2,.133,5.1,10.5,.484,.480,1.8,2.4,.745,2.2,4.4,6.6,1.9,1.3,2.0,1.5,2.7,12.1)
(1983,283,Kiki Vandeweghe,PF,24,DEN,82,79,35.5,10.3,18.7,.547,0.2,0.6,.294,10.1,18.1,.556,.552,6.0,6.8,.875,1.5,3.8,5.3,2.5,0.8,0.5,2.2,2.4,26.7)
(1983,287,Foots Walker,PG,31,NJN,79,10,17.6,1.4,3.2,.456,0.0,0.2,.167,1.4,3.0,.471,.460,1.5,1.9,.779,0.4,1.3,1.7,3.3,1.0,0.0,1.3,1.7,4.4)
(1983,291,Marvin Webster,C,30,NYK,82,0,18.0,2.0,4.0,.508,0.0,0.0,.000,2.0,4.0,.509,.508,1.3,2.2,.589,2.1,3.3,5.4,0.6,0.4,1.6,1.2,2.6,5.4)
(1983,295,Jerome Whitehead,C,26,SDC,46,23,19.7,3.6,6.7,.536,0.0,0.0,,3.6,6.7,.536,.536,1.6,1.9,.828,2.3,3.4,5.7,0.9,0.5,0.3,1.4,3.0,8.7)
(1983,299,Dominique Wilkins*,SF,23,ATL,82,82,32.9,7.3,14.9,.493,0.0,0.1,.182,7.3,14.7,.495,.493,2.8,4.1,.682,2.8,3.1,5.8,1.6,1.0,0.8,2.2,2.6,17.5)
(1983,302,Freeman Williams,SG,26,UTA,18,3,11.7,2.0,5.6,.356,0.1,0.4,.286,1.9,5.2,.362,.366,1.0,1.4,.720,0.2,0.8,0.9,0.6,0.3,0.1,0.7,1.7,5.1)
(1983,306,Rickey Williams,SG,25,UTA,44,0,7.9,1.3,3.1,.415,0.0,0.1,.000,1.3,3.0,.424,.415,0.8,1.2,.660,0.3,0.5,0.9,0.8,0.5,0.1,0.9,1.0,3.3)
(1983,310,Bill Willoughby,SF,25,TOT,62,0,18.5,2.4,5.2,.454,0.1,0.2,.429,2.3,5.0,.455,.463,0.7,0.9,.782,1.0,2.2,3.2,1.0,0.4,0.3,1.0,2.2,5.5)
(1983,314,Orlando Woolridge,SF,23,CHI,57,38,28.5,6.3,10.9,.580,0.0,0.1,.000,6.3,10.9,.583,.580,3.8,6.0,.638,2.1,3.1,5.2,1.7,0.7,0.8,2.8,3.1,16.5)
