(1983,2,Alvan Adams,C,28,PHO,80,75,30.6,6.0,12.3,.486,0.0,0.0,.333,6.0,12.2,.487,.487,2.3,2.7,.829,2.0,4.8,6.9,4.7,1.4,0.9,3.0,3.6,14.2)
(1983,6,J.J. Anderson,SF,22,TOT,65,2,18.5,2.9,5.8,.501,0.0,0.1,.000,2.9,5.8,.507,.501,1.5,2.7,.571,1.8,2.7,4.5,1.0,1.0,0.3,1.2,2.4,7.4)
(1983,10,James Bailey,PF,25,TOT,75,39,23.5,5.1,10.3,.497,0.0,0.0,.000,5.1,10.3,.498,.497,3.0,4.3,.702,2.3,4.0,6.3,0.9,0.6,0.8,2.6,3.6,13.3)
(1983,14,Dave Batton,C,26,WSB,54,5,10.3,1.6,3.5,.445,0.0,0.1,.000,1.6,3.5,.452,.445,0.1,0.3,.471,0.8,1.4,2.2,0.5,0.3,0.2,0.5,1.0,3.3)
(1983,18,Rolando Blackman,SG,23,DAL,75,62,31.3,6.8,13.9,.492,0.0,0.2,.200,6.8,13.7,.497,.494,4.0,5.1,.780,1.4,2.5,3.9,2.5,0.5,0.4,1.6,1.5,17.7)
(1983,21,Brad Branson,PF,24,IND,62,2,11.0,2.1,5.0,.425,0.0,0.0,.000,2.1,5.0,.427,.425,1.2,1.7,.704,1.2,1.6,2.8,0.7,0.4,0.4,0.7,1.3,5.5)
(1983,25,Allan Bristow,SF,31,DAL,37,0,10.0,1.2,2.7,.444,0.2,0.4,.462,1.0,2.3,.442,.475,0.3,0.4,.714,0.6,0.9,1.6,1.9,0.2,0.0,0.8,1.2,2.8)
(1983,29,Rickey Brown,C,24,TOT,76,7,13.8,2.2,4.6,.479,0.0,0.0,.000,2.2,4.6,.483,.479,0.9,1.4,.619,1.2,2.3,3.5,0.3,0.2,0.3,1.1,2.3,5.3)
(1983,33,Marty Byrnes,SF,26,IND,80,12,18.0,2.0,4.7,.420,0.1,0.3,.231,1.9,4.4,.434,.428,0.9,1.2,.747,0.9,1.5,2.4,2.2,0.5,0.1,0.9,1.9,4.9)
(1983,37,Butch Carter,SG,24,IND,81,28,21.2,4.4,8.7,.501,0.2,0.6,.333,4.2,8.1,.515,.513,1.5,1.9,.805,0.8,1.1,1.9,2.4,1.0,0.2,1.5,2.6,10.5)
(1983,Rk,Player,Pos,Age,Tm,G,GS,MP,FG,FGA,FG%,3P,3PA,3P%,2P,2PA,2P%,eFG%,FT,FTA,FT%,ORB,DRB,TRB,AST,STL,BLK,TOV,PF,PTS)
(1983,44,Darwin Cook,PG,24,NJN,82,47,32.0,5.4,12.0,.449,0.1,0.5,.211,5.3,11.6,.459,.453,2.3,3.0,.769,0.9,2.0,2.9,5.5,2.4,0.6,2.9,2.6,13.2)
(1983,48,Wayne Cooper,C,26,POR,80,60,26.2,4.0,9.0,.443,0.0,0.1,.000,4.0,9.0,.446,.443,1.7,2.5,.685,2.7,5.0,7.6,1.5,0.3,1.7,2.0,4.0,9.7)
(1983,52,Charlie Criss,PG,34,MIL,66,0,14.0,2.6,5.7,.451,0.1,0.5,.194,2.5,5.2,.474,.459,1.0,1.2,.895,0.2,1.0,1.2,1.9,0.4,0.0,0.7,0.7,6.2)
(1983,56,Earl Cureton,C,25,PHI,73,3,13.5,1.5,3.5,.419,0.0,0.0,,1.5,3.5,.419,.419,0.5,0.9,.493,1.2,2.5,3.7,0.6,0.5,0.3,1.0,2.0,3.4)
(1983,60,Charles Davis,SF,24,WSB,74,10,15.7,3.4,7.2,.470,0.0,0.1,.200,3.4,7.1,.475,.472,0.8,1.2,.629,1.1,1.8,2.9,1.0,0.4,0.3,1.2,1.6,7.6)
(1983,63,Walter Davis,SG,28,PHO,80,79,31.1,8.3,16.1,.516,0.1,0.3,.304,8.2,15.8,.520,.519,2.3,2.8,.818,0.8,1.7,2.5,5.0,1.5,0.2,2.4,2.3,19.0)
(1983,67,James Donaldson,C,25,SEA,82,11,21.8,3.5,6.0,.583,0.0,0.0,,3.5,6.0,.583,.583,1.8,2.7,.688,1.6,4.5,6.1,1.2,0.2,1.2,1.6,2.1,8.9)
(1983,71,Larry Drew,PG,24,KCK,75,74,35.9,8.0,16.2,.492,0.0,0.2,.125,8.0,16.0,.497,.493,4.1,5.0,.820,0.6,2.2,2.8,8.1,1.7,0.1,3.6,2.8,20.1)
(1983,75,John Duren,PG,24,IND,82,24,17.5,2.0,4.4,.453,0.0,0.2,.000,2.0,4.2,.470,.453,0.5,0.7,.796,0.5,0.8,1.3,2.4,0.8,0.1,1.2,2.5,4.5)
(1983,79,Franklin Edwards,PG,23,PHI,81,3,15.6,2.8,6.0,.472,0.0,0.1,.000,2.8,5.9,.480,.472,1.1,1.4,.761,0.3,0.8,1.0,2.7,1.0,0.1,1.4,1.5,6.7)
(1983,82,Chris Engler,C,23,GSW,54,1,6.8,0.7,1.7,.404,0.0,0.0,,0.7,1.7,.404,.404,0.1,0.3,.313,0.8,1.1,1.9,0.2,0.1,0.3,0.4,1.8,1.5)
(1983,86,Bruce Flowers,PF,25,CLE,53,5,13.2,2.1,3.9,.534,0.0,0.0,.000,2.1,3.8,.539,.534,0.8,1.0,.774,1.3,2.1,3.4,0.9,0.4,0.2,0.8,1.9,4.9)
(1983,90,Bill Garnett,C,22,DAL,75,13,18.8,2.3,4.3,.533,0.0,0.0,.000,2.3,4.2,.538,.533,1.7,2.3,.741,1.9,3.5,5.4,1.4,0.6,0.9,1.1,3.3,6.3)
(1983,94,Mike Glenn,SG,27,ATL,73,4,15.4,3.2,6.1,.518,0.0,0.0,.000,3.2,6.1,.519,.518,1.0,1.2,.831,0.2,1.0,1.2,1.7,0.4,0.1,0.7,1.8,7.3)
(1983,98,Dave Greenwood,PF,25,CHI,79,61,29.8,3.9,8.7,.455,0.0,0.1,.000,3.9,8.6,.457,.455,2.1,2.9,.708,2.7,6.9,9.7,1.9,0.7,1.1,1.9,3.3,10.0)
(1983,101,Paul Griffin,PF,29,SAS,53,0,18.0,1.1,2.2,.517,0.0,0.0,,1.1,2.2,.517,.517,1.0,1.4,.697,1.5,2.6,4.1,1.6,0.6,0.5,1.3,2.9,3.3)
(1983,105,Bill Hanzlik,SF,25,DEN,82,8,18.9,2.3,5.3,.428,0.0,0.1,.143,2.3,5.2,.433,.429,1.5,2.0,.781,1.0,1.9,2.9,3.3,0.9,0.2,1.8,2.7,6.1)
(1983,109,Elvin Hayes*,PF,37,HOU,81,43,28.4,5.2,11.0,.476,0.0,0.0,.500,5.2,10.9,.476,.478,2.4,3.5,.683,2.5,5.1,7.6,2.0,0.6,1.0,2.5,2.9,12.9)
(1983,113,Tom Henderson,SG,31,HOU,51,2,15.5,2.1,5.2,.407,0.0,0.0,.000,2.1,5.1,.410,.407,0.9,1.1,.789,0.4,1.0,1.4,2.7,0.7,0.0,1.0,1.1,5.1)
(1983,117,Craig Hodges,SG,22,SDC,76,48,26.6,4.2,9.3,.452,0.3,1.2,.222,3.9,8.1,.485,.466,1.2,1.7,.723,0.7,0.9,1.6,3.6,1.1,0.1,2.1,2.5,9.9)
(1983,Rk,Player,Pos,Age,Tm,G,GS,MP,FG,FGA,FG%,3P,3PA,3P%,2P,2PA,2P%,eFG%,FT,FTA,FT%,ORB,DRB,TRB,AST,STL,BLK,TOV,PF,PTS)
(1983,124,Clay Johnson,SG,26,LAL,48,0,9.3,1.1,2.8,.393,0.0,0.0,.000,1.1,2.8,.398,.393,0.8,1.0,.792,0.8,0.6,1.4,0.5,0.5,0.1,0.5,1.3,3.0)
(1983,128,Eddie Johnson,SF,23,KCK,82,82,35.8,8.3,16.7,.494,0.2,0.9,.282,8.0,15.8,.506,.501,3.0,3.9,.779,2.3,3.8,6.1,2.6,0.9,0.2,2.2,3.2,19.8)
(1983,132,Magic Johnson*,SG,23,LAL,79,79,36.8,6.5,11.8,.548,0.0,0.3,.000,6.5,11.5,.560,.548,3.8,4.8,.800,2.7,5.9,8.6,10.5,2.2,0.6,3.8,2.5,16.8)
(1983,136,Steve Johnson,C,25,KCK,79,21,19.5,4.7,7.5,.624,0.0,0.0,,4.7,7.5,.624,.624,2.4,4.1,.574,1.8,3.3,5.0,1.2,0.5,1.1,2.3,4.1,11.7)
(1983,140,Caldwell Jones,C,32,HOU,82,82,29.8,3.7,8.3,.453,0.0,0.0,.000,3.7,8.2,.455,.453,2.0,2.5,.786,2.7,5.4,8.1,1.7,0.6,1.6,2.1,3.4,9.5)
(1983,143,Hutch Jones,SF,23,SDC,9,0,9.4,1.9,4.1,.459,0.0,0.0,,1.9,4.1,.459,.459,0.7,0.7,1.000,1.1,0.8,1.9,0.4,0.3,0.0,0.7,1.6,4.4)
(1983,147,Rich Kelley,C,29,TOT,70,23,19.2,1.9,4.2,.444,0.0,0.0,,1.9,4.2,.444,.444,2.0,2.5,.811,1.9,3.9,5.8,2.0,0.8,0.6,1.7,3.2,5.7)
(1983,151,Albert King,SF,23,NJN,79,75,31.0,7.4,15.5,.475,0.1,0.3,.261,7.3,15.2,.479,.477,2.2,2.9,.775,2.0,3.8,5.8,3.7,1.2,0.5,3.1,3.5,17.0)
(1983,155,Joe Kopicki,PF,22,WSB,17,1,11.8,1.4,3.0,.451,0.0,0.1,.000,1.4,2.9,.460,.451,1.2,1.5,.840,1.1,2.6,3.6,0.5,0.5,0.1,0.5,1.2,3.9)
(1983,159,Jeff Lamp,SF,23,POR,59,1,11.7,1.8,4.3,.425,0.0,0.1,.167,1.8,4.2,.431,.427,0.7,0.9,.808,0.4,0.9,1.3,1.0,0.3,0.1,0.6,1.1,4.4)
(1983,Rk,Player,Pos,Age,Tm,G,GS,MP,FG,FGA,FG%,3P,3PA,3P%,2P,2PA,2P%,eFG%,FT,FTA,FT%,ORB,DRB,TRB,AST,STL,BLK,TOV,PF,PTS)
(1983,164,Fat Lever,PG,22,POR,81,45,24.9,3.2,7.3,.431,0.1,0.2,.333,3.1,7.1,.434,.435,1.4,2.0,.730,1.0,1.7,2.8,5.3,1.9,0.2,1.7,2.2,7.8)
(1983,168,Lewis Lloyd,SG,23,GSW,73,24,18.5,4.0,7.8,.518,0.0,0.1,.250,4.0,7.7,.520,.519,1.4,1.9,.719,1.1,2.5,3.6,1.8,0.8,0.4,1.6,1.5,9.4)
(1983,172,John Lucas,PG,29,WSB,35,0,11.0,1.8,3.7,.473,0.0,0.1,.000,1.8,3.6,.492,.473,0.6,1.2,.500,0.2,0.6,0.8,2.9,0.7,0.0,1.3,0.5,4.1)
(1983,176,Dave Magley,SF,23,CLE,14,0,4.0,0.3,1.1,.250,0.0,0.1,.000,0.3,1.1,.267,.250,0.3,0.6,.500,0.1,0.6,0.7,0.1,0.1,0.0,0.1,0.4,0.9)
(1983,180,Cedric Maxwell,SF,27,BOS,79,71,28.5,4.2,8.4,.499,0.0,0.0,.000,4.2,8.4,.500,.499,3.5,4.4,.812,2.3,3.0,5.3,2.4,0.8,0.5,2.1,2.6,11.9)
(1983,183,Hank McDowell,PF,23,TOT,56,0,9.0,1.0,2.3,.460,0.0,0.0,.000,1.0,2.2,.468,.460,0.8,1.1,.770,1.0,1.2,2.1,0.4,0.1,0.2,0.7,1.5,2.9)
(1983,187,Tom McMillen,C,30,ATL,61,4,22.4,3.2,7.0,.467,0.0,0.0,.000,3.2,6.9,.468,.467,1.8,2.2,.812,0.9,2.6,3.6,1.2,0.3,0.4,1.3,2.3,8.3)
(1983,191,Steve Mix,SF,35,TOT,58,20,13.9,2.4,4.9,.484,0.0,0.1,.250,2.3,4.8,.487,.486,1.3,1.5,.852,0.7,1.7,2.4,1.2,0.6,0.1,0.8,1.2,6.0)
(1983,195,Lowes Moore,PG,25,SDC,37,3,17.4,2.2,5.1,.426,0.2,0.6,.261,2.0,4.5,.449,.442,1.1,1.5,.750,0.4,1.1,1.5,2.0,0.6,0.0,1.2,1.9,5.7)
(1983,199,Swen Nater,C,33,SDC,7,0,7.3,0.9,2.9,.300,0.0,0.0,,0.9,2.9,.300,.300,0.6,0.6,1.000,0.3,1.6,1.9,0.1,0.1,0.0,0.4,0.1,2.3)
(1983,202,Ed Nealy,PF,22,KCK,82,61,20.0,1.8,3.0,.595,0.0,0.0,,1.8,3.0,.595,.595,0.9,1.4,.614,2.1,3.8,5.9,0.8,0.8,0.1,0.6,3.0,4.4)
(1983,206,Norm Nixon,PG,27,LAL,79,79,34.3,6.7,14.2,.475,0.0,0.2,.000,6.7,14.1,.480,.475,1.6,2.1,.744,0.8,1.8,2.6,7.2,1.3,0.1,3.0,2.2,15.1)
(1983,210,Jawann Oldham,C,25,CHI,16,0,10.7,1.9,3.6,.534,0.0,0.0,,1.9,3.6,.534,.534,0.8,1.4,.545,1.1,1.8,2.9,0.3,0.3,0.8,0.8,1.9,4.6)
(1983,214,Billy Paultz,C,34,TOT,64,0,12.8,1.6,3.5,.445,0.0,0.0,,1.6,3.5,.445,.445,0.4,0.9,.458,1.0,2.1,3.1,1.0,0.3,0.3,0.7,1.7,3.6)
(1983,218,Eddie Phillips,SF,21,NJN,48,0,8.7,1.2,2.9,.406,0.0,0.0,.000,1.2,2.8,.412,.406,0.8,1.2,.678,0.6,1.0,1.6,0.6,0.3,0.2,1.0,1.2,3.2)
(1983,221,Ben Poquette,PF,27,UTA,75,50,31.1,4.4,9.3,.472,0.0,0.1,.200,4.4,9.2,.474,.473,2.2,2.9,.751,2.1,4.9,6.9,2.2,0.9,1.5,1.3,3.5,11.0)
(1983,225,Ed Rains,SF,26,SAS,34,1,8.6,1.0,2.4,.398,0.0,0.0,.000,1.0,2.4,.402,.398,0.9,1.3,.674,0.7,0.6,1.3,0.6,0.3,0.0,0.7,1.0,2.8)
(1983,229,Clint Richardson,SG,26,PHI,77,1,22.8,3.4,7.3,.463,0.0,0.1,.000,3.4,7.2,.468,.463,0.9,1.4,.640,1.3,1.9,3.2,2.2,0.9,0.2,1.3,2.1,7.6)
(1983,233,Oliver Robinson,SG,22,SAS,35,0,4.2,1.0,2.8,.361,0.0,0.3,.091,1.0,2.5,.395,.366,0.9,1.3,.667,0.2,0.3,0.5,0.6,0.1,0.1,0.4,0.5,2.9)
(1983,237,Lorenzo Romar,PG,24,GSW,82,64,26.0,3.2,7.0,.465,0.1,0.4,.303,3.1,6.6,.475,.474,1.0,1.3,.743,0.3,1.4,1.7,5.5,1.2,0.1,1.7,1.7,7.6)
(1983,Rk,Player,Pos,Age,Tm,G,GS,MP,FG,FGA,FG%,3P,3PA,3P%,2P,2PA,2P%,eFG%,FT,FTA,FT%,ORB,DRB,TRB,AST,STL,BLK,TOV,PF,PTS)
(1983,244,Alvin Scott,SF,27,PHO,81,9,14.1,1.5,3.2,.479,0.0,0.0,.000,1.5,3.2,.482,.479,1.0,1.4,.736,0.7,2.0,2.8,1.2,0.6,0.4,0.8,1.6,4.1)
(1983,248,Jerry Sichting,PG,26,IND,78,58,31.2,4.1,8.5,.478,0.0,0.2,.167,4.0,8.2,.487,.480,1.2,1.4,.860,0.4,1.6,2.0,5.6,1.3,0.0,1.8,2.4,9.3)
(1983,252,Jim Smith,PF,24,DET,4,0,4.5,0.8,1.0,.750,0.0,0.0,,0.8,1.0,.750,.750,0.5,1.0,.500,0.0,1.3,1.3,0.0,0.0,0.0,0.0,1.0,2.0)
(1983,256,Robert Smith,PG,27,TOT,12,0,5.7,0.6,2.0,.292,0.0,0.2,.000,0.6,1.8,.318,.292,0.8,0.8,.900,0.1,0.4,0.5,0.7,0.4,0.0,0.5,1.1,1.9)
(1983,260,Larry Spriggs,SF,23,CHI,9,0,4.3,0.9,2.2,.400,0.0,0.0,,0.9,2.2,.400,.400,0.6,0.8,.714,0.2,0.8,1.0,0.3,0.1,0.2,0.2,0.3,2.3)
(1983,263,Vince Taylor,SG,22,NYK,31,0,10.4,1.2,3.3,.363,0.0,0.0,,1.2,3.3,.363,.363,0.7,1.0,.656,0.6,0.5,1.2,1.3,0.6,0.1,1.0,1.7,3.1)
(1983,267,David Thirdkill,SF,22,PHO,49,2,10.6,1.5,3.5,.435,0.0,0.1,.143,1.5,3.3,.448,.438,0.9,1.6,.577,0.6,0.9,1.5,0.7,0.4,0.1,1.0,1.9,4.0)
(1983,271,LaSalle Thompson,C,21,KCK,71,3,13.9,2.1,4.0,.512,0.0,0.0,.000,2.1,4.0,.514,.512,1.3,1.9,.650,1.9,3.4,5.3,0.5,0.6,0.9,1.4,2.6,5.4)
(1983,275,Andrew Toney,SG,25,PHI,81,81,30.5,7.7,15.4,.501,0.3,0.9,.289,7.5,14.5,.514,.510,4.0,5.1,.788,0.5,2.3,2.8,4.5,1.0,0.2,3.3,3.1,19.7)
(1983,279,Elston Turner,SF,23,DAL,59,16,14.9,1.6,4.0,.403,0.0,0.1,.667,1.6,4.0,.400,.408,0.3,0.5,.667,1.2,1.4,2.6,1.5,0.8,0.0,1.0,1.3,3.6)
(1983,282,Jan Van Breda Kolff,SF,31,NJN,13,0,4.8,0.4,1.1,.357,0.0,0.0,,0.4,1.1,.357,.357,0.4,0.5,.833,0.2,0.8,1.0,0.4,0.2,0.2,0.2,0.7,1.2)
(1983,286,Danny Vranes,SF,24,SEA,82,73,25.0,2.8,5.2,.527,0.0,0.0,.000,2.8,5.2,.528,.527,1.4,2.5,.550,2.2,3.0,5.2,1.5,0.6,0.6,1.2,3.1,6.9)
(1983,290,Bryan Warrick,PG,23,WSB,43,20,16.9,1.5,4.0,.380,0.0,0.1,.000,1.5,3.9,.392,.380,1.0,1.3,.737,0.3,1.3,1.6,2.9,0.5,0.2,1.7,2.4,4.0)
(1983,294,Rory White,SF,23,PHO,65,0,9.6,2.0,3.6,.543,0.0,0.0,.000,2.0,3.6,.545,.543,1.1,1.7,.642,0.7,0.9,1.6,0.5,0.2,0.0,0.8,0.8,5.0)
(1983,298,James Wilkes,SF,24,DET,9,0,14.3,1.2,3.8,.324,0.0,0.1,.000,1.2,3.7,.333,.324,1.3,1.7,.800,1.0,1.1,2.1,1.1,0.3,0.1,0.6,2.4,3.8)
(1983,301,Buck Williams,PF,22,NJN,82,82,36.1,6.5,11.1,.588,0.0,0.0,.000,6.5,11.1,.590,.588,4.0,6.4,.620,4.5,8.1,12.5,1.5,1.1,1.3,3.0,3.3,17.0)
(1983,305,Ray Williams,PG,28,KCK,72,68,30.1,5.8,14.8,.392,0.2,1.0,.203,5.6,13.8,.406,.399,3.6,4.6,.769,1.3,3.3,4.5,7.9,1.7,0.4,4.7,3.4,15.4)
(1983,309,Sly Williams,PF,25,NYK,68,6,20.4,4.6,9.5,.485,0.0,0.3,.105,4.6,9.2,.497,.487,2.6,3.8,.680,1.4,2.9,4.3,2.0,1.1,0.0,2.0,2.4,11.9)
(1983,313,Mike Woodson,SG,24,KCK,81,3,30.0,7.2,14.2,.506,0.1,0.4,.212,7.1,13.8,.515,.509,3.7,4.7,.790,1.0,2.0,3.1,3.1,1.7,0.7,2.1,2.5,18.2)
