(1974,1,Zaid Abdul-Aziz,C,27,HOU,79,,31.1,4.3,9.3,.459,,,,4.3,9.3,.459,.459,2.4,3.0,.804,3.3,8.4,11.7,2.1,1.0,1.3,,2.9,10.9)
(1974,5,Rick Adelman,PG,27,CHI,55,,11.2,1.2,3.1,.376,,,,1.2,3.1,.376,.376,1.0,1.4,.711,0.3,1.0,1.3,1.0,0.7,0.0,,1.1,3.3)
(1974,9,Mike Bantom,PF,22,PHO,76,,26.1,4.1,10.4,.399,,,,4.1,10.4,.399,.399,1.9,2.8,.662,2.3,4.6,6.8,2.1,0.7,0.6,,3.8,10.1)
(1974,13,Butch Beard,PG,26,GSW,79,,27.0,4.0,7.8,.512,,,,4.0,7.8,.512,.512,2.2,3.0,.739,1.7,3.2,4.9,3.8,1.3,0.1,,3.1,10.2)
(1974,17,Henry Bibby,PG,24,NYK,66,,14.9,3.2,7.0,.452,,,,3.2,7.0,.452,.452,1.1,1.3,.830,0.7,1.3,2.0,1.4,1.0,0.0,,1.9,7.5)
(1974,Rk,Player,Pos,Age,Tm,G,GS,MP,FG,FGA,FG%,3P,3PA,3P%,2P,2PA,2P%,eFG%,FT,FTA,FT%,ORB,DRB,TRB,AST,STL,BLK,TOV,PF,PTS)
(1974,24,Jim Brewer,PF,22,CLE,82,,22.7,2.6,6.7,.383,,,,2.6,6.7,.383,.383,1.0,1.5,.650,2.5,3.9,6.4,1.8,0.6,0.4,,2.3,6.1)
(1974,28,Fred Brown,SG,25,SEA,82,,30.5,7.0,15.0,.471,,,,7.0,15.0,.471,.471,2.4,2.8,.863,1.4,3.5,4.9,5.0,1.7,0.2,,3.4,16.5)
(1974,32,Austin Carr,SG,25,CLE,81,,38.3,9.2,20.8,.445,,,,9.2,20.8,.445,.445,3.4,4.0,.856,1.7,1.9,3.6,3.8,1.1,0.2,,2.3,21.9)
(1974,36,Ken Charles,SG,22,BUF,59,,11.7,1.5,3.1,.476,,,,1.5,3.1,.476,.476,0.9,1.3,.671,0.4,0.7,1.1,0.9,0.5,0.2,,1.5,3.9)
(1974,40,Jim Cleamons,PG,24,CLE,81,,20.3,2.9,6.7,.433,,,,2.9,6.7,.433,.433,1.1,1.6,.699,0.8,2.1,2.8,2.8,0.8,0.2,,1.9,7.0)
(1974,43,Doug Collins,SG,22,PHI,25,,17.4,2.9,7.8,.371,,,,2.9,7.8,.371,.371,2.2,2.9,.764,0.3,1.6,1.8,1.6,0.5,0.1,,2.6,8.0)
(1974,47,Mike D'Antoni,SG,22,KCO,52,,19.0,2.1,5.1,.402,,,,2.1,5.1,.402,.402,0.6,0.9,.702,0.5,1.3,1.8,2.4,1.4,0.3,,2.2,4.8)
(1974,51,Jim Davis,C,32,DET,78,,12.1,1.5,3.6,.413,,,,1.5,3.6,.413,.413,1.2,1.8,.647,1.3,2.4,3.8,1.1,0.5,0.4,,2.0,4.2)
(1974,55,Derrek Dickey,PF,22,GSW,66,,14.1,1.7,3.5,.494,,,,1.7,3.5,.494,.494,0.8,1.0,.773,1.9,3.3,5.1,0.8,0.3,0.2,,1.7,4.3)
(1974,59,Ken Durrett,SF,25,KCO,45,,10.3,1.9,3.9,.489,,,,1.9,3.9,.489,.489,0.9,1.5,.609,0.6,1.1,1.7,0.4,0.3,0.1,,1.5,4.8)
(1974,62,Keith Erickson,SF,29,PHO,66,,30.8,6.0,12.5,.477,,,,6.0,12.5,.477,.477,2.7,3.3,.801,1.4,4.8,6.3,3.1,1.0,0.3,,2.9,14.6)
(1974,66,Jim Fox,C,30,SEA,78,,27.9,4.1,8.6,.478,,,,4.1,8.6,.478,.478,3.1,3.8,.823,3.1,6.0,9.2,2.9,0.7,0.3,,3.2,11.3)
(1974,70,Dick Garrett,SG,27,TOT,40,,8.2,1.1,3.2,.341,,,,1.1,3.2,.341,.341,0.4,0.5,.789,0.4,0.6,1.0,0.6,0.3,0.0,,1.4,2.5)
(1974,74,Dick Gibbs,SF,25,SEA,71,,21.5,4.3,9.9,.431,,,,4.3,9.9,.431,.431,2.3,2.8,.806,1.3,1.9,3.1,1.1,0.5,0.3,,2.7,10.8)
(1974,78,Lamar Green,PF,26,PHO,72,,15.3,1.8,4.4,.407,,,,1.8,4.4,.407,.407,0.5,0.9,.559,1.2,3.7,4.9,0.6,0.4,0.5,,2.1,4.1)
(1974,81,Phil Hankinson,SF,22,BOS,28,,5.8,1.8,3.7,.485,,,,1.8,3.7,.485,.485,0.4,0.5,.769,0.8,1.0,1.8,0.1,0.1,0.0,,0.6,3.9)
(1974,85,Nate Hawthorne,SG,24,LAL,33,,6.9,1.2,2.8,.409,,,,1.2,2.8,.409,.409,0.9,1.5,.625,0.5,0.5,1.0,0.7,0.3,0.2,,1.0,3.2)
(1974,89,Lou Hudson,SF,29,ATL,65,,39.8,10.4,20.9,.500,,,,10.4,20.9,.500,.500,4.5,5.4,.836,1.9,3.4,5.4,3.3,2.5,0.4,,3.2,25.4)
(1974,93,Charles Johnson,PG,24,GSW,59,,17.8,3.3,7.9,.415,,,,3.3,7.9,.415,.415,0.6,0.9,.691,0.8,2.1,3.0,1.7,1.1,0.1,,1.9,7.2)
(1974,97,Ollie Johnson,SF,24,POR,79,,21.7,2.6,5.5,.482,,,,2.6,5.5,.482,.482,1.0,1.2,.819,1.5,2.6,4.1,2.1,0.8,0.4,,2.3,6.3)
(1974,Rk,Player,Pos,Age,Tm,G,GS,MP,FG,FGA,FG%,3P,3PA,3P%,2P,2PA,2P%,eFG%,FT,FTA,FT%,ORB,DRB,TRB,AST,STL,BLK,TOV,PF,PTS)
(1974,104,Howard Komives,PG,32,KCO,44,,18.9,1.8,4.4,.406,,,,1.8,4.4,.406,.406,0.8,0.9,.868,0.2,0.8,1.0,2.2,0.7,0.1,,1.9,4.3)
(1974,108,Sam Lacey,C,25,KCO,79,,39.3,5.9,12.4,.476,,,,5.9,12.4,.476,.476,2.3,3.1,.749,3.7,9.6,13.4,3.8,1.6,2.3,,3.2,14.2)
(1974,112,Manny Leaks,C,28,CAP,53,,15.9,1.5,4.4,.341,,,,1.5,4.4,.341,.341,1.1,1.6,.699,1.8,2.8,4.6,0.5,0.2,0.7,,1.8,4.1)
(1974,113,Clyde Lee,PF,29,GSW,54,,30.4,2.4,5.3,.454,,,,2.4,5.3,.454,.454,1.1,2.0,.579,3.5,7.6,11.1,1.3,0.5,0.3,,3.3,5.9)
(1974,117,Jerry Lucas*,C,33,NYK,73,,22.3,2.7,5.8,.462,,,,2.7,5.8,.462,.462,0.9,1.3,.698,0.8,4.3,5.1,3.2,0.4,0.3,,1.8,6.2)
(1974,Rk,Player,Pos,Age,Tm,G,GS,MP,FG,FGA,FG%,3P,3PA,3P%,2P,2PA,2P%,eFG%,FT,FTA,FT%,ORB,DRB,TRB,AST,STL,BLK,TOV,PF,PTS)
(1974,124,Don May,SF,28,PHI,56,,14.5,2.7,6.6,.414,,,,2.7,6.6,.414,.414,1.6,1.8,.873,0.4,2.0,2.4,1.1,0.4,0.1,,2.4,7.0)
(1974,128,Jon McGlocklin,SG,30,MIL,79,,24.2,4.2,8.8,.475,,,,4.2,8.8,.475,.475,0.9,1.0,.900,0.4,1.3,1.8,3.1,0.5,0.1,,1.6,9.2)
(1974,132,Jim McMillian,SF,25,BUF,82,,40.5,7.3,14.8,.494,,,,7.3,14.8,.494,.494,4.0,4.6,.858,2.6,4.8,7.4,3.1,1.6,0.3,,2.3,18.6)
(1974,136,Dean Meminger,SG,25,NYK,78,,26.7,3.5,6.9,.508,,,,3.5,6.9,.508,.508,1.3,2.1,.644,1.6,2.0,3.6,2.1,0.8,0.1,,2.1,8.3)
(1974,140,Otto Moore,C,27,TOT,78,,12.1,1.5,3.1,.500,,,,1.5,3.1,.500,.500,0.5,0.8,.629,1.0,2.6,3.6,0.8,0.3,0.6,,1.3,3.6)
(1974,143,Bob Nash,SF,23,DET,35,,8.0,1.2,3.3,.357,,,,1.2,3.3,.357,.357,0.7,1.1,.615,0.9,1.2,2.1,0.4,0.1,0.3,,1.0,3.0)
(1974,147,Mike Newlin,SG,25,HOU,76,,34.1,6.7,15.0,.448,,,,6.7,15.0,.448,.448,5.0,5.8,.856,1.0,2.4,3.4,4.8,1.1,0.1,,3.4,18.4)
(1974,151,Tom Patterson,SF,25,CAP,2,,4.0,0.0,0.5,.000,,,,0.0,0.5,.000,.000,0.5,1.0,.500,0.5,0.5,1.0,1.0,0.0,0.0,,0.0,0.5)
(1974,155,Kevin Porter,PG,23,CAP,81,,28.9,5.9,12.3,.478,,,,5.9,12.3,.478,.478,2.2,3.1,.723,1.0,1.2,2.2,5.8,1.2,0.1,,3.9,14.0)
(1974,159,Mike Ratliff,C,22,KCO,2,,2.0,0.0,0.0,,,,,0.0,0.0,,,0.0,0.0,,0.0,0.0,0.0,0.0,0.0,0.0,,0.0,0.0)
(1974,162,Willis Reed*,C,31,NYK,19,,26.3,4.4,9.7,.457,,,,4.4,9.7,.457,.457,2.2,2.8,.792,2.5,4.9,7.4,1.6,0.6,1.1,,2.6,11.1)
(1974,166,Rich Rinaldi,SG,24,CAP,7,,6.9,0.4,3.1,.136,,,,0.4,3.1,.136,.136,0.4,0.6,.750,0.3,0.7,1.0,1.4,0.4,0.1,,1.0,1.3)
(1974,170,Curtis Rowe,PF,24,DET,82,,30.5,4.6,9.4,.494,,,,4.6,9.4,.494,.494,1.4,2.1,.698,2.0,4.2,6.3,1.7,0.6,0.4,,2.2,10.7)
(1974,174,Dale Schlueter,C,28,ATL,57,,9.6,1.1,2.4,.467,,,,1.1,2.4,.467,.467,0.7,0.9,.760,0.9,1.8,2.7,0.8,0.4,0.4,,1.5,2.9)
(1974,178,Jerry Sloan*,SG,31,CHI,77,,37.1,5.4,12.0,.447,,,,5.4,12.0,.447,.447,2.5,3.5,.711,1.9,5.3,7.2,1.9,2.4,0.1,,3.5,13.2)
(1974,181,Greg Smith,SF,27,POR,67,,13.1,1.5,3.4,.434,,,,1.5,3.4,.434,.434,0.7,1.2,.608,1.0,1.9,2.8,1.2,0.6,0.1,,1.9,3.7)
(1974,185,Dave Stallworth,SF,32,CAP,45,,10.2,1.7,4.2,.401,,,,1.7,4.2,.401,.401,1.0,1.2,.855,1.2,1.6,2.8,0.6,0.6,0.1,,1.4,4.4)
(1974,189,Nate Thurmond*,C,32,GSW,62,,39.7,5.0,11.2,.444,,,,5.0,11.2,.444,.444,3.1,4.6,.666,4.0,10.1,14.2,2.7,0.7,2.9,,2.9,13.0)
(1974,193,Wes Unseld*,C,27,CAP,56,,30.8,2.6,5.9,.438,,,,2.6,5.9,.438,.438,0.6,1.0,.655,2.7,6.5,9.2,2.8,1.0,0.3,,2.2,5.9)
(1974,197,Bob Verga,SG,28,POR,21,,10.3,2.0,4.4,.452,,,,2.0,4.4,.452,.452,1.0,1.5,.625,0.5,0.3,0.9,0.8,0.6,0.0,,1.0,5.0)
(1974,Rk,Player,Pos,Age,Tm,G,GS,MP,FG,FGA,FG%,3P,3PA,3P%,2P,2PA,2P%,eFG%,FT,FTA,FT%,ORB,DRB,TRB,AST,STL,BLK,TOV,PF,PTS)
(1974,204,Kermit Washington,PF,22,LAL,45,,8.9,1.6,3.4,.483,,,,1.6,3.4,.483,.483,0.6,1.1,.531,1.4,1.9,3.3,0.4,0.5,0.4,,1.7,3.8)
(1974,208,Walt Wesley,C,29,CAP,39,,10.3,1.8,3.9,.470,,,,1.8,3.9,.470,.470,0.7,1.1,.605,1.6,1.9,3.5,0.4,0.2,0.5,,1.9,4.3)
(1974,212,Jo Jo White*,PG,27,BOS,82,,39.5,7.9,17.6,.449,,,,7.9,17.6,.449,.449,2.3,2.8,.837,1.2,3.1,4.3,5.5,1.3,0.3,,2.3,18.1)
(1974,216,Milt Williams,PG,28,SEA,53,,9.5,1.2,2.8,.416,,,,1.2,2.8,.416,.416,0.8,1.2,.651,0.4,0.5,0.9,1.9,0.5,0.0,,1.5,3.1)
(1974,220,Harthorne Wingo,PF,26,NYK,60,,8.9,1.4,2.9,.477,,,,1.4,2.9,.477,.477,0.8,1.3,.632,1.2,1.6,2.8,0.4,0.1,0.2,,1.4,3.5)
