(1974,2,Kareem Abdul-Jabbar*,C,26,MIL,81,,43.8,11.7,21.7,.539,,,,11.7,21.7,.539,.539,3.6,5.2,.702,3.5,11.0,14.5,4.8,1.4,3.5,,2.9,27.0)
(1974,6,Lucius Allen,PG,26,MIL,72,,33.2,7.3,14.8,.495,,,,7.3,14.8,.495,.495,3.0,3.8,.788,1.2,2.8,4.0,5.2,1.9,0.3,,3.0,17.6)
(1974,10,Dick Barnett,SG,37,NYK,5,,11.6,2.0,5.2,.385,,,,2.0,5.2,.385,.385,0.4,0.6,.667,0.2,0.6,0.8,1.2,0.2,0.0,,0.4,4.4)
(1974,14,Ron Behagen,PF,23,KCO,80,,25.7,4.5,10.3,.432,,,,4.5,10.3,.432,.432,2.0,2.7,.764,2.4,4.7,7.1,1.7,0.7,0.5,,3.6,11.0)
(1974,18,Dave Bing*,PG,30,DET,81,,38.6,7.2,16.5,.436,,,,7.2,16.5,.436,.436,4.4,5.4,.813,1.3,2.1,3.5,6.9,1.3,0.2,,2.7,18.8)
(1974,21,Freddie Boyd,PG,23,PHI,75,,24.2,3.8,9.5,.402,,,,3.8,9.5,.402,.402,1.9,2.6,.723,0.2,1.0,1.2,3.3,0.8,0.1,,2.3,9.5)
(1974,25,Bill Bridges,PF,34,LAL,65,,27.9,3.3,7.9,.421,,,,3.3,7.9,.421,.421,1.8,2.5,.707,3.0,4.7,7.7,2.3,0.9,0.5,,3.4,8.4)
(1974,29,John Brown,SF,22,ATL,77,,22.3,3.6,8.2,.438,,,,3.6,8.2,.438,.438,2.1,2.8,.751,2.3,3.4,5.7,1.5,0.4,0.2,,3.1,9.3)
(1974,33,Fred Carter,SG,28,PHI,78,,39.0,9.1,21.0,.430,,,,9.1,21.0,.430,.430,3.3,4.6,.709,1.1,3.7,4.8,5.7,1.4,0.3,,3.5,21.4)
(1974,37,Phil Chenier,SG,23,CAP,76,,38.7,9.2,21.1,.434,,,,9.2,21.1,.434,.434,3.6,4.4,.820,1.5,3.6,5.1,3.1,2.0,0.9,,1.8,21.9)
(1974,Rk,Player,Pos,Age,Tm,G,GS,MP,FG,FGA,FG%,3P,3PA,3P%,2P,2PA,2P%,eFG%,FT,FTA,FT%,ORB,DRB,TRB,AST,STL,BLK,TOV,PF,PTS)
(1974,44,Mel Counts,C,32,LAL,45,,11.1,1.4,3.7,.365,,,,1.4,3.7,.365,.365,0.5,0.7,.727,1.2,2.0,3.2,1.2,0.4,0.5,,1.9,3.2)
(1974,48,Bob Dandridge,SF,26,MIL,71,,35.5,8.2,16.3,.503,,,,8.2,16.3,.503,.503,2.5,3.0,.818,1.6,5.1,6.7,2.8,1.6,0.6,,3.8,18.9)
(1974,52,Mel Davis,PF,23,NYK,30,,5.6,1.1,3.2,.347,,,,1.1,3.2,.347,.347,0.4,0.5,.750,0.6,1.2,1.8,0.3,0.1,0.1,,1.2,2.6)
(1974,56,Ernie DiGregorio,PG,23,BUF,81,,35.9,6.5,15.6,.421,,,,6.5,15.6,.421,.421,2.1,2.4,.902,0.6,2.1,2.7,8.2,0.7,0.1,,3.0,15.2)
(1974,60,Joe Ellis,SF,29,GSW,50,,10.3,1.2,3.8,.321,,,,1.2,3.8,.321,.321,0.4,0.6,.581,0.7,1.7,2.4,0.7,0.7,0.2,,1.5,2.8)
(1974,63,Hank Finkel,C,31,BOS,60,,7.1,1.0,2.2,.462,,,,1.0,2.2,.462,.462,0.5,0.7,.651,0.7,1.6,2.3,0.5,0.1,0.1,,1.0,2.5)
(1974,67,Walt Frazier*,PG,28,NYK,80,,41.7,8.4,17.9,.472,,,,8.4,17.9,.472,.472,3.7,4.4,.838,1.5,5.2,6.7,6.9,2.0,0.2,,2.7,20.5)
(1974,71,Rowland Garrett,SF,23,CHI,41,,9.1,1.7,4.5,.370,,,,1.7,4.5,.370,.370,0.5,0.8,.656,0.8,1.0,1.7,0.3,0.1,0.2,,1.0,3.8)
(1974,75,Herm Gilliam,PG,27,ATL,62,,32.3,6.2,13.6,.454,,,,6.2,13.6,.454,.454,1.7,2.2,.791,1.0,3.3,4.3,5.7,2.2,0.3,,3.1,14.1)
(1974,79,Matt Guokas,SG,29,TOT,75,,24.9,2.6,5.3,.492,,,,2.6,5.3,.492,.492,0.5,0.8,.650,0.4,1.2,1.6,3.2,0.7,0.3,,2.0,5.7)
(1974,82,Clem Haskins,SG,30,PHO,81,,22.5,4.5,9.8,.460,,,,4.5,9.8,.460,.460,2.1,2.5,.842,1.0,1.8,2.7,3.2,1.0,0.2,,2.0,11.1)
(1974,86,Elvin Hayes*,PF,28,CAP,81,,44.5,8.5,20.1,.423,,,,8.5,20.1,.423,.423,4.4,6.1,.721,4.4,13.7,18.1,2.0,1.1,3.0,,3.1,21.4)
(1974,90,John Hummer,PF,25,TOT,53,,21.1,2.7,5.8,.472,,,,2.7,5.8,.472,.472,1.1,2.3,.476,1.6,3.8,5.3,2.0,0.5,0.4,,2.2,6.5)
(1974,94,George Johnson,C,26,HOU,26,,9.2,0.9,2.0,.451,,,,0.9,2.0,.451,.451,0.3,0.7,.471,0.8,1.6,2.3,0.3,0.3,0.3,,1.8,2.1)
(1974,98,Dwight Jones,PF,21,ATL,74,,19.6,3.2,6.8,.474,,,,3.2,6.8,.474,.474,1.6,2.1,.744,2.0,4.2,6.1,1.2,0.4,0.9,,2.7,8.0)
(1974,101,Ben Kelso,SG,24,DET,46,,6.5,0.8,2.1,.365,,,,0.8,2.1,.365,.365,0.3,0.5,.682,0.3,0.3,0.7,0.4,0.3,0.0,,1.0,1.8)
(1974,105,Tom Kozelko,PF,22,CAP,49,,11.7,1.2,2.7,.444,,,,1.2,2.7,.444,.444,0.5,0.7,.719,1.1,1.5,2.5,0.5,0.4,0.1,,1.7,2.9)
(1974,109,Bob Lanier*,C,25,DET,81,,37.6,9.2,18.3,.504,,,,9.2,18.3,.504,.504,4.0,5.0,.797,3.3,9.9,13.3,4.2,1.4,3.0,,3.4,22.5)
(1974,114,Russ Lee,SF,24,MIL,36,,4.6,1.1,2.6,.404,,,,1.1,2.6,.404,.404,0.3,0.4,.688,0.4,0.7,1.1,0.6,0.3,0.0,,0.8,2.4)
(1974,118,Mike Macaluso,SF,22,BUF,30,,3.7,0.6,1.5,.432,,,,0.6,1.5,.432,.432,0.3,0.6,.588,0.3,0.5,0.8,0.1,0.2,0.0,,1.0,1.6)
(1974,121,Jack Marin,SF,29,TOT,74,,24.1,4.8,9.6,.501,,,,4.8,9.6,.501,.501,2.1,2.4,.855,0.8,2.3,3.1,2.3,0.6,0.4,,2.9,11.7)
(1974,125,Bob McAdoo*,C,22,BUF,74,,43.0,12.2,22.3,.547,,,,12.2,22.3,.547,.547,6.2,7.8,.793,3.8,11.3,15.1,2.3,1.2,3.3,,3.4,30.6)
(1974,129,Allie McGuire,SG,22,NYK,2,,5.0,1.0,2.0,.500,,,,1.0,2.0,.500,.500,0.0,0.0,,0.0,1.0,1.0,0.5,0.0,0.0,,1.0,2.0)
(1974,133,Larry McNeill,PF,23,KCO,54,,9.6,2.0,4.1,.482,,,,2.0,4.1,.482,.482,1.8,2.6,.707,1.1,1.6,2.7,0.4,0.6,0.1,,1.4,5.8)
(1974,137,John Mengelt,SG,24,DET,77,,20.2,3.2,7.2,.446,,,,3.2,7.2,.446,.446,2.4,3.0,.795,0.5,2.2,2.7,1.9,0.9,0.1,,2.1,8.8)
(1974,Rk,Player,Pos,Age,Tm,G,GS,MP,FG,FGA,FG%,3P,3PA,3P%,2P,2PA,2P%,eFG%,FT,FTA,FT%,ORB,DRB,TRB,AST,STL,BLK,TOV,PF,PTS)
(1974,144,Lloyd Neal,PF,23,POR,80,,19.0,3.1,6.3,.490,,,,3.1,6.3,.490,.490,1.5,2.1,.696,1.9,4.3,6.2,1.1,0.6,0.9,,2.4,7.6)
(1974,148,Willie Norwood,SF,26,DET,74,,15.9,3.3,6.5,.510,,,,3.3,6.5,.510,.510,1.3,1.9,.664,1.3,1.8,3.1,0.8,0.8,0.1,,2.1,8.0)
(1974,152,Curtis Perry,PF,25,MIL,81,,29.5,4.0,9.0,.446,,,,4.0,9.0,.446,.446,1.0,1.7,.582,3.0,5.7,8.7,2.3,1.3,1.2,,3.7,9.0)
(1974,156,Jim Price,PG,24,LAL,82,,32.0,6.6,14.6,.449,,,,6.6,14.6,.449,.449,2.3,2.9,.799,1.5,3.1,4.6,4.5,1.9,0.4,,2.8,15.4)
(1974,160,Clifford Ray,C,25,CHI,80,,32.9,3.9,7.7,.511,,,,3.9,7.7,.511,.511,1.5,2.5,.608,3.6,8.7,12.2,3.1,0.7,2.2,,3.5,9.3)
(1974,163,Tom Riker,C,23,NYK,17,,3.4,0.8,1.7,.448,,,,0.8,1.7,.448,.448,0.7,1.0,.706,0.5,0.4,0.9,0.2,0.0,0.0,,0.4,2.2)
(1974,167,Mike Riordan,SF,28,CAP,81,,39.9,7.1,15.1,.472,,,,7.1,15.1,.472,.472,1.7,2.1,.782,1.5,3.2,4.7,3.3,1.3,0.2,,2.9,15.9)
(1974,171,Paul Ruffner,C,25,BUF,20,,2.6,0.6,1.4,.407,,,,0.6,1.4,.407,.407,0.4,0.7,.615,0.2,0.4,0.6,0.0,0.1,0.1,,0.5,1.5)
(1974,175,Charlie Scott,PG,25,PHO,52,,38.5,10.3,22.5,.459,,,,10.3,22.5,.459,.459,4.7,6.1,.781,1.2,3.0,4.3,5.2,1.9,0.4,,3.7,25.4)
(1974,179,Bingo Smith,SF,27,CLE,82,,31.9,6.5,14.4,.455,,,,6.5,14.4,.455,.455,1.7,2.1,.822,1.6,3.7,5.3,2.4,1.1,0.4,,3.0,14.8)
(1974,182,Randy Smith,SG,25,BUF,82,,33.5,6.5,13.2,.492,,,,6.5,13.2,.492,.492,2.5,3.5,.712,1.1,2.8,3.8,4.7,2.5,0.0,,3.2,15.5)
(1974,186,Larry Steele,SG,24,POR,81,,32.7,4.0,8.4,.478,,,,4.0,8.4,.478,.478,1.7,2.1,.789,1.1,2.7,3.8,4.0,2.7,0.4,,3.6,9.7)
(1974,190,Rudy Tomjanovich,SF,25,HOU,80,,40.3,9.9,18.4,.536,,,,9.9,18.4,.536,.536,4.8,5.7,.848,2.9,6.1,9.0,3.1,1.1,0.8,,2.9,24.5)
(1974,194,Dick Van Arsdale,SG,30,PHO,78,,36.3,6.6,13.2,.500,,,,6.6,13.2,.500,.500,4.6,5.4,.853,0.8,2.0,2.8,4.2,1.2,0.2,,3.1,17.8)
(1974,198,Neal Walk,C,25,PHO,82,,31.1,7.0,15.2,.460,,,,7.0,15.2,.460,.460,2.9,3.6,.791,2.9,7.3,10.2,4.0,0.9,0.7,,3.1,16.8)
(1974,201,Cornell Warner,C,25,TOT,72,,19.5,2.4,4.8,.499,,,,2.4,4.8,.499,.499,1.2,1.6,.746,1.5,4.0,5.5,1.0,0.4,0.6,,2.8,6.0)
(1974,205,Slick Watts,PG,22,SEA,62,,23.0,3.2,8.2,.388,,,,3.2,8.2,.388,.388,1.6,2.5,.645,1.2,1.8,2.9,5.7,1.9,0.2,,3.3,8.0)
(1974,209,Jerry West*,PG,35,LAL,31,,31.2,7.5,16.7,.447,,,,7.5,16.7,.447,.447,5.3,6.4,.833,1.0,2.8,3.7,6.6,2.6,0.7,,2.6,20.3)
(1974,213,Sidney Wicks,PF,24,POR,75,,38.0,9.1,19.9,.459,,,,9.1,19.9,.459,.459,4.2,5.5,.762,2.6,6.5,9.1,4.3,1.2,0.8,,2.9,22.5)
(1974,217,Nate Williams,SF,23,KCO,82,,30.6,6.6,14.2,.462,,,,6.6,14.2,.462,.462,2.4,2.9,.818,1.4,2.8,4.2,2.2,1.8,0.4,,3.5,15.5)
(1974,Rk,Player,Pos,Age,Tm,G,GS,MP,FG,FGA,FG%,3P,3PA,3P%,2P,2PA,2P%,eFG%,FT,FTA,FT%,ORB,DRB,TRB,AST,STL,BLK,TOV,PF,PTS)
