(1974,Rk,Player,Pos,Age,Tm,G,GS,MP,FG,FGA,FG%,3P,3PA,3P%,2P,2PA,2P%,eFG%,FT,FTA,FT%,ORB,DRB,TRB,AST,STL,BLK,TOV,PF,PTS)
(1974,4,Don Adams,SF,26,DET,74,,31.1,4.1,10.0,.408,,,,4.1,10.0,.408,.408,2.1,2.7,.761,1.8,4.3,6.1,1.9,1.5,0.2,,3.3,10.3)
(1974,8,Dennis Awtrey,C,25,CHI,68,,11.1,1.0,1.8,.528,,,,1.0,1.8,.528,.528,0.8,1.4,.574,0.7,1.8,2.6,1.3,0.3,0.2,,1.9,2.7)
(1974,12,Rick Barry*,SF,29,GSW,80,,36.5,10.0,21.8,.456,,,,10.0,21.8,.456,.456,5.2,5.8,.899,1.3,5.5,6.8,6.1,2.1,0.5,,3.3,25.1)
(1974,16,Walt Bellamy*,C,34,ATL,77,,31.7,5.1,10.4,.486,,,,5.1,10.4,.486,.486,3.0,5.0,.608,3.4,6.2,9.6,2.5,0.7,0.6,,3.0,13.1)
(1974,20,Tom Boerwinkle,C,28,CHI,46,,13.1,1.3,2.6,.487,,,,1.3,2.6,.487,.487,0.9,1.3,.700,1.2,3.5,4.6,2.0,0.3,0.4,,1.7,3.4)
(1974,23,Bill Bradley*,SF,30,NYK,82,,34.3,6.1,13.6,.451,,,,6.1,13.6,.451,.451,1.8,2.0,.874,0.7,2.4,3.1,3.0,0.5,0.3,,3.4,14.0)
(1974,27,Allan Bristow,SF,22,PHI,55,,11.7,2.0,4.9,.400,,,,2.0,4.9,.400,.400,0.8,1.0,.737,1.2,1.8,3.0,1.7,0.5,0.0,,1.2,4.7)
(1974,31,Larry Cannon,SG,26,PHI,19,,17.6,2.6,6.7,.386,,,,2.6,6.7,.386,.386,1.0,1.5,.679,0.8,1.1,1.9,2.7,0.4,0.2,,2.5,6.2)
(1974,35,Don Chaney,SG,27,BOS,81,,27.9,4.3,9.3,.464,,,,4.3,9.3,.464,.464,1.8,2.2,.828,2.6,2.1,4.7,2.2,1.0,0.8,,3.0,10.4)
(1974,39,Archie Clark,PG,32,CAP,56,,31.9,5.6,12.1,.467,,,,5.6,12.1,.467,.467,1.8,2.3,.786,0.8,1.7,2.5,5.1,1.1,0.1,,2.2,13.1)
(1974,42,E.C. Coleman,PF,23,HOU,58,,18.5,2.2,4.3,.512,,,,2.2,4.3,.512,.512,0.8,1.3,.635,1.4,2.9,4.3,1.3,0.6,0.3,,2.8,5.2)
(1974,46,Dick Cunningham,C,27,MIL,8,,5.6,0.4,0.8,.500,,,,0.4,0.8,.500,.500,0.0,0.9,.000,0.1,1.9,2.0,0.0,0.3,0.3,,0.6,0.8)
(1974,50,Dwight Davis,PF,24,CLE,76,,32.6,4.9,11.3,.436,,,,4.9,11.3,.436,.436,2.6,3.6,.719,2.3,6.2,8.5,2.4,0.8,1.0,,3.8,12.5)
(1974,54,Dave DeBusschere*,PF,33,NYK,71,,38.0,7.9,17.1,.461,,,,7.9,17.1,.461,.461,2.3,3.1,.756,1.9,8.8,10.7,3.6,0.9,0.5,,3.1,18.1)
(1974,58,Terry Driscoll,PF,26,MIL,64,,10.9,1.4,2.9,.471,,,,1.4,2.9,.471,.471,0.5,0.7,.652,1.1,2.0,3.1,0.8,0.3,0.3,,1.9,3.2)
(1974,61,Leroy Ellis,C,33,PHI,81,,35.0,4.0,8.9,.452,,,,4.0,8.9,.452,.452,1.8,2.4,.750,3.6,7.4,11.0,2.3,1.1,1.1,,2.8,9.9)
(1974,65,Fred Foster,SF,27,CLE,58,,11.2,1.9,5.0,.389,,,,1.9,5.0,.389,.389,0.9,1.1,.844,0.7,1.1,1.9,1.1,0.3,0.1,,1.4,4.8)
(1974,69,Bernie Fryer,SG,24,POR,80,,20.9,2.8,6.1,.460,,,,2.8,6.1,.460,.460,1.3,1.7,.793,0.8,1.2,2.0,3.5,1.2,0.1,,2.3,7.0)
(1974,73,John Gianelli,C,23,NYK,70,,20.3,3.0,6.2,.479,,,,3.0,6.2,.479,.479,1.3,1.7,.760,1.6,3.3,4.9,1.1,0.3,0.6,,2.3,7.3)
(1974,77,Travis Grant,SF,24,LAL,3,,2.0,0.3,1.3,.250,,,,0.3,1.3,.250,.250,0.3,1.0,.333,0.0,0.3,0.3,0.0,0.0,0.0,,0.3,1.0)
(1974,Rk,Player,Pos,Age,Tm,G,GS,MP,FG,FGA,FG%,3P,3PA,3P%,2P,2PA,2P%,eFG%,FT,FTA,FT%,ORB,DRB,TRB,AST,STL,BLK,TOV,PF,PTS)
(1974,84,Connie Hawkins*,SF,31,TOT,79,,34.9,5.1,10.2,.501,,,,5.1,10.2,.501,.501,2.4,3.2,.761,2.2,4.9,7.2,5.2,1.4,1.0,,2.8,12.6)
(1974,88,Gar Heard,PF,25,BUF,81,,35.7,6.5,14.9,.435,,,,6.5,14.9,.435,.435,2.4,3.6,.650,3.3,8.4,11.7,2.2,1.7,2.8,,3.7,15.3)
(1974,92,Phil Jackson*,PF,28,NYK,82,,25.0,4.4,9.2,.477,,,,4.4,9.2,.477,.477,2.3,3.0,.776,1.5,4.3,5.8,1.6,0.5,0.8,,3.4,11.1)
(1974,96,John Johnson,SF,26,POR,69,,33.1,6.7,14.3,.464,,,,6.7,14.3,.464,.464,3.1,3.8,.812,2.3,5.1,7.5,4.1,1.0,0.4,,3.2,16.4)
(1974,100,Bob Kauffman,PF,27,BUF,74,,17.6,2.3,4.9,.467,,,,2.3,4.9,.467,.467,1.4,2.0,.713,1.3,3.1,4.4,1.9,0.5,0.2,,2.1,6.1)
(1974,103,Don Kojis,SF,35,KCO,77,,27.2,5.2,10.9,.478,,,,5.2,10.9,.478,.478,2.7,3.5,.772,1.6,3.3,5.0,1.4,1.0,0.2,,2.0,13.1)
(1974,107,Kevin Kunnert,C,22,TOT,64,,11.0,1.6,3.4,.488,,,,1.6,3.4,.488,.488,0.3,0.5,.636,1.3,2.1,3.4,0.7,0.2,0.8,,2.4,3.6)
(1974,111,Mo Layton,PG,25,POR,22,,14.9,2.5,5.1,.491,,,,2.5,5.1,.491,.491,0.6,1.2,.538,0.3,1.2,1.5,2.3,0.4,0.0,,2.0,5.6)
(1974,116,Stan Love,PF,24,LAL,51,,13.7,2.3,5.5,.428,,,,2.3,5.5,.428,.428,1.0,1.3,.766,1.1,2.3,3.3,0.9,0.5,0.4,,2.6,5.6)
(1974,120,Pete Maravich*,SG,26,ATL,76,,38.2,10.8,23.6,.457,,,,10.8,23.6,.457,.457,6.2,7.5,.826,1.3,3.6,4.9,5.2,1.5,0.2,,3.4,27.7)
(1974,123,LaRue Martin,C,23,POR,50,,10.8,2.0,4.6,.435,,,,2.0,4.6,.435,.435,0.8,1.3,.636,1.5,2.1,3.6,0.4,0.1,0.5,,1.8,4.9)
(1974,127,Jim McDaniels,C,25,SEA,27,,16.3,2.3,6.4,.364,,,,2.3,6.4,.364,.364,0.9,1.6,.535,1.9,2.9,4.7,0.9,0.3,0.6,,1.8,5.5)
(1974,131,Stan McKenzie,SG,29,HOU,11,,10.2,0.6,2.2,.292,,,,0.6,2.2,.292,.292,0.5,0.7,.750,0.3,1.2,1.5,0.5,0.3,0.0,,1.5,1.8)
(1974,135,Gary Melchionni,PG,23,PHO,69,,18.1,2.9,6.4,.460,,,,2.9,6.4,.460,.460,1.3,1.6,.860,0.7,1.4,2.1,2.1,0.6,0.1,,1.2,7.2)
(1974,139,Earl Monroe*,SG,29,NYK,41,,29.1,5.9,12.5,.468,,,,5.9,12.5,.468,.468,2.3,2.8,.823,0.5,2.4,3.0,2.7,0.8,0.5,,2.4,14.0)
(1974,142,Calvin Murphy*,PG,25,HOU,81,,36.1,8.3,15.9,.522,,,,8.3,15.9,.522,.522,3.8,4.4,.868,0.6,1.7,2.3,7.4,1.9,0.0,,3.8,20.4)
(1974,146,Louie Nelson,SG,22,CAP,49,,11.3,1.9,4.4,.433,,,,1.9,4.4,.433,.433,1.1,1.5,.726,0.5,0.9,1.4,1.1,0.6,0.0,,1.3,4.9)
(1974,150,Steve Patterson,C,25,CLE,76,,25.1,3.4,7.9,.437,,,,3.4,7.9,.437,.437,0.9,1.5,.616,2.9,5.2,8.1,2.2,0.6,0.8,,2.5,7.8)
(1974,154,Howard Porter,SF,25,CHI,73,,16.8,4.1,9.0,.450,,,,4.1,9.0,.450,.450,1.3,1.6,.800,1.2,2.7,3.9,0.4,0.3,0.5,,1.6,9.4)
(1974,158,Ed Ratleff,SF,23,HOU,81,,21.9,3.1,7.2,.434,,,,3.1,7.2,.434,.434,1.3,1.6,.798,1.1,2.4,3.5,2.2,1.1,0.3,,2.2,7.5)
(1974,161,Joe Reaves,SF,23,PHO,7,,5.4,0.9,1.6,.545,,,,0.9,1.6,.545,.545,0.6,1.6,.364,0.3,0.9,1.1,0.1,0.0,0.3,,0.9,2.3)
(1974,165,Ron Riley,PF,23,TOT,48,,12.3,1.7,4.2,.401,,,,1.7,4.2,.401,.401,0.5,0.8,.632,1.0,2.7,3.7,0.8,0.4,0.5,,2.0,3.9)
(1974,169,Oscar Robertson*,PG,35,MIL,70,,35.4,4.8,11.0,.438,,,,4.8,11.0,.438,.438,3.0,3.6,.835,1.0,3.0,4.0,6.4,1.1,0.1,,1.9,12.7)
(1974,173,Cazzie Russell,SF,29,GSW,82,,31.4,9.0,18.7,.482,,,,9.0,18.7,.482,.482,2.5,3.0,.835,1.7,2.6,4.3,2.3,0.7,0.2,,2.4,20.5)
(1974,177,Paul Silas,PF,30,BOS,82,,31.7,4.1,9.4,.440,,,,4.1,9.4,.440,.440,3.2,4.1,.783,4.1,7.1,11.2,2.3,0.8,0.2,,3.0,11.5)
(1974,Rk,Player,Pos,Age,Tm,G,GS,MP,FG,FGA,FG%,3P,3PA,3P%,2P,2PA,2P%,eFG%,FT,FTA,FT%,ORB,DRB,TRB,AST,STL,BLK,TOV,PF,PTS)
(1974,184,Bud Stallworth,SF,24,SEA,67,,15.2,2.8,7.1,.392,,,,2.8,7.1,.392,.392,0.7,1.1,.623,0.8,1.8,2.6,0.5,0.3,0.2,,1.9,6.3)
(1974,188,Justus Thigpen,SG,26,KCO,1,,2.0,1.0,3.0,.333,,,,1.0,3.0,.333,.333,0.0,0.0,,1.0,0.0,1.0,0.0,0.0,0.0,,0.0,2.0)
(1974,192,John Tschogl,SF,23,ATL,64,,7.8,0.9,2.6,.355,,,,0.9,2.6,.355,.355,0.2,0.3,.588,0.5,0.7,1.2,0.5,0.3,0.3,,1.1,2.0)
(1974,196,Norm Van Lier,PG,26,CHI,80,,35.8,5.3,13.1,.406,,,,5.3,13.1,.406,.406,3.6,4.6,.778,1.4,3.3,4.7,6.9,2.0,0.1,,3.5,14.3)
(1974,200,Jimmy Walker,SG,29,TOT,75,,39.4,7.8,16.5,.469,,,,7.8,16.5,.469,.469,3.6,4.4,.820,0.5,2.2,2.7,4.1,1.1,0.1,,2.3,19.2)
(1974,203,Jim Washington,PF,30,ATL,73,,34.5,4.1,8.4,.485,,,,4.1,8.4,.485,.485,1.8,2.7,.684,2.8,7.2,10.1,2.1,0.7,1.0,,3.4,10.0)
(1974,207,Bob Weiss,SG,31,CHI,79,,21.6,3.3,7.1,.466,,,,3.3,7.1,.466,.466,1.8,2.2,.835,0.4,0.9,1.3,3.8,1.3,0.2,,2.0,8.5)
(1974,211,John Wetzel,SG,29,ATL,70,,17.6,1.5,3.6,.425,,,,1.5,3.6,.425,.425,0.6,0.8,.719,0.6,1.9,2.4,2.0,1.0,0.3,,2.1,3.6)
(1974,215,Art Williams,PG,34,BOS,67,,9.2,1.1,2.5,.435,,,,1.1,2.5,.435,.435,0.4,0.5,.844,0.3,1.4,1.7,2.4,0.7,0.0,,1.5,2.6)
(1974,219,Lee Winfield,PG,26,BUF,36,,12.0,1.0,2.9,.352,,,,1.0,2.9,.352,.352,0.9,1.4,.635,0.5,0.7,1.2,1.3,0.4,0.1,,1.2,3.0)
(1974,222,Dave Wohl,PG,24,TOT,67,,15.7,1.8,4.1,.437,,,,1.8,4.1,.437,.437,1.1,1.5,.735,0.2,0.5,0.7,3.5,1.1,0.0,,2.0,4.7)
