(1974,3,Mahdi Abdul-Rahman,PG,31,SEA,49,,11.7,1.6,3.7,.422,,,,1.6,3.7,.422,.422,0.7,0.9,.756,0.4,0.8,1.2,2.5,0.5,0.1,,1.6,3.8)
(1974,7,Tiny Archibald*,PG,25,KCO,35,,36.3,6.3,14.1,.451,,,,6.3,14.1,.451,.451,4.9,6.0,.820,0.6,1.8,2.4,7.6,1.6,0.2,,2.2,17.6)
(1974,11,Jim Barnett,SG,29,GSW,77,,21.9,4.5,9.8,.464,,,,4.5,9.8,.464,.464,2.4,2.9,.814,1.0,1.9,2.9,2.7,0.7,0.1,,1.9,11.5)
(1974,15,Dennis Bell,SF,22,NYK,1,,4.0,0.0,1.0,.000,,,,0.0,1.0,.000,.000,0.0,0.0,,0.0,0.0,0.0,0.0,0.0,0.0,,0.0,0.0)
(1974,19,John Block,PF,29,KCO,82,,21.7,3.4,7.7,.434,,,,3.4,7.7,.434,.434,2.0,2.5,.796,1.6,3.2,4.7,1.1,0.8,0.4,,2.8,8.7)
(1974,22,Steve Bracey,PG,23,ATL,75,,19.5,3.2,6.9,.463,,,,3.2,6.9,.463,.463,0.9,1.3,.719,0.3,1.6,1.9,3.1,0.8,0.1,,2.1,7.3)
(1974,26,John Brisker,SF,26,SEA,35,,20.5,5.1,11.3,.449,,,,5.1,11.3,.449,.449,2.3,2.9,.820,1.7,2.5,4.2,1.6,0.8,0.2,,2.0,12.5)
(1974,30,Corky Calhoun,SF,23,PHO,77,,28.7,3.5,7.5,.461,,,,3.5,7.5,.461,.461,1.3,1.7,.760,1.5,3.8,5.3,1.8,0.9,0.4,,3.3,8.2)
(1974,34,Bill Chamberlain,SF,24,PHO,28,,13.1,2.0,4.6,.438,,,,2.0,4.6,.438,.438,1.4,2.0,.696,1.2,1.7,2.9,1.3,0.7,0.4,,2.6,5.5)
(1974,38,Bob Christian,C,27,PHO,81,,15.4,1.7,3.6,.486,,,,1.7,3.6,.486,.486,1.3,1.9,.702,1.0,3.1,4.2,1.2,0.2,0.4,,2.4,4.8)
(1974,41,Barry Clemens,SF,30,CLE,71,,12.9,2.3,4.9,.471,,,,2.3,4.9,.471,.471,0.9,1.0,.849,0.6,1.7,2.3,1.1,0.5,0.0,,1.9,5.5)
(1974,45,Dave Cowens*,C,25,BOS,80,,41.9,8.1,18.4,.437,,,,8.1,18.4,.437,.437,2.9,3.4,.832,3.3,12.4,15.7,4.4,1.2,1.3,,3.7,19.0)
(1974,49,Charlie Davis,SG,24,POR,8,,11.3,1.8,5.0,.350,,,,1.8,5.0,.350,.350,0.4,0.5,.750,0.3,1.1,1.4,1.4,0.3,0.0,,0.9,3.9)
(1974,53,Mickey Davis,SF,23,MIL,73,,13.9,2.3,4.6,.504,,,,2.3,4.6,.504,.504,1.3,1.5,.830,1.1,2.0,3.1,1.2,0.4,0.1,,1.3,5.9)
(1974,57,Steve Downing,C,23,BOS,24,,5.7,0.9,2.7,.328,,,,0.9,2.7,.328,.328,0.9,1.6,.579,0.6,1.0,1.6,0.5,0.2,0.0,,1.4,2.7)
(1974,Rk,Player,Pos,Age,Tm,G,GS,MP,FG,FGA,FG%,3P,3PA,3P%,2P,2PA,2P%,eFG%,FT,FTA,FT%,ORB,DRB,TRB,AST,STL,BLK,TOV,PF,PTS)
(1974,64,Chris Ford,SG,25,DET,82,,25.1,3.2,7.3,.444,,,,3.2,7.3,.444,.444,0.7,0.9,.740,1.3,2.4,3.7,3.4,1.8,0.2,,1.9,7.1)
(1974,68,Rod Freeman,SF,23,PHI,35,,7.6,1.1,2.9,.379,,,,1.1,2.9,.379,.379,0.8,1.2,.683,0.6,0.9,1.5,0.4,0.3,0.0,,1.2,3.0)
(1974,72,Jim Garvin,PF,23,BUF,6,,1.8,0.2,0.7,.250,,,,0.2,0.7,.250,.250,0.0,0.0,,0.2,0.7,0.8,0.0,0.0,0.0,,0.2,0.3)
(1974,76,Gail Goodrich*,SG,30,LAL,82,,37.3,9.6,21.6,.442,,,,9.6,21.6,.442,.442,6.2,7.2,.864,1.2,1.9,3.0,5.2,1.5,0.1,,2.8,25.3)
(1974,80,Happy Hairston,PF,31,LAL,77,,34.2,5.0,9.9,.507,,,,5.0,9.9,.507,.507,4.5,5.8,.771,4.4,9.2,13.5,2.7,0.8,0.2,,3.4,14.5)
(1974,83,John Havlicek*,SF,33,BOS,76,,40.7,9.0,19.8,.456,,,,9.0,19.8,.456,.456,4.6,5.5,.832,1.8,4.6,6.4,5.9,1.3,0.4,,2.6,22.6)
(1974,87,Spencer Haywood*,PF,24,SEA,75,,40.5,9.3,20.3,.457,,,,9.3,20.3,.457,.457,5.0,6.1,.814,4.2,9.2,13.4,3.2,0.9,1.4,,2.6,23.5)
(1974,91,Tom Ingelsby,PG,22,ATL,48,,8.3,1.0,2.7,.382,,,,1.0,2.7,.382,.382,0.6,0.8,.784,0.2,0.7,0.9,0.8,0.4,0.1,,0.9,2.7)
(1974,95,George Johnson,C,25,GSW,66,,19.6,2.6,5.4,.483,,,,2.6,5.4,.483,.483,0.9,1.6,.551,2.9,5.0,7.9,1.1,0.5,1.9,,2.7,6.1)
(1974,99,Larry Jones,PG,31,PHI,72,,26.1,3.7,8.6,.423,,,,3.7,8.6,.423,.423,2.7,3.3,.838,1.0,1.6,2.6,3.2,1.2,0.3,,1.6,10.0)
(1974,102,Toby Kimball,PF,31,PHI,75,,21.2,2.9,6.1,.474,,,,2.9,6.1,.474,.474,1.7,2.5,.686,2.5,4.9,7.4,1.0,0.7,0.3,,2.7,7.5)
(1974,106,Steve Kuberski,PF,26,BOS,78,,12.6,2.0,4.7,.427,,,,2.0,4.7,.427,.427,1.1,1.4,.775,1.2,1.8,3.0,0.5,0.1,0.1,,1.6,5.1)
(1974,110,Stu Lantz,SG,27,DET,50,,19.6,3.1,7.2,.427,,,,3.1,7.2,.427,.427,2.8,3.3,.848,0.7,1.6,2.3,1.9,0.8,0.1,,1.6,8.9)
(1974,115,Bob Love,PF,31,CHI,82,,40.1,8.9,21.4,.417,,,,8.9,21.4,.417,.417,3.9,4.8,.818,2.2,3.8,6.0,1.6,1.0,0.3,,2.7,21.8)
(1974,119,Ted Manakas,SG,22,KCO,5,,9.0,0.8,2.0,.400,,,,0.8,2.0,.400,.400,0.8,0.8,1.000,0.0,0.6,0.6,0.4,0.2,0.0,,0.8,2.4)
(1974,122,Vester Marshall,SF,25,SEA,13,,13.4,0.5,2.2,.241,,,,0.5,2.2,.241,.241,0.2,0.5,.429,1.1,1.8,2.8,0.3,0.3,0.2,,1.5,1.3)
(1974,126,Paul McCracken,SG,23,HOU,4,,3.3,0.3,1.0,.250,,,,0.3,1.0,.250,.250,0.0,0.0,,0.3,1.3,1.5,0.5,0.0,0.0,,0.8,0.5)
(1974,130,Kenny McIntosh,SF,25,SEA,69,,29.8,3.2,8.3,.389,,,,3.2,8.3,.389,.389,0.9,1.6,.607,1.6,3.6,5.2,1.4,0.8,0.4,,2.6,7.4)
(1974,134,Cliff Meely,PF,26,HOU,77,,22.8,4.3,10.0,.427,,,,4.3,10.0,.427,.427,1.2,1.8,.643,1.3,4.4,5.7,1.6,0.7,1.0,,3.0,9.7)
(1974,138,Steve Mix,PF,26,PHI,82,,36.2,6.0,12.7,.475,,,,6.0,12.7,.475,.475,2.8,3.5,.792,3.7,6.8,10.5,1.9,2.6,0.5,,3.7,14.9)
(1974,141,Jeff Mullins,SG,31,GSW,77,,32.4,7.0,14.9,.473,,,,7.0,14.9,.473,.473,2.2,2.5,.875,1.1,2.5,3.6,4.0,0.9,0.3,,2.8,16.2)
(1974,145,Don Nelson*,SF,33,BOS,82,,21.3,4.4,8.7,.508,,,,4.4,8.7,.508,.508,2.6,3.3,.788,1.1,3.1,4.2,2.0,0.2,0.2,,2.3,11.5)
(1974,149,Jim Owens,SF,23,PHO,17,,5.9,1.2,2.3,.538,,,,1.2,2.3,.538,.538,0.6,0.8,.786,0.1,0.5,0.5,0.9,0.3,0.0,,0.4,3.1)
(1974,153,Geoff Petrie,PG,25,POR,73,,38.4,10.1,21.1,.481,,,,10.1,21.1,.481,.481,4.0,4.7,.853,0.9,2.0,2.8,4.3,1.2,0.2,,2.7,24.3)
(1974,157,Luther Rackley,C,27,PHI,9,,7.6,0.6,1.4,.385,,,,0.6,1.4,.385,.385,0.9,1.2,.727,0.6,1.9,2.4,0.0,0.3,0.4,,1.2,2.0)
(1974,Rk,Player,Pos,Age,Tm,G,GS,MP,FG,FGA,FG%,3P,3PA,3P%,2P,2PA,2P%,eFG%,FT,FTA,FT%,ORB,DRB,TRB,AST,STL,BLK,TOV,PF,PTS)
(1974,164,Pat Riley*,SG,28,LAL,72,,18.9,4.0,9.3,.430,,,,4.0,9.3,.430,.430,1.5,2.0,.764,0.5,1.3,1.8,2.1,0.8,0.0,,2.4,9.5)
(1974,168,Rick Roberson,C,26,POR,69,,29.9,5.3,11.6,.457,,,,5.3,11.6,.457,.457,3.0,4.6,.649,3.6,6.5,10.2,1.9,0.9,0.8,,3.7,13.5)
(1974,172,Bob Rule,C,29,CLE,26,,20.8,2.9,7.4,.396,,,,2.9,7.4,.396,.396,1.3,1.8,.739,1.7,2.3,4.0,1.8,0.5,0.4,,2.7,7.2)
(1974,176,Mark Sibley,SG,23,POR,28,,4.4,0.7,2.0,.357,,,,0.7,2.0,.357,.357,0.2,0.3,.857,0.3,0.6,0.9,0.5,0.1,0.0,,0.8,1.6)
(1974,180,Elmore Smith,C,24,LAL,81,,36.1,5.4,11.7,.457,,,,5.4,11.7,.457,.457,1.8,3.1,.590,2.5,8.7,11.2,1.9,0.9,4.9,,3.8,12.5)
(1974,183,Dick Snyder,SG,29,SEA,74,,36.1,7.7,16.1,.481,,,,7.7,16.1,.481,.481,2.6,3.0,.866,1.2,2.9,4.1,3.6,1.2,0.4,,3.5,18.1)
(1974,187,Chuck Terry,SF,23,MIL,7,,4.6,0.6,1.7,.333,,,,0.6,1.7,.333,.333,0.0,0.0,,0.1,0.3,0.4,0.6,0.3,0.0,,0.6,1.1)
(1974,191,George Trapp,PF,25,DET,82,,18.2,4.1,8.5,.481,,,,4.1,8.5,.481,.481,1.2,1.6,.739,1.2,2.6,3.8,1.0,0.6,0.4,,2.8,9.3)
(1974,195,Tom Van Arsdale,SF,30,PHI,78,,39.0,7.9,18.4,.428,,,,7.9,18.4,.428,.428,3.8,4.5,.851,1.1,3.9,5.0,2.6,0.8,0.0,,3.8,19.6)
(1974,199,Chet Walker*,SF,33,CHI,82,,32.5,7.0,14.4,.486,,,,7.0,14.4,.486,.486,5.4,6.1,.875,1.6,3.4,5.0,2.4,0.8,0.0,,2.5,19.3)
(1974,202,John Warren,SG,26,CLE,69,,11.4,1.9,4.2,.454,,,,1.9,4.2,.454,.454,0.5,0.6,.854,0.6,1.2,1.9,0.9,0.4,0.1,,1.7,4.3)
(1974,206,Nick Weatherspoon,SF,23,CAP,65,,18.7,3.1,7.4,.412,,,,3.1,7.4,.412,.412,1.5,2.1,.691,2.0,4.1,6.1,0.6,0.7,0.2,,2.8,7.6)
(1974,210,Paul Westphal,SG,23,BOS,82,,14.2,2.9,5.8,.501,,,,2.9,5.8,.501,.501,1.4,1.9,.732,0.6,1.1,1.7,2.1,0.5,0.4,,2.1,7.2)
(1974,214,Lenny Wilkens*,PG,36,CLE,74,,33.6,6.2,13.4,.465,,,,6.2,13.4,.465,.465,3.9,4.9,.801,1.1,2.7,3.7,7.1,1.3,0.2,,2.2,16.4)
(1974,218,Ron Williams,PG,29,MIL,71,,15.9,2.7,5.5,.489,,,,2.7,5.5,.489,.489,0.8,1.0,.882,0.3,0.7,1.0,2.2,0.7,0.0,,1.6,6.3)
(1974,221,Luke Witte,C,23,CLE,57,,12.8,1.8,4.3,.432,,,,1.8,4.3,.432,.432,0.8,1.1,.742,1.4,2.6,4.0,0.7,0.1,0.4,,1.6,4.5)
