(1985,Rk,Player,Pos,Age,Tm,G,GS,MP,FG,FGA,FG%,3P,3PA,3P%,2P,2PA,2P%,eFG%,FT,FTA,FT%,ORB,DRB,TRB,AST,STL,BLK,TOV,PF,PTS)
(1985,4,Danny Ainge,SG,25,BOS,75,73,34.2,5.6,10.6,.529,0.2,0.7,.268,5.4,9.8,.549,.539,1.6,1.8,.868,1.0,2.6,3.6,5.3,1.6,0.1,2.0,3.0,12.9)
(1985,8,John Bagley,PG,24,CLE,81,65,29.6,4.2,8.6,.488,0.0,0.3,.115,4.1,8.2,.502,.490,1.5,2.1,.749,0.7,2.9,3.6,8.6,1.6,0.1,2.6,1.6,9.9)
(1985,12,Gene Banks,SF,25,SAS,82,41,25.5,3.5,6.0,.586,0.0,0.0,.333,3.5,6.0,.588,.587,2.4,3.1,.774,1.6,3.8,5.4,2.9,0.8,0.2,1.7,2.7,9.5)
(1985,16,Larry Bird*,SF,28,BOS,80,77,39.5,11.5,22.0,.522,0.7,1.6,.427,10.8,20.4,.529,.538,5.0,5.7,.882,2.1,8.5,10.5,6.6,1.6,1.2,3.1,2.6,28.7)
(1985,20,Sam Bowie,C,23,POR,76,62,29.2,3.9,7.3,.537,0.0,0.0,,3.9,7.3,.537,.537,2.1,3.0,.711,2.7,5.9,8.6,2.8,0.7,2.7,2.3,3.7,10.0)
(1985,23,Randy Breuer,C,24,MIL,78,0,13.9,2.1,4.1,.511,0.0,0.0,,2.1,4.1,.511,.511,1.1,1.6,.701,1.2,2.1,3.3,0.5,0.3,1.1,0.8,2.3,5.3)
(1985,27,Rickey Brown,C,26,ATL,69,5,11.8,1.1,2.8,.406,0.0,0.0,,1.1,2.8,.406,.406,0.6,1.0,.574,1.1,2.1,3.2,0.4,0.3,0.3,0.7,1.7,2.8)
(1985,31,Steve Burtt,SG,22,GSW,47,0,8.9,1.5,4.0,.383,0.0,0.0,.000,1.5,4.0,.385,.383,1.1,1.6,.688,0.2,0.4,0.6,0.4,0.4,0.1,0.7,1.6,4.2)
(1985,35,Rick Carlisle,SG,25,BOS,38,0,4.7,0.7,1.8,.388,0.0,0.1,.000,0.7,1.7,.400,.388,0.4,0.4,.882,0.2,0.3,0.6,0.7,0.1,0.0,0.5,0.6,1.8)
(1985,39,Butch Carter,SG,26,NYK,69,11,18.5,3.1,6.9,.450,0.2,0.6,.256,2.9,6.3,.469,.461,1.6,1.9,.813,0.5,0.9,1.4,2.4,0.8,0.1,1.6,2.2,7.9)
(1985,42,Ron Cavenall,C,25,NYK,53,2,12.3,0.5,1.6,.326,0.0,0.0,,0.5,1.6,.326,.326,0.4,0.7,.564,1.0,2.1,3.1,0.4,0.2,0.8,0.8,2.3,1.5)
(1985,46,Don Collins,SG,26,WSB,11,0,8.3,1.1,3.1,.353,0.0,0.0,,1.1,3.1,.353,.353,0.7,0.8,.889,0.9,0.8,1.7,0.6,0.6,0.4,0.7,0.5,2.9)
(1985,50,Jeff Cook,PF,28,TOT,72,5,17.9,1.9,3.9,.495,0.0,0.0,.000,1.9,3.9,.496,.495,0.7,0.9,.734,1.7,2.7,4.4,0.9,0.4,0.3,0.7,2.8,4.5)
(1985,54,Dave Corzine,C,28,CHI,82,50,25.1,3.4,6.9,.486,0.0,0.0,.000,3.4,6.9,.487,.486,1.8,2.4,.745,1.6,3.6,5.1,1.7,0.4,0.8,1.5,2.3,8.5)
(1985,58,Earl Cureton,C,27,DET,81,1,20.3,2.6,5.3,.484,0.0,0.0,.000,2.6,5.2,.487,.484,1.0,1.8,.569,2.1,3.1,5.2,1.0,0.7,0.5,1.4,2.7,6.1)
(1985,61,Brad Davis,PG,29,DAL,82,82,31.0,3.8,7.5,.505,0.6,1.4,.409,3.2,6.1,.527,.543,1.9,2.2,.888,0.5,1.9,2.4,7.1,1.1,0.1,1.5,2.7,10.1)
(1985,65,Darryl Dawkins,C,28,NJN,39,30,24.9,4.9,8.7,.566,0.0,0.0,.000,4.9,8.7,.568,.566,3.7,5.2,.711,1.4,3.2,4.6,1.2,0.4,0.9,2.4,4.4,13.5)
(1985,69,Larry Drew,PG,26,KCK,72,66,33.0,6.3,12.7,.501,0.1,0.4,.250,6.3,12.3,.508,.504,2.1,2.7,.794,0.5,1.7,2.3,6.7,1.3,0.1,2.5,2.0,14.9)
(1985,73,Devin Durrant,SF,24,IND,59,8,12.8,1.9,4.6,.416,0.0,0.1,.000,1.9,4.6,.421,.416,1.2,1.7,.706,0.8,1.3,2.1,1.4,0.3,0.2,1.3,1.8,5.1)
(1985,77,Franklin Edwards,PG,25,LAC,16,0,12.4,2.3,4.1,.545,0.0,0.0,,2.3,4.1,.545,.545,1.2,1.5,.792,0.2,0.7,0.9,2.4,1.1,0.0,1.1,0.6,5.7)
(1985,Rk,Player,Pos,Age,Tm,G,GS,MP,FG,FGA,FG%,3P,3PA,3P%,2P,2PA,2P%,eFG%,FT,FTA,FT%,ORB,DRB,TRB,AST,STL,BLK,TOV,PF,PTS)
(1985,84,Mike Evans,SG,29,DEN,81,0,17.7,4.0,8.2,.489,0.7,1.9,.363,3.3,6.2,.528,.532,1.4,1.6,.863,0.3,1.1,1.5,2.9,0.8,0.1,1.6,2.1,10.1)
(1985,88,Phil Ford,PG,28,HOU,25,1,11.6,0.6,1.9,.298,0.0,0.2,.000,0.6,1.7,.326,.298,0.6,0.7,.889,0.1,1.0,1.1,2.4,0.2,0.0,0.7,1.3,1.8)
(1985,92,George Gervin*,SG,32,SAS,72,69,29.0,8.3,16.4,.508,0.0,0.1,.000,8.3,16.3,.512,.508,4.5,5.3,.844,1.1,2.2,3.3,2.5,0.9,0.7,2.8,2.9,21.2)
(1985,96,Lancaster Gordon,SG,22,LAC,63,1,10.8,1.7,4.6,.383,0.0,0.1,.222,1.7,4.4,.388,.387,0.6,0.8,.755,0.4,0.6,1.0,1.4,0.5,0.1,1.1,1.0,4.1)
(1985,100,Rickey Green,PG,30,UTA,77,77,31.6,4.9,10.4,.477,0.1,0.3,.300,4.9,10.1,.482,.481,3.0,3.5,.869,0.5,2.0,2.5,7.8,1.7,0.0,2.3,1.7,13.0)
(1985,103,Kevin Grevey,SF,31,MIL,78,6,15.2,2.4,5.4,.448,0.1,0.4,.242,2.3,5.0,.465,.458,1.1,1.4,.822,0.3,1.0,1.3,1.2,0.4,0.0,0.7,1.1,6.1)
(1985,107,Bill Hanzlik,SF,27,DEN,80,1,20.9,2.8,6.5,.421,0.0,0.2,.067,2.7,6.3,.432,.422,2.3,3.0,.756,1.1,1.5,2.6,2.6,1.1,0.3,1.4,3.6,7.8)
(1985,111,Gerald Henderson,PG,29,SEA,79,78,33.5,5.4,11.3,.479,0.1,0.5,.237,5.3,10.8,.490,.484,2.5,3.2,.780,0.9,1.5,2.4,7.1,1.8,0.1,2.9,2.5,13.4)
(1985,115,Lionel Hollins,PG,31,HOU,80,60,24.4,3.1,6.8,.461,0.0,0.2,.231,3.1,6.6,.467,.464,1.4,1.7,.794,0.4,1.8,2.2,5.2,1.0,0.1,2.1,2.3,7.6)
(1985,119,Geoff Huston,PG,27,CLE,8,0,11.6,1.5,3.1,.480,0.0,0.0,,1.5,3.1,.480,.480,0.3,0.4,.667,0.0,0.1,0.1,2.9,0.0,0.0,1.0,1.0,3.3)
(1985,122,Ralph Jackson,PG,22,IND,1,0,12.0,1.0,3.0,.333,0.0,0.0,,1.0,3.0,.333,.333,0.0,0.0,,1.0,0.0,1.0,4.0,2.0,0.0,1.0,1.0,2.0)
(1985,126,Eddie Johnson,SF,25,KCK,82,81,36.9,9.4,19.1,.491,0.2,0.7,.241,9.2,18.4,.500,.496,4.0,4.5,.871,1.8,3.1,5.0,3.3,1.0,0.3,2.7,2.9,22.9)
(1985,130,Magic Johnson*,PG,25,LAL,77,77,36.1,6.5,11.7,.561,0.1,0.5,.189,6.5,11.2,.577,.565,5.1,6.0,.843,1.2,5.0,6.2,12.6,1.5,0.3,4.0,2.0,18.3)
(1985,134,Vinnie Johnson,SG,28,DET,82,16,25.5,5.2,11.5,.454,0.1,0.3,.185,5.2,11.2,.462,.457,2.3,3.0,.769,1.6,1.4,3.1,4.0,0.9,0.2,1.6,2.5,12.8)
(1985,138,Charles Jones,C-PF,27,TOT,31,4,21.5,2.2,4.1,.528,0.0,0.0,,2.2,4.1,.528,.528,1.3,1.9,.690,2.3,3.6,5.9,0.8,0.7,2.5,0.8,3.5,5.6)
(1985,141,Major Jones,PF,31,DET,47,0,8.9,1.0,1.9,.552,0.0,0.0,,1.0,1.9,.552,.552,0.7,1.1,.647,1.0,1.7,2.7,0.3,0.2,0.3,0.7,1.2,2.7)
(1985,145,Clark Kellogg,PF,23,IND,77,65,31.8,7.3,14.4,.505,0.1,0.2,.500,7.2,14.3,.505,.509,3.9,5.1,.760,2.9,6.5,9.4,3.2,1.1,0.3,3.0,3.2,18.6)
(1985,149,Bernard King*,SF,28,NYK,55,55,37.5,12.6,23.7,.530,0.0,0.2,.100,12.5,23.5,.534,.531,7.7,10.0,.772,2.1,3.7,5.8,3.7,1.3,0.3,3.7,3.5,32.9)
(1985,153,Joe Kopicki,PF,24,DEN,42,0,7.3,1.2,2.3,.526,0.0,0.1,.667,1.1,2.2,.522,.537,1.0,1.3,.796,0.7,1.4,2.0,0.7,0.3,0.0,0.7,1.4,3.5)
(1985,157,Allen Leavell,PG,27,HOU,42,0,12.8,2.1,5.0,.421,0.2,0.9,.216,1.9,4.1,.465,.440,1.0,1.4,.772,0.2,0.7,0.9,2.4,0.5,0.1,1.2,1.5,5.4)
(1985,Rk,Player,Pos,Age,Tm,G,GS,MP,FG,FGA,FG%,3P,3PA,3P%,2P,2PA,2P%,eFG%,FT,FTA,FT%,ORB,DRB,TRB,AST,STL,BLK,TOV,PF,PTS)
(1985,164,Sidney Lowe,PG,25,TOT,21,0,9.0,0.5,1.3,.370,0.0,0.0,.000,0.5,1.2,.385,.370,0.4,0.4,1.000,0.2,0.6,0.8,2.4,0.5,0.0,0.6,1.3,1.3)
(1985,168,Rick Mahorn,PF,26,WSB,77,63,26.9,2.7,5.4,.499,0.0,0.0,,2.7,5.4,.499,.499,0.9,1.4,.683,1.9,5.9,7.9,1.6,0.8,1.4,1.7,4.0,6.3)
(1985,172,Wes Matthews,PG,25,CHI,78,38,19.5,2.4,4.9,.495,0.0,0.2,.125,2.4,4.7,.511,.497,0.8,1.1,.694,0.2,0.7,0.9,4.5,0.9,0.2,1.6,1.7,5.7)
(1985,176,Rodney McCray,SF,23,HOU,82,82,36.6,5.8,10.9,.535,0.0,0.1,.000,5.8,10.8,.538,.535,2.8,3.8,.738,2.5,4.1,6.6,4.3,1.1,0.9,2.2,2.6,14.4)
(1985,180,Kevin McHale*,PF,27,BOS,79,31,33.6,7.7,13.4,.570,0.0,0.1,.000,7.7,13.4,.573,.570,4.5,5.9,.760,2.9,6.1,9.0,1.8,0.4,1.5,2.0,3.0,19.8)
(1985,183,Mark McNamara,C,25,TOT,45,0,6.1,0.9,1.7,.526,0.0,0.0,,0.9,1.7,.526,.526,0.7,1.4,.516,0.7,1.0,1.6,0.1,0.2,0.2,0.4,0.6,2.5)
(1985,187,Paul Mokeski,C,28,MIL,79,6,20.1,2.6,5.4,.478,0.0,0.0,.000,2.6,5.4,.480,.478,1.0,1.5,.698,1.4,3.8,5.2,1.3,0.4,0.4,1.1,3.4,6.2)
(1985,191,Larry Nance,PF,25,PHO,61,55,36.1,8.4,14.4,.587,0.0,0.0,.500,8.4,14.3,.587,.588,3.0,4.2,.709,3.2,5.6,8.8,2.6,1.4,1.7,2.2,3.0,19.9)
(1985,195,Chuck Nevitt,C,25,LAL,11,0,5.4,0.5,1.5,.294,0.0,0.0,,0.5,1.5,.294,.294,0.2,0.7,.250,0.5,1.4,1.8,0.3,0.0,1.4,0.9,1.8,1.1)
(1985,199,Mike O'Koren,SF,26,NJN,43,29,26.0,4.5,9.1,.494,0.2,0.5,.381,4.3,8.7,.500,.504,1.0,1.6,.627,1.1,2.8,3.9,2.4,0.7,0.4,1.2,2.7,10.2)
(1985,202,Jawann Oldham,C,27,CHI,63,0,15.8,1.4,3.0,.464,0.0,0.0,.000,1.4,3.0,.466,.464,0.5,0.8,.680,1.3,2.5,3.7,0.5,0.2,2.0,0.9,2.6,3.4)
(1985,206,Jim Paxson,SG,27,POR,68,57,33.1,7.5,14.5,.514,0.1,0.6,.154,7.4,14.0,.529,.517,2.9,3.6,.790,1.0,2.3,3.3,3.9,1.5,0.1,1.6,1.7,17.9)
(1985,210,Ricky Pierce,SG,25,MIL,44,3,20.0,3.8,7.0,.537,0.0,0.1,.250,3.7,6.9,.541,.539,2.3,2.8,.823,1.1,1.5,2.7,2.1,0.8,0.1,1.4,2.7,9.8)
(1985,214,Ben Poquette,PF,29,CLE,79,6,21.0,2.7,5.8,.460,0.0,0.2,.176,2.6,5.6,.470,.463,1.4,1.7,.796,1.9,4.1,6.0,1.0,0.6,0.7,0.9,2.8,6.7)
(1985,218,Leo Rautins,SF,24,ATL,4,0,3.0,0.0,0.5,.000,0.0,0.0,,0.0,0.5,.000,.000,0.0,0.0,,0.3,0.3,0.5,0.8,0.0,0.0,0.3,0.8,0.0)
(1985,221,Micheal Ray Richardson,PG,29,NJN,82,82,38.1,8.4,17.9,.469,0.4,1.4,.252,8.1,16.5,.488,.479,2.9,3.8,.767,1.9,3.7,5.6,8.2,3.0,0.3,3.0,3.4,20.1)
(1985,225,Rick Robey,C,29,PHO,4,0,12.0,0.5,2.3,.222,0.0,0.0,,0.5,2.3,.222,.222,0.3,0.5,.500,0.8,1.3,2.0,1.3,0.5,0.0,2.0,1.8,1.3)
(1985,229,Lorenzo Romar,PG,26,TOT,9,0,5.7,0.3,1.8,.188,0.0,0.3,.000,0.3,1.4,.231,.188,0.6,0.6,1.000,0.0,0.0,0.0,1.3,0.4,0.0,0.6,0.8,1.2)
(1985,233,Walker Russell,PG,24,ATL,21,2,18.0,1.6,3.0,.540,0.0,0.0,1.000,1.6,3.0,.532,.548,0.7,0.8,.824,0.4,1.5,1.9,3.1,0.8,0.2,1.9,1.8,4.0)
(1985,237,Danny Schayes,C,25,DEN,56,0,9.7,1.1,2.3,.465,0.0,0.0,,1.1,2.3,.465,.465,1.4,1.7,.814,0.9,1.7,2.6,0.7,0.4,0.4,0.8,1.8,3.6)
(1985,Rk,Player,Pos,Age,Tm,G,GS,MP,FG,FGA,FG%,3P,3PA,3P%,2P,2PA,2P%,eFG%,FT,FTA,FT%,ORB,DRB,TRB,AST,STL,BLK,TOV,PF,PTS)
(1985,244,Purvis Short,SF,27,GSW,78,77,39.5,10.5,22.8,.460,0.6,1.9,.313,9.9,20.9,.474,.473,6.4,7.9,.817,2.0,3.1,5.1,3.0,1.5,0.3,3.1,3.3,28.0)
(1985,248,Tom Sluby,SG,22,DAL,31,0,4.9,1.0,1.9,.517,0.0,0.1,.000,1.0,1.8,.536,.517,0.4,0.7,.619,0.2,0.2,0.4,0.5,0.1,0.0,0.4,0.6,2.4)
(1985,252,Ricky Sobers,SG,32,SEA,71,12,21.0,3.9,8.8,.446,0.1,0.4,.286,3.8,8.5,.453,.452,1.9,2.3,.815,0.4,1.1,1.5,3.5,0.7,0.1,2.2,2.2,9.9)
(1985,256,Brook Steppe,SG,25,DET,54,0,9.0,1.5,3.3,.466,0.0,0.0,.000,1.5,3.3,.469,.466,1.6,1.9,.837,0.5,0.6,1.1,0.7,0.3,0.1,0.8,1.1,4.7)
(1985,260,Dane Suttle,SG,23,KCK,6,0,4.0,1.0,2.2,.462,0.0,0.2,.000,1.0,2.0,.500,.462,0.3,0.3,1.000,0.0,0.5,0.5,0.3,0.2,0.0,0.2,0.5,2.3)
(1985,263,Peter Thibeaux,SF,23,GSW,51,1,9.0,1.8,3.8,.482,0.0,0.0,.000,1.8,3.8,.487,.482,0.8,1.3,.642,0.6,0.8,1.4,0.3,0.2,0.3,0.7,1.7,4.5)
(1985,267,Bernard Thompson,SF,22,POR,59,0,9.1,1.3,3.6,.373,0.0,0.1,.000,1.3,3.5,.387,.373,0.7,0.9,.765,0.6,0.7,1.3,0.9,0.5,0.2,0.6,1.3,3.3)
(1985,271,Otis Thorpe,PF,22,KCK,82,23,23.4,5.0,8.4,.600,0.0,0.0,.000,5.0,8.3,.602,.600,2.8,4.5,.620,2.3,4.5,6.8,1.4,0.4,0.5,2.3,3.1,12.8)
(1985,275,Kelly Tripucka,SF,25,DET,55,43,30.5,7.2,15.1,.477,0.0,0.1,.400,7.2,15.0,.477,.478,4.6,5.2,.885,1.2,2.8,4.0,2.5,0.9,0.3,2.1,2.1,19.1)
(1985,279,Melvin Turpin,C,24,CLE,79,45,24.7,4.6,9.0,.511,0.0,0.0,,4.6,9.0,.511,.511,1.4,1.8,.784,2.0,3.8,5.7,0.5,0.5,1.1,1.5,2.7,10.6)
(1985,282,Kiki Vandeweghe,SF,26,POR,72,69,34.8,8.6,16.1,.534,0.2,0.5,.333,8.4,15.6,.540,.538,5.1,5.7,.896,1.0,2.1,3.2,1.5,0.5,0.3,1.6,1.6,22.4)
(1985,286,Granville Waiters,C,24,IND,62,5,11.3,1.4,3.1,.447,0.0,0.0,.000,1.4,3.0,.450,.447,0.5,0.8,.580,0.9,1.8,2.7,0.5,0.3,0.7,0.9,1.7,3.2)
(1985,290,Scott Wedman,SF,32,BOS,78,5,14.4,2.8,5.9,.478,0.2,0.4,.500,2.6,5.5,.477,.497,0.5,0.7,.764,0.7,1.3,2.0,1.2,0.3,0.1,0.6,1.4,6.4)
(1985,294,Willie White,SG,22,DEN,39,0,6.0,1.3,3.2,.419,0.1,0.3,.364,1.2,2.9,.425,.435,0.5,0.8,.677,0.4,0.5,0.9,0.7,0.1,0.1,0.8,0.6,3.3)
(1985,298,Dominique Wilkins*,SF,25,ATL,81,81,37.3,10.5,23.3,.451,0.3,1.0,.309,10.2,22.3,.457,.458,6.0,7.4,.806,2.8,4.1,6.9,2.5,1.7,0.7,2.8,2.1,27.4)
(1985,301,Dale Wilkinson,SF-PF,24,TOT,12,0,3.8,0.3,1.3,.250,0.0,0.1,.000,0.3,1.3,.267,.250,0.5,0.6,.857,0.1,0.3,0.3,0.2,0.0,0.0,0.3,0.8,1.2)
(1985,305,Herb Williams,C,26,IND,75,70,34.1,7.7,16.1,.475,0.0,0.1,.111,7.7,16.0,.478,.475,3.0,4.5,.657,2.1,6.4,8.5,3.4,0.7,1.8,3.5,2.9,18.3)
(1985,309,Sly Williams,SF,27,ATL,34,20,25.5,4.9,11.2,.439,0.1,0.4,.267,4.8,10.7,.447,.445,2.3,3.6,.642,1.3,3.6,4.9,2.8,0.8,0.2,2.3,2.4,12.3)
(1985,313,Randy Wittman,SG,25,ATL,41,22,28.5,4.6,8.6,.531,0.0,0.2,.286,4.5,8.4,.536,.534,0.7,1.0,.732,0.4,1.4,1.8,3.0,0.7,0.2,1.4,1.4,9.9)
(1985,317,Orlando Woolridge,SF,25,CHI,77,76,36.6,8.8,15.9,.554,0.0,0.1,.000,8.8,15.8,.557,.554,5.3,6.8,.785,2.1,3.6,5.6,1.8,0.8,0.5,2.3,2.4,22.9)
