(1985,1,Kareem Abdul-Jabbar*,C,37,LAL,79,79,33.3,9.2,15.3,.599,0.0,0.0,.000,9.2,15.3,.600,.599,3.7,5.0,.732,2.1,5.8,7.9,3.2,0.8,2.1,2.5,3.0,22.0)
(1985,5,Chuck Aleksinas,C,25,GSW,74,4,15.1,2.2,4.6,.478,0.0,0.0,.000,2.2,4.5,.479,.478,0.7,1.0,.733,1.2,2.5,3.6,0.5,0.2,0.2,1.0,2.3,5.1)
(1985,9,James Bailey,PF,27,NYK,74,28,17.5,2.1,4.7,.447,0.0,0.0,.000,2.1,4.7,.448,.447,1.0,1.5,.676,1.6,3.0,4.6,0.5,0.4,0.7,1.4,3.9,5.2)
(1985,13,Ken Bannister,PF,24,NYK,75,50,18.7,2.8,5.9,.470,0.0,0.0,,2.8,5.9,.470,.470,1.2,2.6,.474,1.4,3.0,4.4,0.5,0.5,0.5,1.9,3.7,6.8)
(1985,17,Otis Birdsong,SG,29,NJN,56,45,32.9,8.8,17.3,.511,0.1,0.4,.190,8.8,16.9,.518,.513,2.9,4.6,.622,1.1,1.6,2.6,4.1,1.5,0.1,2.1,2.6,20.6)
(1985,Rk,Player,Pos,Age,Tm,G,GS,MP,FG,FGA,FG%,3P,3PA,3P%,2P,2PA,2P%,eFG%,FT,FTA,FT%,ORB,DRB,TRB,AST,STL,BLK,TOV,PF,PTS)
(1985,24,Ron Brewer,SG,29,TOT,20,0,16.3,3.1,5.9,.525,0.0,0.1,.000,3.1,5.8,.534,.525,1.2,1.3,.920,0.5,0.6,1.1,0.9,0.3,0.3,0.5,1.2,7.4)
(1985,28,Tony Brown,SF,24,IND,82,26,19.3,2.6,5.7,.460,0.0,0.1,.000,2.6,5.6,.466,.460,1.4,2.1,.678,1.8,1.7,3.5,1.9,0.7,0.1,1.4,2.6,6.6)
(1985,32,Don Buse,PG,34,KCK,65,14,14.4,1.3,3.1,.404,0.5,1.3,.356,0.8,1.8,.440,.480,0.4,0.5,.767,0.3,0.6,0.9,3.1,0.6,0.0,0.7,1.2,3.4)
(1985,36,Antoine Carr,PF,23,ATL,62,15,19.3,3.2,6.0,.528,0.0,0.1,.333,3.2,6.0,.531,.531,1.6,2.1,.789,1.3,2.5,3.7,1.3,0.5,1.3,1.7,3.5,8.0)
(1985,40,Howard Carter,SG,23,DAL,11,0,6.0,0.4,2.1,.174,0.0,0.3,.000,0.4,1.8,.200,.174,0.1,0.1,1.000,0.1,0.2,0.3,0.4,0.1,0.0,0.7,0.4,0.8)
(1985,43,Tom Chambers,PF,25,SEA,81,60,36.1,7.8,16.1,.483,0.1,0.3,.273,7.7,15.8,.487,.485,5.9,7.0,.832,2.0,5.1,7.1,2.6,0.9,0.7,3.2,3.9,21.5)
(1985,47,Steve Colter,PG,22,POR,78,22,18.7,2.8,6.1,.453,0.3,0.9,.351,2.4,5.2,.471,.480,1.3,1.7,.754,0.5,1.4,1.9,3.1,1.0,0.1,1.4,1.8,7.1)
(1985,51,Joe Cooper,C,27,SEA,3,1,15.0,2.3,5.0,.467,0.0,0.0,,2.3,5.0,.467,.467,1.0,2.0,.500,1.0,2.0,3.0,0.7,0.7,0.3,0.0,2.3,5.7)
(1985,55,Charlie Criss,PG,36,ATL,4,2,28.8,1.8,4.3,.412,0.0,0.5,.000,1.8,3.8,.467,.412,1.0,1.5,.667,0.5,3.0,3.5,5.5,0.8,0.0,2.8,1.3,4.5)
(1985,59,Quintin Dailey,SG,24,CHI,79,0,26.6,6.6,14.1,.473,0.1,0.4,.233,6.6,13.7,.479,.476,2.6,3.2,.817,0.7,1.9,2.6,2.4,0.9,0.1,1.9,2.4,16.0)
(1985,62,Charles Davis,SF,26,TOT,61,2,12.7,2.5,5.8,.430,0.0,0.2,.100,2.5,5.7,.439,.431,0.8,1.0,.823,1.0,1.5,2.5,0.8,0.4,0.1,0.9,1.9,5.9)
(1985,66,Darren Daye,SF,24,WSB,80,8,19.7,3.2,6.3,.512,0.0,0.1,.143,3.2,6.2,.517,.513,2.2,3.1,.715,1.2,2.2,3.4,3.0,0.7,0.2,1.7,2.1,8.7)
(1985,70,Clyde Drexler*,SG,22,POR,80,43,31.9,7.2,14.5,.494,0.1,0.5,.216,7.1,14.1,.503,.497,2.8,3.7,.759,2.7,3.2,6.0,5.5,2.2,0.9,2.8,3.3,17.2)
(1985,74,Mark Eaton,C,28,UTA,82,82,34.3,3.7,8.2,.449,0.0,0.0,,3.7,8.2,.449,.449,2.3,3.3,.712,2.5,8.8,11.3,1.5,0.4,5.6,2.5,3.8,9.7)
(1985,78,James Edwards,C,29,PHO,70,58,25.5,5.5,10.9,.501,0.0,0.0,.000,5.5,10.9,.503,.501,3.9,5.3,.746,1.4,4.2,5.5,2.2,0.4,0.7,2.3,3.4,14.9)
(1985,81,Chris Engler,C,25,TOT,11,0,7.5,0.7,1.8,.400,0.0,0.0,,0.7,1.8,.400,.400,0.5,0.8,.556,1.1,1.6,2.7,0.0,0.2,0.5,0.2,0.5,1.9)
(1985,85,Kenny Fields,SF,22,MIL,51,1,10.5,1.6,3.7,.440,0.0,0.0,,1.6,3.7,.440,.440,0.5,0.7,.750,0.8,0.8,1.6,0.7,0.2,0.2,0.6,1.6,3.8)
(1985,89,Rod Foster,PG,24,PHO,79,1,16.7,3.6,8.1,.450,0.5,1.6,.325,3.1,6.5,.480,.482,1.1,1.4,.755,0.3,0.7,1.0,2.4,0.8,0.0,1.5,2.2,8.8)
(1985,93,Artis Gilmore*,C,35,SAS,81,81,34.0,6.6,10.5,.623,0.0,0.0,.000,6.6,10.5,.624,.623,6.0,8.0,.749,2.9,7.6,10.4,1.6,0.5,2.1,3.0,3.8,19.1)
(1985,97,Stewart Granger,PG,23,ATL,9,1,10.2,0.7,1.9,.353,0.0,0.1,.000,0.7,1.8,.375,.353,0.4,0.9,.500,0.1,0.6,0.7,1.3,0.2,0.0,1.3,1.4,1.8)
(1985,Rk,Player,Pos,Age,Tm,G,GS,MP,FG,FGA,FG%,3P,3PA,3P%,2P,2PA,2P%,eFG%,FT,FTA,FT%,ORB,DRB,TRB,AST,STL,BLK,TOV,PF,PTS)
(1985,104,Darrell Griffith,SG,26,UTA,78,78,35.6,9.3,20.4,.457,1.2,3.3,.358,8.2,17.1,.476,.486,2.8,3.8,.725,1.6,2.8,4.4,3.1,1.7,0.4,3.2,2.3,22.6)
(1985,108,Derek Harper,PG,23,DAL,82,1,27.0,4.0,7.7,.520,0.3,0.7,.344,3.8,7.0,.538,.536,1.4,1.9,.721,0.6,1.9,2.4,4.4,1.8,0.5,1.5,2.4,9.6)
(1985,112,Rod Higgins,SF,25,CHI,68,5,13.9,1.8,4.0,.441,0.1,0.5,.270,1.6,3.4,.468,.459,0.9,1.3,.667,0.8,1.4,2.2,1.1,0.3,0.2,0.7,1.3,4.5)
(1985,116,Mike Holton,SG,23,PHO,74,59,23.8,3.5,7.8,.446,0.2,0.6,.311,3.3,7.2,.458,.458,1.3,1.6,.814,0.4,1.4,1.8,2.7,0.8,0.1,1.7,1.9,8.4)
(1985,120,Marc Iavaroni,PF,28,TOT,69,43,19.3,2.3,5.1,.458,0.0,0.1,.000,2.3,5.1,.463,.458,1.3,1.9,.680,1.4,3.0,4.4,1.7,0.5,0.5,1.7,3.1,6.0)
(1985,123,Clemon Johnson,C,28,PHI,58,0,15.1,2.0,4.1,.498,0.0,0.0,.000,2.0,4.0,.500,.498,0.6,0.8,.735,1.6,2.2,3.8,0.6,0.3,0.8,0.7,1.9,4.7)
(1985,127,Frank Johnson,PG,26,WSB,46,1,20.1,3.8,7.8,.489,0.1,0.4,.353,3.7,7.4,.496,.497,1.6,2.1,.750,0.5,0.9,1.4,3.1,0.9,0.1,1.3,1.6,9.3)
(1985,131,Marques Johnson,SF,28,LAC,72,68,34.0,6.9,15.2,.452,0.0,0.2,.231,6.8,15.0,.454,.453,2.6,3.6,.731,2.6,3.3,5.9,3.4,1.0,0.4,2.4,2.7,16.4)
(1985,135,Bobby Jones,PF,33,PHI,80,8,20.4,2.6,4.8,.538,0.0,0.1,.000,2.6,4.8,.543,.538,2.3,2.7,.861,1.3,2.4,3.7,1.9,1.1,0.6,1.5,2.3,7.5)
(1985,139,Earl Jones,C,24,LAL,2,0,3.5,0.0,0.5,.000,0.0,0.0,,0.0,0.5,.000,.000,0.0,0.0,,0.0,0.0,0.0,0.0,0.0,0.0,0.5,0.0,0.0)
(1985,142,Ozell Jones,C,24,SAS,67,6,13.3,1.6,2.7,.589,0.0,0.0,.000,1.6,2.7,.592,.589,0.5,1.2,.398,1.0,2.6,3.6,0.8,0.4,0.9,0.9,2.1,3.7)
(1985,146,Greg Kelser,SF,27,IND,10,0,11.4,2.1,5.3,.396,0.0,0.1,.000,2.1,5.2,.404,.396,2.0,2.8,.714,0.6,1.3,1.9,1.3,0.7,0.0,1.2,1.6,6.2)
(1985,150,Reggie King,SF,27,SEA,60,5,14.3,1.1,2.5,.423,0.0,0.0,,1.1,2.5,.423,.423,0.7,1.0,.695,0.7,1.3,2.0,0.9,0.5,0.2,0.7,1.2,2.8)
(1985,154,Mitch Kupchak,PF,30,LAL,58,3,12.3,2.1,4.2,.504,0.0,0.0,,2.1,4.2,.504,.504,1.0,1.6,.659,1.2,2.0,3.2,0.4,0.3,0.3,0.8,1.8,5.3)
(1985,158,Ronnie Lester,PG,26,LAL,32,1,8.7,1.1,2.6,.415,0.0,0.0,.000,1.1,2.5,.420,.415,0.7,1.0,.677,0.1,0.7,0.8,2.5,0.5,0.1,1.0,0.8,2.8)
(1985,161,Alton Lister,C,26,MIL,81,80,25.8,4.0,7.4,.538,0.0,0.0,.000,4.0,7.4,.539,.538,1.9,3.2,.588,2.7,5.3,8.0,1.6,0.6,2.1,2.3,3.5,9.9)
(1985,165,John Lucas,PG,31,HOU,47,21,24.6,4.4,9.5,.462,0.4,1.4,.318,3.9,8.1,.487,.485,2.2,2.7,.798,0.4,1.4,1.8,6.8,1.3,0.0,2.2,1.7,11.4)
(1985,169,Jeff Malone,SG,23,WSB,76,61,34.4,8.0,16.0,.499,0.2,0.9,.208,7.8,15.0,.517,.505,2.8,3.3,.844,0.8,1.9,2.7,2.4,0.7,0.1,1.4,2.3,18.9)
(1985,173,Cedric Maxwell,SF,29,BOS,57,51,26.2,3.5,6.6,.533,0.0,0.0,.000,3.5,6.6,.536,.533,4.1,4.9,.831,1.7,2.5,4.2,1.8,0.6,0.3,1.7,2.5,11.1)
(1985,177,Scooter McCray,PF,24,SEA,6,0,15.5,1.0,1.7,.600,0.0,0.0,,1.0,1.7,.600,.600,0.5,0.7,.750,1.0,1.8,2.8,1.2,0.2,0.5,1.7,2.2,2.5)
(1985,Rk,Player,Pos,Age,Tm,G,GS,MP,FG,FGA,FG%,3P,3PA,3P%,2P,2PA,2P%,eFG%,FT,FTA,FT%,ORB,DRB,TRB,AST,STL,BLK,TOV,PF,PTS)
(1985,184,Joe Meriweather,C,31,KCK,76,4,14.0,1.6,3.2,.498,0.0,0.0,.500,1.6,3.2,.498,.500,1.3,1.6,.774,1.2,2.2,3.5,0.4,0.2,0.4,0.7,2.4,4.5)
(1985,188,Sidney Moncrief,PG,27,MIL,73,72,37.5,7.7,15.9,.483,0.1,0.5,.273,7.6,15.5,.489,.487,6.2,7.5,.828,2.0,3.3,5.4,5.2,1.6,0.5,2.5,2.7,21.7)
(1985,192,Calvin Natt,PF,28,DEN,78,76,34.1,8.8,16.1,.546,0.0,0.0,.000,8.8,16.1,.547,.546,5.7,7.2,.793,2.7,5.1,7.8,3.1,1.0,0.4,2.4,2.3,23.3)
(1985,196,Kurt Nimphius,C,26,DAL,82,40,24.5,2.4,5.3,.452,0.0,0.1,.000,2.4,5.2,.458,.452,1.3,1.7,.771,1.7,3.3,5.0,2.2,0.4,1.5,1.2,3.2,6.1)
(1985,200,Hakeem Olajuwon*,C,22,HOU,82,82,35.5,8.3,15.3,.538,0.0,0.0,,8.3,15.3,.538,.538,4.1,6.7,.613,5.4,6.5,11.9,1.4,1.2,2.7,2.9,4.2,20.6)
(1985,203,Louis Orr,PF,26,NYK,79,31,31.0,4.7,9.7,.486,0.0,0.1,.100,4.7,9.6,.491,.486,3.3,4.2,.784,2.2,2.8,4.9,1.7,1.3,0.3,1.7,2.5,12.7)
(1985,207,John Paxson,PG,24,SAS,78,1,16.1,2.5,4.9,.509,0.1,0.4,.294,2.4,4.5,.530,.522,1.1,1.3,.840,0.2,0.6,0.9,2.8,0.6,0.0,1.0,1.5,6.2)
(1985,211,Charles Pittman,SF,26,PHO,68,3,14.7,1.6,3.3,.471,0.0,0.0,.000,1.6,3.3,.476,.471,1.6,2.1,.747,1.3,2.0,3.3,1.0,0.3,0.3,1.5,2.1,4.8)
(1985,215,Paul Pressey,SF,26,MIL,80,80,36.0,6.0,11.6,.517,0.1,0.3,.350,5.9,11.4,.521,.521,4.0,5.2,.758,1.9,3.5,5.4,6.8,1.6,0.7,3.1,3.2,16.1)
(1985,219,Robert Reid,SF,29,HOU,82,0,21.5,3.8,7.9,.481,0.0,0.2,.063,3.8,7.7,.492,.482,1.1,1.5,.698,1.0,2.3,3.3,2.1,0.6,0.3,1.2,2.4,8.7)
(1985,222,Doc Rivers,PG,23,ATL,69,58,30.8,4.8,10.2,.476,0.2,0.5,.417,4.6,9.6,.480,.487,4.2,5.5,.770,1.0,2.1,3.1,5.9,2.4,0.8,2.6,3.6,14.1)
(1985,226,Cliff Robinson,PF,24,WSB,60,37,31.2,7.0,14.9,.471,0.0,0.1,.333,7.0,14.9,.471,.472,2.6,3.6,.742,2.4,6.8,9.1,2.5,0.9,0.8,2.7,3.1,16.7)
(1985,230,Dan Roundfield,PF,31,DET,56,43,26.6,4.2,9.0,.467,0.0,0.0,.000,4.2,9.0,.469,.467,2.5,3.2,.781,3.1,5.0,8.1,1.8,0.5,1.0,2.2,2.6,10.9)
(1985,234,Ralph Sampson*,PF,24,HOU,82,82,37.6,9.2,18.3,.502,0.0,0.1,.000,9.2,18.2,.504,.502,3.7,5.5,.676,2.8,7.6,10.4,2.7,1.0,2.0,4.0,3.7,22.1)
(1985,238,Tom Scheffler,C,30,POR,39,0,6.9,0.5,1.3,.412,0.0,0.0,,0.5,1.3,.412,.412,0.3,0.5,.500,0.5,1.5,1.9,0.3,0.2,0.3,0.4,1.2,1.3)
(1985,241,Byron Scott,SG,23,LAL,81,65,28.5,6.7,12.4,.539,0.3,0.7,.433,6.4,11.6,.546,.552,2.3,2.8,.820,0.7,1.9,2.6,3.0,1.2,0.2,1.7,2.4,16.0)
(1985,245,Jerry Sichting,PG,28,IND,70,25,25.8,4.6,8.9,.521,0.1,0.5,.243,4.5,8.4,.538,.528,1.6,1.8,.875,0.3,1.3,1.6,3.8,0.7,0.1,1.5,1.7,11.0)
(1985,249,Derek Smith,SG,23,LAC,80,80,34.5,8.5,15.9,.537,0.0,0.2,.158,8.5,15.7,.542,.538,5.0,6.3,.794,2.2,3.2,5.3,2.7,1.0,0.7,2.9,4.0,22.1)
(1985,253,Rory Sparrow,PG,26,NYK,79,41,29.0,4.1,8.4,.492,0.1,0.4,.226,4.0,8.0,.506,.498,1.5,1.8,.865,0.5,1.7,2.1,7.1,1.0,0.1,1.9,2.5,9.9)
(1985,257,Steve Stipanovich,C,24,IND,82,66,28.2,5.0,10.6,.475,0.0,0.1,.091,5.0,10.5,.480,.476,3.6,4.5,.798,1.7,5.8,7.5,2.4,0.9,1.0,2.2,3.2,13.7)
(1985,Rk,Player,Pos,Age,Tm,G,GS,MP,FG,FGA,FG%,3P,3PA,3P%,2P,2PA,2P%,eFG%,FT,FTA,FT%,ORB,DRB,TRB,AST,STL,BLK,TOV,PF,PTS)
(1985,264,David Thirdkill,SF,24,TOT,18,3,10.2,1.1,2.1,.526,0.0,0.1,.000,1.1,2.1,.541,.526,0.6,1.1,.579,0.6,0.4,0.9,0.2,0.3,0.2,0.8,1.2,2.8)
(1985,268,LaSalle Thompson,C,23,KCK,82,77,30.0,4.5,8.5,.531,0.0,0.0,,4.5,8.5,.531,.531,2.8,3.8,.721,3.3,7.1,10.4,1.6,1.2,1.6,2.5,4.0,11.8)
(1985,272,Sedale Threatt,PG,23,PHI,82,0,15.9,2.3,5.1,.452,0.0,0.3,.182,2.2,4.8,.467,.457,0.8,1.1,.733,0.3,1.0,1.2,2.1,1.0,0.2,1.2,2.1,5.4)
(1985,276,Trent Tucker,SG,25,NYK,77,46,23.6,3.8,7.9,.483,0.4,0.9,.403,3.4,6.9,.494,.507,0.5,0.6,.792,1.0,1.5,2.4,2.6,1.0,0.2,0.8,2.5,8.5)
(1985,280,Terry Tyler,SF,28,DET,82,53,24.4,5.1,10.4,.494,0.0,0.1,.000,5.1,10.3,.498,.494,1.3,1.8,.716,1.8,3.4,5.2,0.8,0.6,1.1,0.9,2.3,11.6)
(1985,283,Pete Verhoeven,PF,25,KCK,54,0,6.8,0.9,2.0,.472,0.0,0.0,,0.9,2.0,.472,.472,0.4,0.5,.840,0.5,0.6,1.2,0.3,0.3,0.1,0.4,1.6,2.3)
(1985,287,Darrell Walker,PG,23,NYK,82,66,30.4,5.2,12.1,.435,0.0,0.2,.000,5.2,11.9,.442,.435,3.0,4.2,.700,1.6,1.8,3.4,5.0,2.0,0.3,2.5,3.0,13.5)
(1985,291,Mark West,C,24,TOT,66,25,13.5,1.6,2.9,.546,0.0,0.0,.000,1.6,2.9,.549,.546,0.7,1.3,.494,1.4,2.4,3.8,0.2,0.2,0.7,0.9,3.0,3.9)
(1985,295,Jerome Whitehead,C,28,GSW,79,78,32.1,5.3,10.4,.510,0.0,0.0,,5.3,10.4,.510,.510,2.3,3.0,.783,2.8,5.1,7.9,0.7,0.6,0.5,1.8,4.1,13.0)
(1985,299,Eddie Lee Wilkins,C,22,NYK,54,16,17.0,2.1,4.3,.498,0.0,0.0,.000,2.1,4.3,.502,.498,1.2,2.3,.541,1.6,3.3,4.9,0.3,0.4,0.3,1.2,2.9,5.5)
(1985,302,Buck Williams,PF,24,NJN,82,82,38.8,7.0,13.3,.530,0.0,0.0,.250,7.0,13.2,.531,.530,4.1,6.6,.625,3.9,8.3,12.3,2.0,0.8,1.3,2.9,3.6,18.2)
(1985,306,Kevin Williams,SG,23,CLE,46,4,9.0,1.3,2.9,.433,0.0,0.1,.000,1.3,2.8,.450,.433,1.0,1.4,.734,0.4,1.0,1.4,1.3,0.5,0.1,1.1,1.9,3.5)
(1985,310,Kevin Willis,PF,22,ATL,82,19,21.8,3.9,8.4,.467,0.0,0.1,.222,3.9,8.3,.470,.468,1.5,2.2,.657,2.2,4.2,6.4,0.4,0.4,0.6,1.3,2.8,9.3)
(1985,314,Al Wood,SG,26,SEA,80,79,31.8,6.4,13.3,.485,0.1,0.4,.212,6.4,12.9,.494,.489,2.1,2.7,.776,1.2,2.3,3.5,3.0,1.1,0.7,1.5,2.3,15.0)
(1985,318,James Worthy*,SF,23,LAL,80,76,33.7,7.6,13.3,.572,0.0,0.1,.000,7.6,13.2,.576,.572,2.4,3.1,.776,2.1,4.3,6.4,2.5,1.1,0.8,2.5,2.5,17.6)
