(1985,3,Mark Aguirre,SF,25,DAL,80,79,33.7,9.9,19.6,.506,0.3,1.1,.318,9.6,18.6,.517,.515,5.5,7.3,.759,2.4,3.6,6.0,3.1,0.8,0.3,3.2,3.1,25.7)
(1985,7,Ron Anderson,SF,26,CLE,36,7,14.4,2.3,5.4,.431,0.0,0.1,.500,2.3,5.4,.430,.433,1.1,1.4,.820,1.1,1.4,2.4,0.9,0.3,0.2,0.9,1.1,5.8)
(1985,11,Greg Ballard,SF,30,WSB,82,77,32.5,5.7,11.9,.480,0.2,0.6,.304,5.5,11.4,.488,.487,1.5,1.8,.795,1.8,4.6,6.5,2.5,1.2,0.4,1.3,2.7,13.1)
(1985,15,Kent Benson,C,30,DET,72,35,19.5,2.8,5.5,.506,0.0,0.0,.000,2.8,5.5,.510,.506,1.1,1.3,.809,1.4,3.1,4.5,1.3,0.7,0.6,0.9,2.9,6.6)
(1985,19,Cory Blackwell,SF,21,SEA,60,0,9.2,1.5,4.0,.367,0.0,0.0,.000,1.5,3.9,.370,.367,0.5,0.9,.509,0.7,0.9,1.6,0.4,0.4,0.1,0.7,0.9,3.4)
(1985,22,Mike Bratz,PG,29,GSW,56,6,13.3,1.9,4.5,.424,0.1,0.5,.231,1.8,4.0,.446,.436,1.2,1.5,.841,0.2,0.8,1.0,2.2,0.8,0.1,1.0,1.4,5.1)
(1985,26,Junior Bridgeman,SF,31,LAC,80,15,25.5,5.8,12.4,.465,0.2,0.5,.359,5.6,11.9,.469,.472,2.3,2.6,.879,0.7,2.2,2.9,2.1,0.6,0.2,1.5,1.6,13.9)
(1985,30,Quinn Buckner,PG,30,BOS,75,6,11.4,1.0,2.6,.383,0.0,0.0,.000,1.0,2.6,.385,.383,0.4,0.7,.640,0.3,0.8,1.2,2.0,0.8,0.0,0.9,1.9,2.4)
(1985,34,Tony Campbell,SF,22,DET,56,0,11.2,2.3,4.7,.496,0.0,0.0,.000,2.3,4.7,.498,.496,1.0,1.3,.800,0.7,0.9,1.6,0.4,0.5,0.1,1.2,1.9,5.6)
(1985,38,M.L. Carr,SF,34,BOS,47,0,8.4,1.3,3.2,.416,0.2,0.5,.391,1.1,2.7,.421,.446,0.4,0.4,1.000,0.4,0.5,0.9,0.5,0.4,0.1,0.5,0.9,3.2)
(1985,41,Harvey Catchings,C,33,LAC,70,14,15.0,1.0,2.1,.483,0.0,0.0,.000,1.0,2.1,.486,.483,0.8,1.3,.663,1.3,2.5,3.7,0.2,0.2,0.8,0.8,2.3,2.9)
(1985,45,Carlos Clark,SG,24,BOS,62,3,9.1,1.0,2.5,.421,0.0,0.1,.000,1.0,2.4,.435,.421,0.7,0.9,.774,0.5,0.6,1.1,0.8,0.6,0.0,0.7,1.1,2.7)
(1985,49,Darwin Cook,PG,26,NJN,58,9,18.3,3.7,7.8,.468,0.0,0.4,.087,3.6,7.4,.488,.470,0.8,0.9,.870,0.4,1.2,1.6,2.8,1.3,0.2,1.3,1.7,8.2)
(1985,53,Wayne Cooper,C,28,DEN,80,78,25.4,5.1,10.7,.472,0.0,0.0,.000,5.1,10.7,.473,.472,2.0,2.9,.685,2.9,5.0,7.9,1.1,0.4,2.5,1.9,3.8,12.1)
(1985,57,Terry Cummings,PF,23,MIL,79,78,34.5,9.6,19.4,.495,0.0,0.0,.000,9.6,19.4,.496,.495,4.3,5.9,.741,3.1,6.0,9.1,2.9,1.5,0.8,2.4,3.3,23.6)
(1985,Rk,Player,Pos,Age,Tm,G,GS,MP,FG,FGA,FG%,3P,3PA,3P%,2P,2PA,2P%,eFG%,FT,FTA,FT%,ORB,DRB,TRB,AST,STL,BLK,TOV,PF,PTS)
(1985,64,Walter Davis,SG,30,PHO,23,9,24.8,6.0,13.4,.450,0.1,0.4,.300,5.9,13.0,.455,.455,2.8,3.2,.877,0.3,1.3,1.5,4.3,0.8,0.0,2.2,1.8,15.0)
(1985,68,John Drew,SF,30,UTA,19,16,24.4,5.6,13.7,.412,0.0,0.2,.000,5.6,13.5,.418,.412,4.9,6.4,.770,1.9,2.4,4.3,1.8,1.2,0.1,2.2,3.4,16.2)
(1985,72,T.R. Dunn,SG,29,DEN,81,81,28.3,2.2,4.4,.489,0.0,0.0,.000,2.2,4.4,.492,.489,1.0,1.4,.724,2.1,2.7,4.8,1.9,1.7,0.2,0.8,2.6,5.4)
(1985,76,Kenton Edelin,SF,22,IND,10,1,14.3,0.4,1.3,.308,0.0,0.0,,0.4,1.3,.308,.308,0.3,0.8,.375,0.8,1.8,2.6,1.0,0.5,0.4,0.3,3.9,1.1)
(1985,80,Dale Ellis,SF,24,DAL,72,4,18.3,3.8,8.4,.454,0.6,1.5,.385,3.2,6.9,.470,.489,1.1,1.4,.740,1.4,1.9,3.3,0.8,0.6,0.1,0.8,1.8,9.3)
(1985,83,Julius Erving*,SF,34,PHI,78,78,32.5,7.8,15.8,.494,0.0,0.2,.214,7.8,15.7,.497,.495,4.3,5.7,.765,2.2,3.1,5.3,3.0,1.7,1.4,2.7,2.6,20.0)
(1985,87,Sleepy Floyd,SG,24,GSW,82,82,35.0,7.4,16.7,.445,0.5,1.7,.294,6.9,15.0,.462,.460,4.1,5.1,.810,0.8,1.7,2.5,5.0,1.6,0.5,3.1,2.8,19.5)
(1985,91,Bill Garnett,PF,24,IND,65,13,17.3,2.3,4.8,.481,0.0,0.0,.000,2.3,4.7,.484,.481,1.8,2.7,.690,1.5,2.9,4.4,1.0,0.4,0.2,1.4,3.0,6.4)
(1985,95,Mike Gminski,C,25,NJN,81,54,29.9,4.7,10.1,.465,0.0,0.0,.000,4.7,10.1,.465,.465,3.4,4.0,.841,2.8,5.0,7.8,2.0,0.5,1.1,1.7,1.7,12.8)
(1985,99,Stuart Gray,C,21,IND,52,0,7.5,0.7,1.8,.380,0.0,0.0,,0.7,1.8,.380,.380,0.6,0.9,.681,0.6,1.8,2.4,0.3,0.2,0.3,1.0,1.6,2.0)
(1985,102,Dave Greenwood,PF,27,CHI,61,28,25.0,2.5,5.4,.458,0.0,0.0,.000,2.5,5.4,.459,.458,1.1,1.5,.713,1.8,4.6,6.4,1.3,0.6,0.3,1.0,3.1,6.1)
(1985,106,Bob Hansen,SG,24,UTA,54,4,12.0,2.0,4.2,.489,0.0,0.1,.143,2.0,4.0,.500,.491,0.7,1.3,.556,0.4,0.9,1.3,1.4,0.5,0.0,0.9,1.6,4.8)
(1985,110,Steve Hayes,C,29,PHI,11,0,9.2,0.9,1.6,.556,0.0,0.0,,0.9,1.6,.556,.556,0.2,0.4,.500,1.0,2.1,3.1,0.1,0.1,0.4,0.2,1.7,2.0)
(1985,114,Craig Hodges,SG,24,MIL,82,63,30.4,4.4,8.9,.490,0.6,1.6,.348,3.8,7.3,.523,.523,1.3,1.6,.815,0.9,1.4,2.3,4.3,1.2,0.0,1.6,3.2,10.6)
(1985,118,Jay Humphries,SG,22,PHO,80,39,25.8,3.5,7.8,.446,0.1,0.3,.200,3.4,7.6,.454,.449,1.8,2.1,.829,0.4,1.7,2.1,4.4,1.3,0.1,2.1,2.6,8.8)
(1985,121,Dan Issel*,C,36,DEN,77,9,21.9,4.7,10.3,.459,0.0,0.1,.143,4.7,10.2,.462,.460,3.3,4.1,.806,1.0,3.3,4.3,1.8,0.8,0.4,1.2,2.2,12.8)
(1985,125,Eddie Johnson,SG,29,ATL,73,66,32.4,6.2,13.0,.479,0.3,1.0,.306,5.9,12.0,.493,.490,3.6,4.5,.798,0.5,2.1,2.6,7.8,0.6,0.1,3.3,2.5,16.3)
(1985,129,George Johnson,SF,28,PHI,55,3,13.7,1.9,4.8,.407,0.0,0.2,.100,1.9,4.6,.419,.409,0.9,1.0,.875,0.9,2.1,3.0,0.7,0.6,0.3,0.9,1.8,4.8)
(1985,133,Steve Johnson,C,27,CHI,74,54,22.4,3.8,7.0,.545,0.0,0.0,.000,3.8,6.9,.548,.545,2.4,3.4,.718,2.0,3.9,5.9,0.9,0.5,0.8,2.0,3.6,10.0)
(1985,137,Charles Jones,C,23,PHO,78,14,20.1,3.0,5.8,.520,0.0,0.1,.000,3.0,5.8,.524,.520,2.3,3.6,.648,1.8,3.3,5.1,1.6,0.6,0.8,1.8,1.9,8.4)
(1985,Rk,Player,Pos,Age,Tm,G,GS,MP,FG,FGA,FG%,3P,3PA,3P%,2P,2PA,2P%,eFG%,FT,FTA,FT%,ORB,DRB,TRB,AST,STL,BLK,TOV,PF,PTS)
(1985,144,Rich Kelley,C,31,UTA,77,34,16.6,1.3,2.8,.477,0.0,0.0,.000,1.3,2.8,.481,.477,1.1,1.5,.750,1.5,3.0,4.5,1.6,0.5,0.4,1.6,2.9,3.8)
(1985,148,Albert King,SF,25,NJN,42,7,20.5,5.4,11.0,.491,0.0,0.2,.000,5.4,10.8,.500,.491,2.0,2.5,.817,1.7,2.1,3.8,1.4,1.0,0.2,1.5,2.6,12.8)
(1985,152,Billy Knight,SF-SG,32,TOT,68,1,11.8,2.3,5.2,.441,0.2,0.4,.440,2.1,4.8,.441,.456,0.9,1.1,.877,0.7,1.0,1.7,1.2,0.2,0.0,1.0,0.9,5.7)
(1985,156,Bill Laimbeer,C,27,DET,82,82,35.3,7.3,14.4,.506,0.0,0.2,.222,7.2,14.1,.510,.507,3.0,3.7,.797,3.6,8.8,12.4,1.9,0.8,0.9,1.6,3.8,17.5)
(1985,160,Cliff Levingston,PF,24,ATL,74,53,27.3,3.9,7.5,.527,0.0,0.0,.000,3.9,7.4,.529,.527,2.0,3.0,.653,3.1,4.5,7.6,1.4,0.9,0.9,1.8,3.1,9.8)
(1985,163,John Long,SG,28,DET,66,55,27.6,6.5,13.4,.487,0.1,0.2,.333,6.5,13.2,.490,.490,1.6,1.9,.862,1.2,1.7,2.9,2.0,1.1,0.2,1.5,2.1,14.7)
(1985,167,Kyle Macy,PG,27,PHO,65,52,31.0,4.3,9.0,.485,0.4,1.3,.271,4.0,7.6,.521,.504,2.0,2.2,.907,0.5,2.2,2.8,5.8,1.3,0.0,1.7,2.0,11.0)
(1985,171,Pace Mannion,SF,24,UTA,34,0,5.6,0.8,1.9,.429,0.0,0.0,.000,0.8,1.8,.435,.429,0.5,0.7,.696,0.4,0.3,0.7,0.8,0.5,0.1,0.5,0.5,2.1)
(1985,175,Tim McCormick,C,22,SEA,78,27,20.3,3.4,6.2,.557,0.0,0.0,.000,3.4,6.2,.558,.557,2.4,3.4,.715,1.9,3.2,5.1,1.0,0.2,0.4,1.5,2.7,9.3)
(1985,179,Mike McGee,SF,25,LAL,76,3,15.4,4.3,8.1,.538,0.3,0.8,.361,4.0,7.3,.557,.556,1.2,2.1,.588,1.3,0.9,2.2,0.9,0.5,0.1,1.1,1.9,10.2)
(1985,182,Tom McMillen,C,32,WSB,69,21,22.4,3.7,7.7,.472,0.0,0.1,.000,3.7,7.7,.476,.472,1.6,2.0,.830,0.9,2.1,3.0,0.8,0.1,0.2,0.6,2.4,8.9)
(1985,186,Mike Mitchell,SF,29,SAS,82,82,34.8,9.5,19.0,.497,0.1,0.3,.217,9.4,18.7,.502,.499,3.3,4.2,.777,1.8,3.3,5.1,1.8,0.7,0.3,1.8,2.7,22.2)
(1985,190,Jay Murphy,PF,22,LAC,23,0,6.5,0.3,2.2,.160,0.0,0.0,.000,0.3,2.1,.163,.160,0.5,0.9,.571,0.3,1.5,1.8,0.2,0.0,0.1,0.3,0.9,1.2)
(1985,194,Ed Nealy,PF,24,KCK,22,0,10.2,1.2,2.0,.591,0.0,0.0,,1.2,2.0,.591,.591,0.5,0.9,.526,0.7,1.3,2.0,0.8,0.1,0.0,0.5,1.2,2.8)
(1985,198,Audie Norris,C,24,POR,78,13,14.3,1.7,3.1,.543,0.0,0.0,.000,1.7,3.1,.550,.543,1.7,2.6,.665,1.2,2.1,3.2,0.6,0.5,0.4,1.3,2.8,5.1)
(1985,201,Mark Olberding,PF,28,KCK,81,62,28.1,3.3,6.5,.502,0.0,0.0,.000,3.3,6.5,.505,.502,3.6,4.3,.832,1.7,4.6,6.3,3.0,0.7,0.1,2.3,3.7,10.2)
(1985,205,Billy Paultz,C,36,UTA,62,0,6.0,0.5,1.4,.368,0.0,0.0,,0.5,1.4,.368,.368,0.3,0.5,.643,0.4,1.2,1.5,0.3,0.1,0.2,0.5,0.8,1.3)
(1985,209,Jim Petersen,PF,22,HOU,60,0,11.9,1.2,2.4,.486,0.0,0.0,,1.2,2.4,.486,.486,0.8,1.1,.758,0.7,1.7,2.5,0.5,0.2,0.5,1.2,2.1,3.2)
(1985,213,David Pope,SF,22,KCK,22,0,5.9,0.8,2.4,.321,0.0,0.0,.000,0.8,2.4,.327,.321,0.3,0.6,.538,0.4,0.4,0.8,0.2,0.1,0.1,0.3,1.4,1.9)
(1985,217,Kelvin Ransey,PG,26,NJN,81,29,20.9,3.7,8.1,.459,0.0,0.1,.182,3.7,7.9,.463,.460,1.5,1.8,.859,0.5,1.1,1.6,4.4,1.1,0.1,1.4,1.7,8.9)
(1985,Rk,Player,Pos,Age,Tm,G,GS,MP,FG,FGA,FG%,3P,3PA,3P%,2P,2PA,2P%,eFG%,FT,FTA,FT%,ORB,DRB,TRB,AST,STL,BLK,TOV,PF,PTS)
(1985,224,Alvin Robertson,SG,22,SAS,79,9,21.3,3.8,7.6,.498,0.1,0.1,.364,3.7,7.5,.501,.502,1.6,2.1,.734,1.5,1.9,3.4,3.5,1.6,0.3,2.1,2.7,9.2)
(1985,228,Tree Rollins,C,29,ATL,70,60,25.0,2.7,4.8,.549,0.0,0.0,,2.7,4.8,.549,.549,1.0,1.3,.720,1.6,4.7,6.3,0.7,0.5,2.4,1.1,3.0,6.3)
(1985,232,Campy Russell,SF,33,CLE,3,0,8.0,0.7,2.3,.286,0.0,0.3,.000,0.7,2.0,.333,.286,0.7,1.0,.667,0.0,1.7,1.7,1.0,0.0,0.0,1.7,1.0,2.0)
(1985,236,Wayne Sappleton,PF,24,NJN,33,0,9.0,1.2,2.6,.471,0.0,0.0,,1.2,2.6,.471,.471,0.4,1.0,.412,0.8,1.4,2.3,0.2,0.2,0.1,0.6,1.5,2.9)
(1985,240,Alvin Scott,SF,29,PHO,77,18,16.1,1.4,3.4,.429,0.0,0.1,.200,1.4,3.3,.433,.431,0.7,1.0,.716,0.6,1.5,2.1,1.6,0.5,0.3,0.8,1.6,3.6)
(1985,243,Lonnie Shelton,PF,29,CLE,57,14,21.8,2.8,6.4,.435,0.0,0.1,.000,2.8,6.3,.441,.435,0.9,1.4,.662,1.4,3.2,4.7,1.7,0.8,0.3,1.3,3.3,6.4)
(1985,247,Charlie Sitton,SF,22,DAL,43,0,7.1,0.9,2.2,.415,0.0,0.0,.000,0.9,2.1,.424,.415,0.3,0.6,.520,0.6,0.8,1.4,0.6,0.2,0.1,0.4,1.2,2.1)
(1985,251,Robert Smith,PG,29,CLE,7,0,6.9,0.6,2.4,.235,0.0,0.6,.000,0.6,1.9,.308,.235,1.1,1.4,.800,0.0,0.6,0.6,1.0,0.3,0.0,0.4,0.9,2.3)
(1985,255,Terence Stansbury,SG,23,IND,74,14,17.3,2.8,6.2,.459,0.1,0.3,.160,2.8,5.9,.476,.463,1.4,1.7,.810,0.5,1.0,1.5,1.7,0.6,0.2,1.1,2.8,7.1)
(1985,259,Jon Sundvold,PG,23,SEA,73,1,15.8,2.3,5.5,.425,0.2,0.5,.316,2.2,5.0,.436,.440,0.7,0.8,.814,0.2,0.7,1.0,2.8,0.5,0.0,1.2,1.2,5.5)
(1985,262,Reggie Theus,SG,27,KCK,82,80,31.0,6.1,12.5,.487,0.1,0.5,.132,6.0,12.1,.501,.489,4.1,4.7,.863,1.3,2.0,3.3,8.0,1.2,0.2,3.7,3.0,16.4)
(1985,266,Jim Thomas,SG,24,IND,80,52,25.7,4.3,9.1,.478,0.1,0.5,.190,4.2,8.6,.496,.483,2.3,2.9,.782,0.9,2.3,3.3,2.9,1.0,0.1,1.6,2.4,11.1)
(1985,270,Paul Thompson,SF,23,TOT,49,27,19.2,3.9,9.4,.412,0.1,0.6,.200,3.7,8.8,.427,.418,1.4,1.8,.793,1.2,2.1,3.2,1.6,1.1,0.5,1.2,2.4,9.2)
(1985,274,Linton Townes,SF,25,SAS,1,0,8.0,0.0,6.0,.000,0.0,0.0,,0.0,6.0,.000,.000,2.0,2.0,1.000,1.0,0.0,1.0,0.0,0.0,0.0,0.0,1.0,2.0)
(1985,278,Jeff Turner,PF,22,NJN,72,36,19.8,2.4,5.2,.454,0.0,0.0,.000,2.4,5.2,.457,.454,1.1,1.3,.859,1.2,1.8,3.0,1.5,0.4,0.1,1.3,3.4,5.8)
(1985,281,Darnell Valentine,PG,25,POR,75,59,30.4,4.3,9.1,.473,0.0,0.0,.000,4.3,9.0,.474,.473,3.1,3.9,.793,0.7,2.2,2.9,7.0,1.9,0.1,2.6,2.5,11.6)
(1985,285,Danny Vranes,SF,26,SEA,76,70,28.5,2.4,5.3,.463,0.0,0.1,.250,2.4,5.2,.465,.464,0.9,1.7,.528,2.0,3.7,5.7,2.0,1.0,0.8,1.6,3.4,5.8)
(1985,289,Bryan Warrick,PG,25,LAC,58,1,12.3,1.5,3.0,.491,0.0,0.1,.250,1.4,2.9,.497,.494,0.8,1.0,.772,0.2,0.8,1.0,2.6,0.4,0.1,1.2,1.5,3.7)
(1985,293,Rory White,PF,25,LAC,80,14,13.8,1.8,3.5,.516,0.0,0.0,,1.8,3.5,.516,.516,1.1,1.6,.692,1.2,1.3,2.4,0.4,0.4,0.3,1.1,1.4,4.7)
(1985,297,Jamaal Wilkes*,SF,31,LAL,42,8,18.1,3.5,7.2,.488,0.0,0.0,.000,3.5,7.2,.490,.488,1.2,1.6,.773,0.8,1.4,2.2,1.0,0.5,0.1,1.2,1.5,8.3)
(1985,Rk,Player,Pos,Age,Tm,G,GS,MP,FG,FGA,FG%,3P,3PA,3P%,2P,2PA,2P%,eFG%,FT,FTA,FT%,ORB,DRB,TRB,AST,STL,BLK,TOV,PF,PTS)
(1985,304,Guy Williams,SF,24,WSB,21,0,5.7,1.4,3.0,.460,0.0,0.2,.250,1.3,2.8,.475,.468,0.1,0.2,.400,0.7,0.6,1.3,0.4,0.2,0.1,0.4,0.8,2.9)
(1985,308,Sam Williams,PF,25,PHI,46,8,10.6,1.3,3.2,.392,0.0,0.0,.000,1.3,3.2,.395,.392,0.6,1.0,.596,0.8,1.5,2.3,0.2,0.6,0.6,1.0,2.0,3.1)
(1985,312,Othell Wilson,PG,23,GSW,74,23,17.0,1.8,3.9,.460,0.0,0.2,.188,1.8,3.7,.476,.466,0.7,1.0,.711,0.5,1.3,1.8,2.9,1.0,0.2,1.3,1.6,4.4)
(1985,316,Mike Woodson,SG,26,KCK,78,3,25.6,6.8,13.7,.496,0.1,0.3,.238,6.7,13.4,.501,.499,3.4,4.2,.800,0.9,1.7,2.5,1.8,1.5,0.4,1.8,2.8,17.0)
(1985,320,Michael Young,SF,24,PHO,2,0,5.5,1.0,3.0,.333,0.0,0.5,.000,1.0,2.5,.400,.333,0.0,0.0,,0.5,0.5,1.0,0.0,0.0,0.0,0.0,0.0,2.0)
