(1985,2,Alvan Adams,PF,30,PHO,82,69,26.0,5.8,11.2,.520,0.0,0.0,,5.8,11.2,.520,.520,3.0,3.5,.883,1.9,4.2,6.1,3.8,1.4,0.6,2.4,3.1,14.7)
(1985,6,J.J. Anderson,SF,24,UTA,44,0,10.4,1.4,3.4,.409,0.0,0.0,.000,1.4,3.3,.415,.409,0.6,1.0,.600,0.7,1.2,1.9,0.5,0.7,0.2,0.7,1.6,3.4)
(1985,10,Thurl Bailey,PF,23,UTA,80,68,31.0,6.3,12.9,.490,0.0,0.0,1.000,6.3,12.9,.490,.491,2.5,2.9,.842,1.9,4.7,6.6,1.7,0.6,1.3,1.9,2.7,15.2)
(1985,14,Charles Barkley*,PF,21,PHI,82,60,28.6,5.2,9.5,.545,0.0,0.1,.167,5.2,9.5,.548,.546,3.6,4.9,.733,3.2,5.3,8.6,1.9,1.2,1.0,2.5,3.7,14.0)
(1985,18,Rolando Blackman,SG,25,DAL,81,80,35.0,7.7,15.2,.508,0.1,0.2,.300,7.6,14.9,.512,.511,4.2,5.1,.828,1.3,2.4,3.7,3.6,0.8,0.2,2.0,1.2,19.7)
(1985,21,Dudley Bradley,SG,27,WSB,73,24,16.9,1.9,4.1,.475,0.3,0.9,.313,1.7,3.2,.519,.508,0.7,1.1,.684,0.5,1.4,1.8,2.4,1.3,0.3,1.2,2.1,4.9)
(1985,25,Frank Brickowski,C,25,SEA,78,9,14.3,1.9,3.9,.492,0.0,0.1,.000,1.9,3.9,.498,.492,1.1,1.6,.669,1.0,2.4,3.3,1.3,0.4,0.2,1.3,2.2,4.9)
(1985,29,Wallace Bryant,C,25,DAL,56,35,15.4,1.2,2.6,.453,0.0,0.0,,1.2,2.6,.453,.453,0.5,0.8,.682,1.3,3.0,4.3,1.5,0.4,0.4,0.8,2.0,2.9)
(1985,33,Michael Cage,PF,23,LAC,75,41,21.5,2.9,5.3,.543,0.0,0.0,,2.9,5.3,.543,.543,1.3,1.8,.737,1.7,3.5,5.2,0.7,0.5,0.4,1.1,2.2,7.1)
(1985,37,Kenny Carr,PF,29,POR,48,30,23.3,4.0,7.6,.523,0.0,0.1,.000,4.0,7.5,.528,.523,2.5,3.4,.720,1.9,4.9,6.7,1.2,0.5,0.4,2.1,2.9,10.4)
(1985,Rk,Player,Pos,Age,Tm,G,GS,MP,FG,FGA,FG%,3P,3PA,3P%,2P,2PA,2P%,eFG%,FT,FTA,FT%,ORB,DRB,TRB,AST,STL,BLK,TOV,PF,PTS)
(1985,44,Maurice Cheeks,PG,28,PHI,78,78,33.5,5.4,9.5,.570,0.1,0.3,.231,5.3,9.2,.582,.574,2.2,2.6,.879,0.7,2.1,2.8,6.4,2.2,0.3,2.0,2.4,13.1)
(1985,48,Lester Conner,PG,25,GSW,79,49,28.6,3.1,6.9,.451,0.1,0.3,.200,3.1,6.7,.460,.454,1.8,2.4,.750,1.1,2.0,3.1,4.7,2.0,0.2,1.7,1.7,8.1)
(1985,52,Michael Cooper,SG,28,LAL,82,20,26.7,3.4,7.2,.465,0.4,1.5,.285,2.9,5.7,.513,.495,1.4,1.6,.865,0.7,2.4,3.1,5.2,1.1,0.6,1.9,2.5,8.6)
(1985,56,Pat Cummings,C,28,NYK,63,63,32.8,6.5,12.7,.514,0.0,0.1,.000,6.5,12.6,.517,.514,2.8,3.6,.780,2.2,6.0,8.2,1.7,0.8,0.3,2.6,3.9,15.8)
(1985,60,Adrian Dantley*,SF,28,UTA,55,46,35.8,9.3,17.5,.531,0.0,0.0,,9.3,17.5,.531,.531,8.0,9.9,.804,2.7,3.2,5.9,3.4,1.0,0.1,3.1,2.4,26.6)
(1985,63,Johnny Davis,PG,29,CLE,76,30,25.3,4.4,10.4,.426,0.2,0.6,.261,4.3,9.8,.436,.434,3.4,3.9,.850,0.5,1.1,1.6,5.6,0.6,0.1,2.0,1.8,12.4)
(1985,67,James Donaldson,C,27,LAC,82,58,29.2,4.3,6.7,.637,0.0,0.0,,4.3,6.7,.637,.637,2.8,3.7,.749,2.0,6.1,8.1,0.6,0.3,1.6,2.5,2.6,11.3)
(1985,71,Mike Dunleavy,PG,30,MIL,19,19,22.8,3.4,7.1,.474,0.8,2.5,.340,2.5,4.6,.545,.533,1.3,1.5,.862,0.3,1.3,1.6,4.5,0.8,0.2,2.1,2.9,8.9)
(1985,75,Jerry Eaves,PG,25,ATL,3,0,12.3,1.0,2.0,.500,0.0,0.0,,1.0,2.0,.500,.500,1.7,2.0,.833,0.0,0.0,0.0,1.3,0.0,0.0,1.3,2.0,3.7)
(1985,79,Craig Ehlo,SG,23,HOU,45,0,4.2,0.8,1.5,.493,0.0,0.1,.000,0.8,1.5,.515,.493,0.4,0.7,.633,0.2,0.4,0.6,0.6,0.2,0.1,0.5,0.6,1.9)
(1985,82,Alex English*,SF,31,DEN,81,81,36.1,11.6,22.4,.518,0.0,0.1,.200,11.6,22.3,.519,.518,4.7,5.7,.829,2.5,3.1,5.7,4.2,1.2,0.6,3.1,3.2,27.9)
(1985,86,Vern Fleming,PG,22,IND,80,65,31.1,5.4,11.5,.470,0.0,0.1,.000,5.4,11.5,.472,.470,3.3,4.2,.767,1.9,2.2,4.0,3.1,1.2,0.1,2.5,2.9,14.1)
(1985,90,World B. Free,SG,31,CLE,71,50,31.7,8.6,18.7,.459,1.0,2.7,.368,7.6,16.0,.474,.485,4.3,5.8,.749,0.9,2.1,3.0,4.5,1.1,0.2,2.0,2.3,22.5)
(1985,94,Mike Glenn,SG,29,ATL,60,5,18.8,3.8,6.5,.588,0.0,0.0,.000,3.8,6.4,.591,.588,1.0,1.3,.816,0.3,1.0,1.4,2.0,0.5,0.0,0.9,1.2,8.6)
(1985,98,Butch Graves,SG,23,CLE,4,0,2.8,0.5,1.5,.333,0.0,0.3,.000,0.5,1.3,.400,.333,0.3,1.3,.200,0.0,0.5,0.5,0.3,0.3,0.0,0.3,1.0,1.3)
(1985,101,Sidney Green,PF,24,CHI,48,1,15.4,2.3,5.2,.432,0.0,0.1,.000,2.3,5.1,.439,.432,1.6,2.0,.806,1.5,3.6,5.1,0.6,0.2,0.3,1.4,2.1,6.1)
(1985,105,Ernie Grunfeld,SF,29,NYK,69,0,15.4,2.7,5.6,.490,0.0,0.1,.250,2.7,5.4,.495,.492,1.1,1.5,.740,0.6,1.6,2.2,1.5,0.7,0.1,0.6,1.9,6.6)
(1985,109,Scott Hastings,PF,24,ATL,64,1,12.9,1.4,2.9,.473,0.0,0.0,,1.4,2.9,.473,.473,1.0,1.3,.778,0.9,1.6,2.5,0.7,0.4,0.4,0.8,2.1,3.8)
(1985,113,Roy Hinson,PF,23,CLE,76,75,30.8,6.1,12.2,.503,0.0,0.0,.000,6.1,12.1,.504,.503,3.6,4.9,.721,2.4,5.4,7.8,0.9,0.7,2.3,2.3,4.1,15.8)
(1985,117,Phil Hubbard,SF,28,CLE,76,55,29.6,5.5,10.8,.505,0.0,0.1,.000,5.5,10.8,.507,.505,4.9,6.5,.751,2.8,3.5,6.3,1.5,1.1,0.1,2.3,3.4,15.8)
(1985,Rk,Player,Pos,Age,Tm,G,GS,MP,FG,FGA,FG%,3P,3PA,3P%,2P,2PA,2P%,eFG%,FT,FTA,FT%,ORB,DRB,TRB,AST,STL,BLK,TOV,PF,PTS)
(1985,124,Dennis Johnson*,PG,30,BOS,80,77,37.2,6.2,13.3,.462,0.1,0.3,.269,6.1,13.0,.467,.466,3.3,3.8,.853,1.1,2.8,4.0,6.8,1.2,0.5,2.7,2.8,15.7)
(1985,128,George Johnson,C,36,NJN,65,0,12.3,0.6,1.2,.532,0.0,0.0,1.000,0.6,1.2,.526,.538,0.3,0.4,.815,1.1,1.7,2.8,0.3,0.3,1.2,0.6,2.3,1.6)
(1985,132,Mickey Johnson,PF,32,GSW,66,9,23.7,4.6,10.8,.426,0.1,0.5,.233,4.5,10.4,.434,.431,3.9,4.8,.823,2.3,3.7,6.0,2.3,1.1,0.5,2.2,3.3,13.3)
(1985,136,Caldwell Jones,C,34,CHI,42,32,21.1,1.3,2.7,.461,0.0,0.0,.000,1.3,2.7,.469,.461,0.9,1.1,.766,1.2,3.9,5.0,0.8,0.3,0.7,1.0,3.0,3.4)
(1985,140,Edgar Jones,PF,28,TOT,44,5,17.5,3.0,6.3,.473,0.0,0.1,.000,3.0,6.2,.480,.473,1.9,2.5,.739,1.1,2.8,3.9,0.7,0.5,0.7,1.4,2.8,7.8)
(1985,143,Michael Jordan*,SG,21,CHI,82,82,38.3,10.2,19.8,.515,0.1,0.6,.173,10.1,19.2,.526,.518,7.7,9.1,.845,2.0,4.5,6.5,5.9,2.4,0.8,3.5,3.5,28.2)
(1985,147,Jerome Kersey,SF,22,POR,77,0,12.4,2.3,4.8,.478,0.0,0.0,.000,2.3,4.8,.482,.478,1.5,2.4,.646,1.2,1.4,2.7,0.8,0.6,0.4,0.9,1.9,6.1)
(1985,151,Greg Kite,C,23,BOS,55,4,7.7,0.6,1.6,.375,0.0,0.0,,0.6,1.6,.375,.375,0.4,0.6,.688,0.7,0.9,1.6,0.3,0.1,0.2,0.5,1.5,1.6)
(1985,155,Tom LaGarde,C,29,NJN,1,0,8.0,0.0,1.0,.000,0.0,0.0,,0.0,1.0,.000,.000,1.0,2.0,.500,1.0,1.0,2.0,0.0,0.0,0.0,1.0,2.0,1.0)
(1985,159,Fat Lever,PG,24,DEN,82,82,31.2,5.2,12.0,.430,0.1,0.3,.250,5.1,11.7,.435,.434,2.4,3.1,.770,1.8,3.2,5.0,7.5,2.5,0.4,2.5,2.8,12.8)
(1985,162,Lewis Lloyd,SG,25,HOU,82,58,26.0,5.6,10.6,.526,0.0,0.1,.250,5.5,10.5,.528,.527,2.0,2.7,.732,1.2,1.6,2.8,3.4,0.9,0.3,2.2,2.4,13.1)
(1985,166,Maurice Lucas,PF,32,PHO,63,22,26.5,5.5,11.5,.476,0.0,0.1,.000,5.5,11.5,.479,.476,2.4,3.2,.750,2.2,6.7,8.8,2.3,0.6,0.3,2.4,2.9,13.4)
(1985,170,Moses Malone*,C,29,PHI,79,79,37.4,7.6,16.3,.469,0.0,0.0,.000,7.6,16.2,.470,.469,9.3,11.4,.815,4.9,8.2,13.1,1.6,0.8,1.6,3.6,2.7,24.6)
(1985,174,Bob McAdoo*,C,33,LAL,66,0,19.0,4.3,8.3,.520,0.0,0.0,.000,4.3,8.3,.521,.520,1.8,2.5,.753,1.2,3.3,4.5,1.0,0.3,0.8,1.4,2.6,10.5)
(1985,178,Hank McDowell,PF,25,HOU,34,0,3.9,0.6,1.2,.476,0.0,0.0,.000,0.6,1.2,.488,.476,0.2,0.3,.700,0.2,0.4,0.6,0.3,0.1,0.1,0.2,0.6,1.4)
(1985,181,Kevin McKenna,SG,26,NJN,29,7,18.4,2.1,4.6,.455,0.2,0.4,.385,1.9,4.2,.463,.474,1.3,1.5,.884,0.7,1.0,1.7,2.0,1.0,0.2,1.1,2.2,5.7)
(1985,185,Larry Micheaux,PF,24,TOT,57,0,9.9,1.6,2.8,.580,0.0,0.1,.000,1.6,2.7,.591,.580,0.5,0.8,.674,1.1,1.4,2.5,0.5,0.4,0.4,0.6,1.3,3.7)
(1985,189,Johnny Moore,PG,26,SAS,82,82,32.8,5.1,11.1,.457,0.3,1.1,.281,4.8,10.0,.476,.471,2.3,3.0,.762,1.1,3.5,4.6,10.0,2.8,0.2,2.9,3.0,12.8)
(1985,193,Kenny Natt,SG,26,TOT,8,0,3.6,0.3,0.8,.333,0.0,0.0,,0.3,0.8,.333,.333,0.3,0.5,.500,0.3,0.1,0.4,0.4,0.3,0.0,0.4,0.4,0.8)
(1985,197,Norm Nixon,PG,29,LAC,81,81,35.7,7.4,15.8,.465,0.4,1.2,.333,7.0,14.6,.476,.478,2.1,2.7,.780,0.7,2.0,2.7,8.8,1.2,0.0,3.4,2.2,17.2)
(1985,Rk,Player,Pos,Age,Tm,G,GS,MP,FG,FGA,FG%,3P,3PA,3P%,2P,2PA,2P%,eFG%,FT,FTA,FT%,ORB,DRB,TRB,AST,STL,BLK,TOV,PF,PTS)
(1985,204,Robert Parish*,C,31,BOS,79,78,36.1,7.0,12.9,.542,0.0,0.0,,7.0,12.9,.542,.542,3.7,5.0,.743,3.3,7.3,10.6,1.6,0.7,1.3,2.4,2.8,17.6)
(1985,208,Sam Perkins,PF,23,DAL,82,42,28.3,4.2,9.0,.471,0.1,0.4,.250,4.1,8.5,.483,.478,2.4,3.0,.820,2.3,5.1,7.4,1.6,0.8,0.8,1.2,2.9,11.0)
(1985,212,Gary Plummer,PF,22,GSW,66,0,10.6,1.4,3.5,.397,0.0,0.1,.250,1.4,3.5,.399,.399,1.0,1.4,.707,0.8,1.2,2.0,0.4,0.2,0.2,0.8,1.9,3.8)
(1985,216,Kurt Rambis,PF,26,LAL,82,46,19.7,2.2,4.0,.554,0.0,0.0,,2.2,4.0,.554,.554,0.8,1.3,.660,2.0,4.4,6.4,0.8,1.0,0.6,1.2,2.6,5.2)
(1985,220,Clint Richardson,SG,28,PHI,74,20,20.7,2.5,5.5,.453,0.0,0.0,.333,2.5,5.4,.454,.454,1.0,1.2,.854,0.8,1.3,2.1,2.1,0.5,0.2,1.1,1.9,6.0)
(1985,223,Fred Roberts,PF,24,TOT,74,0,15.9,2.8,5.6,.498,0.0,0.0,1.000,2.8,5.6,.496,.499,2.0,2.5,.824,1.1,1.5,2.5,1.2,0.4,0.3,1.2,1.9,7.7)
(1985,227,Truck Robinson,PF,33,NYK,2,1,17.5,1.0,2.5,.400,0.0,0.0,,1.0,2.5,.400,.400,0.0,1.0,.000,3.0,1.5,4.5,1.5,1.0,1.5,2.5,1.5,2.0)
(1985,231,Jeff Ruland,C,26,WSB,37,36,38.8,6.8,11.9,.569,0.0,0.1,.000,6.8,11.8,.572,.569,5.4,7.9,.685,3.4,7.6,11.1,4.4,0.8,0.7,4.8,3.5,18.9)
(1985,235,Mike Sanders,SF,24,PHO,21,11,19.9,4.0,8.3,.486,0.0,0.0,,4.0,8.3,.486,.486,2.1,2.8,.763,1.8,2.4,4.2,1.4,1.1,0.2,1.6,2.8,10.2)
(1985,239,John Schweitz,SG,24,SEA,19,0,5.8,1.3,3.9,.338,0.0,0.2,.000,1.3,3.7,.357,.338,0.4,0.5,.700,0.3,0.8,1.1,0.9,0.0,0.1,0.7,0.6,3.0)
(1985,242,Tom Sewell,SG,22,WSB,21,0,4.1,0.4,1.7,.250,0.0,0.1,.000,0.4,1.6,.265,.250,0.1,0.2,.500,0.1,0.1,0.2,0.3,0.1,0.0,0.3,0.6,1.0)
(1985,246,Jack Sikma,C,29,SEA,68,68,35.3,6.8,13.9,.489,0.0,0.1,.200,6.8,13.7,.492,.490,4.9,5.8,.852,2.4,8.2,10.6,4.2,1.2,1.3,2.4,3.5,18.5)
(1985,250,Larry Smith,PF,27,GSW,80,78,31.2,4.6,8.6,.530,0.0,0.0,,4.6,8.6,.530,.530,1.9,3.2,.605,5.1,5.8,10.9,1.2,1.0,0.7,2.0,3.6,11.1)
(1985,254,Larry Spriggs,PF,25,LAL,75,32,17.2,2.6,4.7,.548,0.0,0.0,.000,2.6,4.7,.553,.548,1.5,1.9,.767,1.0,2.0,3.0,1.8,0.6,0.2,1.5,2.6,6.7)
(1985,258,John Stockton*,PG,22,UTA,82,5,18.2,1.9,4.1,.471,0.0,0.1,.182,1.9,3.9,.481,.474,1.7,2.4,.736,0.3,1.0,1.3,5.1,1.3,0.1,1.8,2.5,5.6)
(1985,261,Terry Teagle,SG,24,TOT,21,3,16.6,3.5,6.5,.540,0.1,0.2,.500,3.4,6.3,.541,.547,1.2,1.7,.714,1.0,1.0,2.0,0.7,0.6,0.2,0.7,1.7,8.3)
(1985,265,Isiah Thomas*,PG,23,DET,81,81,38.1,8.0,17.4,.458,0.4,1.4,.257,7.6,16.0,.476,.468,4.9,6.1,.809,1.4,3.0,4.5,13.9,2.3,0.3,3.7,3.6,21.2)
(1985,269,Mychal Thompson,PF,30,POR,79,55,33.1,7.2,14.1,.515,0.0,0.0,,7.2,14.1,.515,.515,3.9,5.7,.684,2.7,5.2,7.8,2.6,1.0,1.3,2.9,2.7,18.4)
(1985,273,Andrew Toney,SG,27,PHI,70,65,32.0,6.4,13.1,.492,0.6,1.5,.371,5.9,11.6,.508,.514,4.4,5.1,.862,0.5,2.0,2.5,5.2,0.9,0.3,3.2,3.0,17.8)
(1985,277,Elston Turner,SF,25,DEN,81,2,18.4,2.2,4.8,.466,0.0,0.1,.167,2.2,4.7,.471,.468,0.6,0.8,.785,1.1,1.6,2.7,2.0,1.2,0.1,0.9,1.9,5.1)
(1985,Rk,Player,Pos,Age,Tm,G,GS,MP,FG,FGA,FG%,3P,3PA,3P%,2P,2PA,2P%,eFG%,FT,FTA,FT%,ORB,DRB,TRB,AST,STL,BLK,TOV,PF,PTS)
(1985,284,Jay Vincent,PF,25,DAL,79,47,32.2,6.9,14.4,.479,0.0,0.1,.000,6.9,14.4,.481,.479,4.4,5.3,.836,2.3,6.6,8.9,2.1,0.6,0.3,2.2,2.9,18.2)
(1985,288,Bill Walton*,C,32,LAC,67,37,24.6,4.0,7.7,.521,0.0,0.0,.000,4.0,7.7,.523,.521,2.1,3.0,.680,2.5,6.4,9.0,2.3,0.7,2.1,2.6,2.7,10.1)
(1985,292,Ennis Whatley,PG,22,CHI,70,44,19.8,2.0,4.5,.447,0.0,0.1,.111,2.0,4.3,.457,.449,1.0,1.2,.791,0.5,1.0,1.4,5.4,0.9,0.1,2.1,2.0,5.0)
(1985,296,Mitchell Wiggins,SG,25,HOU,82,24,19.2,3.9,8.0,.484,0.1,0.3,.261,3.8,7.7,.492,.489,1.2,1.6,.733,1.3,1.5,2.9,1.5,1.0,0.2,1.1,2.4,9.0)
(1985,300,Jeff Wilkins,C,29,UTA,79,0,19.1,3.6,7.4,.490,0.0,0.0,.000,3.6,7.4,.491,.490,0.8,1.0,.763,1.0,3.6,4.6,1.0,0.4,0.2,1.2,2.2,8.0)
(1985,303,Gus Williams,PG,31,WSB,79,78,37.5,8.1,18.8,.430,0.6,2.2,.290,7.4,16.5,.449,.447,3.2,4.4,.725,0.9,1.6,2.5,7.7,2.3,0.4,2.7,2.0,20.0)
(1985,307,Ray Williams,PG,30,BOS,23,5,20.0,2.4,6.2,.385,0.3,1.0,.261,2.1,5.2,.408,.406,1.3,2.0,.674,0.7,1.8,2.5,3.9,1.3,0.2,1.8,2.4,6.4)
(1985,311,Michael Wilson,SG,25,TOT,19,0,14.1,1.9,4.1,.468,0.0,0.0,,1.9,4.1,.468,.468,1.4,1.9,.750,0.7,0.9,1.6,1.8,0.7,0.3,1.1,1.1,5.2)
(1985,315,Leon Wood,PG,22,PHI,38,1,7.1,1.3,3.5,.373,0.1,0.8,.133,1.2,2.7,.442,.388,0.5,0.7,.692,0.1,0.4,0.5,1.2,0.2,0.0,0.7,0.4,3.2)
(1985,319,Danny Young,PG,22,SEA,3,0,8.7,0.7,3.3,.200,0.0,0.3,.000,0.7,3.0,.222,.200,0.0,0.0,,0.0,1.0,1.0,0.7,1.0,0.0,0.7,0.7,1.3)
