(2008,2,Arron Afflalo,SG,22,DET,75,9,12.9,1.3,3.2,.411,0.1,0.6,.208,1.2,2.6,.461,.432,0.9,1.2,.782,0.5,1.3,1.8,0.7,0.4,0.1,0.5,1.1,3.7)
(2008,6,Malik Allen,PF,29,TOT,73,16,15.0,2.2,4.5,.480,0.0,0.0,.500,2.1,4.5,.480,.482,0.3,0.3,.920,0.9,1.8,2.7,0.6,0.3,0.4,0.6,2.0,4.6)
(2008,10,Morris Almond,SG,22,UTA,9,0,4.3,0.4,1.7,.267,0.1,0.4,.250,0.3,1.2,.273,.300,0.4,0.7,.667,0.0,0.2,0.2,0.3,0.1,0.0,0.2,0.6,1.4)
(2008,14,Derek Anderson,SG,33,CHA,28,0,14.1,1.7,4.5,.376,0.7,1.9,.365,1.0,2.6,.384,.452,1.0,1.4,.737,0.3,1.5,1.9,1.6,0.4,0.0,0.9,1.8,5.0)
(2008,18,Trevor Ariza,SF,22,TOT,35,3,15.6,2.0,3.9,.507,0.1,0.5,.278,1.8,3.4,.542,.526,1.4,2.1,.653,0.9,2.2,3.1,1.3,0.9,0.3,0.7,1.3,5.5)
(2008,21,Carlos Arroyo,PG,28,ORL,62,20,20.5,2.5,5.6,.451,0.5,1.4,.345,2.1,4.3,.485,.493,1.4,1.6,.853,0.2,1.7,1.8,3.5,0.4,0.0,1.2,1.4,6.9)
(2008,25,Renaldo Balkman,SF,23,NYK,65,0,14.6,1.4,2.9,.489,0.0,0.2,.083,1.4,2.7,.517,.492,0.6,1.5,.432,1.3,2.0,3.3,0.6,0.7,0.5,0.6,2.0,3.4)
(2008,29,Andrea Bargnani,PF,22,TOR,78,53,23.9,3.6,9.3,.386,1.2,3.3,.345,2.4,5.9,.409,.448,1.8,2.2,.840,0.6,3.1,3.7,1.1,0.3,0.5,1.1,2.7,10.2)
(2008,33,Brent Barry,SF,36,SAS,31,1,17.9,2.5,5.2,.481,1.5,3.6,.429,0.9,1.5,.604,.631,0.6,0.6,.950,0.4,1.4,1.8,1.7,0.5,0.1,0.6,1.4,7.1)
(2008,37,Marco Belinelli,PG,21,GSW,33,0,7.3,1.1,2.8,.387,0.5,1.2,.390,0.6,1.6,.385,.473,0.2,0.3,.778,0.1,0.3,0.4,0.5,0.2,0.0,0.4,0.5,2.9)
(2008,Rk,Player,Pos,Age,Tm,G,GS,MP,FG,FGA,FG%,3P,3PA,3P,2P,2PA,2P,eFG%,FT,FTA,FT%,ORB,DRB,TRB,AST,STL,BLK,TOV,PF,PTS)
(2008,44,Andray Blatche,PF,21,WAS,82,15,20.4,3.1,6.5,.474,0.0,0.2,.231,3.1,6.4,.480,.477,1.3,1.9,.695,2.0,3.2,5.2,1.1,0.6,1.4,1.4,3.1,7.5)
(2008,48,Matt Bonner,PF,27,SAS,68,3,12.5,1.8,4.3,.416,0.7,2.0,.336,1.1,2.3,.487,.495,0.6,0.6,.864,0.8,2.0,2.8,0.5,0.2,0.3,0.6,1.6,4.8)
(2008,52,Chris Bosh,C,23,TOR,67,67,36.2,7.6,15.3,.494,0.1,0.4,.400,7.4,15.0,.496,.499,7.0,8.3,.844,2.6,6.1,8.7,2.6,0.9,1.0,2.3,2.3,22.3)
(2008,56,Elton Brand,PF,28,LAC,8,6,34.3,6.5,14.3,.456,0.0,0.0,,6.5,14.3,.456,.456,4.6,5.9,.787,2.6,5.4,8.0,2.0,0.4,1.9,2.1,2.6,17.6)
(2008,60,Aaron Brooks,PG,23,HOU,51,0,11.9,1.8,4.4,.413,0.7,2.1,.330,1.1,2.3,.491,.493,0.8,1.0,.857,0.3,0.8,1.1,1.7,0.3,0.1,0.9,1.4,5.2)
(2008,63,Kwame Brown,C,25,TOT,38,15,18.8,1.9,3.7,.507,0.0,0.0,,1.9,3.7,.507,.507,1.1,2.6,.408,1.3,3.6,4.9,1.2,0.6,0.6,1.3,2.2,4.8)
(2008,67,Greg Buckner,SG,31,MIN,31,4,16.8,1.5,3.8,.385,0.5,1.6,.300,1.0,2.2,.448,.449,0.6,0.7,.864,0.3,1.8,2.1,1.3,0.7,0.1,0.9,2.0,4.0)
(2008,71,Jose Calderon,PG,26,TOR,82,56,30.3,4.5,8.6,.519,1.0,2.2,.429,3.5,6.4,.551,.575,1.3,1.5,.908,0.4,2.5,2.9,8.3,1.1,0.1,1.5,1.6,11.2)
(2008,75,Matt Carroll,SG,27,CHA,80,18,25.2,3.2,7.4,.428,1.3,3.0,.436,1.8,4.4,.422,.517,1.4,1.7,.804,0.4,2.4,2.8,0.9,0.6,0.2,0.7,2.3,9.0)
(2008,79,Tyson Chandler,C,25,NOH,79,79,35.2,4.8,7.7,.623,0.0,0.0,.000,4.8,7.6,.624,.623,2.2,3.7,.593,4.1,7.7,11.7,1.0,0.6,1.1,1.7,3.1,11.8)
(2008,82,Jarron Collins,C,29,UTA,70,9,10.0,0.5,1.2,.439,0.0,0.0,.000,0.5,1.2,.444,.439,0.7,1.1,.622,0.6,1.1,1.7,0.5,0.1,0.1,0.3,1.5,1.7)
(2008,86,Mike Conley,PG,20,MEM,53,46,26.1,3.6,8.3,.428,0.6,1.7,.330,3.0,6.6,.453,.462,1.7,2.3,.732,0.4,2.2,2.6,4.2,0.8,0.0,1.7,1.6,9.4)
(2008,90,Javaris Crittenton,SG,20,TOT,50,0,13.6,2.0,4.7,.421,0.2,0.7,.270,1.8,3.9,.449,.442,1.4,2.1,.692,0.5,1.7,2.2,1.0,0.4,0.0,1.1,0.9,5.6)
(2008,94,Erick Dampier,C,32,DAL,72,64,24.4,2.5,3.8,.643,0.0,0.0,,2.5,3.8,.643,.643,1.2,2.0,.575,2.9,4.6,7.5,0.9,0.3,1.5,1.1,3.1,6.1)
(2008,98,Baron Davis,PG,28,GSW,82,82,39.0,7.9,18.6,.426,2.1,6.4,.330,5.8,12.2,.477,.483,3.9,5.2,.750,1.2,3.5,4.7,7.6,2.3,0.5,2.8,3.0,21.8)
(2008,101,Ricky Davis,SF,28,MIA,82,47,36.1,5.1,11.8,.433,1.6,4.1,.405,3.5,7.8,.447,.502,1.9,2.4,.787,0.7,3.6,4.3,3.4,1.1,0.2,2.3,2.3,13.8)
(2008,105,Yakhouba Diawara,SG,25,DEN,54,14,10.0,1.0,2.5,.410,0.4,1.2,.318,0.6,1.3,.500,.489,0.4,0.6,.710,0.4,0.7,1.1,0.7,0.1,0.1,0.3,1.1,2.8)
(2008,109,Travis Diener,PG,25,IND,66,21,20.5,2.4,6.5,.370,1.1,3.5,.318,1.3,3.0,.431,.456,1.0,1.1,.901,0.4,1.3,1.7,3.8,0.5,0.1,0.8,1.6,6.9)
(2008,113,Michael Doleac,C,30,MIN,24,8,10.7,1.2,2.6,.444,0.0,0.0,,1.2,2.6,.444,.444,0.0,0.1,.500,0.7,1.4,2.0,0.3,0.4,0.4,0.5,1.8,2.4)
(2008,117,Chris Duhon,PG,25,CHI,66,18,22.6,2.0,5.2,.387,0.8,2.3,.348,1.2,2.9,.418,.465,1.0,1.2,.813,0.3,1.5,1.8,4.0,0.7,0.0,1.1,1.4,5.8)
(2008,Rk,Player,Pos,Age,Tm,G,GS,MP,FG,FGA,FG%,3P,3PA,3P,2P,2PA,2P,eFG%,FT,FTA,FT%,ORB,DRB,TRB,AST,STL,BLK,TOV,PF,PTS)
(2008,124,Melvin Ely,C,29,NOH,52,1,11.9,1.6,3.5,.472,0.0,0.0,,1.6,3.5,.472,.472,0.6,1.1,.552,0.5,2.3,2.8,0.4,0.1,0.3,0.8,1.5,3.9)
(2008,128,Nick Fazekas,PF,22,TOT,26,0,10.3,1.8,3.2,.561,0.0,0.1,.000,1.8,3.1,.575,.561,0.6,0.8,.682,1.3,2.1,3.4,0.4,0.3,0.4,0.5,1.0,4.1)
(2008,132,Derek Fisher,PG,33,LAL,82,82,27.4,4.1,9.5,.436,1.4,3.4,.406,2.8,6.1,.453,.508,2.0,2.3,.883,0.3,1.8,2.1,2.9,1.0,0.0,1.1,2.3,11.7)
(2008,136,Adonal Foyle,C,32,ORL,82,0,9.4,0.9,1.9,.458,0.0,0.0,,0.9,1.9,.458,.458,0.2,0.4,.471,0.9,1.7,2.5,0.2,0.2,0.5,0.4,1.1,1.9)
(2008,140,Dan Gadzuric,C,29,MIL,51,4,10.5,1.3,3.0,.416,0.0,0.0,.000,1.3,3.0,.418,.416,0.6,1.2,.524,1.3,1.5,2.8,0.2,0.4,0.5,0.7,1.6,3.2)
(2008,143,Thomas Gardner,SG,22,CHI,4,0,11.3,2.3,5.8,.391,0.8,3.0,.250,1.5,2.8,.545,.457,0.0,0.5,.000,0.8,0.3,1.0,0.3,0.0,0.0,1.0,1.0,5.3)
(2008,147,Rudy Gay,SF,21,MEM,81,81,37.0,7.7,16.7,.461,1.7,4.8,.346,6.1,12.0,.507,.511,3.1,3.9,.785,1.7,4.4,6.2,2.0,1.4,1.0,2.3,2.8,20.1)
(2008,151,Eddie Gill,PG,29,TOT,14,1,11.0,0.9,2.2,.387,0.4,1.1,.333,0.5,1.1,.438,.468,0.6,0.6,1.000,0.1,1.5,1.6,1.6,0.5,0.1,0.6,1.3,2.7)
(2008,155,Drew Gooden,PF,26,TOT,69,65,30.8,4.8,10.7,.449,0.0,0.1,.000,4.8,10.6,.452,.449,2.3,3.1,.753,2.5,6.0,8.6,1.2,0.7,0.8,1.8,2.9,12.0)
(2008,159,Stephen Graham,SF,25,IND,22,0,5.8,1.5,2.6,.586,0.3,0.6,.500,1.2,2.0,.614,.647,0.5,0.7,.750,0.2,0.8,1.0,0.4,0.2,0.0,0.5,0.6,4.0)
(2008,162,Gerald Green,SF,22,TOT,30,0,12.1,1.7,5.0,.344,0.5,1.3,.385,1.2,3.7,.330,.394,1.1,1.4,.829,0.4,1.7,2.1,1.0,0.3,0.1,1.1,1.5,5.1)
(2008,166,Orien Greene,SG,25,SAC,7,2,8.7,0.4,1.6,.273,0.0,0.1,.000,0.4,1.4,.300,.273,0.0,0.0,,0.0,0.9,0.9,0.4,0.4,0.1,1.0,1.3,0.9)
(2008,170,Matt Harpring,SF,31,UTA,76,0,18.1,3.1,6.2,.500,0.0,0.1,.200,3.1,6.1,.506,.502,1.9,2.7,.712,1.3,1.9,3.2,1.1,0.6,0.2,1.3,2.1,8.2)
(2008,174,Mike Harris,PF,24,HOU,17,0,9.4,1.6,3.2,.500,0.0,0.1,.000,1.6,3.1,.519,.500,0.5,0.8,.615,1.4,1.8,3.2,0.2,0.4,0.2,0.5,0.9,3.6)
(2008,178,Trenton Hassell,SG,28,TOT,63,6,12.3,0.9,2.1,.422,0.0,0.1,.222,0.9,2.0,.437,.430,0.1,0.2,.700,0.3,1.0,1.3,0.7,0.2,0.0,0.3,1.4,2.0)
(2008,181,Jarvis Hayes,SF,26,DET,82,1,15.7,2.6,6.1,.431,0.9,2.4,.376,1.8,3.8,.465,.503,0.5,0.7,.750,0.4,1.7,2.2,0.8,0.6,0.1,0.6,1.7,6.7)
(2008,185,Nene Hilario,PF,25,DEN,16,1,16.6,1.8,4.4,.408,0.0,0.1,.000,1.8,4.4,.414,.408,1.7,3.1,.551,1.9,3.6,5.4,0.9,0.6,0.9,1.3,2.9,5.3)
(2008,189,Al Horford,C,21,ATL,81,77,31.4,4.1,8.2,.499,0.0,0.1,.000,4.1,8.2,.502,.499,1.9,2.6,.731,3.1,6.6,9.7,1.5,0.7,0.9,1.7,3.3,10.1)
(2008,193,Josh Howard,SF,27,DAL,76,76,36.3,7.5,16.4,.455,0.9,2.8,.319,6.6,13.6,.482,.482,4.1,5.1,.813,1.6,5.4,7.0,2.2,0.8,0.4,1.5,2.7,19.9)
(2008,197,Kris Humphries,PF,22,TOR,70,0,13.2,2.3,4.8,.483,0.0,0.0,.000,2.3,4.7,.486,.483,1.1,1.8,.605,1.3,2.4,3.7,0.4,0.4,0.4,0.7,1.5,5.7)
(2008,Rk,Player,Pos,Age,Tm,G,GS,MP,FG,FGA,FG%,3P,3PA,3P,2P,2PA,2P,eFG%,FT,FTA,FT%,ORB,DRB,TRB,AST,STL,BLK,TOV,PF,PTS)
(2008,204,Royal Ivey,PG,26,MIL,75,20,19.2,2.0,5.0,.394,0.5,1.4,.327,1.5,3.6,.421,.440,1.1,1.6,.726,0.5,1.1,1.6,2.1,0.6,0.1,1.0,2.2,5.6)
(2008,208,Stephen Jackson,SF,29,GSW,73,73,39.1,6.7,16.5,.405,2.5,6.9,.363,4.2,9.6,.435,.481,4.2,5.1,.832,0.9,3.4,4.4,4.1,1.3,0.4,2.7,2.3,20.1)
(2008,212,Mike James,PG,32,TOT,54,1,13.3,1.9,5.4,.348,0.6,1.8,.320,1.3,3.6,.363,.402,0.7,0.9,.813,0.3,1.0,1.3,1.1,0.4,0.0,0.7,1.0,5.0)
(2008,216,Richard Jefferson,SF,27,NJN,82,82,39.0,7.5,16.2,.466,0.9,2.6,.362,6.6,13.6,.486,.495,6.6,8.3,.798,1.1,3.0,4.2,3.1,0.9,0.3,2.4,2.7,22.6)
(2008,220,Amir Johnson,PF,20,DET,62,0,12.3,1.5,2.7,.558,0.0,0.0,,1.5,2.7,.558,.558,0.6,0.9,.673,1.4,2.4,3.8,0.5,0.4,1.3,0.6,2.3,3.6)
(2008,223,Joe Johnson,SG,26,ATL,82,82,40.8,7.9,18.3,.432,2.1,5.4,.381,5.8,12.8,.454,.489,3.9,4.6,.834,1.0,3.5,4.5,5.8,1.0,0.2,2.7,2.0,21.7)
(2008,228,Dwayne Jones,PF,24,CLE,56,0,8.4,0.4,0.8,.532,0.0,0.0,.000,0.4,0.8,.543,.532,0.5,1.0,.483,1.2,1.3,2.5,0.2,0.2,0.4,0.3,1.6,1.4)
(2008,232,Solomon Jones,PF,23,ATL,35,0,4.1,0.3,0.9,.400,0.0,0.1,.000,0.3,0.8,.429,.400,0.3,0.6,.550,0.5,0.7,1.2,0.0,0.1,0.1,0.3,0.8,1.0)
(2008,236,Viktor Khryapa,PF,25,CHI,9,0,11.7,1.3,3.4,.387,0.0,0.1,.000,1.3,3.3,.400,.387,0.9,1.6,.571,0.7,1.6,2.2,0.9,0.7,0.0,0.7,1.2,3.6)
(2008,240,Linas Kleiza,SF,23,DEN,79,13,23.9,3.9,8.3,.472,1.2,3.5,.339,2.7,4.8,.568,.543,2.1,2.7,.770,1.2,3.1,4.2,1.2,0.6,0.2,1.1,2.3,11.1)
(2008,243,Nenad Krstic,C,24,NJN,45,38,18.0,2.7,6.7,.410,0.0,0.0,.000,2.7,6.6,.413,.410,1.2,1.5,.754,0.8,3.7,4.4,0.6,0.2,0.4,0.9,2.5,6.6)
(2008,247,Stephane Lasme,PF-SF,25,TOT,16,4,18.9,2.0,4.4,.451,0.0,0.0,,2.0,4.4,.451,.451,1.2,2.0,.594,1.6,1.7,3.3,0.2,0.8,1.4,0.9,2.2,5.2)
(2008,251,Kyle Lowry,PG,21,MEM,82,9,25.5,3.1,7.2,.432,0.4,1.7,.257,2.7,5.5,.487,.463,3.0,4.2,.698,0.5,2.5,3.0,3.6,1.1,0.3,1.5,2.3,9.6)
(2008,255,Jamaal Magloire,C,29,TOT,31,2,9.2,0.6,1.8,.327,0.0,0.0,,0.6,1.8,.327,.327,0.6,1.4,.455,0.6,2.3,2.9,0.2,0.0,0.3,1.0,1.6,1.8)
(2008,259,Sean Marks,C,32,PHO,19,0,6.8,1.2,2.3,.535,0.1,0.2,.250,1.2,2.1,.564,.547,0.6,1.0,.632,0.5,1.4,1.9,0.2,0.2,0.5,0.4,1.2,3.1)
(2008,262,Kenyon Martin,PF,30,DEN,71,71,30.4,5.3,9.8,.538,0.0,0.2,.182,5.3,9.7,.544,.539,1.7,3.0,.580,1.5,5.0,6.5,1.3,1.2,1.2,1.3,3.3,12.4)
(2008,266,Jason Maxiell,C,24,DET,82,7,21.6,2.9,5.4,.538,0.0,0.0,.000,2.9,5.4,.539,.538,2.1,3.3,.633,2.2,3.1,5.3,0.6,0.3,1.1,0.9,2.2,7.9)
(2008,270,Tracy McGrady,SG,28,HOU,66,62,37.0,8.3,19.8,.419,1.3,4.5,.292,7.0,15.3,.457,.452,3.7,5.4,.684,0.6,4.5,5.1,5.9,1.0,0.5,2.4,1.4,21.6)
(2008,274,Chris Mihm,C,28,LAL,23,5,12.1,1.4,4.1,.337,0.0,0.0,,1.4,4.1,.337,.337,0.8,1.2,.667,1.2,2.1,3.3,0.6,0.2,0.6,0.7,1.8,3.6)
(2008,278,Brad Miller,C,31,SAC,72,72,34.9,4.7,10.1,.463,0.4,1.3,.311,4.3,8.9,.484,.482,3.6,4.3,.848,2.3,7.1,9.5,3.7,1.0,1.0,2.3,3.4,13.4)
(2008,281,Yao Ming,C,27,HOU,55,55,37.2,7.9,15.5,.507,0.0,0.0,.000,7.9,15.5,.508,.507,6.3,7.4,.850,3.1,7.7,10.8,2.3,0.5,2.0,3.3,3.1,22.0)
(2008,285,Mikki Moore,PF,32,SAC,82,79,29.1,3.4,6.0,.577,0.0,0.0,.000,3.4,5.9,.579,.577,1.6,2.2,.736,2.0,4.1,6.0,1.0,0.4,0.6,1.3,3.8,8.5)
(2008,289,Ronald Murray,PG,28,TOT,42,19,20.8,3.7,8.7,.420,0.5,1.5,.317,3.2,7.2,.441,.447,1.6,2.3,.694,0.5,1.4,2.0,3.4,0.9,0.1,2.0,1.2,9.4)
(2008,293,Steve Nash,PG,33,PHO,81,81,34.3,6.0,11.9,.504,2.2,4.7,.470,3.8,7.2,.527,.597,2.7,3.0,.906,0.3,3.1,3.5,11.1,0.7,0.1,3.6,1.4,16.9)
(2008,297,Ira Newble,SG-SF,33,TOT,49,13,14.2,1.6,3.6,.437,0.3,1.0,.327,1.2,2.6,.480,.483,0.4,0.5,.769,1.0,1.6,2.6,0.4,0.6,0.2,0.7,1.4,3.8)
(2008,Rk,Player,Pos,Age,Tm,G,GS,MP,FG,FGA,FG%,3P,3PA,3P,2P,2PA,2P,eFG%,FT,FTA,FT%,ORB,DRB,TRB,AST,STL,BLK,TOV,PF,PTS)
(2008,304,Jermaine O'Neal,C,29,IND,42,34,28.7,5.4,12.2,.439,0.0,0.1,.000,5.4,12.1,.444,.439,2.9,3.9,.742,2.0,4.8,6.7,2.2,0.5,2.1,2.5,3.1,13.6)
(2008,308,Emeka Okafor,C,25,CHA,82,82,33.1,5.6,10.5,.535,0.0,0.0,,5.6,10.5,.535,.535,2.6,4.6,.570,3.1,7.6,10.7,0.9,0.8,1.7,2.0,2.9,13.8)
(2008,312,Travis Outlaw,PF,23,POR,82,6,26.7,5.1,11.8,.433,0.5,1.2,.396,4.6,10.5,.437,.453,2.7,3.6,.741,1.2,3.4,4.6,1.3,0.7,0.8,1.3,2.1,13.3)
(2008,316,Anthony Parker,SG,32,TOR,82,82,32.1,4.8,10.1,.476,1.6,3.7,.438,3.2,6.4,.499,.557,1.2,1.5,.816,0.6,3.5,4.1,2.2,1.0,0.2,1.1,1.9,12.5)
(2008,320,Chris Paul,PG,22,NOH,80,80,37.6,7.9,16.1,.488,1.2,3.1,.369,6.7,13.0,.516,.524,4.2,4.9,.851,0.8,3.2,4.0,11.6,2.7,0.1,2.5,2.3,21.1)
(2008,323,Kendrick Perkins,C,23,BOS,78,78,24.5,2.7,4.5,.615,0.0,0.0,.000,2.7,4.4,.617,.615,1.5,2.3,.623,1.9,4.2,6.1,1.1,0.4,1.5,1.6,3.1,6.9)
(2008,327,Eric Piatkowski,SF,37,PHO,16,0,7.1,0.8,2.1,.364,0.7,1.6,.423,0.1,0.4,.143,.530,0.3,0.3,1.000,0.1,0.7,0.8,0.6,0.0,0.1,0.4,0.7,2.4)
(2008,331,James Posey,PF,31,BOS,74,2,24.6,2.3,5.6,.418,1.4,3.8,.380,0.9,1.8,.496,.546,1.3,1.6,.809,0.4,3.9,4.4,1.5,1.0,0.3,0.9,2.5,7.4)
(2008,335,Ronnie Price,PG,24,UTA,61,3,9.6,1.4,3.3,.431,0.4,1.2,.347,1.0,2.1,.481,.495,0.4,0.6,.684,0.1,0.6,0.8,1.3,0.5,0.0,0.5,1.4,3.7)
(2008,339,Chris Quinn,PG,24,MIA,60,25,22.3,2.6,6.2,.424,1.1,2.7,.403,1.6,3.6,.439,.509,1.4,1.6,.867,0.2,1.8,2.0,3.0,0.8,0.1,0.9,1.5,7.8)
(2008,342,Zach Randolph,C,26,NYK,69,68,32.5,7.0,15.3,.459,0.3,1.2,.275,6.7,14.2,.474,.470,3.2,4.2,.772,2.7,7.6,10.3,2.0,0.9,0.2,2.7,2.8,17.6)
(2008,346,Chris Richard,C,23,MIN,52,3,10.7,0.8,1.7,.471,0.0,0.0,,0.8,1.7,.471,.471,0.3,0.5,.593,1.0,1.6,2.6,0.3,0.2,0.2,0.5,1.6,1.9)
(2008,350,Luke Ridnour,PG,26,SEA,61,5,20.0,2.4,6.0,.399,0.3,1.2,.296,2.1,4.9,.424,.428,1.3,1.5,.857,0.2,1.3,1.5,4.0,0.6,0.2,1.3,2.0,6.4)
(2008,354,Malik Rose,PF,33,NYK,49,3,10.1,1.3,3.7,.367,0.0,0.1,.286,1.3,3.5,.370,.372,0.8,1.0,.725,0.6,1.5,2.1,0.6,0.3,0.1,0.8,1.6,3.5)
(2008,358,Kareem Rush,SG,27,IND,71,15,21.2,3.2,8.0,.401,1.4,3.7,.389,1.8,4.3,.410,.490,0.4,0.6,.714,0.3,2.1,2.4,1.3,0.6,0.3,0.9,1.5,8.3)
(2008,361,Brian Scalabrine,PF,29,BOS,48,9,10.7,0.6,2.0,.309,0.3,1.0,.326,0.3,1.0,.292,.388,0.3,0.4,.750,0.5,1.2,1.6,0.8,0.2,0.2,0.5,1.3,1.8)
(2008,365,Ramon Sessions,PG,21,MIL,17,7,26.5,3.0,6.9,.436,0.2,0.4,.429,2.8,6.5,.436,.449,1.9,2.4,.780,0.5,2.9,3.4,7.5,1.0,0.2,2.1,1.5,8.1)
(2008,369,Brian Skinner,C,31,PHO,66,0,12.8,1.4,3.0,.465,0.0,0.0,.667,1.4,3.0,.462,.470,0.5,1.0,.524,1.0,2.7,3.6,0.2,0.3,1.2,0.6,1.7,3.3)
(2008,373,Joe Smith,PF,32,TOT,77,36,22.4,4.1,8.5,.478,0.0,0.0,.000,4.1,8.4,.480,.478,2.0,2.6,.755,2.1,3.1,5.2,0.9,0.4,0.6,0.9,2.4,10.1)
(2008,377,Darius Songaila,C,29,WAS,80,13,19.4,2.7,5.8,.458,0.0,0.0,.000,2.7,5.8,.460,.458,0.8,0.9,.918,1.0,2.4,3.4,1.7,0.7,0.2,1.1,2.3,6.2)
(2008,Rk,Player,Pos,Age,Tm,G,GS,MP,FG,FGA,FG%,3P,3PA,3P,2P,2PA,2P,eFG%,FT,FTA,FT%,ORB,DRB,TRB,AST,STL,BLK,TOV,PF,PTS)
(2008,384,Amar'e Stoudemire,C,25,PHO,79,79,33.9,9.0,15.3,.590,0.1,0.4,.161,9.0,14.9,.601,.592,7.0,8.7,.805,2.3,6.8,9.1,1.5,0.8,2.1,2.2,3.7,25.2)
(2008,388,Stromile Swift,PF,28,TOT,56,4,15.1,2.4,4.7,.509,0.0,0.0,.000,2.4,4.7,.513,.509,1.3,1.9,.670,1.1,2.4,3.6,0.5,0.3,1.0,0.9,2.0,6.1)
(2008,392,Billy Thomas,SF,32,TOT,11,0,3.8,0.4,1.5,.235,0.4,1.5,.250,0.0,0.1,.000,.353,0.2,0.2,1.000,0.0,0.2,0.2,0.0,0.1,0.0,0.4,0.4,1.3)
(2008,396,Tyrus Thomas,PF,21,CHI,74,27,18.0,2.5,5.9,.423,0.0,0.1,.167,2.5,5.9,.426,.424,1.7,2.4,.741,1.4,3.2,4.6,1.2,0.6,1.0,1.0,2.3,6.8)
(2008,400,Ronny Turiaf,C,25,LAL,78,21,18.7,2.4,5.1,.474,0.0,0.0,.000,2.4,5.1,.475,.474,1.8,2.4,.753,1.2,2.7,3.9,1.6,0.4,1.4,0.9,2.6,6.6)
(2008,403,Beno Udrih,PG,25,SAC,65,51,32.0,5.0,10.9,.463,0.8,2.1,.387,4.2,8.8,.482,.501,1.9,2.3,.850,0.5,2.8,3.3,4.3,0.9,0.2,2.3,2.1,12.8)
(2008,407,Marcus Vinicius,SF,23,NOH,13,0,5.3,0.7,1.5,.450,0.4,0.9,.417,0.3,0.6,.500,.575,0.4,0.8,.455,0.1,0.5,0.6,0.2,0.1,0.1,0.2,0.3,2.2)
(2008,411,Von Wafer,SG,22,TOT,29,0,5.3,0.6,2.1,.279,0.1,0.9,.154,0.4,1.2,.371,.311,0.3,0.4,.667,0.0,0.6,0.7,0.2,0.1,0.1,0.4,0.2,1.6)
(2008,415,Rasheed Wallace,C,33,DET,77,76,30.5,4.9,11.3,.432,1.5,4.1,.356,3.4,7.2,.476,.497,1.5,1.9,.767,1.1,5.5,6.6,1.8,1.2,1.7,1.1,2.8,12.7)
(2008,419,Darryl Watkins,C,23,SAC,9,0,7.9,0.6,1.7,.333,0.0,0.0,,0.6,1.7,.333,.333,0.2,0.6,.400,0.6,0.8,1.3,0.0,0.2,0.2,0.8,0.9,1.3)
(2008,422,Chris Webber,PF,34,GSW,9,8,14.0,1.7,3.4,.484,0.0,0.0,,1.7,3.4,.484,.484,0.6,1.3,.417,0.2,3.3,3.6,2.0,0.4,0.7,1.2,1.9,3.9)
(2008,426,Delonte West,PG,24,TOT,61,31,25.1,3.2,7.8,.413,0.8,2.2,.356,2.4,5.6,.435,.463,1.1,1.5,.736,0.5,2.7,3.2,3.8,1.0,0.5,1.9,1.7,8.3)
(2008,430,Mike Wilks,PG,28,TOT,15,0,12.5,1.1,2.4,.472,0.2,0.5,.375,0.9,1.9,.500,.514,0.3,0.3,1.000,0.3,0.9,1.3,0.9,0.6,0.0,0.6,0.9,2.7)
(2008,434,Justin Williams,C,23,TOT,23,0,5.3,0.6,1.3,.448,0.0,0.0,,0.6,1.3,.448,.448,0.3,1.1,.308,0.9,1.3,2.1,0.0,0.2,0.2,0.2,0.7,1.5)
(2008,438,Marvin Williams,SF,21,ATL,80,80,34.6,5.3,11.5,.462,0.0,0.1,.100,5.3,11.4,.466,.462,4.2,5.1,.822,1.5,4.2,5.7,1.7,1.0,0.4,1.6,2.8,14.8)
(2008,441,Shawne Williams,SF,21,IND,65,3,14.9,2.4,5.7,.427,0.7,2.1,.314,1.8,3.6,.494,.485,1.2,1.6,.717,0.8,1.9,2.7,0.9,0.4,0.4,0.9,2.0,6.7)
(2008,445,Antoine Wright,SG,23,TOT,56,10,22.0,2.4,5.9,.413,0.6,2.0,.291,1.9,3.9,.475,.462,0.8,1.2,.687,0.7,1.9,2.6,1.4,0.5,0.4,0.9,2.3,6.3)
(2008,449,Lorenzen Wright,C,32,TOT,18,1,8.9,0.3,1.2,.286,0.0,0.0,,0.3,1.2,.286,.286,0.2,0.3,.500,0.4,1.7,2.1,0.2,0.2,0.2,0.2,1.7,0.8)
