(2008,1,Shareef Abdur-Rahim,PF,31,SAC,6,0,8.5,0.5,2.3,.214,0.0,0.0,,0.5,2.3,.214,.214,0.7,0.7,1.000,1.0,0.7,1.7,0.7,0.2,0.0,0.2,1.5,1.7)
(2008,5,LaMarcus Aldridge,PF,22,POR,76,76,34.9,7.4,15.3,.484,0.0,0.1,.143,7.4,15.2,.486,.484,3.0,3.9,.762,2.9,4.7,7.6,1.6,0.7,1.2,1.7,3.2,17.8)
(2008,9,Lance Allred,C,26,CLE,3,0,3.3,0.3,1.3,.250,0.0,0.0,,0.3,1.3,.250,.250,0.3,0.7,.500,0.0,0.3,0.3,0.0,0.0,0.0,0.0,0.3,1.0)
(2008,13,Chris Andersen,C,29,NOH,5,0,6.8,0.4,1.4,.286,0.0,0.0,,0.4,1.4,.286,.286,0.4,0.8,.500,0.4,1.4,1.8,0.0,0.0,0.8,0.2,1.2,1.2)
(2008,17,Gilbert Arenas,PG,26,WAS,13,8,32.7,6.0,15.1,.398,1.7,6.0,.282,4.3,9.1,.475,.454,5.7,7.4,.771,0.5,3.5,3.9,5.1,1.8,0.1,3.8,2.3,19.4)
(2008,Rk,Player,Pos,Age,Tm,G,GS,MP,FG,FGA,FG%,3P,3PA,3P,2P,2PA,2P,eFG%,FT,FTA,FT%,ORB,DRB,TRB,AST,STL,BLK,TOV,PF,PTS)
(2008,24,Kelenna Azubuike,SG,24,GSW,81,17,21.4,3.2,7.2,.445,0.9,2.4,.364,2.3,4.8,.485,.505,1.2,1.7,.717,1.3,2.7,4.0,0.9,0.6,0.4,0.7,2.0,8.5)
(2008,28,Jose Barea,PG,23,DAL,44,9,10.5,1.6,3.9,.418,0.5,1.2,.389,1.1,2.6,.431,.479,0.6,0.8,.800,0.1,1.0,1.1,1.3,0.3,0.0,0.8,1.1,4.3)
(2008,32,Earl Barron,C,26,MIA,46,15,19.3,2.9,7.1,.404,0.0,0.3,.077,2.8,6.8,.417,.405,1.3,1.9,.701,1.5,2.8,4.3,0.6,0.4,0.2,1.0,2.5,7.1)
(2008,36,Shane Battier,SF,29,HOU,80,78,36.3,3.3,7.7,.428,1.7,4.6,.377,1.6,3.1,.504,.540,0.9,1.3,.743,1.6,3.5,5.1,1.9,1.0,1.1,1.0,2.5,9.3)
(2008,40,Mike Bibby,PG,29,TOT,48,44,32.8,5.2,12.6,.411,1.9,5.2,.375,3.2,7.4,.437,.488,1.6,2.1,.780,0.3,3.0,3.3,6.0,1.1,0.1,2.5,2.0,13.9)
(2008,43,Steve Blake,PG,27,POR,81,78,29.9,3.2,7.9,.408,1.5,3.7,.406,1.7,4.2,.409,.502,0.6,0.8,.766,0.4,2.0,2.4,5.1,0.7,0.0,1.4,1.6,8.5)
(2008,47,Andrew Bogut,C,23,MIL,78,78,34.9,6.0,11.7,.511,0.0,0.1,.000,6.0,11.6,.515,.511,2.4,4.1,.587,3.1,6.6,9.8,2.6,0.8,1.7,2.2,3.3,14.3)
(2008,51,Carlos Boozer,PF,26,UTA,81,81,34.9,8.8,16.0,.547,0.0,0.0,.000,8.8,16.0,.547,.547,3.6,4.9,.738,2.4,8.0,10.4,2.9,1.2,0.5,2.6,3.6,21.1)
(2008,55,Earl Boykins,PG,31,CHA,36,0,16.0,1.7,4.8,.355,0.4,1.2,.318,1.3,3.6,.367,.395,1.4,1.6,.831,0.3,0.7,0.9,2.7,0.4,0.0,1.1,0.6,5.1)
(2008,59,Primoz Brezec,C,28,TOT,50,18,9.5,0.9,1.9,.468,0.0,0.0,,0.9,1.9,.468,.468,0.5,0.8,.600,0.6,1.0,1.6,0.2,0.1,0.1,0.5,1.7,2.2)
(2008,62,Devin Brown,SG,29,CLE,78,20,22.6,2.8,6.8,.409,0.6,1.9,.308,2.2,4.9,.447,.451,1.4,1.8,.754,0.8,2.5,3.4,2.2,0.7,0.1,1.3,1.8,7.5)
(2008,66,Kobe Bryant,SG,29,LAL,82,82,38.9,9.5,20.6,.459,1.8,5.1,.361,7.6,15.5,.490,.503,7.6,9.0,.840,1.1,5.2,6.3,5.4,1.8,0.5,3.1,2.8,28.3)
(2008,70,Andrew Bynum,C,20,LAL,35,25,28.8,5.4,8.5,.636,0.0,0.0,,5.4,8.5,.636,.636,2.3,3.4,.695,3.0,7.2,10.2,1.7,0.3,2.1,1.5,2.8,13.1)
(2008,74,Rodney Carney,SF,23,PHI,70,6,14.8,2.3,5.6,.403,0.5,1.7,.317,1.7,3.9,.441,.452,0.8,1.2,.679,0.7,1.4,2.1,0.5,0.6,0.3,0.5,1.4,5.8)
(2008,78,Sam Cassell,PG,38,TOT,55,34,23.2,4.2,9.7,.438,0.4,1.4,.303,3.8,8.3,.461,.460,2.3,2.6,.882,0.3,2.2,2.5,3.9,0.7,0.1,1.8,1.8,11.2)
(2008,81,Josh Childress,SF,24,ATL,76,0,29.9,4.3,7.5,.571,0.3,0.8,.367,4.0,6.8,.595,.590,2.9,3.6,.807,2.3,2.6,4.9,1.5,0.9,0.6,1.3,1.7,11.8)
(2008,85,Nick Collison,PF,27,SEA,78,35,28.5,4.1,8.2,.502,0.0,0.0,.000,4.1,8.2,.504,.502,1.6,2.1,.737,3.3,6.1,9.4,1.4,0.6,0.8,1.5,3.2,9.8)
(2008,89,Jamal Crawford,SG,27,NYK,80,80,39.9,7.1,17.4,.410,2.2,6.2,.356,4.9,11.2,.439,.473,4.1,4.8,.864,0.5,2.1,2.6,5.0,1.0,0.2,2.4,1.8,20.6)
(2008,93,Samuel Dalembert,C,26,PHI,82,82,33.2,4.1,8.1,.513,0.0,0.0,.000,4.1,8.0,.514,.513,2.3,3.2,.707,3.7,6.6,10.4,0.5,0.5,2.3,1.9,3.3,10.5)
(2008,97,Jermareo Davidson,SF,23,CHA,38,2,8.5,1.3,3.3,.408,0.0,0.0,,1.3,3.3,.408,.408,0.5,0.7,.643,0.6,1.1,1.6,0.3,0.2,0.4,0.4,1.2,3.2)
(2008,Rk,Player,Pos,Age,Tm,G,GS,MP,FG,FGA,FG%,3P,3PA,3P,2P,2PA,2P,eFG%,FT,FTA,FT%,ORB,DRB,TRB,AST,STL,BLK,TOV,PF,PTS)
(2008,104,Boris Diaw,PF,25,PHO,82,19,28.1,3.8,7.9,.477,0.2,0.5,.317,3.6,7.4,.488,.487,1.2,1.6,.744,1.2,3.4,4.6,3.9,0.7,0.5,1.9,2.0,8.8)
(2008,108,Kaniel Dickens,PF,29,CLE,5,0,2.4,0.2,0.6,.333,0.0,0.0,,0.2,0.6,.333,.333,0.0,0.0,,0.0,0.2,0.2,0.2,0.0,0.2,0.0,0.2,0.4)
(2008,112,Juan Dixon,PG,29,TOT,53,0,12.6,2.0,4.9,.411,0.6,1.4,.417,1.4,3.5,.409,.469,0.4,0.5,.808,0.3,1.1,1.4,1.8,0.4,0.0,1.0,1.2,5.0)
(2008,116,Jared Dudley,PF,22,CHA,73,14,19.0,2.2,4.8,.468,0.1,0.6,.220,2.1,4.2,.502,.481,1.2,1.6,.737,1.7,2.3,3.9,1.1,0.8,0.1,0.7,1.8,5.8)
(2008,120,Ronald Dupree,SF,27,TOT,5,0,4.2,0.2,0.6,.333,0.0,0.0,,0.2,0.6,.333,.333,0.4,0.4,1.000,0.2,1.4,1.6,0.2,0.2,0.0,0.0,0.0,0.8)
(2008,123,Francisco Elson,C,31,TOT,63,5,12.9,1.5,3.7,.390,0.0,0.0,.000,1.5,3.7,.391,.390,0.4,0.6,.703,0.8,2.4,3.2,0.4,0.2,0.3,0.7,1.5,3.3)
(2008,127,Jordan Farmar,PG,21,LAL,82,0,20.6,3.5,7.7,.461,1.4,3.7,.371,2.2,4.0,.546,.552,0.6,1.0,.679,0.5,1.8,2.2,2.7,0.9,0.1,1.3,1.3,9.1)
(2008,131,Michael Finley,SG,34,SAS,82,61,26.9,3.8,9.3,.414,1.6,4.4,.370,2.2,4.9,.453,.501,0.8,1.0,.800,0.3,2.8,3.1,1.4,0.4,0.1,0.7,1.1,10.1)
(2008,135,Randy Foye,PG,24,MIN,39,31,32.3,5.1,11.8,.429,1.6,3.8,.412,3.5,8.1,.436,.495,1.4,1.7,.815,0.3,2.9,3.3,4.2,0.9,0.1,2.0,2.6,13.1)
(2008,139,Channing Frye,C,24,POR,78,20,17.2,2.8,5.8,.488,0.0,0.1,.300,2.8,5.7,.492,.491,1.1,1.4,.780,1.4,3.2,4.5,0.7,0.4,0.3,0.7,2.7,6.8)
(2008,142,Francisco Garcia,SF,26,SAC,79,20,26.5,4.4,9.5,.463,1.4,3.7,.391,3.0,5.9,.508,.538,2.1,2.6,.779,0.7,2.7,3.3,1.6,1.2,0.6,1.6,2.9,12.3)
(2008,146,Pau Gasol,C,27,TOT,66,66,35.6,7.2,13.5,.534,0.1,0.2,.250,7.1,13.2,.539,.536,4.4,5.5,.807,2.3,6.0,8.4,3.2,0.5,1.5,1.9,2.1,18.9)
(2008,150,Daniel Gibson,PG,21,CLE,58,26,30.4,3.5,8.0,.432,2.0,4.6,.440,1.4,3.4,.421,.559,1.5,1.8,.810,0.5,1.8,2.3,2.5,0.8,0.2,1.3,2.8,10.4)
(2008,154,Ryan Gomes,PF,25,MIN,82,74,29.7,4.8,10.5,.457,0.7,2.2,.330,4.1,8.3,.491,.492,2.3,2.8,.830,1.6,4.2,5.8,1.8,0.8,0.1,1.2,1.9,12.6)
(2008,158,Joey Graham,SF,25,TOR,38,3,8.7,1.3,3.0,.434,0.1,0.1,.667,1.2,2.9,.427,.442,1.0,1.2,.844,0.5,1.3,1.8,0.4,0.1,0.0,0.6,1.2,3.6)
(2008,161,Aaron Gray,C,23,CHI,61,1,10.0,1.7,3.3,.505,0.0,0.0,.000,1.7,3.3,.507,.505,0.9,1.6,.566,1.1,1.6,2.8,0.7,0.3,0.3,0.9,1.9,4.3)
(2008,165,Willie Green,SG,26,PHI,74,74,26.6,5.1,11.8,.436,0.7,2.4,.285,4.4,9.3,.475,.465,1.5,2.0,.757,0.4,2.0,2.5,2.0,0.7,0.3,1.5,1.6,12.4)
(2008,169,Anfernee Hardaway,SF,36,MIA,16,8,20.3,1.4,3.8,.367,0.5,1.2,.421,0.9,2.6,.341,.433,0.5,0.6,.889,0.2,2.0,2.2,2.2,1.2,0.1,0.8,1.5,3.8)
(2008,173,Devin Harris,PG,24,TOT,64,61,31.6,5.0,10.8,.463,0.9,2.6,.335,4.1,8.2,.504,.504,3.9,4.7,.824,0.4,2.3,2.7,5.8,1.4,0.2,2.5,3.0,14.8)
(2008,177,Udonis Haslem,PF,27,MIA,49,48,36.8,4.8,10.3,.467,0.0,0.0,,4.8,10.3,.467,.467,2.3,2.9,.810,2.2,6.9,9.0,1.4,0.8,0.4,1.4,3.0,12.0)
(2008,Rk,Player,Pos,Age,Tm,G,GS,MP,FG,FGA,FG%,3P,3PA,3P,2P,2PA,2P,eFG%,FT,FTA,FT%,ORB,DRB,TRB,AST,STL,BLK,TOV,PF,PTS)
(2008,184,Walter Herrmann,PF,28,TOT,45,0,8.3,1.2,3.2,.389,0.4,1.4,.313,0.8,1.8,.450,.458,0.5,0.6,.840,0.5,1.1,1.6,0.4,0.2,0.0,0.3,0.5,3.4)
(2008,188,Ryan Hollins,PF,23,CHA,60,1,8.9,0.8,1.6,.489,0.0,0.0,,0.8,1.6,.489,.489,0.9,1.4,.671,0.9,0.9,1.8,0.2,0.2,0.5,0.4,1.6,2.5)
(2008,192,Dwight Howard,C,22,ORL,82,82,37.7,7.1,11.9,.599,0.0,0.0,.000,7.1,11.8,.601,.599,6.5,10.9,.590,3.4,10.8,14.2,1.3,0.9,2.1,3.2,3.3,20.7)
(2008,196,Larry Hughes,PG-SG,29,TOT,68,57,29.7,4.5,11.8,.381,1.0,2.9,.345,3.5,8.9,.392,.423,2.2,2.8,.798,0.6,2.8,3.4,2.7,1.5,0.3,1.7,2.0,12.2)
(2008,200,Andre Iguodala,SF,24,PHI,82,82,39.5,7.1,15.6,.456,1.2,3.7,.329,5.9,11.8,.496,.495,4.5,6.2,.721,1.0,4.4,5.4,4.8,2.1,0.6,2.6,2.3,19.9)
(2008,203,Allen Iverson,SG,32,DEN,82,82,41.8,8.7,19.0,.458,1.2,3.4,.345,7.5,15.6,.482,.488,7.9,9.7,.809,0.6,2.4,3.0,7.1,2.0,0.1,3.0,1.3,26.4)
(2008,207,Luke Jackson,SF,26,MIA,14,1,16.3,1.9,5.7,.325,0.8,2.1,.367,1.1,3.6,.300,.394,1.1,1.6,.696,0.5,1.9,2.4,1.2,0.6,0.0,0.6,1.6,5.6)
(2008,211,LeBron James,SF,23,CLE,75,74,40.4,10.6,21.9,.484,1.5,4.8,.315,9.1,17.1,.531,.518,7.3,10.3,.712,1.8,6.1,7.9,7.2,1.8,1.1,3.4,2.2,30.0)
(2008,215,Al Jefferson,C,23,MIN,82,82,35.6,8.8,17.6,.500,0.0,0.1,.000,8.8,17.5,.502,.500,3.5,4.8,.721,3.8,7.4,11.1,1.4,0.9,1.5,2.0,2.7,21.0)
(2008,219,Alexander Johnson,PF,24,MIA,43,6,12.8,1.4,2.9,.488,0.0,0.0,,1.4,2.9,.488,.488,1.3,1.9,.687,0.7,1.4,2.2,0.3,0.3,0.2,1.0,1.9,4.2)
(2008,222,DerMarr Johnson,SF,27,SAS,5,0,5.6,1.4,2.8,.500,0.6,1.8,.333,0.8,1.0,.800,.607,0.0,0.4,.000,0.0,0.2,0.2,0.2,0.2,0.0,0.0,0.8,3.4)
(2008,226,Dahntay Jones,SG,27,SAC,25,0,8.2,0.9,2.1,.434,0.0,0.2,.167,0.9,1.9,.468,.443,1.4,2.0,.667,0.3,1.1,1.4,0.5,0.3,0.2,0.4,1.1,3.2)
(2008,227,Damon Jones,SG,31,CLE,67,3,19.9,2.3,5.4,.416,1.7,4.1,.417,0.5,1.3,.414,.574,0.3,0.4,.714,0.1,1.0,1.1,1.9,0.3,0.0,0.5,1.0,6.5)
(2008,231,James Jones,SF,27,POR,58,3,22.0,2.5,5.6,.437,1.6,3.5,.444,0.9,2.1,.426,.576,1.5,1.7,.878,0.7,2.0,2.8,0.6,0.4,0.3,0.5,1.7,8.0)
(2008,235,Coby Karl,SG,24,LAL,17,0,4.2,0.5,1.5,.346,0.2,0.8,.308,0.3,0.8,.385,.423,0.5,0.6,.800,0.2,0.6,0.8,0.5,0.2,0.1,0.3,0.2,1.8)
(2008,239,Andrei Kirilenko,SF,26,UTA,72,72,30.8,3.8,7.6,.506,0.6,1.6,.379,3.2,5.9,.540,.546,2.8,3.6,.770,1.7,3.0,4.7,4.0,1.2,1.5,1.9,2.3,11.0)
(2008,242,Kyle Korver,SG-PF,26,TOT,75,0,23.1,3.4,7.7,.443,1.5,3.9,.375,1.9,3.7,.516,.540,1.6,1.7,.915,0.3,2.0,2.3,1.3,0.6,0.4,1.0,2.6,9.9)
(2008,246,Keith Langford,SG,24,SAS,2,0,5.0,0.5,2.0,.250,0.0,0.0,,0.5,2.0,.250,.250,0.0,0.0,,0.0,1.0,1.0,0.0,0.0,0.0,0.0,0.5,1.0)
(2008,250,Rashard Lewis,PF,28,ORL,81,81,38.0,6.4,14.0,.455,2.8,6.8,.409,3.6,7.2,.498,.554,2.7,3.2,.838,1.2,4.2,5.4,2.4,1.2,0.5,1.7,2.6,18.2)
(2008,254,Corey Maggette,SF,28,LAC,70,65,35.7,6.5,14.3,.458,1.1,2.9,.384,5.4,11.4,.477,.497,7.9,9.7,.812,1.1,4.5,5.6,2.7,1.0,0.1,2.8,3.0,22.1)
(2008,258,Shawn Marion,PF,29,TOT,63,62,36.7,6.3,12.5,.508,1.0,3.1,.333,5.3,9.3,.567,.550,1.7,2.4,.707,2.2,8.0,10.2,2.2,2.0,1.3,1.4,2.4,15.4)
(2008,261,Darrick Martin,PG,36,TOR,17,0,8.3,0.6,2.5,.233,0.1,0.9,.125,0.5,1.6,.296,.256,0.3,0.4,.833,0.2,0.2,0.4,1.2,0.4,0.0,0.1,0.7,1.6)
(2008,265,Roger Mason,PG,27,WAS,80,9,21.4,3.3,7.5,.443,1.6,4.1,.398,1.7,3.4,.498,.552,0.8,0.9,.873,0.2,1.4,1.6,1.7,0.5,0.2,0.9,1.8,9.1)
(2008,269,Antonio McDyess,PF,33,DET,78,78,29.3,3.8,7.7,.488,0.0,0.0,.000,3.8,7.7,.490,.488,1.2,2.0,.622,2.6,5.9,8.5,1.1,0.8,0.7,1.0,3.2,8.8)
(2008,273,Josh McRoberts,PF,20,POR,8,0,3.5,0.8,1.3,.600,0.0,0.1,.000,0.8,1.1,.667,.600,0.0,0.0,,0.3,1.0,1.3,0.3,0.1,0.0,0.3,0.1,1.5)
(2008,277,Andre Miller,PG,31,PHI,82,82,36.8,6.9,14.1,.492,0.0,0.4,.088,6.9,13.7,.504,.494,3.1,4.1,.772,1.2,2.8,4.0,6.9,1.3,0.1,2.5,2.2,17.0)
(2008,Rk,Player,Pos,Age,Tm,G,GS,MP,FG,FGA,FG%,3P,3PA,3P,2P,2PA,2P,eFG%,FT,FTA,FT%,ORB,DRB,TRB,AST,STL,BLK,TOV,PF,PTS)
(2008,284,Jamario Moon,SF,27,TOR,78,75,27.8,3.6,7.4,.485,0.5,1.6,.328,3.1,5.8,.528,.520,0.8,1.1,.741,1.2,5.0,6.2,1.2,1.0,1.4,0.7,1.9,8.5)
(2008,288,Troy Murphy,PF,27,IND,75,61,28.1,4.2,9.2,.455,1.3,3.1,.398,2.9,6.1,.484,.522,2.6,3.2,.797,1.4,5.8,7.2,2.2,0.7,0.4,1.3,2.9,12.2)
(2008,292,Eduardo Najera,PF,31,DEN,78,3,21.3,2.2,4.7,.473,0.7,1.9,.361,1.6,2.8,.548,.545,0.8,1.1,.708,1.4,2.9,4.3,1.2,0.9,0.5,0.8,2.6,5.9)
(2008,296,Rasho Nesterovic,C,31,TOR,71,39,20.9,3.6,6.6,.550,0.0,0.0,.333,3.6,6.5,.552,.551,0.5,0.7,.755,1.8,3.0,4.8,1.2,0.3,0.7,0.8,1.9,7.8)
(2008,300,Andres Nocioni,SF,28,CHI,82,27,24.6,4.6,10.7,.432,1.5,4.2,.364,3.1,6.5,.476,.504,2.4,3.0,.807,0.6,3.6,4.2,1.2,0.3,0.5,1.6,3.0,13.2)
(2008,303,Patrick O'Bryant,C,21,GSW,24,0,4.1,0.7,1.2,.552,0.0,0.0,,0.7,1.2,.552,.552,0.1,0.2,.600,0.4,0.8,1.2,0.2,0.2,0.4,0.3,1.1,1.5)
(2008,307,Lamar Odom,PF,28,LAL,77,77,37.9,5.4,10.3,.525,0.4,1.5,.274,5.0,8.9,.566,.544,3.0,4.3,.698,2.6,8.1,10.6,3.5,1.0,0.9,2.0,2.9,14.2)
(2008,311,Bo Outlaw,PF,36,ORL,2,0,3.5,1.0,1.5,.667,0.0,0.0,,1.0,1.5,.667,.667,0.0,0.0,,0.0,0.0,0.0,0.0,0.0,0.0,0.5,0.5,2.0)
(2008,315,Jannero Pargo,SG,28,NOH,80,5,18.7,3.2,8.2,.390,0.8,2.3,.349,2.4,5.8,.406,.439,0.9,1.0,.877,0.3,1.3,1.6,2.4,0.6,0.1,1.2,1.5,8.1)
(2008,319,Ruben Patterson,SF,32,LAC,20,5,16.4,2.0,4.3,.453,0.0,0.1,.000,2.0,4.2,.464,.453,1.2,2.2,.558,1.2,2.0,3.2,0.9,1.1,0.4,1.4,1.9,5.1)
(2008,322,Oleksiy Pecherov,C,22,WAS,35,0,9.1,1.3,3.6,.352,0.5,1.7,.283,0.8,1.9,.415,.420,0.6,0.9,.645,0.6,1.3,1.9,0.2,0.2,0.1,0.5,0.9,3.6)
(2008,326,Johan Petro,C,22,SEA,72,28,18.2,2.6,6.1,.419,0.0,0.0,.000,2.6,6.1,.420,.419,0.9,1.2,.736,1.4,3.8,5.1,0.4,0.5,0.6,1.0,2.4,6.0)
(2008,330,Scot Pollard,C,32,BOS,22,0,7.9,0.5,1.0,.522,0.0,0.0,,0.5,1.0,.522,.522,0.7,1.0,.682,0.6,1.0,1.7,0.1,0.1,0.3,0.2,2.0,1.8)
(2008,334,Kasib Powell,SF,26,MIA,11,4,27.6,3.2,8.6,.368,0.7,3.0,.242,2.5,5.6,.435,.411,0.5,0.8,.667,0.7,3.3,4.0,1.6,0.8,0.2,0.5,1.6,7.6)
(2008,338,Joel Przybilla,C,28,POR,77,67,23.6,1.9,3.2,.576,0.0,0.0,.000,1.9,3.2,.578,.576,1.1,1.6,.680,2.5,5.9,8.4,0.4,0.2,1.2,1.2,3.0,4.8)
(2008,341,Shavlik Randolph,PF,24,PHI,9,0,3.0,0.4,1.6,.286,0.0,0.0,,0.4,1.6,.286,.286,0.0,0.0,,1.0,0.2,1.2,0.3,0.1,0.3,0.2,0.6,0.9)
(2008,345,J.J. Redick,SG,23,ORL,34,0,8.1,1.4,3.2,.444,0.5,1.3,.395,0.9,1.9,.477,.523,0.8,1.0,.794,0.0,0.6,0.7,0.5,0.1,0.0,0.4,0.9,4.1)
(2008,349,Quentin Richardson,SF,27,NYK,65,65,28.3,3.1,8.5,.359,1.1,3.3,.322,2.0,5.2,.381,.421,0.9,1.4,.682,0.9,4.0,4.8,1.8,0.7,0.2,1.1,2.4,8.1)
(2008,353,Rajon Rondo,PG,21,BOS,77,77,29.9,4.6,9.3,.492,0.1,0.2,.263,4.5,9.0,.499,.496,1.4,2.3,.611,1.0,3.2,4.2,5.1,1.7,0.2,1.9,2.4,10.6)
(2008,357,Michael Ruffin,C,31,MIL,46,2,13.7,0.7,1.3,.532,0.0,0.0,,0.7,1.3,.532,.532,0.5,1.4,.397,2.0,2.1,4.0,0.5,0.7,0.4,0.4,2.0,2.0)
(2008,Rk,Player,Pos,Age,Tm,G,GS,MP,FG,FGA,FG%,3P,3PA,3P,2P,2PA,2P,eFG%,FT,FTA,FT%,ORB,DRB,TRB,AST,STL,BLK,TOV,PF,PTS)
(2008,364,Mouhamed Sene,C,21,SEA,13,0,4.8,0.8,1.8,.458,0.0,0.0,,0.8,1.8,.458,.458,0.6,1.3,.471,0.5,0.7,1.2,0.1,0.0,0.5,0.0,0.7,2.3)
(2008,368,Courtney Sims,C,24,IND,3,0,3.7,0.0,0.3,.000,0.0,0.0,,0.0,0.3,.000,.000,0.0,0.0,,0.3,0.3,0.7,0.3,0.0,0.0,0.0,0.7,0.0)
(2008,372,Jason Smith,PF,21,PHI,76,1,14.6,1.9,4.1,.455,0.1,0.2,.286,1.8,3.9,.463,.461,0.7,1.1,.659,1.0,2.0,3.0,0.3,0.3,0.7,0.6,1.9,4.5)
(2008,376,Kirk Snyder,SF-PF,24,TOT,36,18,21.1,2.7,5.3,.508,0.1,0.6,.217,2.5,4.6,.548,.521,1.8,2.4,.727,0.8,2.7,3.5,1.8,0.6,0.4,1.4,1.5,7.3)
(2008,380,Peja Stojakovic,SF,30,NOH,77,77,35.2,5.9,13.3,.440,3.0,6.8,.441,2.9,6.5,.438,.552,1.7,1.8,.929,0.8,3.5,4.3,1.2,0.7,0.1,0.8,1.6,16.4)
(2008,383,Salim Stoudamire,PG,25,ATL,35,0,11.5,1.9,5.1,.361,0.8,2.4,.341,1.0,2.7,.379,.442,1.2,1.4,.820,0.1,0.6,0.7,0.8,0.2,0.1,0.6,1.0,5.7)
(2008,387,Robert Swift,C,22,SEA,8,4,12.3,0.8,2.1,.353,0.0,0.0,,0.8,2.1,.353,.353,0.3,0.3,1.000,0.8,1.5,2.3,0.1,0.6,0.8,1.3,2.0,1.8)
(2008,391,Jason Terry,SG,30,DAL,82,34,31.5,5.7,12.3,.467,1.7,4.4,.375,4.1,7.9,.519,.535,2.3,2.7,.857,0.4,2.2,2.5,3.2,1.1,0.2,1.1,2.1,15.5)
(2008,395,Tim Thomas,PF,30,LAC,63,51,30.8,4.6,11.2,.413,1.3,4.3,.306,3.3,6.9,.479,.472,1.8,2.4,.752,1.0,4.1,5.1,2.7,0.6,0.5,1.6,3.0,12.4)
(2008,399,Alando Tucker,SF,23,PHO,6,0,8.0,1.3,3.7,.364,0.2,0.7,.250,1.2,3.0,.389,.386,0.8,1.0,.833,0.7,0.7,1.3,0.0,0.0,0.2,0.0,0.3,3.7)
(2008,402,Ime Udoka,PF,30,SAS,73,0,18.0,2.2,5.1,.424,0.8,2.3,.370,1.3,2.9,.467,.505,0.6,0.8,.759,0.5,2.6,3.1,0.9,0.8,0.2,0.8,1.7,5.8)
(2008,406,Charlie Villanueva,PF,23,MIL,76,31,24.1,4.7,10.7,.435,0.7,2.4,.297,3.9,8.3,.475,.469,1.6,2.1,.783,1.9,4.2,6.1,1.0,0.4,0.5,1.4,2.3,11.7)
(2008,410,Dwyane Wade,SG,26,MIA,51,49,38.3,8.6,18.4,.469,0.4,1.5,.286,8.2,16.9,.485,.480,6.9,9.2,.758,0.9,3.3,4.2,6.9,1.7,0.7,4.4,2.7,24.6)
(2008,414,Gerald Wallace,PF,25,CHA,62,59,38.3,6.6,14.6,.449,1.1,3.6,.321,5.4,11.1,.491,.488,5.0,6.9,.731,0.9,5.1,6.0,3.5,2.1,0.9,2.9,3.0,19.4)
(2008,418,Darius Washington,SG,22,SAS,18,0,8.1,1.2,2.7,.438,0.2,0.7,.333,0.9,2.0,.472,.479,0.4,0.7,.538,0.2,0.9,1.1,0.8,0.3,0.0,0.8,0.9,2.9)
(2008,421,Earl Watson,PG,28,SEA,78,73,29.1,4.3,9.6,.454,0.6,1.7,.371,3.7,7.9,.472,.487,1.4,1.9,.766,0.6,2.3,2.9,6.8,0.9,0.1,2.2,2.0,10.7)
(2008,425,David West,PF,27,NOH,76,76,37.8,8.3,17.2,.482,0.1,0.3,.240,8.2,16.8,.487,.484,3.9,4.6,.850,2.4,6.5,8.9,2.3,0.8,1.3,2.2,2.7,20.6)
(2008,429,Damien Wilkins,SF,28,SEA,76,31,24.3,3.6,8.9,.403,0.7,2.0,.323,2.9,6.8,.427,.440,1.4,1.9,.736,0.9,2.3,3.2,2.0,0.8,0.3,1.2,1.7,9.2)
(2008,433,Jason Williams,PG,32,MIA,67,53,28.1,3.1,8.2,.384,1.4,4.1,.353,1.7,4.1,.415,.472,1.0,1.2,.863,0.2,1.8,1.9,4.6,1.2,0.1,1.4,1.4,8.8)
(2008,437,Marcus Williams,PF-SF,21,TOT,11,0,3.3,0.5,1.8,.250,0.0,0.0,,0.5,1.8,.250,.250,0.0,0.0,,0.4,0.7,1.1,0.3,0.1,0.1,0.0,0.3,0.9)
(2008,Rk,Player,Pos,Age,Tm,G,GS,MP,FG,FGA,FG%,3P,3PA,3P,2P,2PA,2P,eFG%,FT,FTA,FT%,ORB,DRB,TRB,AST,STL,BLK,TOV,PF,PTS)
(2008,444,Metta World Peace,SF,28,SAC,57,54,38.1,7.6,16.9,.453,1.5,3.9,.380,6.2,13.0,.475,.497,3.7,5.2,.719,1.8,4.0,5.8,3.5,2.3,0.7,2.6,2.8,20.5)
(2008,448,Julian Wright,SF,20,NOH,57,1,11.2,1.6,3.0,.533,0.2,0.4,.417,1.4,2.5,.552,.562,0.6,0.9,.635,0.6,1.5,2.1,0.7,0.5,0.2,0.6,0.8,3.9)
