(2008,Rk,Player,Pos,Age,Tm,G,GS,MP,FG,FGA,FG%,3P,3PA,3P,2P,2PA,2P,eFG%,FT,FTA,FT%,ORB,DRB,TRB,AST,STL,BLK,TOV,PF,PTS)
(2008,4,Blake Ahearn,PG,23,MIA,12,0,14.8,1.3,4.8,.263,0.8,2.8,.294,0.4,1.9,.217,.351,2.5,2.6,.968,0.1,1.5,1.6,1.6,0.5,0.0,1.3,1.7,5.8)
(2008,8,Tony Allen,SG,26,BOS,75,11,18.3,2.3,5.2,.434,0.2,0.8,.316,2.0,4.4,.455,.458,1.8,2.4,.762,0.5,1.8,2.2,1.5,0.8,0.3,1.5,2.2,6.6)
(2008,12,Louis Amundson,PF,25,PHI,16,0,4.0,0.5,1.0,.500,0.0,0.0,,0.5,1.0,.500,.500,0.1,0.4,.286,0.4,0.3,0.8,0.0,0.1,0.1,0.1,0.8,1.1)
(2008,16,Joel Anthony,PF,25,MIA,24,1,20.8,1.2,2.5,.467,0.0,0.0,,1.2,2.5,.467,.467,1.2,2.0,.592,1.6,2.3,3.9,0.1,0.4,1.3,0.7,2.3,3.5)
(2008,20,Hilton Armstrong,C,23,NOH,65,3,11.3,1.0,2.3,.453,0.0,0.0,,1.0,2.3,.453,.453,0.7,1.1,.629,1.0,1.5,2.5,0.4,0.2,0.5,0.9,2.0,2.7)
(2008,23,James Augustine,PF,23,ORL,25,0,6.0,0.7,1.4,.529,0.0,0.0,,0.7,1.4,.529,.529,0.2,0.3,.500,0.6,0.6,1.2,0.1,0.2,0.1,0.2,0.7,1.6)
(2008,27,Leandro Barbosa,SG,25,PHO,82,12,29.5,5.8,12.5,.462,2.0,5.1,.389,3.8,7.3,.514,.543,2.1,2.6,.822,0.5,2.3,2.8,2.6,0.9,0.2,1.4,2.4,15.6)
(2008,31,Andre Barrett,PG,25,LAC,4,0,6.3,0.5,1.3,.400,0.3,0.8,.333,0.3,0.5,.500,.500,0.3,0.5,.500,0.0,0.3,0.3,1.8,0.0,0.0,0.3,0.3,1.5)
(2008,35,Maceo Baston,PF,32,TOR,15,2,6.9,1.1,1.7,.680,0.0,0.0,,1.1,1.7,.680,.680,0.5,0.7,.700,0.6,1.1,1.7,0.2,0.1,0.3,0.3,1.3,2.7)
(2008,39,Raja Bell,SG,31,PHO,75,75,35.3,4.2,10.0,.421,2.3,5.9,.401,1.9,4.2,.449,.538,1.1,1.2,.868,0.6,3.0,3.7,2.2,0.7,0.4,0.9,2.9,11.9)
(2008,42,Chauncey Billups,PG,31,DET,78,78,32.3,5.0,11.2,.448,1.8,4.4,.401,3.3,6.9,.479,.526,5.1,5.6,.918,0.5,2.2,2.7,6.8,1.3,0.2,2.1,1.7,17.0)
(2008,46,Keith Bogans,SG,27,ORL,82,35,26.8,2.9,7.2,.410,1.8,5.0,.362,1.1,2.2,.520,.536,1.0,1.3,.736,0.5,2.7,3.2,1.3,0.7,0.1,0.6,2.0,8.7)
(2008,50,Calvin Booth,C,31,PHI,31,0,6.6,0.3,0.9,.333,0.0,0.0,,0.3,0.9,.333,.333,0.2,0.3,.600,0.2,1.0,1.2,0.3,0.2,0.6,0.1,1.1,0.8)
(2008,54,Ryan Bowen,SF,32,NOH,53,4,12.5,0.9,1.9,.490,0.0,0.0,.000,0.9,1.9,.495,.490,0.3,0.5,.552,1.0,0.8,1.9,0.5,0.6,0.2,0.3,1.5,2.2)
(2008,58,Ronnie Brewer,SG,22,UTA,76,76,27.5,4.7,8.3,.558,0.1,0.7,.220,4.5,7.7,.587,.567,2.6,3.4,.759,1.3,1.6,2.9,1.8,1.7,0.3,0.9,1.4,12.0)
(2008,61,Andre Brown,PF,26,MEM,33,1,8.7,1.2,2.4,.500,0.0,0.0,,1.2,2.4,.500,.500,0.7,1.5,.449,1.1,1.7,2.8,0.2,0.2,0.1,0.4,1.2,3.0)
(2008,65,Shannon Brown,SG,22,TOT,21,4,11.4,2.1,6.0,.349,0.4,1.4,.300,1.7,4.6,.365,.385,0.8,1.4,.586,0.3,0.7,1.0,0.8,0.5,0.1,1.1,1.4,5.4)
(2008,69,Rasual Butler,SF,28,NOH,51,8,17.2,1.8,5.1,.350,0.9,2.6,.331,0.9,2.5,.370,.435,0.5,0.6,.839,0.3,1.6,2.0,0.7,0.3,0.4,0.2,1.3,4.9)
(2008,73,Brian Cardinal,PF,30,MEM,37,1,11.9,1.2,3.4,.341,0.7,2.2,.309,0.5,1.2,.400,.440,0.4,0.5,.684,0.7,1.9,2.6,0.6,0.3,0.1,0.6,1.7,3.4)
(2008,77,Vince Carter,SG,31,NJN,76,72,38.9,7.7,16.9,.456,1.3,3.6,.359,6.4,13.3,.482,.494,4.6,5.6,.816,1.5,4.5,6.0,5.1,1.2,0.4,2.4,3.2,21.3)
(2008,Rk,Player,Pos,Age,Tm,G,GS,MP,FG,FGA,FG%,3P,3PA,3P,2P,2PA,2P,eFG%,FT,FTA,FT%,ORB,DRB,TRB,AST,STL,BLK,TOV,PF,PTS)
(2008,84,Mardy Collins,SG,23,NYK,46,8,13.8,1.2,3.8,.326,0.2,0.7,.250,1.1,3.1,.343,.349,0.5,0.8,.605,0.4,1.2,1.6,1.9,0.5,0.2,1.2,1.2,3.2)
(2008,88,Daequan Cook,SG,20,MIA,59,19,24.4,3.3,8.7,.381,1.3,4.0,.332,2.0,4.7,.424,.458,0.8,1.0,.825,0.3,2.7,3.0,1.3,0.4,0.2,1.1,2.7,8.8)
(2008,92,Eddy Curry,C,25,NYK,59,58,25.9,5.0,9.2,.546,0.0,0.0,,5.0,9.2,.546,.546,3.2,5.1,.623,1.9,2.8,4.7,0.5,0.2,0.5,2.1,2.7,13.2)
(2008,96,Marquis Daniels,SG,27,IND,74,1,20.9,3.3,7.6,.430,0.4,1.4,.265,2.9,6.2,.466,.454,1.3,1.9,.698,0.9,2.0,2.9,1.9,1.1,0.2,1.5,1.6,8.2)
(2008,100,Paul Davis,PF,23,LAC,22,1,8.8,1.1,3.0,.369,0.0,0.0,,1.1,3.0,.369,.369,0.3,0.5,.600,1.1,1.0,2.1,0.5,0.3,0.3,0.4,1.5,2.5)
(2008,103,Luol Deng,SF,22,CHI,63,59,33.8,6.8,14.2,.479,0.1,0.3,.364,6.7,13.9,.482,.483,3.2,4.2,.770,2.2,4.1,6.3,2.5,0.9,0.5,1.9,1.9,17.0)
(2008,107,Dan Dickau,PG,29,LAC,67,8,15.5,1.9,4.4,.419,0.5,1.6,.333,1.3,2.8,.468,.480,1.0,1.2,.829,0.2,1.3,1.4,2.6,0.5,0.0,0.8,1.6,5.3)
(2008,111,DeSagana Diop,C,26,TOT,79,23,16.4,1.2,2.3,.522,0.0,0.0,,1.2,2.3,.522,.522,0.5,0.9,.543,2.0,2.9,5.0,0.5,0.3,1.1,0.7,1.8,2.9)
(2008,115,Quincy Douby,PG,23,SAC,74,0,11.8,1.8,4.5,.394,0.6,1.6,.344,1.2,2.9,.423,.457,0.6,0.7,.923,0.2,0.9,1.1,0.7,0.4,0.2,0.8,1.1,4.8)
(2008,119,Mike Dunleavy,SG,27,IND,82,82,36.0,6.5,13.6,.476,2.0,4.7,.424,4.5,8.9,.504,.550,4.1,4.9,.834,0.7,4.5,5.2,3.5,1.0,0.4,2.3,2.5,19.1)
(2008,122,Monta Ellis,SG,22,GSW,81,72,37.9,8.0,15.1,.531,0.1,0.6,.231,7.9,14.5,.545,.536,4.0,5.1,.767,1.6,3.3,5.0,3.9,1.5,0.3,2.1,2.4,20.2)
(2008,126,Reggie Evans,PF,27,PHI,81,61,23.2,1.9,4.3,.439,0.0,0.0,1.000,1.9,4.3,.438,.441,1.5,3.2,.467,2.8,4.8,7.5,0.8,1.1,0.1,1.3,2.6,5.2)
(2008,130,Kyrylo Fesenko,C,21,UTA,9,0,7.8,0.7,1.8,.375,0.0,0.0,,0.7,1.8,.375,.375,0.2,0.4,.500,1.6,1.2,2.8,0.2,0.0,0.3,0.9,2.1,1.6)
(2008,134,Jeff Foster,C,31,IND,77,52,24.5,2.7,4.8,.550,0.0,0.0,.000,2.7,4.8,.554,.550,1.1,1.9,.593,3.4,5.2,8.7,1.7,0.7,0.4,0.8,2.9,6.4)
(2008,138,Steve Francis,PG,30,HOU,10,3,19.9,1.9,5.7,.333,0.4,1.7,.235,1.5,4.0,.375,.368,1.3,2.3,.565,0.8,1.5,2.3,3.0,0.9,0.5,1.4,2.5,5.5)
(2008,141,Jorge Garbajosa,PF,30,TOR,7,0,10.6,1.1,3.6,.320,0.9,2.3,.375,0.3,1.3,.222,.440,0.0,0.0,,0.3,1.9,2.1,0.4,0.4,0.0,0.1,0.3,3.1)
(2008,145,Pat Garrity,PF,31,ORL,31,0,9.2,0.9,2.6,.338,0.3,1.2,.216,0.6,1.4,.442,.388,0.1,0.2,.800,0.3,1.1,1.4,0.4,0.2,0.0,0.5,1.1,2.1)
(2008,149,Devean George,SF,30,DAL,53,4,15.5,1.4,3.9,.357,0.4,1.3,.324,1.0,2.6,.374,.411,0.5,0.6,.706,0.5,2.1,2.6,0.7,0.4,0.2,0.5,1.7,3.7)
(2008,153,Gordan Giricek,SG,30,TOT,56,0,14.8,2.4,5.4,.440,0.6,1.8,.364,1.7,3.6,.478,.500,0.4,0.5,.885,0.3,1.4,1.7,1.1,0.4,0.1,0.9,1.5,5.8)
(2008,157,Marcin Gortat,C,23,ORL,6,0,6.8,1.3,2.8,.471,0.0,0.0,,1.3,2.8,.471,.471,0.3,0.5,.667,1.3,1.3,2.7,0.3,0.2,0.2,0.3,0.7,3.0)
(2008,Rk,Player,Pos,Age,Tm,G,GS,MP,FG,FGA,FG%,3P,3PA,3P,2P,2PA,2P,eFG%,FT,FTA,FT%,ORB,DRB,TRB,AST,STL,BLK,TOV,PF,PTS)
(2008,164,Taurean Green,SG-PG,21,TOT,17,0,4.4,0.4,1.5,.280,0.1,0.6,.182,0.3,0.8,.357,.320,0.6,0.7,.917,0.0,0.6,0.6,0.6,0.1,0.0,0.5,0.3,1.6)
(2008,168,Richard Hamilton,SG,29,DET,72,72,33.7,6.9,14.3,.484,0.9,2.0,.440,6.1,12.3,.492,.515,2.6,3.1,.833,1.0,2.2,3.3,4.2,1.0,0.1,1.8,2.4,17.3)
(2008,172,Othella Harrington,C,34,CHA,22,0,7.5,0.8,1.9,.429,0.0,0.0,,0.8,1.9,.429,.429,0.5,0.7,.625,0.5,1.4,1.9,0.2,0.0,0.2,0.5,1.5,2.1)
(2008,176,Jason Hart,PG,29,UTA,57,0,10.6,1.0,3.2,.322,0.2,0.5,.355,0.8,2.6,.315,.353,0.7,0.8,.844,0.1,0.9,1.0,1.5,0.5,0.1,0.5,1.3,2.9)
(2008,180,Chuck Hayes,PF,24,HOU,79,44,19.9,1.4,2.8,.511,0.0,0.0,.000,1.4,2.8,.518,.511,0.1,0.3,.458,1.7,3.7,5.4,1.2,1.1,0.5,0.8,2.7,3.0)
(2008,183,Luther Head,SG,25,HOU,73,17,18.9,2.8,6.5,.432,1.1,3.1,.351,1.7,3.5,.504,.515,0.9,1.1,.815,0.2,1.6,1.8,1.9,0.6,0.1,1.0,1.0,7.6)
(2008,187,Kirk Hinrich,PG,27,CHI,75,72,31.7,4.4,10.6,.414,1.1,3.2,.350,3.3,7.4,.442,.467,1.6,1.9,.831,0.4,2.9,3.3,6.0,1.2,0.3,2.1,3.0,11.5)
(2008,191,Eddie House,PG,29,BOS,78,2,19.0,2.8,6.8,.409,1.5,3.8,.393,1.3,3.0,.429,.519,0.4,0.5,.917,0.2,1.9,2.1,1.9,0.8,0.1,1.0,1.5,7.5)
(2008,195,Troy Hudson,PG,31,GSW,9,0,10.3,1.0,3.4,.290,0.4,1.3,.333,0.6,2.1,.263,.355,0.7,0.7,1.000,0.0,0.8,0.8,1.0,0.3,0.0,0.8,0.4,3.1)
(2008,199,Steven Hunter,C,26,DEN,19,2,6.3,0.8,1.5,.536,0.0,0.0,,0.8,1.5,.536,.536,0.5,1.1,.450,0.5,1.0,1.5,0.0,0.0,0.3,0.4,1.1,2.1)
(2008,202,Didier Ilunga-Mbenga,C,27,TOT,42,0,7.8,0.9,2.0,.464,0.0,0.0,,0.9,2.0,.464,.464,0.1,0.3,.417,0.7,1.0,1.7,0.2,0.2,0.6,0.3,1.7,2.0)
(2008,206,Bobby Jackson,SG-PG,34,TOT,72,5,19.3,2.8,7.0,.403,1.1,3.1,.358,1.7,3.9,.439,.483,0.9,1.1,.790,0.5,2.1,2.5,1.9,0.6,0.1,0.8,1.3,7.7)
(2008,210,Jerome James,C,32,NYK,2,0,2.5,0.5,0.5,1.000,0.0,0.0,,0.5,0.5,1.000,1.000,1.0,1.0,1.000,0.0,1.5,1.5,0.0,0.0,0.0,0.0,0.0,2.0)
(2008,214,Marko Jaric,SG,29,MIN,75,56,29.2,3.0,7.0,.430,0.6,1.7,.362,2.4,5.3,.451,.473,1.6,2.2,.742,0.5,2.5,3.0,4.1,1.3,0.4,1.7,2.4,8.3)
(2008,218,Yi Jianlian,PF,20,MIL,66,49,25.0,3.3,7.9,.421,0.1,0.3,.286,3.2,7.6,.427,.427,1.8,2.2,.841,1.6,3.6,5.2,0.8,0.5,0.8,1.4,2.3,8.6)
(2008,221,Anthony Johnson,PG,33,TOT,69,52,22.2,2.2,5.1,.437,0.6,1.3,.452,1.6,3.8,.431,.496,0.5,0.6,.814,0.3,1.7,2.0,3.8,0.8,0.1,1.2,1.7,5.6)
(2008,225,Bobby Jones,C-SF,24,TOT,47,2,11.3,1.3,3.0,.429,0.4,1.1,.340,0.9,1.9,.483,.493,0.9,1.1,.784,0.6,1.3,2.0,0.6,0.3,0.1,0.6,1.8,3.8)
(2008,230,Fred Jones,SG,28,NYK,70,26,25.1,2.6,6.2,.421,1.1,2.7,.385,1.5,3.4,.450,.507,1.3,1.8,.746,0.4,2.0,2.4,2.4,0.7,0.3,1.1,2.0,7.6)
(2008,234,Jason Kapono,SF,26,TOR,81,7,18.9,3.0,6.1,.488,0.7,1.5,.483,2.3,4.7,.489,.545,0.5,0.5,.860,0.4,1.1,1.5,0.8,0.4,0.0,0.7,1.6,7.2)
(2008,238,Tarence Kinsey,SG,23,MEM,11,0,8.7,1.5,3.5,.421,0.3,0.6,.429,1.2,2.8,.419,.461,0.5,0.5,.833,0.3,0.8,1.1,0.2,0.3,0.0,0.3,1.0,3.6)
(2008,241,Brevin Knight,PG,32,LAC,74,39,22.6,1.9,4.6,.404,0.0,0.1,.000,1.9,4.5,.411,.404,0.8,1.0,.873,0.2,1.7,1.9,4.4,1.4,0.1,1.0,2.2,4.6)
(2008,245,Carl Landry,PF,24,HOU,42,0,16.9,3.2,5.2,.616,0.0,0.0,.000,3.2,5.2,.619,.616,1.7,2.6,.661,2.3,2.6,4.9,0.5,0.4,0.2,0.6,2.3,8.1)
(2008,249,David Lee,PF,24,NYK,81,29,29.1,4.2,7.6,.552,0.0,0.0,.000,4.2,7.6,.554,.552,2.4,2.9,.819,3.0,6.0,8.9,1.2,0.7,0.4,1.2,2.6,10.8)
(2008,253,Mark Madsen,PF,32,MIN,20,6,7.6,0.2,1.0,.158,0.0,0.0,,0.2,1.0,.158,.158,0.2,0.6,.250,0.9,1.0,1.9,0.2,0.2,0.1,0.5,1.3,0.5)
(2008,257,Stephon Marbury,PG,30,NYK,24,19,33.5,4.6,11.0,.419,1.2,3.1,.378,3.5,8.0,.435,.472,3.5,4.8,.716,0.7,1.8,2.5,4.7,0.9,0.1,2.0,2.4,13.9)
(2008,Rk,Player,Pos,Age,Tm,G,GS,MP,FG,FGA,FG%,3P,3PA,3P,2P,2PA,2P,eFG%,FT,FTA,FT%,ORB,DRB,TRB,AST,STL,BLK,TOV,PF,PTS)
(2008,264,Desmond Mason,SF,30,MIL,59,56,28.8,3.9,8.1,.482,0.0,0.0,,3.9,8.1,.482,.482,1.9,2.9,.659,1.3,3.1,4.3,2.1,0.7,0.5,1.4,1.8,9.7)
(2008,268,Jelani McCoy,C,30,DEN,6,1,5.5,0.2,0.2,1.000,0.0,0.0,,0.2,0.2,1.000,1.000,0.2,0.3,.500,0.2,1.0,1.2,0.0,0.0,0.8,0.7,1.2,0.5)
(2008,272,Jeff McInnis,PG,33,CHA,54,26,26.1,2.0,4.6,.434,0.1,0.4,.158,1.9,4.3,.457,.440,0.4,0.6,.767,0.3,1.5,1.8,4.1,0.4,0.1,1.4,2.2,4.5)
(2008,276,Darko Milicic,C,22,MEM,70,64,23.8,3.1,7.1,.438,0.0,0.0,.000,3.1,7.1,.439,.438,1.0,1.7,.554,1.8,4.2,6.1,0.8,0.5,1.6,1.4,2.6,7.2)
(2008,280,Paul Millsap,PF,22,UTA,82,2,20.8,3.1,6.1,.504,0.0,0.0,.000,3.1,6.1,.508,.504,1.9,2.8,.677,2.0,3.6,5.6,1.0,0.9,0.9,1.1,3.3,8.1)
(2008,283,Nazr Mohammed,C,30,TOT,82,29,20.1,3.3,6.4,.515,0.0,0.0,.000,3.3,6.4,.516,.515,1.2,2.0,.583,2.4,3.7,6.0,0.9,0.5,0.7,1.2,2.8,7.8)
(2008,287,Alonzo Mourning*,C,37,MIA,25,0,15.6,2.1,3.8,.547,0.0,0.0,,2.1,3.8,.547,.547,1.8,3.0,.592,1.4,2.4,3.7,0.3,0.2,1.7,1.0,2.2,6.0)
(2008,291,Bostjan Nachbar,PF,27,NJN,75,1,22.1,3.3,8.1,.402,1.3,3.5,.359,2.0,4.6,.435,.479,2.1,2.6,.786,0.7,2.7,3.5,1.2,0.6,0.3,1.1,2.4,9.8)
(2008,295,Jameer Nelson,PG,25,ORL,69,62,28.4,4.1,8.7,.469,0.9,2.2,.416,3.2,6.5,.488,.522,1.8,2.2,.828,0.4,3.1,3.5,5.6,0.9,0.1,2.0,2.4,10.9)
(2008,299,Joakim Noah,C,22,CHI,74,31,20.7,2.4,5.0,.482,0.0,0.0,.000,2.4,4.9,.484,.482,1.8,2.6,.691,2.4,3.3,5.6,1.1,0.9,0.9,1.2,2.3,6.6)
(2008,302,Dirk Nowitzki,PF,29,DAL,77,77,36.0,8.2,17.1,.479,1.0,2.9,.359,7.2,14.2,.504,.510,6.2,7.1,.879,1.2,7.3,8.6,3.5,0.7,0.9,2.1,2.6,23.6)
(2008,306,Fabricio Oberto,PF,32,SAS,82,64,20.0,2.2,3.6,.608,0.0,0.0,.000,2.2,3.6,.610,.608,0.5,0.7,.607,1.9,3.4,5.2,1.2,0.5,0.2,0.6,2.5,4.8)
(2008,310,Kevin Ollie,SG,35,PHI,40,0,7.5,0.7,1.7,.420,0.0,0.0,.000,0.7,1.7,.426,.420,0.3,0.4,.800,0.1,0.4,0.5,1.0,0.3,0.0,0.1,0.7,1.8)
(2008,314,Zaza Pachulia,C,23,ATL,62,5,15.2,1.7,4.0,.437,0.0,0.0,.000,1.7,3.9,.442,.437,1.7,2.5,.706,1.4,2.6,4.0,0.6,0.4,0.2,1.1,2.3,5.2)
(2008,318,Tony Parker,PG,25,SAS,69,68,33.5,7.5,15.1,.494,0.2,1.0,.258,7.2,14.2,.510,.502,3.6,5.0,.715,0.4,2.8,3.2,6.0,0.8,0.1,2.4,1.3,18.8)
(2008,321,Sasha Pavlovic,SG,24,CLE,51,45,23.3,2.9,7.9,.362,0.7,2.2,.298,2.2,5.7,.388,.404,1.0,1.5,.688,0.7,1.8,2.5,1.6,0.6,0.1,1.1,2.3,7.4)
(2008,325,Morris Peterson,SG,30,NOH,76,76,23.6,2.8,6.8,.417,1.5,3.8,.394,1.3,3.0,.445,.526,0.9,1.1,.765,0.5,2.2,2.7,0.9,0.6,0.1,0.5,1.6,8.0)
(2008,329,Mickael Pietrus,SF,25,GSW,66,16,19.9,2.6,5.9,.439,1.0,2.8,.361,1.6,3.1,.510,.525,1.0,1.5,.673,1.0,2.7,3.7,0.7,1.0,0.7,0.7,3.0,7.2)
(2008,333,Josh Powell,C,25,LAC,64,25,19.2,2.3,4.9,.460,0.0,0.0,.000,2.3,4.9,.465,.460,1.0,1.4,.724,1.8,3.4,5.2,0.7,0.2,0.4,1.0,2.0,5.5)
(2008,337,Gabe Pruitt,PG,21,BOS,15,0,6.3,0.9,2.6,.359,0.2,0.8,.250,0.7,1.8,.407,.397,0.1,0.1,.500,0.1,0.5,0.5,0.9,0.3,0.0,0.3,0.7,2.1)
(2008,Rk,Player,Pos,Age,Tm,G,GS,MP,FG,FGA,FG%,3P,3PA,3P,2P,2PA,2P,eFG%,FT,FTA,FT%,ORB,DRB,TRB,AST,STL,BLK,TOV,PF,PTS)
(2008,344,Michael Redd,SG,28,MIL,72,71,37.5,7.6,17.3,.442,1.8,5.0,.362,5.8,12.3,.475,.495,5.6,6.8,.820,1.2,3.1,4.3,3.4,0.9,0.2,2.5,1.7,22.7)
(2008,348,Jeremy Richardson,SG-SF,23,TOT,27,1,4.9,0.6,1.6,.364,0.3,0.7,.368,0.3,0.9,.360,.443,0.1,0.1,1.000,0.0,0.3,0.3,0.1,0.1,0.0,0.2,0.5,1.5)
(2008,352,Sergio Rodriguez,PG,21,POR,72,0,8.7,1.0,2.7,.352,0.2,0.8,.293,0.7,1.9,.377,.395,0.3,0.5,.658,0.2,0.6,0.8,1.7,0.3,0.0,0.7,0.8,2.5)
(2008,356,Brandon Roy,SG,23,POR,74,74,37.7,7.2,15.8,.454,1.0,2.9,.340,6.2,12.9,.480,.485,3.8,5.0,.753,1.1,3.6,4.7,5.8,1.1,0.2,1.8,2.0,19.1)
(2008,360,Cheikh Samb,C,23,DET,4,0,7.8,0.8,1.0,.750,0.0,0.0,,0.8,1.0,.750,.750,0.3,0.5,.500,0.8,1.0,1.8,0.0,0.3,0.5,0.3,2.0,1.8)
(2008,363,Thabo Sefolosha,SG,23,CHI,69,22,20.8,2.6,6.1,.428,0.4,1.3,.330,2.2,4.8,.453,.462,1.1,1.5,.721,0.7,3.0,3.7,1.9,0.9,0.4,1.3,1.9,6.7)
(2008,367,Cedric Simmons,PF,22,TOT,14,0,6.2,0.3,1.0,.286,0.0,0.0,,0.3,1.0,.286,.286,0.0,0.7,.000,0.4,0.9,1.3,0.0,0.1,0.4,0.4,0.6,0.6)
(2008,371,J.R. Smith,SG,22,DEN,74,0,19.2,4.2,9.1,.461,2.1,5.3,.403,2.1,3.8,.542,.578,1.7,2.4,.719,0.6,1.5,2.1,1.7,0.8,0.2,1.5,1.9,12.3)
(2008,375,Eric Snow,PG,34,CLE,22,5,13.9,0.3,1.7,.158,0.0,0.1,.000,0.3,1.6,.167,.158,0.5,1.0,.455,0.2,0.7,0.9,1.9,0.5,0.2,0.5,1.4,1.0)
(2008,379,DeShawn Stevenson,SG,26,WAS,82,82,31.3,3.7,9.5,.386,1.9,5.0,.383,1.7,4.5,.390,.487,1.9,2.4,.797,0.5,2.4,2.9,3.1,0.8,0.2,1.2,1.3,11.2)
(2008,382,Damon Stoudamire,PG,34,TOT,60,33,17.3,2.0,5.6,.356,0.8,2.5,.336,1.2,3.1,.372,.430,0.5,0.6,.794,0.3,1.6,2.0,2.8,0.5,0.0,1.3,1.3,5.3)
(2008,386,Rodney Stuckey,PG,21,DET,57,2,19.0,2.7,6.7,.401,0.1,0.3,.188,2.6,6.4,.410,.404,2.2,2.7,.814,0.6,1.7,2.3,2.8,0.9,0.1,1.4,2.0,7.6)
(2008,390,Sebastian Telfair,PG,22,MIN,60,51,32.2,3.7,9.3,.401,0.5,1.9,.281,3.2,7.4,.432,.430,1.3,1.8,.743,0.3,2.0,2.3,5.9,1.0,0.2,1.9,2.9,9.3)
(2008,394,Kurt Thomas,C-PF,35,TOT,70,48,22.6,2.8,5.7,.492,0.0,0.0,.000,2.8,5.6,.494,.492,0.8,1.1,.663,1.9,5.4,7.2,1.0,0.8,0.8,0.7,2.7,6.3)
(2008,398,Jamaal Tinsley,PG,29,IND,39,36,33.2,4.5,11.9,.380,1.0,3.6,.284,3.5,8.3,.422,.423,1.8,2.6,.720,0.6,3.0,3.6,8.4,1.7,0.3,3.3,2.5,11.9)
(2008,401,Hedo Turkoglu,SF,28,ORL,82,82,36.9,6.8,14.9,.456,2.0,5.1,.400,4.8,9.8,.485,.524,4.0,4.8,.829,1.0,4.7,5.7,5.0,0.9,0.3,3.0,3.0,19.5)
(2008,405,Jacque Vaughn,PG,32,SAS,74,9,15.4,1.6,3.8,.428,0.0,0.1,.300,1.6,3.7,.432,.433,0.8,1.1,.763,0.2,0.8,1.0,2.1,0.3,0.0,0.7,1.3,4.1)
(2008,409,Sasha Vujacic,SG,23,LAL,72,0,17.8,3.0,6.7,.454,1.6,3.8,.437,1.4,2.9,.476,.577,1.1,1.3,.835,0.3,1.9,2.1,1.0,0.5,0.1,0.7,1.5,8.8)
(2008,413,Ben Wallace,C-PF,33,TOT,72,72,30.6,1.9,4.9,.392,0.0,0.1,.000,1.9,4.8,.397,.392,1.0,2.3,.426,3.3,5.1,8.4,1.5,1.2,1.6,0.9,1.7,4.8)
(2008,417,Hakim Warrick,PF,25,MEM,75,30,23.4,4.4,8.7,.502,0.2,0.6,.271,4.2,8.1,.521,.512,2.4,3.5,.704,1.6,3.1,4.7,0.7,0.5,0.4,1.1,2.1,11.4)
(2008,Rk,Player,Pos,Age,Tm,G,GS,MP,FG,FGA,FG%,3P,3PA,3P,2P,2PA,2P,eFG%,FT,FTA,FT%,ORB,DRB,TRB,AST,STL,BLK,TOV,PF,PTS)
(2008,424,Bonzi Wells,SG,31,TOT,73,7,21.4,3.5,7.8,.443,0.2,0.7,.240,3.3,7.1,.462,.453,2.0,3.1,.643,1.2,3.4,4.5,1.3,1.0,0.4,1.4,2.2,9.1)
(2008,428,Chris Wilcox,PF,25,SEA,62,55,28.0,5.4,10.3,.524,0.0,0.0,.000,5.4,10.2,.526,.524,2.6,4.0,.645,2.0,5.0,7.0,1.2,0.7,0.6,1.7,2.8,13.4)
(2008,432,Deron Williams,PG,23,UTA,82,82,37.3,6.9,13.6,.507,1.0,2.6,.395,5.9,11.1,.533,.544,4.0,5.0,.803,0.4,2.5,3.0,10.5,1.1,0.3,3.4,2.4,18.8)
(2008,436,Marcus Williams,PG,22,NJN,53,7,16.1,2.1,5.5,.379,1.0,2.7,.380,1.1,2.8,.377,.471,0.7,0.9,.787,0.3,1.6,1.9,2.6,0.5,0.1,1.4,1.0,5.9)
(2008,440,Sean Williams,C,21,NJN,73,29,17.5,2.2,4.2,.538,0.0,0.0,,2.2,4.2,.538,.538,1.1,1.8,.609,1.6,2.8,4.4,0.4,0.4,1.5,1.0,2.6,5.6)
(2008,443,Loren Woods,C,29,HOU,7,0,2.4,0.4,0.7,.600,0.0,0.0,,0.4,0.7,.600,.600,0.0,0.0,,0.0,0.1,0.1,0.3,0.0,0.0,0.0,0.3,0.9)
(2008,447,Dorell Wright,SF,22,MIA,44,34,25.1,3.3,6.7,.488,0.1,0.3,.364,3.2,6.4,.493,.495,1.3,1.6,.826,1.1,3.9,5.0,1.4,0.7,0.9,0.7,1.8,7.9)
(2008,451,Thaddeus Young,PF,19,PHI,74,22,21.0,3.6,6.6,.539,0.1,0.3,.316,3.5,6.4,.548,.545,1.0,1.4,.738,1.6,2.6,4.2,0.8,1.0,0.1,0.9,1.7,8.2)
