(2008,3,Maurice Ager,SG,23,TOT,26,3,6.3,0.8,2.5,.323,0.1,0.7,.158,0.7,1.8,.391,.346,0.2,0.5,.500,0.2,0.3,0.5,0.3,0.0,0.0,0.2,0.7,2.0)
(2008,7,Ray Allen,SG,32,BOS,73,73,35.9,6.0,13.5,.445,2.5,6.2,.398,3.5,7.3,.485,.537,2.9,3.2,.907,1.0,2.6,3.7,3.1,0.9,0.2,1.7,2.0,17.4)
(2008,11,Rafer Alston,PG,31,HOU,74,74,34.1,4.9,12.5,.394,1.9,5.5,.351,3.0,7.0,.427,.471,1.3,1.9,.715,0.4,3.1,3.5,5.3,1.3,0.2,2.2,1.9,13.1)
(2008,15,Carmelo Anthony,SF,23,DEN,77,77,36.4,9.5,19.2,.492,0.8,2.1,.354,8.7,17.1,.509,.511,6.0,7.7,.786,2.3,5.1,7.4,3.4,1.3,0.5,3.3,3.3,25.7)
(2008,19,Darrell Armstrong,PG,39,NJN,50,2,11.0,0.8,2.2,.364,0.5,1.4,.333,0.3,0.8,.415,.468,0.4,0.6,.667,0.3,1.0,1.3,1.5,0.6,0.0,0.8,1.1,2.5)
(2008,22,Chucky Atkins,SG,33,DEN,24,0,14.7,1.8,5.1,.344,1.0,3.3,.316,0.7,1.8,.395,.447,0.2,0.4,.444,0.1,1.2,1.3,2.0,0.4,0.0,0.4,1.1,4.7)
(2008,26,Marcus Banks,PG,26,TOT,36,3,15.8,2.4,5.3,.450,1.1,2.8,.392,1.3,2.5,.517,.555,0.8,1.0,.771,0.1,1.1,1.3,1.7,0.4,0.4,1.0,1.8,6.6)
(2008,30,Matt Barnes,PF,27,GSW,73,18,19.4,2.6,6.1,.423,0.7,2.5,.293,1.8,3.6,.513,.483,0.8,1.1,.747,1.3,3.2,4.4,1.9,0.7,0.5,1.2,2.2,6.7)
(2008,34,Brandon Bass,C,22,DAL,79,1,19.7,3.1,6.2,.499,0.0,0.1,.000,3.1,6.2,.503,.499,2.1,2.5,.822,1.5,2.9,4.4,0.7,0.3,0.6,1.0,1.9,8.3)
(2008,38,Charlie Bell,SG,28,MIL,68,5,23.9,2.7,7.1,.381,1.1,3.2,.341,1.6,4.0,.413,.457,1.0,1.3,.805,0.5,2.0,2.5,3.1,0.8,0.0,1.1,1.8,7.6)
(2008,41,Andris Biedrins,C,21,GSW,76,59,27.3,4.5,7.1,.626,0.0,0.0,,4.5,7.1,.626,.626,1.5,2.5,.620,3.4,6.4,9.8,1.0,0.7,1.2,1.1,3.4,10.5)
(2008,45,Mark Blount,C,32,MIA,69,46,22.3,3.4,7.5,.462,0.2,0.6,.386,3.2,6.8,.469,.479,1.3,2.0,.638,1.0,2.8,3.8,0.6,0.5,0.5,1.0,1.9,8.4)
(2008,49,Josh Boone,PF,23,NJN,70,53,25.3,3.4,6.2,.548,0.0,0.0,,3.4,6.2,.548,.548,1.4,3.1,.456,2.7,4.5,7.3,0.8,0.5,0.9,1.0,2.2,8.2)
(2008,53,Bruce Bowen,SF,36,SAS,81,81,30.2,2.1,5.3,.407,1.1,2.7,.419,1.0,2.6,.394,.512,0.6,0.9,.652,0.4,2.5,2.9,1.1,0.7,0.3,0.6,2.2,6.0)
(2008,57,Corey Brewer,SF,21,MIN,79,35,22.8,2.3,6.2,.374,0.1,0.5,.194,2.2,5.7,.389,.382,1.1,1.4,.800,1.0,2.7,3.7,1.4,1.0,0.3,1.1,2.4,5.8)
(2008,Rk,Player,Pos,Age,Tm,G,GS,MP,FG,FGA,FG%,3P,3PA,3P,2P,2PA,2P,eFG%,FT,FTA,FT%,ORB,DRB,TRB,AST,STL,BLK,TOV,PF,PTS)
(2008,64,P.J. Brown,PF,38,BOS,18,0,11.6,0.8,2.3,.341,0.0,0.1,.000,0.8,2.2,.350,.341,0.6,0.9,.688,1.6,2.2,3.8,0.6,0.3,0.4,0.6,1.6,2.2)
(2008,68,Caron Butler,SF,27,WAS,58,58,39.9,7.6,16.3,.466,1.1,3.2,.357,6.4,13.1,.492,.501,4.1,4.5,.901,1.6,5.1,6.7,4.9,2.2,0.3,2.6,2.8,20.3)
(2008,72,Marcus Camby,C,33,DEN,79,79,34.9,3.6,8.0,.450,0.1,0.3,.300,3.5,7.8,.455,.455,1.8,2.6,.708,2.9,10.2,13.1,3.3,1.1,3.6,1.5,2.7,9.1)
(2008,76,Anthony Carter,PG,32,DEN,70,67,28.0,3.1,6.8,.458,0.6,1.8,.349,2.5,5.0,.499,.505,0.9,1.2,.753,0.4,2.5,2.9,5.5,1.5,0.4,1.8,2.5,7.8)
(2008,80,Wilson Chandler,SF,20,NYK,35,16,19.6,3.0,6.9,.438,0.3,0.9,.300,2.8,6.1,.458,.457,1.0,1.5,.630,1.1,2.5,3.6,0.9,0.4,0.5,0.8,2.4,7.3)
(2008,83,Jason Collins,C,29,TOT,74,26,15.8,0.7,1.5,.469,0.0,0.0,.000,0.7,1.5,.473,.469,0.5,1.0,.459,0.9,1.5,2.4,0.3,0.3,0.3,0.6,2.6,1.9)
(2008,87,Brian Cook,PF,27,TOT,51,2,12.3,1.7,4.6,.376,0.8,2.3,.374,0.9,2.3,.378,.468,0.4,0.4,.905,0.5,1.6,2.1,0.5,0.3,0.2,0.8,1.8,4.7)
(2008,91,Austin Croshere,PF,32,GSW,44,0,10.4,1.4,3.1,.445,0.5,1.4,.361,0.9,1.7,.513,.526,0.7,0.7,.906,0.8,1.6,2.4,0.7,0.2,0.1,0.5,1.4,3.9)
(2008,95,Antonio Daniels,PG,32,WAS,71,63,30.4,2.9,6.3,.459,0.2,1.0,.230,2.6,5.3,.504,.478,2.4,3.1,.776,0.3,2.5,2.9,4.8,1.0,0.0,1.3,1.1,8.4)
(2008,99,Glen Davis,C,22,BOS,69,1,13.6,1.6,3.2,.484,0.0,0.0,,1.6,3.2,.484,.484,1.4,2.2,.660,1.4,1.6,3.0,0.4,0.4,0.3,0.9,2.3,4.5)
(2008,102,Carlos Delfino,SG,25,TOR,82,0,23.5,3.1,7.7,.397,1.5,3.8,.382,1.6,3.9,.412,.492,1.4,1.9,.744,0.8,3.6,4.4,1.8,0.8,0.1,0.9,2.2,9.0)
(2008,106,Guillermo Diaz,SG,22,LAC,6,0,3.0,0.2,0.7,.250,0.0,0.2,.000,0.2,0.5,.333,.250,0.5,0.8,.600,0.3,0.0,0.3,0.2,0.0,0.0,0.0,0.0,0.8)
(2008,110,Ike Diogu,PF,24,IND,30,1,10.2,2.1,4.5,.478,0.0,0.0,,2.1,4.5,.478,.478,1.3,1.6,.851,1.3,1.6,2.8,0.3,0.2,0.1,0.7,1.4,5.6)
(2008,114,Keyon Dooling,PG,27,ORL,72,1,18.5,2.8,5.9,.468,0.3,0.9,.338,2.4,5.0,.492,.494,2.3,2.7,.845,0.1,1.3,1.4,1.8,0.5,0.1,0.8,1.8,8.1)
(2008,118,Tim Duncan,C,31,SAS,78,78,34.0,7.5,15.1,.497,0.0,0.1,.000,7.5,15.1,.498,.497,4.3,5.9,.730,3.0,8.3,11.3,2.8,0.7,1.9,2.3,2.4,19.3)
(2008,121,Kevin Durant,SG,19,SEA,80,80,34.6,7.3,17.1,.430,0.7,2.6,.288,6.6,14.5,.455,.451,4.9,5.6,.873,0.9,3.5,4.4,2.4,1.0,0.9,2.9,1.5,20.3)
(2008,125,Maurice Evans,SG,29,TOT,75,47,22.9,3.5,7.3,.481,1.1,2.8,.388,2.4,4.5,.539,.555,0.8,1.1,.711,1.2,1.7,2.9,1.1,0.6,0.1,0.5,1.9,8.9)
(2008,129,Raymond Felton,PG,23,CHA,79,79,37.6,5.2,12.6,.413,0.7,2.5,.280,4.5,10.1,.447,.441,3.3,4.1,.800,0.5,2.5,3.0,7.4,1.2,0.2,2.7,2.3,14.4)
(2008,133,T.J. Ford,PG,24,TOR,51,26,23.5,4.8,10.3,.469,0.3,1.0,.294,4.5,9.3,.488,.484,2.2,2.5,.880,0.5,1.5,2.0,6.1,1.1,0.0,2.0,1.8,12.1)
(2008,137,Richie Frahm,SG,30,LAC,10,2,16.3,2.0,5.4,.370,0.7,2.5,.280,1.3,2.9,.448,.435,0.0,0.2,.000,0.4,1.0,1.4,0.8,0.2,0.0,0.6,0.7,4.7)
(2008,Rk,Player,Pos,Age,Tm,G,GS,MP,FG,FGA,FG%,3P,3PA,3P,2P,2PA,2P,eFG%,FT,FTA,FT%,ORB,DRB,TRB,AST,STL,BLK,TOV,PF,PTS)
(2008,144,Kevin Garnett,PF,31,BOS,71,71,32.8,7.5,13.9,.539,0.0,0.2,.000,7.5,13.8,.545,.539,3.8,4.7,.801,1.9,7.3,9.2,3.4,1.4,1.3,1.9,2.3,18.8)
(2008,148,Mickael Gelabale,SG,24,SEA,39,0,11.9,1.8,4.0,.439,0.4,0.9,.432,1.4,3.1,.442,.490,0.4,0.5,.778,0.4,1.1,1.5,0.8,0.3,0.2,0.7,0.8,4.3)
(2008,152,Manu Ginobili,SG,30,SAS,74,23,31.1,6.1,13.3,.460,2.1,5.3,.401,4.0,8.0,.499,.540,5.1,6.0,.860,0.9,3.9,4.8,4.5,1.5,0.4,2.7,2.3,19.5)
(2008,156,Ben Gordon,SG,24,CHI,72,27,31.8,6.4,14.8,.434,2.0,4.8,.410,4.5,10.0,.445,.500,3.7,4.1,.908,0.6,2.5,3.1,3.0,0.8,0.1,2.1,2.4,18.6)
(2008,160,Danny Granger,SF,24,IND,80,80,36.0,6.7,15.1,.446,2.1,5.3,.404,4.6,9.8,.468,.517,4.0,4.7,.852,1.2,4.9,6.1,2.1,1.2,1.1,2.1,3.6,19.6)
(2008,163,Jeff Green,SF,21,SEA,80,52,28.2,4.0,9.4,.427,0.3,1.0,.276,3.7,8.4,.444,.441,2.2,3.0,.744,1.3,3.5,4.7,1.5,0.6,0.6,2.0,2.5,10.5)
(2008,167,Adrian Griffin,SG-SF,33,TOT,35,2,8.8,0.9,2.2,.395,0.0,0.0,,0.9,2.2,.395,.395,0.1,0.3,.556,0.8,0.9,1.7,0.8,0.5,0.1,0.6,0.8,1.9)
(2008,171,Al Harrington,C,27,GSW,81,59,27.0,5.0,11.4,.434,1.9,5.0,.375,3.1,6.4,.482,.517,1.8,2.3,.774,1.3,4.1,5.4,1.6,0.9,0.2,1.1,3.3,13.6)
(2008,175,David Harrison,C,25,IND,55,0,12.8,1.6,3.1,.529,0.0,0.0,,1.6,3.1,.529,.529,0.9,1.7,.510,0.8,1.4,2.1,0.3,0.4,1.1,1.1,3.0,4.2)
(2008,179,Spencer Hawes,C,19,SAC,71,8,13.1,2.1,4.5,.459,0.1,0.3,.190,2.0,4.2,.478,.465,0.5,0.8,.655,1.0,2.3,3.2,0.6,0.2,0.6,0.8,1.8,4.7)
(2008,182,Brendan Haywood,C,28,WAS,80,80,27.9,4.0,7.5,.528,0.0,0.0,,4.0,7.5,.528,.528,2.7,3.7,.735,3.4,3.8,7.2,0.9,0.4,1.7,1.4,2.7,10.6)
(2008,186,Grant Hill,SF,35,PHO,70,68,31.7,5.1,10.2,.503,0.5,1.5,.317,4.6,8.7,.535,.526,2.4,2.8,.867,1.1,4.0,5.0,2.9,0.9,0.8,1.4,2.2,13.1)
(2008,190,Robert Horry,PF,37,SAS,45,5,13.0,0.8,2.6,.319,0.4,1.6,.257,0.4,1.1,.408,.395,0.4,0.6,.643,0.8,1.6,2.4,1.0,0.5,0.4,0.5,1.2,2.5)
(2008,194,Juwan Howard,PF,34,DAL,50,0,7.1,0.5,1.3,.359,0.0,0.0,,0.5,1.3,.359,.359,0.2,0.3,.786,0.4,1.2,1.6,0.3,0.1,0.0,0.3,1.2,1.1)
(2008,198,Lindsey Hunter,PG,37,DET,24,0,9.0,0.9,2.7,.344,0.3,1.1,.269,0.6,1.6,.395,.398,0.3,0.4,.778,0.2,0.4,0.5,1.4,0.5,0.1,0.5,1.3,2.4)
(2008,201,Zydrunas Ilgauskas,C,32,CLE,73,73,30.4,5.7,12.0,.474,0.0,0.0,.000,5.7,12.0,.475,.474,2.7,3.3,.802,3.6,5.7,9.3,1.4,0.5,1.6,1.8,3.4,14.1)
(2008,205,Jarrett Jack,SG,24,POR,82,16,27.2,3.3,7.6,.431,0.8,2.3,.342,2.5,5.2,.470,.483,2.6,3.0,.867,0.4,2.5,2.9,3.8,0.7,0.0,2.2,1.6,9.9)
(2008,209,Casey Jacobsen,SG,26,MEM,53,0,10.3,0.7,2.2,.339,0.3,1.4,.222,0.4,0.8,.535,.409,0.2,0.3,.765,0.2,1.0,1.2,0.4,0.1,0.0,0.3,0.6,2.0)
(2008,213,Antawn Jamison,PF,31,WAS,79,79,38.7,7.8,17.9,.436,1.5,4.5,.339,6.3,13.5,.468,.478,4.2,5.5,.760,2.7,7.5,10.2,1.5,1.3,0.4,1.4,2.5,21.4)
(2008,217,Jared Jeffries,SF,26,NYK,73,19,18.2,1.5,3.7,.400,0.1,0.3,.160,1.4,3.4,.424,.407,0.7,1.3,.527,1.6,1.7,3.3,0.9,0.5,0.3,0.9,1.8,3.7)
(2008,Rk,Player,Pos,Age,Tm,G,GS,MP,FG,FGA,FG%,3P,3PA,3P,2P,2PA,2P,eFG%,FT,FTA,FT%,ORB,DRB,TRB,AST,STL,BLK,TOV,PF,PTS)
(2008,224,Linton Johnson,PF,27,TOT,8,0,7.9,1.1,2.4,.474,0.1,0.4,.333,1.0,2.0,.500,.500,0.3,0.3,1.000,0.6,1.1,1.8,0.5,0.0,0.1,0.6,1.4,2.6)
(2008,229,Eddie Jones,SG,36,DAL,47,33,19.6,1.4,3.8,.367,0.7,2.5,.293,0.7,1.4,.500,.461,0.2,0.3,.714,0.4,2.4,2.8,1.5,0.6,0.2,0.6,1.5,3.7)
(2008,233,Chris Kaman,C,25,LAC,56,55,37.2,6.0,12.5,.483,0.0,0.1,.000,6.0,12.4,.486,.483,3.6,4.7,.762,3.1,9.6,12.7,1.9,0.6,2.8,2.9,3.2,15.7)
(2008,237,Jason Kidd,PG,34,TOT,80,80,36.3,3.8,9.9,.385,1.5,3.9,.381,2.3,6.0,.387,.460,1.7,2.1,.818,1.2,6.3,7.5,10.1,1.7,0.3,3.3,2.1,10.8)
(2008,Rk,Player,Pos,Age,Tm,G,GS,MP,FG,FGA,FG%,3P,3PA,3P,2P,2PA,2P,eFG%,FT,FTA,FT%,ORB,DRB,TRB,AST,STL,BLK,TOV,PF,PTS)
(2008,244,Raef LaFrentz,C,31,POR,39,0,7.5,0.7,1.6,.443,0.0,0.1,.000,0.7,1.5,.474,.443,0.3,0.5,.579,0.7,1.0,1.7,0.2,0.3,0.4,0.3,1.5,1.7)
(2008,248,Acie Law,PG,23,ATL,56,6,15.4,1.7,4.2,.401,0.1,0.6,.206,1.6,3.6,.433,.416,0.7,0.9,.792,0.2,0.8,1.0,2.0,0.5,0.0,1.0,1.3,4.2)
(2008,252,Tyronn Lue,PG,30,TOT,50,3,14.7,2.3,5.1,.447,0.8,1.7,.453,1.5,3.3,.443,.524,0.5,0.6,.781,0.2,0.9,1.1,1.5,0.2,0.0,0.5,1.3,5.8)
(2008,256,Ian Mahinmi,C,21,SAS,6,0,3.8,1.0,2.0,.500,0.0,0.0,,1.0,2.0,.500,.500,1.5,1.5,1.000,0.0,0.8,0.8,0.2,0.0,0.7,0.3,0.7,3.5)
(2008,260,Donyell Marshall,PF,34,TOT,26,1,13.1,1.2,3.8,.327,0.6,2.0,.283,0.7,1.7,.378,.403,0.7,0.8,.864,0.9,2.0,2.9,0.4,0.2,0.6,0.6,1.2,3.8)
(2008,263,Kevin Martin,SG,24,SAC,61,57,36.3,6.8,15.0,.456,1.8,4.4,.402,5.1,10.6,.478,.515,8.2,9.5,.869,0.8,3.7,4.5,2.1,1.0,0.1,2.1,2.5,23.7)
(2008,267,Rashad McCants,SG,23,MIN,75,24,26.9,5.7,12.6,.453,1.9,4.7,.407,3.8,7.9,.481,.529,1.5,2.1,.748,0.7,2.1,2.7,2.2,0.9,0.2,2.3,3.1,14.9)
(2008,271,Dominic McGuire,SG,22,WAS,70,1,9.9,0.6,1.5,.379,0.0,0.1,.167,0.5,1.4,.392,.383,0.2,0.5,.438,0.8,1.2,2.0,0.6,0.3,0.4,0.6,1.1,1.3)
(2008,275,C.J. Miles,SG,20,UTA,60,13,11.5,1.9,3.9,.479,0.5,1.3,.390,1.4,2.7,.522,.542,0.7,0.9,.788,0.3,1.0,1.3,0.9,0.5,0.1,0.5,1.6,5.0)
(2008,279,Mike Miller,SG,27,MEM,70,70,35.3,5.9,11.8,.502,2.2,5.1,.432,3.7,6.6,.557,.596,2.3,3.0,.774,0.7,5.9,6.7,3.4,0.5,0.2,2.6,2.1,16.4)
(2008,282,Cuttino Mobley,SG,32,LAC,77,38,35.1,4.9,11.3,.433,0.9,2.5,.349,4.0,8.8,.457,.472,2.1,2.6,.819,0.6,2.9,3.6,2.6,1.0,0.4,1.6,2.0,12.8)
(2008,286,Randolph Morris,C,22,NYK,18,2,10.1,1.2,3.2,.362,0.0,0.0,,1.2,3.2,.362,.362,0.8,1.6,.483,0.7,1.4,2.1,0.1,0.2,0.1,0.5,2.1,3.1)
(2008,290,Dikembe Mutombo*,C,41,HOU,39,25,15.9,1.1,2.1,.538,0.0,0.0,,1.1,2.1,.538,.538,0.8,1.2,.711,1.7,3.4,5.1,0.1,0.3,1.2,0.4,1.4,3.0)
(2008,294,Juan Carlos Navarro,SG,27,MEM,82,30,25.8,3.8,9.3,.402,1.9,5.3,.361,1.9,4.1,.455,.504,1.5,1.8,.849,0.4,2.1,2.6,2.2,0.6,0.0,1.6,1.1,10.9)
(2008,298,Demetris Nichols,SF,23,TOT,14,0,3.1,0.4,1.6,.261,0.2,0.9,.231,0.2,0.7,.300,.326,0.0,0.0,,0.0,0.4,0.4,0.1,0.0,0.2,0.3,0.3,1.1)
(2008,301,Steve Novak,SF,24,HOU,35,0,7.5,1.4,2.9,.480,1.0,2.0,.479,0.4,0.9,.484,.647,0.1,0.1,.750,0.1,0.9,1.0,0.2,0.1,0.1,0.1,0.5,3.9)
(2008,305,Shaquille O'Neal,C,35,TOT,61,61,28.7,5.4,9.1,.593,0.0,0.0,,5.4,9.1,.593,.593,2.8,5.5,.503,2.7,6.4,9.1,1.5,0.5,1.4,3.0,3.7,13.6)
(2008,309,Mehmet Okur,C,28,UTA,72,72,33.2,5.2,11.7,.445,1.6,4.1,.388,3.6,7.6,.475,.512,2.6,3.2,.804,1.8,5.9,7.7,2.0,0.8,0.4,1.4,3.3,14.5)
(2008,313,Andre Owens,PG,27,IND,31,7,12.6,1.3,3.5,.374,0.6,1.3,.450,0.7,2.2,.328,.458,0.8,1.1,.735,0.4,1.1,1.5,1.5,0.4,0.1,0.8,1.2,4.0)
(2008,317,Smush Parker,PG,26,TOT,28,2,21.1,2.3,6.6,.348,0.6,2.8,.231,1.6,3.8,.434,.397,0.7,1.0,.679,0.1,1.7,1.8,3.0,0.9,0.2,1.6,2.1,5.9)
(2008,Rk,Player,Pos,Age,Tm,G,GS,MP,FG,FGA,FG%,3P,3PA,3P,2P,2PA,2P,eFG%,FT,FTA,FT%,ORB,DRB,TRB,AST,STL,BLK,TOV,PF,PTS)
(2008,324,Kosta Perovic,C,22,GSW,7,0,5.4,0.4,1.4,.300,0.0,0.0,,0.4,1.4,.300,.300,0.6,0.9,.667,0.9,1.0,1.9,0.1,0.0,0.3,0.1,0.9,1.4)
(2008,328,Paul Pierce,SF,30,BOS,80,80,35.9,6.4,13.7,.464,1.8,4.6,.392,4.6,9.2,.499,.529,5.1,6.1,.843,0.7,4.5,5.1,4.5,1.3,0.5,2.8,2.5,19.6)
(2008,332,Leon Powe,C,24,BOS,56,5,14.4,2.8,4.8,.572,0.0,0.0,.000,2.8,4.8,.575,.572,2.4,3.4,.710,1.7,2.4,4.1,0.3,0.3,0.3,0.8,2.3,7.9)
(2008,336,Tayshaun Prince,SF,27,DET,82,82,32.9,5.1,11.5,.448,0.6,1.8,.363,4.5,9.7,.463,.476,2.3,2.9,.768,1.3,3.5,4.9,3.3,0.5,0.4,1.1,1.1,13.2)
(2008,340,Vladimir Radmanovic,SF,27,LAL,65,41,22.8,3.0,6.7,.453,1.5,3.6,.406,1.6,3.1,.507,.562,0.8,1.0,.800,0.9,2.4,3.3,1.9,0.7,0.2,1.1,2.3,8.4)
(2008,343,Theo Ratliff,C-PF,34,TOT,26,9,16.8,1.6,3.3,.482,0.0,0.0,.000,1.6,3.2,.488,.482,1.1,1.7,.674,1.2,2.2,3.4,0.5,0.3,1.4,0.8,2.3,4.3)
(2008,347,Jason Richardson,SF,27,CHA,82,82,38.4,7.9,17.9,.441,3.0,7.3,.406,4.9,10.6,.466,.524,3.0,4.0,.752,1.0,4.4,5.4,3.1,1.4,0.7,2.0,2.9,21.8)
(2008,351,Nate Robinson,PG,23,NYK,72,17,26.2,4.6,10.9,.423,1.3,4.1,.332,3.3,6.8,.478,.485,2.1,2.7,.786,0.7,2.4,3.1,2.9,0.8,0.0,1.4,2.6,12.7)
(2008,355,Quinton Ross,SG,26,LAC,76,44,19.8,1.7,4.4,.391,0.1,0.3,.429,1.6,4.1,.389,.404,0.5,0.8,.667,0.7,1.6,2.3,1.2,0.6,0.4,0.4,1.7,4.1)
(2008,359,John Salmons,SG,28,SAC,81,41,31.1,4.7,9.9,.477,0.5,1.5,.325,4.2,8.4,.504,.501,2.6,3.2,.823,0.9,3.4,4.3,2.6,1.1,0.4,2.1,2.1,12.5)
(2008,362,Luis Scola,PF,27,HOU,82,39,24.7,4.2,8.2,.515,0.0,0.0,.000,4.2,8.1,.517,.515,1.9,2.9,.668,2.1,4.3,6.4,1.3,0.7,0.2,1.3,2.9,10.3)
(2008,366,Bobby Simmons,SF,27,MIL,70,21,21.7,3.0,7.1,.421,0.9,2.4,.351,2.1,4.6,.458,.482,0.8,1.0,.757,1.0,2.3,3.2,1.1,0.7,0.1,1.1,2.0,7.6)
(2008,370,Craig Smith,PF,24,MIN,77,11,20.1,3.9,6.9,.563,0.0,0.1,.000,3.9,6.7,.572,.563,1.7,2.6,.665,1.6,3.0,4.6,0.8,0.5,0.2,1.2,2.8,9.4)
(2008,374,Josh Smith,PF,22,ATL,81,81,35.5,6.4,14.0,.457,0.3,1.2,.253,6.1,12.8,.477,.468,4.1,5.8,.710,2.0,6.2,8.2,3.4,1.5,2.8,3.0,3.3,17.2)
(2008,378,Jerry Stackhouse,SG,33,DAL,58,13,24.3,3.7,9.1,.405,1.0,3.2,.326,2.6,5.9,.447,.462,2.3,2.6,.892,0.6,1.7,2.3,2.5,0.5,0.2,1.5,1.4,10.7)
(2008,381,Awvee Storey,SG,30,MIL,26,0,10.0,1.5,3.4,.438,0.0,0.3,.000,1.5,3.2,.476,.438,0.5,1.1,.483,1.2,0.9,2.1,0.6,0.3,0.0,0.4,1.6,3.5)
(2008,385,D.J. Strawberry,SG,22,PHO,33,0,8.2,0.9,2.8,.315,0.2,0.8,.240,0.7,2.0,.343,.348,0.3,0.6,.474,0.3,0.6,0.8,0.9,0.4,0.2,0.3,1.1,2.2)
(2008,389,Wally Szczerbiak,SF,30,TOT,75,2,23.1,4.1,9.6,.431,1.2,2.9,.413,2.9,6.7,.438,.493,2.0,2.3,.851,0.5,2.4,2.9,1.4,0.3,0.2,1.0,1.4,11.5)
(2008,393,Kenny Thomas,PF,30,SAC,23,3,12.2,0.7,1.7,.421,0.0,0.0,,0.7,1.7,.421,.421,0.0,0.2,.000,0.8,1.9,2.7,0.6,0.3,0.0,0.9,1.7,1.4)
(2008,397,Al Thornton,PF,24,LAC,79,31,27.3,4.7,11.0,.429,0.5,1.6,.331,4.2,9.4,.447,.454,2.7,3.6,.743,1.2,3.3,4.5,1.2,0.6,0.5,1.6,2.5,12.7)
(2008,Rk,Player,Pos,Age,Tm,G,GS,MP,FG,FGA,FG%,3P,3PA,3P,2P,2PA,2P,eFG%,FT,FTA,FT%,ORB,DRB,TRB,AST,STL,BLK,TOV,PF,PTS)
(2008,404,Anderson Varejao,C,25,CLE,48,13,27.5,2.8,6.1,.461,0.0,0.0,.000,2.8,6.1,.464,.461,1.0,1.7,.598,2.8,5.5,8.3,1.1,0.8,0.5,1.2,2.8,6.7)
(2008,408,Jake Voskuhl,C,30,MIL,44,0,8.8,0.8,1.8,.463,0.0,0.0,,0.8,1.8,.463,.463,0.5,0.7,.828,0.7,1.5,2.2,0.3,0.2,0.5,0.7,1.9,2.2)
(2008,412,Antoine Walker,PF,31,MIN,46,1,19.4,3.0,8.2,.363,1.3,4.1,.324,1.6,4.1,.401,.444,0.8,1.4,.530,1.2,2.4,3.7,1.0,0.7,0.2,1.0,1.7,8.0)
(2008,416,Luke Walton,SF,27,LAL,74,31,23.4,2.9,6.5,.450,0.4,1.1,.333,2.5,5.3,.475,.479,1.0,1.5,.706,1.1,2.8,3.9,2.9,0.8,0.2,1.4,1.8,7.2)
(2008,420,C.J. Watson,PG,23,GSW,32,0,11.5,1.3,3.2,.426,0.3,0.8,.346,1.1,2.3,.453,.470,0.7,0.9,.793,0.4,0.6,1.0,1.1,0.5,0.0,0.6,0.6,3.7)
(2008,423,Martell Webster,SF,21,POR,75,70,28.4,3.7,8.7,.422,1.6,4.2,.388,2.1,4.5,.454,.516,1.6,2.2,.735,0.7,3.2,3.9,1.2,0.6,0.4,1.1,2.1,10.7)
(2008,427,Mario West,SG,23,ATL,64,2,4.2,0.3,0.8,.429,0.0,0.1,.000,0.3,0.7,.467,.429,0.3,0.4,.654,0.4,0.3,0.8,0.2,0.2,0.1,0.1,1.0,0.9)
(2008,431,Aaron Williams,C,36,LAC,30,5,9.9,0.9,1.8,.491,0.0,0.0,,0.9,1.8,.491,.491,0.5,0.6,.778,0.5,1.5,2.0,0.3,0.4,0.5,0.4,1.5,2.3)
(2008,435,Louis Williams,PG,21,PHI,80,0,23.3,4.0,9.4,.424,0.7,1.9,.359,3.3,7.5,.441,.461,2.8,3.6,.783,0.5,1.6,2.1,3.2,1.0,0.2,1.6,1.6,11.5)
(2008,439,Mo Williams,PG,25,MIL,66,66,36.5,6.7,13.9,.480,1.3,3.5,.385,5.3,10.4,.512,.528,2.5,2.9,.856,0.6,2.9,3.5,6.3,1.2,0.2,2.8,2.8,17.2)
(2008,442,Shelden Williams,PF,24,TOT,64,0,12.1,1.4,3.3,.434,0.0,0.0,.000,1.4,3.3,.438,.434,1.1,1.6,.676,1.1,2.1,3.2,0.3,0.3,0.3,0.5,1.7,4.0)
(2008,446,Brandan Wright,PF,20,GSW,38,6,9.9,1.6,2.9,.554,0.0,0.0,,1.6,2.9,.554,.554,0.7,1.1,.675,1.0,1.6,2.6,0.2,0.2,0.6,0.3,0.9,4.0)
(2008,450,Nick Young,SG,22,WAS,75,2,15.4,2.8,6.4,.439,0.5,1.3,.400,2.3,5.0,.450,.481,1.3,1.7,.815,0.3,1.2,1.5,0.8,0.5,0.1,1.3,1.7,7.5)
