(2015,Rk,Player,Pos,Age,Tm,G,GS,MP,FG,FGA,FG%,3P,3PA,3P,2P,2PA,2P,eFG%,FT,FTA,FT%,ORB,DRB,TRB,AST,STL,BLK,TOV,PF,PTS)
(2015,4,Jeff Adrien,PF,28,MIN,17,0,12.6,1.1,2.6,.432,0.0,0.0,,1.1,2.6,.432,.432,1.3,2.2,.579,1.4,3.2,4.5,0.9,0.2,0.5,0.5,1.8,3.5)
(2015,8,Cole Aldrich,C,26,NYK,61,16,16.0,2.4,4.9,.478,0.0,0.0,,2.4,4.9,.478,.478,0.8,1.0,.781,1.7,3.9,5.5,1.2,0.6,1.1,1.0,2.0,5.5)
(2015,12,Al-Farouq Aminu,SF,24,DAL,74,3,18.5,2.0,4.8,.412,0.5,1.7,.274,1.5,3.1,.485,.459,1.1,1.6,.712,1.5,3.1,4.6,0.8,0.9,0.8,0.7,1.9,5.6)
(2015,16,Kyle Anderson,SF,21,SAS,33,8,10.8,0.9,2.7,.348,0.1,0.3,.273,0.8,2.4,.359,.365,0.3,0.4,.643,0.2,2.0,2.2,0.8,0.5,0.2,0.3,0.8,2.2)
(2015,20,Joel Anthony,C,32,DET,49,0,8.3,0.7,1.3,.581,0.0,0.0,,0.7,1.3,.581,.581,0.3,0.4,.682,0.7,1.2,1.9,0.1,0.2,1.0,0.2,1.1,1.8)
(2015,23,Darrell Arthur,PF,26,DEN,58,4,17.0,2.7,6.6,.404,0.4,1.9,.236,2.2,4.7,.471,.438,0.8,1.0,.780,0.9,2.0,2.9,1.0,0.8,0.4,0.8,2.5,6.6)
(2015,27,Luke Babbitt,SF,25,NOP,63,19,13.2,1.5,3.0,.479,0.9,1.8,.513,0.5,1.2,.429,.633,0.2,0.3,.684,0.2,1.6,1.8,0.4,0.3,0.2,0.4,1.0,4.1)
(2015,31,Andrea Bargnani,C,29,NYK,29,22,27.1,5.7,12.4,.454,0.5,1.4,.366,5.1,11.0,.466,.475,3.0,3.7,.813,1.1,3.3,4.4,1.6,0.1,0.9,1.4,1.8,14.8)
(2015,35,Will Barton,SG,24,TOT,58,0,16.9,2.6,6.1,.425,0.4,1.5,.271,2.2,4.6,.474,.458,1.3,1.6,.787,0.4,2.3,2.8,1.4,0.8,0.3,1.1,1.2,6.8)
(2015,39,Aron Baynes,C,28,SAS,70,17,16.0,2.6,4.7,.566,0.0,0.1,.250,2.6,4.6,.570,.567,1.3,1.5,.865,1.6,3.0,4.5,0.5,0.2,0.3,0.9,2.3,6.6)
(2015,42,Michael Beasley,SF,26,MIA,24,1,21.0,3.8,8.8,.434,0.3,1.4,.235,3.5,7.4,.472,.453,0.8,1.1,.769,0.5,3.2,3.7,1.3,0.6,0.5,1.5,2.8,8.8)
(2015,46,Patrick Beverley,PG,26,HOU,56,55,30.8,3.6,9.5,.383,2.1,5.8,.356,1.6,3.7,.426,.492,0.8,1.1,.750,1.2,3.0,4.2,3.4,1.1,0.4,1.5,3.3,10.1)
(2015,50,DeJuan Blair,PF,25,WAS,29,0,6.2,0.9,2.0,.456,0.0,0.0,,0.9,2.0,.456,.456,0.1,0.2,.667,0.6,1.4,1.9,0.1,0.2,0.0,0.4,1.4,1.9)
(2015,54,Bojan Bogdanovic,SF,25,BRK,78,28,23.8,3.3,7.4,.453,1.2,3.3,.355,2.2,4.1,.531,.532,1.1,1.4,.821,0.6,2.1,2.7,0.9,0.4,0.1,1.0,1.3,9.0)
(2015,58,Carlos Boozer,PF,33,LAL,71,26,23.8,5.2,10.5,.499,0.0,0.0,,5.2,10.5,.499,.499,1.3,2.1,.627,1.6,5.2,6.8,1.3,0.6,0.2,1.3,2.6,11.8)
(2015,61,Elton Brand,PF,35,ATL,36,4,13.5,1.2,2.6,.442,0.0,0.0,.000,1.2,2.6,.447,.442,0.3,0.6,.522,0.8,2.0,2.8,0.6,0.5,0.7,0.5,1.5,2.7)
(2015,65,Lorenzo Brown,PG,24,MIN,29,7,18.9,1.8,4.2,.426,0.2,1.0,.214,1.6,3.2,.489,.451,0.4,0.7,.632,0.5,1.9,2.4,3.1,1.0,0.2,1.0,1.7,4.2)
(2015,69,Chase Budinger,SF,26,MIN,67,4,19.2,2.5,5.8,.433,0.8,2.1,.364,1.7,3.7,.474,.500,1.0,1.2,.827,0.5,2.5,3.0,1.0,0.7,0.1,0.7,1.1,6.8)
(2015,73,Caron Butler,SF,34,DET,78,21,20.8,2.1,5.1,.407,1.1,2.8,.379,1.0,2.3,.441,.511,0.7,0.8,.902,0.3,2.2,2.5,1.0,0.6,0.1,0.6,1.5,5.9)
(2015,77,Will Bynum,SG,32,WAS,7,0,9.6,1.4,4.4,.323,0.0,1.3,.000,1.4,3.1,.455,.323,0.3,0.6,.500,0.3,0.6,0.9,2.6,0.1,0.1,1.1,1.3,3.1)
(2015,Rk,Player,Pos,Age,Tm,G,GS,MP,FG,FGA,FG%,3P,3PA,3P,2P,2PA,2P,eFG%,FT,FTA,FT%,ORB,DRB,TRB,AST,STL,BLK,TOV,PF,PTS)
(2015,84,DeMarre Carroll,SF,28,ATL,70,69,31.3,4.5,9.3,.487,1.7,4.3,.395,2.8,5.0,.567,.579,1.8,2.6,.702,1.4,3.9,5.3,1.7,1.3,0.2,1.1,2.2,12.6)
(2015,88,Mario Chalmers,PG,28,MIA,80,37,29.6,3.3,8.3,.403,0.9,3.1,.294,2.4,5.2,.467,.458,2.6,3.3,.774,0.3,2.3,2.6,3.8,1.5,0.1,2.2,3.1,10.2)
(2015,92,Patrick Christopher,SG,26,UTA,4,1,7.3,0.8,3.0,.250,0.0,1.0,.000,0.8,2.0,.375,.250,0.0,0.0,,0.5,1.0,1.5,0.0,0.3,0.0,0.3,1.5,1.5)
(2015,96,Victor Claver,SF,26,POR,10,0,7.6,0.9,2.0,.450,0.6,1.1,.545,0.3,0.9,.333,.600,0.0,0.0,,0.3,1.7,2.0,0.1,0.1,0.1,0.4,1.2,2.4)
(2015,100,Mike Conley,PG,27,MEM,70,70,31.8,5.6,12.6,.446,1.5,4.0,.386,4.1,8.6,.473,.506,3.1,3.6,.859,0.4,2.6,3.0,5.4,1.3,0.2,2.2,2.0,15.8)
(2015,103,Bryce Cotton,PG,22,UTA,15,0,10.6,1.9,4.6,.420,0.5,1.3,.350,1.5,3.3,.449,.471,1.0,1.2,.833,0.2,1.0,1.2,1.0,0.3,0.0,0.8,0.4,5.3)
(2015,107,Jamal Crawford,SG,34,LAC,64,4,26.6,5.2,13.1,.396,1.9,5.7,.327,3.3,7.4,.448,.467,3.5,3.9,.901,0.3,1.7,1.9,2.5,0.9,0.2,1.4,1.7,15.8)
(2015,111,Seth Curry,PG,24,PHO,2,0,4.0,0.0,1.5,.000,0.0,0.5,.000,0.0,1.0,.000,.000,0.0,0.0,,0.0,1.0,1.0,0.5,0.0,0.0,0.0,1.0,0.0)
(2015,115,Luigi Datome,SF,27,TOT,21,1,10.0,2.0,4.2,.483,0.9,1.9,.450,1.2,2.3,.510,.584,0.0,0.0,1.000,0.1,1.2,1.4,0.4,0.1,0.3,0.4,0.7,5.0)
(2015,119,Glen Davis,PF,29,LAC,74,0,12.2,1.6,3.4,.459,0.0,0.1,.000,1.6,3.4,.466,.459,0.8,1.3,.632,0.6,1.7,2.3,0.5,0.6,0.3,0.5,1.8,4.0)
(2015,122,Dewayne Dedmon,C,25,ORL,59,15,14.3,1.5,2.7,.562,0.0,0.0,.000,1.5,2.7,.565,.562,0.6,1.1,.531,2.0,3.0,5.0,0.2,0.3,0.8,0.9,2.4,3.7)
(2015,126,Boris Diaw,PF,32,SAS,81,15,24.5,3.6,7.8,.460,0.7,2.1,.320,2.9,5.7,.512,.503,0.9,1.1,.774,1.0,3.3,4.3,2.9,0.4,0.3,1.6,1.8,8.7)
(2015,130,Toney Douglas,PG,28,NOP,12,0,14.8,1.6,4.3,.373,0.4,1.5,.278,1.2,2.8,.424,.422,0.7,1.1,.615,0.2,1.7,1.8,2.0,0.9,0.3,0.8,1.7,4.3)
(2015,134,Larry Drew,PG,24,PHI,12,1,18.3,1.7,4.8,.345,0.3,2.2,.154,1.3,2.7,.500,.379,0.2,0.3,.667,0.1,1.2,1.3,3.8,0.5,0.0,2.1,1.1,3.8)
(2015,138,Mike Dunleavy,SF,34,CHI,63,63,29.2,3.3,7.6,.435,1.7,4.2,.407,1.6,3.5,.468,.546,1.1,1.4,.805,0.4,3.5,3.9,1.8,0.6,0.3,1.0,2.0,9.4)
(2015,141,Wayne Ellington,SG,27,LAL,65,36,25.8,3.9,9.5,.412,1.4,3.7,.370,2.5,5.8,.439,.485,0.8,1.0,.813,0.5,2.8,3.2,1.6,0.5,0.0,0.8,1.2,10.0)
(2015,145,Jeremy Evans,SF,27,UTA,38,0,7.0,0.8,1.5,.552,0.1,0.1,.400,0.8,1.4,.566,.569,0.6,0.8,.828,0.7,1.2,1.9,0.3,0.3,0.3,0.1,0.8,2.4)
(2015,149,Festus Ezeli,C,25,GSW,46,7,11.0,1.7,3.0,.547,0.0,0.0,,1.7,3.0,.547,.547,1.1,1.7,.628,1.3,2.1,3.4,0.2,0.2,0.9,0.7,1.7,4.4)
(2015,153,Raymond Felton,PG,30,DAL,29,3,9.7,1.5,3.7,.406,0.3,1.2,.294,1.1,2.5,.458,.453,0.4,0.5,.800,0.1,0.8,0.9,1.4,0.4,0.1,0.6,0.6,3.7)
(2015,157,Jamaal Franklin,SG,23,DEN,3,0,4.3,0.3,0.7,.500,0.3,0.7,.500,0.0,0.0,,.750,0.0,0.0,,0.3,0.3,0.7,1.0,0.0,0.3,1.0,1.3,1.0)
(2015,Rk,Player,Pos,Age,Tm,G,GS,MP,FG,FGA,FG%,3P,3PA,3P,2P,2PA,2P,eFG%,FT,FTA,FT%,ORB,DRB,TRB,AST,STL,BLK,TOV,PF,PTS)
(2015,164,Francisco Garcia,SF,33,HOU,14,0,14.3,1.2,4.5,.270,0.7,3.2,.222,0.5,1.3,.389,.349,0.1,0.3,.250,0.2,1.0,1.2,1.1,0.6,0.4,0.7,1.4,3.2)
(2015,168,Rudy Gay,SF,28,SAC,68,67,35.4,7.5,16.4,.455,1.2,3.2,.359,6.3,13.2,.479,.491,5.0,5.8,.858,1.4,4.4,5.9,3.7,1.0,0.6,2.7,2.3,21.1)
(2015,172,Manu Ginobili,SG,37,SAS,70,0,22.7,3.6,8.4,.426,1.3,3.7,.345,2.3,4.7,.489,.502,2.1,2.9,.721,0.4,2.6,3.0,4.2,1.0,0.3,2.2,2.0,10.5)
(2015,176,Aaron Gordon,PF,19,ORL,47,8,17.0,2.0,4.4,.447,0.3,1.0,.271,1.7,3.4,.500,.478,0.9,1.3,.721,1.0,2.6,3.6,0.7,0.4,0.5,0.8,1.8,5.2)
(2015,180,Marcin Gortat,C,30,WAS,82,82,29.9,5.4,9.5,.566,0.0,0.0,.000,5.4,9.4,.569,.566,1.5,2.1,.703,2.2,6.5,8.7,1.2,0.6,1.3,1.2,2.3,12.2)
(2015,183,Danny Green,SG,27,SAS,81,80,28.5,4.0,9.1,.436,2.4,5.6,.418,1.6,3.5,.466,.566,1.4,1.6,.874,0.7,3.6,4.2,2.0,1.2,1.1,1.1,2.0,11.7)
(2015,187,JaMychal Green,PF,24,TOT,24,1,6.8,1.1,2.0,.574,0.0,0.3,.000,1.1,1.7,.659,.574,0.3,0.4,.800,0.8,1.1,1.9,0.2,0.2,0.2,0.6,1.0,2.6)
(2015,191,Jorge Gutierrez,PG,26,TOT,20,1,8.8,1.1,2.1,.537,0.0,0.2,.000,1.1,1.9,.579,.537,0.5,0.7,.692,0.3,1.0,1.3,1.1,0.3,0.0,0.6,1.3,2.7)
(2015,195,Tyler Hansbrough,PF,29,TOR,74,8,14.3,1.2,2.2,.521,0.0,0.1,.143,1.1,2.1,.538,.524,1.3,1.9,.698,1.4,2.1,3.6,0.3,0.4,0.2,0.3,1.9,3.6)
(2015,199,Devin Harris,PG,31,DAL,76,3,22.2,2.9,6.9,.418,1.3,3.5,.357,1.6,3.4,.481,.509,1.7,2.1,.815,0.2,1.6,1.8,3.1,1.0,0.2,1.1,1.9,8.8)
(2015,202,Tobias Harris,SF,22,ORL,68,63,34.8,6.5,14.0,.466,1.3,3.5,.364,5.2,10.4,.500,.512,2.8,3.6,.788,1.1,5.3,6.3,1.8,1.0,0.5,1.7,2.0,17.1)
(2015,206,Gordon Hayward,SF,24,UTA,76,76,34.4,6.4,14.3,.445,1.6,4.3,.364,4.8,10.0,.481,.500,4.9,6.1,.812,0.7,4.2,4.9,4.1,1.4,0.4,2.7,1.7,19.3)
(2015,210,John Henson,C,24,MIL,67,11,18.3,2.9,5.2,.566,0.0,0.0,,2.9,5.2,.566,.566,1.2,2.0,.569,1.9,2.8,4.7,0.9,0.4,2.0,1.3,2.3,7.0)
(2015,214,George Hill,PG,28,IND,43,36,29.5,5.9,12.4,.477,1.6,4.5,.358,4.3,8.0,.544,.541,2.6,3.3,.790,0.6,3.6,4.2,5.1,1.0,0.3,1.6,2.6,16.1)
(2015,218,Jrue Holiday,PG,24,NOP,40,37,32.6,6.0,13.4,.446,1.3,3.4,.378,4.7,10.0,.469,.493,1.6,1.9,.855,0.8,2.6,3.4,6.9,1.6,0.6,2.3,2.8,14.8)
(2015,221,Rodney Hood,SG,22,UTA,50,21,21.3,3.1,7.5,.414,1.2,3.4,.365,1.9,4.1,.456,.497,1.2,1.6,.763,0.2,2.2,2.3,1.7,0.6,0.2,0.9,2.4,8.7)
(2015,225,Robbie Hummel,SF,25,MIN,45,4,16.5,1.8,3.8,.459,0.4,1.1,.314,1.4,2.7,.521,.506,0.5,0.6,.828,0.7,2.3,3.0,0.6,0.4,0.2,0.4,1.9,4.4)
(2015,229,Ersan Ilyasova,PF,27,MIL,58,36,22.7,4.5,9.6,.472,1.3,3.3,.389,3.3,6.3,.515,.539,1.2,1.8,.645,1.4,3.4,4.8,1.0,0.6,0.3,0.8,2.6,11.5)
(2015,233,Reggie Jackson,PG,24,TOT,77,40,29.5,5.6,12.9,.434,0.9,3.1,.299,4.7,9.8,.477,.470,2.4,2.8,.830,0.7,3.5,4.2,6.0,0.8,0.1,2.4,2.2,14.5)
(2015,237,Cory Jefferson,PF,24,BRK,50,1,10.6,1.5,3.3,.449,0.0,0.3,.133,1.5,3.0,.480,.455,0.6,1.1,.574,0.9,2.0,2.9,0.3,0.2,0.4,0.4,1.2,3.7)
(2015,Rk,Player,Pos,Age,Tm,G,GS,MP,FG,FGA,FG%,3P,3PA,3P,2P,2PA,2P,eFG%,FT,FTA,FT%,ORB,DRB,TRB,AST,STL,BLK,TOV,PF,PTS)
(2015,244,Chris Johnson,SF,24,TOT,29,2,18.1,2.1,5.3,.403,1.0,3.3,.295,1.2,2.0,.576,.494,0.5,0.6,.875,0.3,1.6,1.9,0.5,0.9,0.2,0.5,1.5,5.7)
(2015,250,Dahntay Jones,SF,34,LAC,33,0,3.7,0.2,0.6,.286,0.0,0.1,.000,0.2,0.5,.353,.286,0.3,0.3,.818,0.0,0.3,0.3,0.1,0.1,0.0,0.0,0.7,0.6)
(2015,254,DeAndre Jordan,C,26,LAC,82,82,34.4,4.6,6.5,.710,0.0,0.0,.250,4.6,6.5,.713,.711,2.3,5.7,.397,4.8,10.1,15.0,0.7,1.0,2.2,1.3,3.0,11.5)
(2015,258,Enes Kanter,C,22,TOT,75,74,28.5,6.4,12.4,.519,0.2,0.6,.356,6.2,11.8,.528,.528,2.4,3.1,.782,3.7,5.3,8.9,0.7,0.5,0.4,1.9,2.5,15.5)
(2015,261,Michael Kidd-Gilchrist,SF,21,CHO,55,52,28.9,4.1,8.8,.465,0.0,0.0,,4.1,8.8,.465,.465,2.7,3.9,.701,2.0,5.6,7.6,1.4,0.5,0.7,1.1,2.1,10.9)
(2015,265,Brandon Knight,PG-SG,23,TOT,63,61,32.3,6.0,14.1,.422,2.0,5.1,.389,4.0,9.0,.441,.493,3.1,3.5,.874,0.4,3.4,3.9,5.2,1.4,0.2,3.0,1.8,17.0)
(2015,269,Jeremy Lamb,SG,22,OKC,47,8,13.5,2.2,5.3,.416,0.8,2.4,.342,1.4,3.0,.475,.492,1.0,1.2,.891,0.2,2.1,2.3,0.9,0.4,0.1,0.6,1.1,6.3)
(2015,273,Zach LaVine,PG,19,MIN,77,40,24.7,3.7,8.8,.422,0.7,2.2,.341,3.0,6.6,.449,.465,1.9,2.3,.842,0.4,2.4,2.8,3.6,0.7,0.1,2.5,2.1,10.1)
(2015,277,David Lee,PF,31,GSW,49,4,18.4,3.3,6.4,.511,0.0,0.0,.000,3.3,6.3,.514,.511,1.4,2.1,.654,1.7,3.6,5.2,1.7,0.6,0.5,1.0,1.7,7.9)
(2015,Rk,Player,Pos,Age,Tm,G,GS,MP,FG,FGA,FG%,3P,3PA,3P,2P,2PA,2P,eFG%,FT,FTA,FT%,ORB,DRB,TRB,AST,STL,BLK,TOV,PF,PTS)
(2015,284,Jeremy Lin,PG,26,LAL,74,30,25.8,3.7,8.8,.424,0.9,2.4,.369,2.9,6.5,.444,.473,2.9,3.6,.795,0.4,2.3,2.6,4.6,1.1,0.4,2.2,2.6,11.2)
(2015,288,Kevin Love,PF,26,CLE,75,75,33.8,5.5,12.7,.434,1.9,5.2,.367,3.6,7.5,.480,.509,3.4,4.3,.804,1.9,7.9,9.7,2.2,0.7,0.5,1.6,1.9,16.4)
(2015,292,Shelvin Mack,PG,24,ATL,55,0,15.1,2.1,5.3,.401,0.7,2.3,.315,1.4,3.0,.467,.469,0.5,0.6,.806,0.1,1.3,1.4,2.8,0.5,0.0,0.9,0.6,5.4)
(2015,296,Kendall Marshall,PG,23,MIL,28,3,14.9,1.6,3.6,.455,0.6,1.6,.391,1.0,2.0,.509,.545,0.3,0.3,.889,0.1,0.9,1.0,3.1,0.8,0.0,1.3,0.9,4.2)
(2015,300,Wesley Matthews,SG,28,POR,60,60,33.7,5.6,12.5,.448,2.9,7.4,.389,2.7,5.1,.534,.563,1.8,2.4,.752,0.6,3.1,3.7,2.3,1.3,0.2,1.4,2.2,15.9)
(2015,303,Luc Mbah a Moute,PF,28,PHI,67,61,28.6,3.7,9.5,.395,0.9,3.0,.307,2.8,6.5,.435,.443,1.4,2.4,.589,1.2,3.7,4.9,1.6,1.2,0.3,1.5,1.6,9.9)
(2015,307,K.J. McDaniels,SG,21,TOT,62,15,21.8,2.8,7.0,.396,0.7,2.4,.287,2.1,4.6,.454,.446,1.6,2.1,.752,1.0,2.2,3.2,1.2,0.7,1.1,1.7,2.0,7.9)
(2015,311,Ben McLemore,SG,21,SAC,82,82,32.6,4.4,10.1,.437,1.7,4.8,.358,2.7,5.4,.507,.521,1.6,2.0,.813,0.4,2.6,2.9,1.7,0.9,0.2,1.7,2.7,12.1)
(2015,315,Gal Mekel,PG,26,NOP,4,0,10.8,0.8,5.0,.150,0.0,0.8,.000,0.8,4.3,.176,.150,0.0,0.0,,0.0,0.3,0.3,3.3,0.5,0.0,0.5,0.3,1.5)
(2015,319,Darius Miller,SF,24,NOP,5,1,8.6,0.2,1.4,.143,0.0,0.2,.000,0.2,1.2,.167,.143,0.0,0.0,,0.0,0.2,0.2,0.4,0.2,0.0,0.2,1.6,0.4)
(2015,322,Patrick Mills,PG,26,SAS,51,0,15.7,2.5,6.6,.381,1.2,3.6,.341,1.3,3.0,.429,.473,0.6,0.8,.825,0.4,1.1,1.5,1.7,0.5,0.0,0.7,1.1,6.9)
(2015,326,Nazr Mohammed,C,37,CHI,23,0,5.6,0.6,1.3,.433,0.0,0.0,,0.6,1.3,.433,.433,0.0,0.1,.333,0.5,1.2,1.7,0.1,0.2,0.2,0.3,0.7,1.2)
(2015,330,Darius Morris,PG,24,BRK,38,0,7.9,0.9,2.8,.340,0.2,0.9,.212,0.8,1.9,.397,.373,0.1,0.2,.444,0.2,0.5,0.7,1.3,0.2,0.0,0.6,0.5,2.2)
(2015,334,Donatas Motiejunas,PF,24,HOU,71,62,28.7,5.0,9.9,.504,0.7,1.9,.368,4.3,8.0,.536,.539,1.4,2.3,.602,1.9,4.0,5.9,1.8,0.8,0.5,1.7,2.9,12.0)
(2015,338,Mike Muscala,PF,23,ATL,40,8,12.6,2.1,3.8,.550,0.2,0.6,.409,1.9,3.2,.574,.579,0.6,0.6,.880,1.3,1.7,3.0,0.6,0.4,0.5,0.5,1.3,4.9)
(2015,341,Jameer Nelson,PG,32,TOT,63,29,22.3,3.3,8.0,.407,1.4,4.1,.345,1.8,3.9,.472,.495,0.4,0.6,.667,0.5,1.8,2.3,4.0,0.7,0.1,1.7,2.2,8.3)
(2015,345,Lucas Nogueira,C,22,TOR,6,0,3.8,0.3,1.3,.250,0.0,0.0,,0.3,1.3,.250,.250,0.3,0.7,.500,0.3,1.5,1.8,0.2,0.3,0.0,0.3,1.0,1.0)
(2015,349,Johnny O'Bryant,PF,21,MIL,34,15,10.8,1.3,3.5,.367,0.0,0.0,,1.3,3.5,.367,.367,0.4,0.8,.444,0.8,1.1,1.9,0.5,0.1,0.1,0.7,1.3,2.9)
(2015,353,Arinze Onuaku,C,27,MIN,6,1,11.3,2.0,2.3,.857,0.0,0.0,,2.0,2.3,.857,.857,0.5,1.3,.375,1.2,2.3,3.5,0.7,0.2,0.5,0.3,1.0,4.5)
(2015,357,Jabari Parker,SF,19,MIL,25,25,29.5,5.2,10.5,.490,0.2,0.6,.250,5.0,9.9,.506,.498,1.8,2.6,.697,2.0,3.5,5.5,1.7,1.2,0.2,1.9,1.7,12.3)
(2015,Rk,Player,Pos,Age,Tm,G,GS,MP,FG,FGA,FG%,3P,3PA,3P,2P,2PA,2P,eFG%,FT,FTA,FT%,ORB,DRB,TRB,AST,STL,BLK,TOV,PF,PTS)
(2015,364,Nikola Pekovic,C,29,MIN,31,29,26.3,4.5,10.6,.424,0.0,0.0,,4.5,10.6,.424,.424,3.5,4.2,.837,2.9,4.7,7.5,0.9,0.6,0.4,1.4,1.9,12.5)
(2015,368,Miles Plumlee,C,26,TOT,73,28,16.4,1.9,3.5,.535,0.0,0.0,,1.9,3.5,.535,.535,0.3,0.6,.478,1.5,2.8,4.4,0.5,0.6,0.9,0.7,1.5,4.0)
(2015,372,Phil Pressey,PG,23,BOS,50,0,12.0,1.3,3.5,.368,0.3,1.3,.246,1.0,2.2,.440,.414,0.7,1.0,.673,0.3,1.3,1.6,2.3,0.6,0.1,0.8,1.1,3.5)
(2015,376,Tayshaun Prince,SF,34,TOT,58,16,24.1,3.1,6.9,.440,0.5,1.2,.463,2.5,5.8,.436,.479,0.8,1.1,.754,0.9,2.7,3.6,1.6,0.5,0.3,0.6,0.9,7.5)
(2015,380,Zach Randolph,PF,33,MEM,71,71,32.5,6.4,13.1,.487,0.1,0.3,.350,6.3,12.8,.490,.491,3.2,4.2,.765,3.2,7.4,10.5,2.2,1.0,0.2,2.2,2.5,16.1)
(2015,383,Jason Richardson,SG,34,PHI,19,15,21.9,3.3,9.4,.348,1.6,5.1,.323,1.6,4.3,.378,.435,0.9,1.2,.773,0.7,2.8,3.5,2.0,0.7,0.2,0.8,1.5,9.1)
(2015,387,Brian Roberts,PG,29,CHO,72,10,18.5,2.4,6.3,.389,0.9,2.7,.321,1.6,3.6,.440,.458,0.9,1.0,.892,0.2,1.3,1.5,2.3,0.5,0.1,0.8,1.0,6.7)
(2015,391,Rajon Rondo,PG,28,TOT,68,68,29.7,4.0,9.5,.426,0.4,1.3,.314,3.6,8.2,.444,.447,0.5,1.1,.397,1.1,4.4,5.5,7.9,1.3,0.1,3.1,2.3,8.9)
(2015,395,Damjan Rudez,SF,28,IND,68,2,15.4,1.8,3.9,.452,1.0,2.5,.406,0.7,1.4,.538,.584,0.2,0.3,.696,0.1,0.6,0.7,0.8,0.2,0.1,0.7,1.2,4.8)
(2015,399,JaKarr Sampson,SF,21,PHI,74,32,15.3,2.0,4.7,.422,0.4,1.7,.244,1.6,3.0,.525,.467,0.9,1.3,.670,0.5,1.7,2.2,1.0,0.5,0.4,1.0,1.8,5.2)
(2015,402,Luis Scola,PF,34,IND,81,16,20.5,3.7,7.9,.467,0.1,0.2,.250,3.6,7.7,.474,.471,2.0,2.8,.699,1.7,4.8,6.5,1.3,0.6,0.2,1.2,2.4,9.4)
(2015,406,Ramon Sessions,PG,28,TOT,64,10,18.6,2.0,5.2,.374,0.3,0.9,.317,1.7,4.3,.387,.403,2.1,2.7,.769,0.4,1.9,2.3,2.8,0.5,0.0,1.3,1.1,6.3)
(2015,410,Kyle Singler,SF,26,TOT,80,58,21.8,2.2,5.6,.386,1.2,3.0,.398,1.0,2.6,.371,.493,0.5,0.7,.769,0.4,2.0,2.4,1.1,0.6,0.3,0.7,1.9,6.0)
(2015,414,Ish Smith,PG,26,TOT,55,14,15.1,2.6,6.7,.390,0.3,1.1,.300,2.3,5.6,.407,.414,0.6,1.0,.596,0.3,1.5,1.8,3.3,0.7,0.1,1.4,0.9,6.1)
(2015,418,Russ Smith,PG,23,TOT,12,0,5.4,0.7,2.1,.320,0.2,0.9,.182,0.5,1.2,.429,.360,1.0,1.1,.923,0.1,0.4,0.5,0.7,0.3,0.0,1.0,1.1,2.5)
(2015,421,Tiago Splitter,C,30,SAS,52,35,19.8,3.3,5.8,.558,0.0,0.0,,3.3,5.8,.558,.558,1.7,2.3,.750,1.8,3.1,4.8,1.5,0.7,0.7,1.2,2.0,8.2)
(2015,425,David Stockton,PG,23,SAC,3,0,11.0,0.7,2.0,.333,0.3,0.7,.500,0.3,1.3,.250,.417,1.0,2.0,.500,0.0,0.7,0.7,3.0,0.7,0.0,1.3,0.3,2.7)
(2015,429,Jared Sullinger,PF,22,BOS,58,49,27.0,5.4,12.2,.439,0.9,3.2,.283,4.5,9.0,.494,.476,1.7,2.2,.744,2.5,5.1,7.6,2.3,0.8,0.7,1.3,2.6,13.3)
(2015,433,Sebastian Telfair,PG,29,OKC,16,1,20.4,2.9,7.8,.368,1.1,3.8,.300,1.8,4.1,.431,.440,1.5,2.1,.706,0.1,1.8,1.9,2.8,0.6,0.0,1.1,1.8,8.4)
(2015,437,Lance Thomas,PF-SF,26,TOT,62,37,24.0,2.9,7.1,.412,0.1,0.4,.318,2.8,6.8,.417,.420,1.2,1.6,.727,1.0,2.1,3.1,1.1,0.6,0.1,1.2,1.6,7.1)
(2015,Rk,Player,Pos,Age,Tm,G,GS,MP,FG,FGA,FG%,3P,3PA,3P,2P,2PA,2P,eFG%,FT,FTA,FT%,ORB,DRB,TRB,AST,STL,BLK,TOV,PF,PTS)
(2015,444,Marcus Thornton,SG,27,TOT,48,0,15.0,2.9,7.2,.406,1.1,3.0,.378,1.8,4.2,.426,.484,1.0,1.2,.821,0.5,1.3,1.8,0.8,0.6,0.1,0.6,0.8,7.9)
(2015,448,Hedo Turkoglu,SF,35,LAC,62,2,11.4,1.3,3.0,.441,1.0,2.2,.432,0.4,0.8,.469,.601,0.1,0.2,.545,0.1,1.5,1.6,0.6,0.3,0.1,0.5,1.1,3.7)
(2015,452,Jonas Valanciunas,C,22,TOR,80,80,26.2,4.7,8.2,.572,0.0,0.0,.000,4.7,8.1,.573,.572,2.7,3.5,.786,2.7,6.0,8.7,0.5,0.4,1.2,1.4,2.8,12.0)
(2015,456,Noah Vonleh,PF,19,CHO,25,0,10.4,1.2,3.0,.395,0.2,0.5,.385,1.0,2.5,.397,.428,0.7,1.0,.692,1.1,2.3,3.4,0.2,0.2,0.4,0.4,0.8,3.3)
(2015,460,Henry Walker,SF,27,MIA,24,13,26.2,2.4,7.0,.345,1.9,5.5,.341,0.5,1.5,.361,.479,0.6,0.8,.778,0.3,3.1,3.4,1.2,1.0,0.4,1.0,3.2,7.3)
(2015,463,Gerald Wallace,SF,32,BOS,32,0,8.9,0.4,1.1,.412,0.0,0.1,.333,0.4,1.0,.419,.426,0.2,0.5,.400,0.5,1.3,1.8,0.3,0.5,0.1,0.6,0.6,1.1)
(2015,467,Travis Wear,SF,24,NYK,51,1,13.2,1.6,4.1,.402,0.2,0.6,.367,1.4,3.5,.408,.428,0.4,0.5,.769,0.6,1.5,2.1,0.8,0.3,0.2,0.7,1.1,3.9)
(2015,471,Hassan Whiteside,C,25,MIA,48,32,23.8,5.1,8.1,.628,0.0,0.0,,5.1,8.1,.628,.628,1.6,3.3,.500,3.0,7.0,10.0,0.1,0.6,2.6,1.2,2.7,11.8)
(2015,475,Deron Williams,PG,30,BRK,68,55,31.1,4.4,11.3,.387,1.3,3.5,.367,3.1,7.9,.395,.443,3.0,3.5,.834,0.4,3.1,3.5,6.6,0.9,0.3,2.3,2.3,13.0)
(2015,479,Marvin Williams,PF,28,CHO,78,37,26.1,2.7,6.3,.424,1.2,3.4,.358,1.5,2.9,.500,.520,0.8,1.1,.713,0.7,4.2,4.9,1.3,0.9,0.5,0.8,1.9,7.4)
(2015,482,Shawne Williams,SF,28,TOT,63,22,17.3,1.9,4.8,.403,1.0,2.8,.360,0.9,1.9,.467,.510,0.6,0.6,.875,0.6,2.1,2.6,0.7,0.4,0.3,0.5,2.1,5.4)
(2015,486,Dorell Wright,SF,29,POR,48,2,12.3,1.5,4.0,.379,0.9,2.3,.380,0.6,1.7,.378,.487,0.7,0.9,.810,0.3,2.0,2.3,0.9,0.4,0.2,0.4,1.1,4.6)
(2015,490,Thaddeus Young,PF,26,TOT,76,68,32.0,5.9,12.7,.466,0.5,1.5,.330,5.4,11.2,.484,.486,1.7,2.6,.655,1.7,3.7,5.4,2.3,1.6,0.3,1.5,2.3,14.1)
