(2015,2,Jordan Adams,SG,20,MEM,30,0,8.3,1.2,2.9,.407,0.3,0.8,.400,0.8,2.0,.410,.465,0.5,0.8,.609,0.3,0.6,0.9,0.5,0.5,0.2,0.5,0.8,3.1)
(2015,6,Alexis Ajinca,C,26,NOP,68,8,14.1,2.7,4.8,.550,0.0,0.0,,2.7,4.8,.550,.550,1.2,1.5,.818,1.5,3.1,4.6,0.7,0.3,0.8,1.0,2.2,6.5)
(2015,10,Lavoy Allen,PF,25,IND,63,0,17.0,2.2,4.7,.472,0.0,0.0,,2.2,4.7,.472,.472,0.5,0.7,.702,2.0,3.2,5.1,1.2,0.2,0.7,0.6,1.6,5.0)
(2015,14,Chris Andersen,C,36,MIA,60,20,18.9,2.0,3.5,.580,0.1,0.2,.308,1.9,3.2,.598,.589,1.3,1.9,.667,1.3,3.7,5.0,0.7,0.4,1.0,0.7,1.5,5.3)
(2015,18,Giannis Antetokounmpo,SG,20,MIL,81,71,31.4,4.7,9.6,.491,0.1,0.5,.159,4.6,9.1,.511,.496,3.2,4.3,.741,1.2,5.5,6.7,2.6,0.9,1.0,2.1,3.1,12.7)
(2015,21,Pero Antic,PF,32,ATL,63,3,16.5,1.7,4.7,.365,0.8,2.7,.301,0.9,2.0,.455,.453,1.4,2.0,.715,0.9,2.1,3.0,0.8,0.3,0.2,0.8,2.1,5.7)
(2015,25,D.J. Augustin,PG,27,TOT,82,14,24.0,3.1,7.9,.399,1.0,3.0,.337,2.1,4.9,.436,.463,2.2,2.5,.868,0.2,1.7,2.0,4.3,0.6,0.0,1.8,1.1,9.5)
(2015,29,Leandro Barbosa,SG,32,GSW,66,1,14.9,2.8,5.8,.474,0.7,1.7,.384,2.1,4.2,.511,.530,0.9,1.1,.784,0.3,1.0,1.4,1.5,0.6,0.1,0.7,1.3,7.1)
(2015,33,Matt Barnes,SF,34,LAC,76,74,29.9,3.6,8.2,.444,1.8,4.9,.362,1.9,3.3,.569,.553,1.0,1.3,.779,0.7,3.3,4.0,1.5,0.9,0.7,1.1,3.2,10.1)
(2015,37,Nicolas Batum,SF,26,POR,71,71,33.5,3.4,8.5,.400,1.4,4.4,.324,2.0,4.1,.481,.483,1.2,1.4,.857,0.9,5.0,5.9,4.8,1.1,0.6,1.9,1.5,9.4)
(2015,Rk,Player,Pos,Age,Tm,G,GS,MP,FG,FGA,FG%,3P,3PA,3P,2P,2PA,2P,eFG%,FT,FTA,FT%,ORB,DRB,TRB,AST,STL,BLK,TOV,PF,PTS)
(2015,44,Jerrelle Benimon,PF,23,UTA,2,0,1.5,0.0,0.0,,0.0,0.0,,0.0,0.0,,,0.0,0.0,,0.5,1.0,1.5,0.0,0.0,0.0,0.5,0.0,0.0)
(2015,48,Bismack Biyombo,C,22,CHO,64,21,19.4,1.6,2.9,.543,0.0,0.0,,1.6,2.9,.543,.543,1.6,2.7,.583,2.5,3.9,6.4,0.3,0.3,1.5,0.8,2.2,4.8)
(2015,52,Eric Bledsoe,PG,25,PHO,81,81,34.6,5.8,12.9,.447,1.1,3.4,.324,4.7,9.6,.491,.489,4.4,5.4,.800,0.9,4.3,5.2,6.1,1.6,0.6,3.4,2.3,17.0)
(2015,56,Matt Bonner,PF,34,SAS,72,19,13.0,1.3,3.2,.409,0.6,1.8,.365,0.7,1.4,.462,.509,0.4,0.5,.811,0.4,1.2,1.6,0.7,0.1,0.2,0.2,0.9,3.7)
(2015,60,Avery Bradley,SG,24,BOS,77,77,31.5,5.6,13.1,.429,1.6,4.6,.352,4.0,8.6,.470,.490,1.0,1.3,.790,0.6,2.5,3.1,1.8,1.1,0.2,1.4,2.3,13.9)
(2015,63,Aaron Brooks,PG,30,CHI,82,21,23.0,4.2,10.0,.421,1.5,3.8,.387,2.7,6.1,.442,.495,1.8,2.1,.833,0.4,1.6,2.0,3.2,0.7,0.2,1.9,2.3,11.6)
(2015,67,Shannon Brown,SG,29,MIA,5,2,17.8,1.4,3.8,.368,0.6,1.4,.429,0.8,2.4,.333,.447,0.6,0.8,.750,0.0,0.2,0.2,0.6,0.8,0.0,0.8,1.6,4.0)
(2015,71,Trey Burke,PG,22,UTA,76,43,30.1,4.9,13.2,.368,1.6,5.1,.318,3.2,8.1,.400,.430,1.4,1.9,.752,0.4,2.3,2.7,4.3,0.9,0.2,1.6,1.6,12.8)
(2015,75,Rasual Butler,SF,35,WAS,75,1,20.1,2.9,6.9,.422,1.2,3.1,.387,1.7,3.8,.450,.510,0.7,0.9,.791,0.4,2.3,2.6,0.8,0.4,0.3,0.6,1.3,7.7)
(2015,79,Nick Calathes,SG,25,MEM,58,0,14.4,1.8,4.3,.421,0.2,0.7,.256,1.6,3.5,.456,.443,0.4,0.8,.533,0.3,1.5,1.8,2.5,1.1,0.1,1.1,1.7,4.2)
(2015,82,Isaiah Canaan,PG,23,TOT,47,21,20.0,3.1,8.0,.386,1.9,5.2,.370,1.2,2.8,.417,.507,1.0,1.3,.817,0.4,1.5,1.9,2.1,0.6,0.1,1.3,1.8,9.2)
(2015,86,Michael Carter-Williams,PG,23,TOT,66,63,32.6,5.5,13.9,.396,0.5,2.3,.235,5.0,11.6,.428,.416,3.1,4.4,.694,1.0,4.4,5.3,6.7,1.7,0.5,3.8,2.5,14.6)
(2015,90,Wilson Chandler,SF,27,DEN,78,75,31.7,5.4,12.5,.429,1.8,5.2,.342,3.6,7.3,.490,.500,1.4,1.8,.775,1.2,4.9,6.1,1.7,0.7,0.4,1.4,3.0,13.9)
(2015,94,Ian Clark,SG,23,TOT,30,0,6.4,0.6,1.8,.345,0.3,1.0,.333,0.3,0.8,.360,.436,0.3,0.3,1.000,0.1,0.4,0.5,0.4,0.3,0.1,0.3,0.7,1.9)
(2015,98,Darren Collison,PG,27,SAC,45,45,34.8,5.8,12.2,.473,1.3,3.6,.373,4.4,8.6,.514,.527,3.2,4.1,.788,0.4,2.8,3.2,5.6,1.5,0.3,2.5,2.1,16.1)
(2015,101,Jack Cooley,PF,23,UTA,16,0,5.4,0.6,1.4,.409,0.0,0.0,,0.6,1.4,.409,.409,0.6,1.3,.429,0.6,0.9,1.6,0.1,0.4,0.2,0.2,1.4,1.7)
(2015,105,Robert Covington,SF,24,PHI,70,49,27.9,4.3,10.8,.396,2.4,6.4,.374,1.9,4.4,.426,.506,2.5,3.1,.820,0.9,3.6,4.5,1.5,1.4,0.4,1.8,2.7,13.5)
(2015,109,Dante Cunningham,PF,27,NOP,66,27,25.0,2.3,5.1,.457,0.0,0.2,.100,2.3,5.0,.468,.459,0.4,0.7,.617,1.1,2.8,3.9,0.8,0.7,0.6,0.5,1.5,5.2)
(2015,113,Samuel Dalembert,C,33,NYK,32,21,17.0,1.8,4.1,.438,0.0,0.0,,1.8,4.1,.438,.438,0.4,0.6,.700,1.7,3.6,5.3,0.9,0.4,1.3,1.2,2.2,4.0)
(2015,117,Anthony Davis,PF,21,NOP,68,68,36.1,9.4,17.6,.535,0.0,0.2,.083,9.4,17.5,.540,.536,5.5,6.8,.805,2.5,7.7,10.2,2.2,1.5,2.9,1.4,2.1,24.4)
(2015,Rk,Player,Pos,Age,Tm,G,GS,MP,FG,FGA,FG%,3P,3PA,3P,2P,2PA,2P,eFG%,FT,FTA,FT%,ORB,DRB,TRB,AST,STL,BLK,TOV,PF,PTS)
(2015,124,Luol Deng,SF,29,MIA,72,72,33.6,5.1,10.9,.469,1.1,3.1,.355,4.0,7.9,.513,.518,2.7,3.5,.761,1.4,3.8,5.2,1.9,0.9,0.3,1.5,1.5,14.0)
(2015,128,Spencer Dinwiddie,PG,21,DET,34,1,13.4,1.5,5.0,.302,0.4,1.9,.185,1.1,3.1,.375,.337,0.9,1.0,.912,0.1,1.3,1.4,3.1,0.6,0.2,1.0,1.6,4.3)
(2015,132,Goran Dragic,SG-PG,28,TOT,78,78,33.8,6.4,12.8,.501,1.2,3.3,.347,5.3,9.5,.555,.546,2.3,3.0,.774,1.0,2.5,3.5,4.5,1.0,0.2,2.2,2.5,16.3)
(2015,136,Jared Dudley,SG,29,MIL,72,22,23.8,2.8,5.9,.468,1.0,2.7,.385,1.7,3.2,.537,.556,0.7,0.9,.716,0.6,2.4,3.1,1.8,1.0,0.2,0.9,1.6,7.2)
(2015,140,Cleanthony Early,SF,23,NYK,39,7,16.6,1.9,5.5,.355,0.6,2.2,.262,1.4,3.3,.415,.407,0.9,1.2,.750,0.6,1.9,2.5,0.9,0.6,0.3,1.0,1.5,5.4)
(2015,143,James Ennis,SF,24,MIA,62,3,17.0,1.6,4.0,.409,0.5,1.5,.326,1.1,2.5,.461,.472,1.3,1.5,.840,0.8,2.0,2.8,0.8,0.4,0.3,0.6,1.4,5.0)
(2015,147,Tyreke Evans,SF,25,NOP,79,76,34.1,6.6,14.7,.447,0.9,2.9,.304,5.7,11.9,.482,.477,2.6,3.7,.694,1.0,4.2,5.3,6.6,1.3,0.5,3.1,2.5,16.6)
(2015,151,Jordan Farmar,PG,28,LAC,36,0,14.7,1.7,4.4,.386,1.0,2.7,.361,0.7,1.7,.426,.497,0.3,0.3,.909,0.2,0.9,1.2,1.9,0.6,0.1,0.9,1.4,4.6)
(2015,155,Evan Fournier,SG,22,ORL,58,32,28.6,4.4,9.9,.440,1.5,3.9,.378,2.9,6.0,.480,.514,1.8,2.5,.728,0.5,2.2,2.6,2.1,0.7,0.0,1.4,2.0,12.0)
(2015,159,Jimmer Fredette,PG,25,NOP,50,0,10.2,1.3,3.3,.380,0.2,1.0,.188,1.1,2.4,.458,.407,0.9,0.9,.956,0.2,0.6,0.8,1.2,0.3,0.0,0.7,0.9,3.6)
(2015,162,Danilo Gallinari,SF,26,DEN,59,27,24.2,3.9,9.6,.401,1.8,5.1,.355,2.1,4.5,.453,.496,2.9,3.2,.895,0.5,3.2,3.7,1.4,0.8,0.3,1.0,1.6,12.4)
(2015,166,Marc Gasol,C,30,MEM,81,81,33.2,6.5,13.2,.494,0.0,0.2,.176,6.5,13.0,.500,.496,4.3,5.4,.795,1.4,6.4,7.8,3.8,0.9,1.6,2.2,2.6,17.4)
(2015,170,Paul George,SF,24,IND,6,0,15.2,3.0,8.2,.367,1.5,3.7,.409,1.5,4.5,.333,.459,1.3,1.8,.727,0.7,3.0,3.7,1.0,0.8,0.2,2.0,1.8,8.8)
(2015,174,Drew Gooden,PF,33,WAS,51,7,16.9,2.2,5.4,.399,0.5,1.2,.390,1.7,4.3,.401,.440,0.7,0.9,.773,1.4,3.0,4.4,1.0,0.4,0.2,0.5,1.8,5.4)
(2015,178,Drew Gordon,C,24,PHI,9,0,7.9,0.9,2.1,.421,0.0,0.3,.000,0.9,1.8,.500,.421,0.1,0.2,.500,0.8,1.2,2.0,0.2,0.1,0.0,0.9,0.8,1.9)
(2015,181,Danny Granger,SF,31,MIA,30,6,20.4,2.2,5.4,.401,1.0,2.8,.357,1.2,2.6,.449,.494,0.9,1.2,.757,0.7,2.0,2.7,0.6,0.4,0.2,0.8,2.2,6.3)
(2015,185,Erick Green,PG,23,DEN,43,1,9.5,1.4,3.8,.377,0.3,1.1,.298,1.1,2.7,.409,.420,0.2,0.3,.833,0.2,0.6,0.7,0.9,0.3,0.0,0.3,0.6,3.4)
(2015,189,Willie Green,SG,33,ORL,52,2,18.3,2.3,5.9,.386,0.8,2.3,.347,1.5,3.6,.411,.454,0.5,0.7,.824,0.3,1.3,1.5,1.3,0.5,0.1,0.9,1.6,5.9)
(2015,193,Jordan Hamilton,SF,24,LAC,14,2,8.7,1.0,2.5,.400,0.7,1.5,.476,0.3,1.0,.286,.543,0.0,0.0,,0.1,1.0,1.1,0.5,0.1,0.0,0.3,1.0,2.7)
(2015,197,James Harden,SG,25,HOU,81,81,36.8,8.0,18.1,.440,2.6,6.9,.375,5.4,11.3,.480,.511,8.8,10.2,.868,0.9,4.7,5.7,7.0,1.9,0.7,4.0,2.6,27.4)
(2015,Rk,Player,Pos,Age,Tm,G,GS,MP,FG,FGA,FG%,3P,3PA,3P,2P,2PA,2P,eFG%,FT,FTA,FT%,ORB,DRB,TRB,AST,STL,BLK,TOV,PF,PTS)
(2015,204,Spencer Hawes,PF,26,LAC,73,15,17.5,2.2,5.7,.393,0.8,2.4,.313,1.5,3.3,.452,.459,0.6,0.9,.647,0.4,3.1,3.5,1.2,0.3,0.7,0.8,2.4,5.8)
(2015,208,Gerald Henderson,SG,27,CHO,80,72,28.9,4.6,10.6,.437,0.6,1.7,.331,4.1,8.9,.457,.463,2.3,2.7,.848,0.5,3.0,3.4,2.6,0.6,0.3,1.4,1.7,12.1)
(2015,212,J.J. Hickson,C,26,DEN,73,8,19.3,3.0,6.3,.475,0.0,0.0,.000,3.0,6.3,.477,.475,1.6,2.8,.577,2.1,4.1,6.2,0.8,0.5,0.5,1.3,1.9,7.6)
(2015,216,Solomon Hill,SF,23,IND,82,78,29.0,3.1,7.7,.396,0.8,2.5,.327,2.2,5.2,.430,.450,1.9,2.4,.824,0.9,3.0,3.8,2.2,0.8,0.2,1.4,2.2,8.9)
(2015,220,Ryan Hollins,C,30,SAC,46,9,9.6,1.2,1.8,.646,0.0,0.0,,1.2,1.8,.646,.646,0.7,1.2,.574,0.8,1.5,2.2,0.3,0.1,0.4,0.5,1.4,3.0)
(2015,223,Dwight Howard,C,29,HOU,41,41,29.8,6.1,10.3,.593,0.0,0.0,.500,6.1,10.3,.594,.595,3.5,6.6,.528,2.7,7.8,10.5,1.2,0.7,1.3,2.8,3.3,15.8)
(2015,227,Serge Ibaka,PF,25,OKC,64,64,33.1,5.8,12.3,.476,1.2,3.2,.376,4.6,9.1,.511,.525,1.4,1.7,.836,2.1,5.7,7.8,0.9,0.5,2.4,1.5,3.0,14.3)
(2015,231,Kyrie Irving,PG,22,CLE,75,75,36.4,7.7,16.5,.468,2.1,5.0,.415,5.6,11.4,.491,.532,4.2,4.9,.863,0.7,2.4,3.2,5.2,1.5,0.3,2.5,1.9,21.7)
(2015,235,LeBron James,SF,30,CLE,69,69,36.1,9.0,18.5,.488,1.7,4.9,.354,7.3,13.6,.536,.535,5.4,7.7,.710,0.7,5.3,6.0,7.4,1.6,0.7,3.9,2.0,25.3)
(2015,239,John Jenkins,SG,23,ATL,24,3,12.4,2.0,4.1,.495,0.9,2.2,.404,1.2,2.0,.596,.601,0.7,0.8,.842,0.1,1.5,1.6,0.5,0.4,0.0,0.3,0.6,5.6)
(2015,242,Grant Jerrett,PF,21,TOT,8,0,6.4,0.9,3.3,.269,0.1,1.9,.067,0.8,1.4,.545,.288,0.1,0.1,1.000,0.3,0.9,1.1,0.4,0.3,0.3,0.4,1.4,2.0)
(2015,246,Joe Johnson,SG,33,BRK,80,80,34.9,5.6,12.8,.435,1.5,4.2,.359,4.1,8.6,.472,.494,1.8,2.2,.801,0.7,4.1,4.8,3.7,0.7,0.2,1.7,1.5,14.4)
(2015,248,Tyler Johnson,SG,22,MIA,32,2,18.8,2.2,5.2,.419,0.6,1.5,.375,1.6,3.7,.437,.473,1.0,1.5,.681,0.4,2.1,2.5,1.3,1.0,0.3,0.9,1.3,5.9)
(2015,252,Perry Jones,SF,23,OKC,43,13,14.7,1.7,4.3,.397,0.3,1.4,.233,1.4,2.9,.476,.435,0.6,0.9,.649,0.1,1.6,1.8,0.4,0.4,0.2,0.6,1.2,4.3)
(2015,256,Cory Joseph,PG,23,SAS,79,14,18.3,2.6,5.2,.504,0.2,0.6,.364,2.4,4.6,.520,.523,1.3,1.8,.734,0.6,1.9,2.4,2.4,0.6,0.2,0.8,1.3,6.8)
(2015,260,Ryan Kelly,PF,23,LAL,52,34,23.7,2.0,5.9,.337,0.9,2.6,.336,1.1,3.4,.337,.409,1.5,1.8,.832,0.3,2.6,2.8,1.8,0.6,0.5,0.7,2.3,6.4)
(2015,263,Andrei Kirilenko,SF,33,BRK,7,0,5.1,0.0,0.7,.000,0.0,0.0,,0.0,0.7,.000,.000,0.4,0.6,.750,0.3,0.9,1.1,0.1,0.1,0.0,0.1,0.1,0.4)
(2015,267,Kosta Koufos,C,25,MEM,81,3,16.6,2.2,4.4,.508,0.0,0.0,,2.2,4.4,.508,.508,0.7,1.0,.647,1.5,3.8,5.3,0.5,0.4,0.8,0.9,1.8,5.2)
(2015,271,Shane Larkin,PG,22,NYK,76,22,24.5,2.5,5.7,.433,0.5,1.5,.302,2.0,4.2,.481,.473,0.8,1.0,.782,0.4,1.9,2.3,3.0,1.2,0.1,1.1,2.0,6.2)
(2015,275,Ricky Ledo,SG,22,TOT,17,0,14.4,1.9,5.6,.333,0.6,1.6,.370,1.3,4.1,.319,.385,0.9,1.3,.727,0.9,1.2,2.1,1.1,0.4,0.1,1.5,1.2,5.3)
(2015,279,Alex Len,C,21,PHO,69,44,22.0,2.6,5.1,.507,0.0,0.0,.333,2.6,5.1,.509,.508,1.1,1.5,.702,2.1,4.5,6.6,0.5,0.5,1.5,1.1,3.1,6.3)
(2015,282,Jon Leuer,PF,25,MEM,63,6,13.1,1.9,4.3,.443,0.1,0.5,.241,1.8,3.9,.467,.456,0.6,0.9,.627,0.8,2.5,3.3,0.7,0.3,0.1,0.6,1.4,4.5)
(2015,286,Brook Lopez,C,26,BRK,72,44,29.2,7.0,13.7,.513,0.0,0.1,.100,7.0,13.6,.517,.513,3.1,3.8,.814,3.0,4.5,7.4,0.7,0.6,1.8,1.4,2.9,17.2)
(2015,290,John Lucas,PG,32,DET,21,0,13.0,2.0,5.0,.404,0.4,1.4,.310,1.6,3.6,.440,.447,0.2,0.2,1.000,0.2,0.6,0.8,2.9,0.4,0.0,0.8,0.9,4.7)
(2015,294,Devyn Marble,SG,22,ORL,16,7,13.0,0.9,2.8,.318,0.3,1.4,.182,0.6,1.4,.455,.364,0.3,1.0,.313,0.3,1.6,1.9,1.1,0.6,0.1,0.6,0.9,2.3)
(2015,298,Kenyon Martin,PF,37,MIL,11,0,9.5,0.8,2.0,.409,0.0,0.0,,0.8,2.0,.409,.409,0.2,0.2,1.000,0.5,1.2,1.7,0.5,0.5,0.5,0.3,1.2,1.8)
(2015,301,Jason Maxiell,PF,31,CHO,61,0,14.4,1.3,3.1,.422,0.0,0.0,,1.3,3.1,.422,.422,0.7,1.2,.577,1.4,1.9,3.3,0.3,0.3,0.7,0.5,1.6,3.3)
(2015,305,Ray McCallum,PG,23,SAC,68,30,21.1,3.0,6.9,.438,0.5,1.6,.306,2.5,5.3,.479,.474,0.8,1.2,.679,0.8,1.9,2.6,2.8,0.7,0.2,1.3,1.4,7.4)
(2015,309,Mitch McGary,PF,22,OKC,32,2,15.2,2.8,5.2,.533,0.0,0.1,.000,2.8,5.1,.540,.533,0.8,1.3,.625,1.7,3.5,5.2,0.4,0.5,0.5,1.0,2.3,6.3)
(2015,313,Josh McRoberts,PF,27,MIA,17,4,17.4,1.6,3.1,.528,0.5,1.1,.421,1.2,2.0,.588,.604,0.5,0.8,.615,0.4,2.2,2.6,1.9,0.7,0.2,1.3,2.4,4.2)
(2015,317,C.J. Miles,SG,27,IND,70,40,26.3,4.7,11.8,.398,2.2,6.4,.345,2.5,5.4,.459,.491,1.9,2.3,.807,0.3,2.8,3.1,1.1,0.9,0.4,1.0,1.9,13.5)
(2015,Rk,Player,Pos,Age,Tm,G,GS,MP,FG,FGA,FG%,3P,3PA,3P,2P,2PA,2P,eFG%,FT,FTA,FT%,ORB,DRB,TRB,AST,STL,BLK,TOV,PF,PTS)
(2015,324,Paul Millsap,PF,29,ATL,73,73,32.7,6.1,12.7,.476,1.1,3.0,.356,5.0,9.8,.513,.518,3.5,4.6,.757,1.9,5.9,7.8,3.1,1.8,0.9,2.3,2.8,16.7)
(2015,328,E'Twaun Moore,SG,25,CHI,56,0,9.0,1.1,2.5,.446,0.2,0.7,.342,0.9,1.8,.485,.493,0.2,0.4,.600,0.2,0.6,0.8,0.6,0.4,0.1,0.3,0.8,2.7)
(2015,332,Markieff Morris,PF,25,PHO,82,82,31.5,6.2,13.4,.465,0.7,2.2,.318,5.5,11.2,.494,.491,2.2,2.8,.763,1.3,4.8,6.2,2.3,1.2,0.5,2.1,3.0,15.3)
(2015,336,Shabazz Muhammad,SG,22,MIN,38,13,22.8,5.1,10.4,.489,0.5,1.3,.392,4.6,9.1,.503,.514,2.7,3.8,.717,1.7,2.4,4.1,1.2,0.5,0.2,0.9,1.3,13.5)
(2015,340,Gary Neal,SG,30,TOT,54,1,22.1,3.5,9.3,.374,0.9,3.0,.305,2.6,6.3,.407,.423,2.2,2.5,.867,0.3,2.1,2.4,1.9,0.4,0.0,1.2,1.6,10.1)
(2015,343,Joakim Noah,C,29,CHI,67,67,30.6,2.8,6.4,.445,0.0,0.0,.000,2.8,6.3,.447,.445,1.6,2.6,.603,3.3,6.4,9.6,4.7,0.7,1.1,1.8,3.0,7.2)
(2015,347,Dirk Nowitzki,PF,36,DAL,77,77,29.6,6.3,13.8,.459,1.4,3.6,.380,5.0,10.2,.486,.508,3.3,3.8,.882,0.6,5.4,5.9,1.9,0.5,0.4,1.1,2.1,17.3)
(2015,351,Victor Oladipo,PG,22,ORL,72,71,35.7,6.6,15.1,.436,1.2,3.4,.339,5.4,11.6,.464,.474,3.6,4.4,.819,0.7,3.5,4.2,4.1,1.7,0.3,2.8,2.6,17.9)
(2015,355,Kostas Papanikolaou,SF,24,HOU,43,1,18.5,1.6,4.6,.350,0.7,2.5,.292,0.9,2.1,.418,.429,0.3,0.4,.722,0.9,1.8,2.7,2.0,0.7,0.3,1.3,1.7,4.2)
(2015,359,Chandler Parsons,SF,26,DAL,66,66,33.1,5.8,12.6,.462,2.0,5.3,.380,3.8,7.3,.521,.542,2.1,2.9,.720,1.0,3.9,4.9,2.4,1.0,0.3,1.5,2.1,15.7)
(2015,362,Adreian Payne,PF,23,TOT,32,22,23.1,2.8,6.9,.414,0.0,0.3,.111,2.8,6.6,.427,.416,0.9,1.4,.652,1.5,3.6,5.1,0.9,0.6,0.3,1.4,2.8,6.7)
(2015,366,Paul Pierce,SF,37,WAS,73,73,26.2,4.0,9.0,.447,1.6,4.2,.389,2.4,4.8,.496,.537,2.2,2.9,.781,0.6,3.4,4.0,2.0,0.6,0.3,1.3,2.2,11.9)
(2015,370,Otto Porter,SF,21,WAS,74,13,19.4,2.4,5.3,.450,0.5,1.4,.337,1.9,3.9,.491,.495,0.8,1.1,.734,0.9,2.0,3.0,0.9,0.6,0.4,0.7,1.3,6.0)
(2015,374,Ronnie Price,PG,31,LAL,43,20,22.8,1.8,5.2,.345,0.7,2.5,.284,1.1,2.7,.404,.415,0.8,1.0,.800,0.4,1.2,1.6,3.8,1.6,0.1,1.2,2.7,5.1)
(2015,378,Julius Randle,PF,20,LAL,1,0,14.0,1.0,3.0,.333,0.0,0.0,,1.0,3.0,.333,.333,0.0,2.0,.000,0.0,0.0,0.0,0.0,0.0,0.0,1.0,1.0,2.0)
(2015,381,J.J. Redick,SG,30,LAC,78,78,30.9,5.7,12.0,.477,2.6,5.9,.437,3.2,6.2,.515,.583,2.3,2.6,.901,0.3,1.9,2.1,1.8,0.5,0.1,1.2,1.7,16.4)
(2015,385,Austin Rivers,PG-SG,22,TOT,76,5,20.6,2.7,6.5,.409,0.5,1.7,.298,2.2,4.8,.449,.449,1.1,1.7,.675,0.4,1.6,2.0,2.0,0.6,0.2,0.9,1.9,7.0)
(2015,389,Nate Robinson,PG,30,TOT,42,1,14.1,2.1,6.1,.345,0.7,2.7,.277,1.4,3.4,.399,.406,0.7,1.1,.674,0.4,0.8,1.2,2.3,0.5,0.1,0.7,1.8,5.7)
(2015,393,Terrence Ross,SF,23,TOR,82,61,25.5,3.8,9.2,.410,1.8,4.8,.372,2.0,4.4,.452,.507,0.5,0.7,.786,0.4,2.4,2.8,1.0,0.6,0.3,0.8,1.7,9.8)
(2015,397,Robert Sacre,C,25,LAL,67,18,16.9,1.9,4.6,.412,0.0,0.0,.000,1.9,4.6,.413,.412,0.8,1.2,.671,1.3,2.1,3.5,0.8,0.4,0.6,0.5,1.8,4.6)
(2015,Rk,Player,Pos,Age,Tm,G,GS,MP,FG,FGA,FG%,3P,3PA,3P,2P,2PA,2P,eFG%,FT,FTA,FT%,ORB,DRB,TRB,AST,STL,BLK,TOV,PF,PTS)
(2015,404,Thabo Sefolosha,SF,30,ATL,52,7,18.8,2.0,4.8,.418,0.5,1.5,.321,1.5,3.3,.462,.468,0.9,1.1,.776,1.0,3.3,4.3,1.4,1.0,0.4,0.7,1.3,5.3)
(2015,408,Alexey Shved,SG,26,TOT,42,9,18.3,3.2,8.0,.397,1.1,3.3,.338,2.0,4.7,.439,.467,2.9,3.6,.807,0.5,1.8,2.4,2.5,0.7,0.1,1.1,1.1,10.3)
(2015,412,Marcus Smart,PG,20,BOS,67,38,27.0,2.6,7.1,.367,1.4,4.1,.335,1.3,3.1,.410,.462,1.2,1.9,.646,0.9,2.4,3.3,3.1,1.5,0.3,1.3,2.6,7.8)
(2015,416,Jason Smith,C,28,NYK,82,31,21.8,3.1,7.2,.434,0.2,0.5,.357,3.0,6.7,.440,.447,1.5,1.9,.830,1.2,2.8,4.0,1.7,0.4,0.5,1.3,2.5,8.0)
(2015,420,Marreese Speights,PF,27,GSW,76,9,15.9,4.2,8.5,.492,0.1,0.2,.278,4.1,8.3,.498,.496,2.0,2.3,.843,1.4,2.8,4.3,0.9,0.3,0.4,1.1,2.5,10.4)
(2015,423,Lance Stephenson,SG,24,CHO,61,25,25.8,3.4,9.0,.376,0.3,1.7,.171,3.1,7.3,.425,.393,1.1,1.8,.627,0.6,3.9,4.5,3.9,0.6,0.1,2.1,2.2,8.2)
(2015,427,Amar'e Stoudemire,PF,32,TOT,59,15,21.1,4.6,8.3,.557,0.0,0.1,.000,4.6,8.2,.562,.557,2.3,3.2,.720,1.9,3.7,5.6,0.8,0.5,0.6,1.3,2.7,11.5)
(2015,431,Jeff Teague,PG,26,ATL,73,72,30.5,5.6,12.2,.460,1.0,2.8,.343,4.6,9.3,.496,.500,3.8,4.4,.862,0.4,2.1,2.5,7.0,1.7,0.4,2.8,1.9,15.9)
(2015,435,Jason Terry,SG,37,HOU,77,18,21.3,2.4,5.8,.422,1.6,4.2,.390,0.8,1.6,.504,.563,0.5,0.6,.813,0.2,1.4,1.6,1.9,0.9,0.2,1.0,1.5,7.0)
(2015,439,Tyrus Thomas,PF,28,MEM,2,0,3.5,0.5,0.5,1.000,0.0,0.0,,0.5,0.5,1.000,1.000,1.0,1.0,1.000,0.0,0.0,0.0,0.5,0.0,0.0,0.0,0.0,2.0)
(2015,442,Klay Thompson,SG,24,GSW,77,77,31.9,7.8,16.9,.463,3.1,7.1,.439,4.7,9.8,.481,.555,2.9,3.3,.879,0.4,2.9,3.2,2.9,1.1,0.8,1.9,1.6,21.7)
(2015,446,P.J. Tucker,SF,29,PHO,78,63,30.6,3.3,7.6,.438,1.1,3.2,.345,2.2,4.4,.506,.511,1.3,1.8,.727,1.5,5.0,6.4,1.6,1.4,0.3,1.2,2.3,9.1)
(2015,450,Ekpe Udoh,PF,27,LAC,33,0,3.9,0.3,0.7,.458,0.0,0.0,,0.3,0.7,.458,.458,0.2,0.3,.778,0.2,0.6,0.8,0.2,0.2,0.2,0.2,0.6,0.9)
(2015,454,Greivis Vasquez,PG,28,TOR,82,29,24.3,3.6,8.8,.408,1.6,4.3,.379,2.0,4.6,.436,.500,0.6,0.8,.758,0.3,2.4,2.6,3.7,0.6,0.1,1.5,2.2,9.5)
(2015,458,Dwyane Wade,SG,33,MIA,62,62,31.8,8.2,17.5,.470,0.5,1.6,.284,7.7,15.8,.489,.483,4.6,6.0,.768,0.9,2.6,3.5,4.8,1.2,0.3,3.4,1.7,21.5)
(2015,461,Kemba Walker,PG,24,CHO,62,58,34.2,6.1,15.8,.385,1.4,4.5,.304,4.7,11.3,.418,.429,3.8,4.6,.827,0.6,3.0,3.5,5.1,1.4,0.5,1.6,1.5,17.3)
(2015,465,C.J. Watson,PG,30,IND,57,21,24.9,3.2,7.3,.434,1.2,3.1,.400,1.9,4.2,.459,.518,2.4,2.9,.826,0.3,2.5,2.9,3.6,1.0,0.2,1.8,1.9,10.0)
(2015,469,David West,PF,34,IND,66,66,28.7,4.9,10.4,.471,0.1,0.3,.200,4.8,10.1,.479,.474,1.8,2.4,.739,1.6,5.2,6.8,3.4,0.7,0.7,1.8,2.4,11.7)
(2015,473,Andrew Wiggins,SG,19,MIN,82,82,36.2,6.1,13.9,.437,0.5,1.5,.310,5.6,12.3,.453,.454,4.3,5.7,.760,1.6,2.9,4.6,2.1,1.0,0.6,2.2,2.3,16.9)
(2015,477,Elliot Williams,SG,25,TOT,13,0,9.2,1.1,2.8,.378,0.6,1.4,.444,0.5,1.5,.316,.486,0.1,0.3,.250,0.0,0.6,0.6,0.9,0.3,0.0,0.3,0.9,2.8)
(2015,Rk,Player,Pos,Age,Tm,G,GS,MP,FG,FGA,FG%,3P,3PA,3P,2P,2PA,2P,eFG%,FT,FTA,FT%,ORB,DRB,TRB,AST,STL,BLK,TOV,PF,PTS)
(2015,484,Nate Wolters,PG,23,TOT,21,0,11.8,1.0,2.7,.351,0.0,0.3,.000,1.0,2.4,.400,.351,0.1,0.3,.333,0.4,1.2,1.6,1.0,0.4,0.1,0.6,0.9,2.0)
(2015,488,James Young,SG,19,BOS,31,0,10.7,1.2,3.3,.353,0.5,2.1,.258,0.6,1.2,.528,.436,0.5,0.9,.552,0.3,1.1,1.4,0.4,0.3,0.1,0.2,0.7,3.4)
(2015,492,Tyler Zeller,C,25,BOS,82,59,21.1,4.1,7.5,.549,0.0,0.0,,4.1,7.5,.549,.549,1.9,2.3,.823,1.8,3.9,5.7,1.4,0.2,0.6,0.9,2.5,10.2)
