(2015,1,Quincy Acy,PF,24,NYK,68,22,18.9,2.2,4.9,.459,0.3,0.9,.300,2.0,4.0,.494,.486,1.1,1.4,.784,1.2,3.3,4.4,1.0,0.4,0.3,0.9,2.2,5.9)
(2015,5,Arron Afflalo,SG,29,TOT,78,72,32.1,4.8,11.3,.424,1.5,4.3,.354,3.3,7.1,.466,.491,2.1,2.5,.843,0.3,2.8,3.2,1.7,0.5,0.1,1.5,2.1,13.3)
(2015,9,LaMarcus Aldridge,PF,29,POR,71,71,35.4,9.3,19.9,.466,0.5,1.5,.352,8.8,18.5,.475,.479,4.3,5.1,.845,2.5,7.7,10.2,1.7,0.7,1.0,1.7,1.8,23.4)
(2015,13,Louis Amundson,PF,32,TOT,53,35,17.7,2.1,4.8,.427,0.0,0.0,.000,2.1,4.8,.429,.427,0.8,1.6,.471,1.8,3.3,5.1,1.3,0.4,1.0,1.2,2.4,4.9)
(2015,17,Ryan Anderson,PF,26,NOP,61,5,27.5,4.8,12.0,.399,2.0,5.9,.340,2.8,6.1,.457,.483,2.1,2.5,.854,1.8,3.1,4.8,0.9,0.5,0.3,1.0,1.9,13.7)
(2015,Rk,Player,Pos,Age,Tm,G,GS,MP,FG,FGA,FG%,3P,3PA,3P,2P,2PA,2P,eFG%,FT,FTA,FT%,ORB,DRB,TRB,AST,STL,BLK,TOV,PF,PTS)
(2015,24,Omer Asik,C,28,NOP,76,76,26.1,2.8,5.4,.517,0.0,0.0,,2.8,5.4,.517,.517,1.7,3.0,.582,3.2,6.6,9.8,0.9,0.4,0.7,1.3,1.9,7.3)
(2015,28,Cameron Bairstow,PF,24,CHI,18,1,3.6,0.2,0.8,.214,0.0,0.0,,0.2,0.8,.214,.214,0.2,0.3,.800,0.3,0.1,0.4,0.1,0.1,0.1,0.2,0.4,0.6)
(2015,32,Harrison Barnes,SF,22,GSW,82,82,28.3,3.9,8.0,.482,1.1,2.6,.405,2.8,5.4,.519,.548,1.3,1.8,.720,1.4,4.1,5.5,1.4,0.7,0.2,0.9,1.8,10.1)
(2015,36,Brandon Bass,PF,29,BOS,82,43,23.5,4.2,8.3,.504,0.1,0.4,.281,4.1,7.9,.515,.510,2.1,2.6,.790,1.7,3.2,4.9,1.3,0.5,0.4,1.0,1.7,10.6)
(2015,40,Kent Bazemore,SG,25,ATL,75,10,17.7,1.9,4.4,.426,0.6,1.8,.364,1.2,2.7,.467,.498,0.8,1.3,.600,0.3,2.7,3.0,1.0,0.7,0.4,1.0,1.7,5.2)
(2015,43,Marco Belinelli,SG,28,SAS,62,9,22.4,3.2,7.6,.423,1.4,3.7,.374,1.8,3.9,.471,.515,1.4,1.6,.848,0.4,2.1,2.5,1.5,0.5,0.0,1.0,1.4,9.2)
(2015,47,Sim Bhullar,C,22,SAC,3,0,1.0,0.3,0.7,.500,0.0,0.0,,0.3,0.7,.500,.500,0.0,0.0,,0.0,0.3,0.3,0.3,0.0,0.3,0.0,0.0,0.7)
(2015,51,Steve Blake,PG,34,POR,81,0,18.9,1.5,4.0,.373,1.0,2.7,.352,0.6,1.3,.417,.491,0.4,0.5,.707,0.2,1.5,1.7,3.6,0.5,0.1,1.3,1.5,4.3)
(2015,55,Andrew Bogut,C,30,GSW,67,65,23.6,3.0,5.3,.563,0.0,0.0,,3.0,5.3,.563,.563,0.3,0.6,.524,2.1,6.0,8.1,2.7,0.6,1.7,1.6,2.8,6.3)
(2015,59,Chris Bosh,C,30,MIA,44,44,35.4,7.8,16.9,.460,1.4,3.8,.375,6.4,13.1,.485,.503,4.1,5.3,.772,1.0,6.0,7.0,2.2,0.9,0.6,2.2,1.6,21.1)
(2015,62,Corey Brewer,SF,28,TOT,80,17,26.1,4.3,10.1,.426,0.8,2.9,.268,3.5,7.1,.491,.465,2.1,2.8,.743,1.0,2.7,3.7,2.2,1.4,0.2,1.6,2.2,11.5)
(2015,66,Markel Brown,SG,23,BRK,47,29,16.6,1.6,4.5,.362,0.4,1.4,.266,1.3,3.1,.404,.402,1.0,1.2,.825,0.3,1.9,2.3,0.8,0.7,0.3,0.6,1.2,4.6)
(2015,70,Reggie Bullock,SF,23,TOT,36,2,9.4,0.7,1.9,.343,0.4,1.3,.326,0.3,0.7,.375,.450,0.2,0.3,.667,0.0,1.4,1.4,0.2,0.3,0.1,0.2,0.5,1.9)
(2015,74,Jimmy Butler,SG,25,CHI,65,65,38.7,6.5,14.0,.462,1.1,3.0,.378,5.4,11.1,.484,.502,5.9,7.1,.834,1.8,4.1,5.8,3.3,1.8,0.6,1.4,1.7,20.0)
(2015,78,Bruno Caboclo,SF,19,TOR,8,0,2.9,0.5,1.5,.333,0.3,0.4,.667,0.3,1.1,.222,.417,0.0,0.0,,0.1,0.1,0.3,0.0,0.0,0.1,0.5,0.4,1.3)
(2015,81,Kentavious Caldwell-Pope,SG,21,DET,82,82,31.5,4.8,11.9,.401,1.9,5.4,.345,2.9,6.4,.449,.480,1.3,1.9,.696,0.6,2.5,3.1,1.3,1.1,0.2,1.1,2.0,12.7)
(2015,85,Vince Carter,SG,38,MEM,66,1,16.5,2.0,6.2,.333,1.0,3.5,.297,1.0,2.6,.379,.417,0.7,0.9,.789,0.4,1.6,2.0,1.2,0.7,0.2,0.7,1.5,5.8)
(2015,89,Tyson Chandler,C,32,DAL,75,75,30.5,3.9,5.9,.666,0.0,0.0,,3.9,5.9,.666,.666,2.5,3.4,.720,3.9,7.6,11.5,1.1,0.6,1.2,1.4,2.3,10.3)
(2015,93,Earl Clark,PF,27,BRK,10,0,9.3,1.1,3.0,.367,0.4,1.4,.286,0.7,1.6,.438,.433,0.1,0.4,.250,0.1,2.2,2.3,0.3,0.3,0.4,0.6,1.2,2.7)
(2015,97,Norris Cole,PG,26,TOT,75,25,24.4,3.1,7.4,.412,0.7,2.3,.313,2.3,5.1,.458,.461,0.8,1.1,.716,0.2,1.9,2.1,3.4,0.8,0.2,1.3,1.7,7.6)
(2015,Rk,Player,Pos,Age,Tm,G,GS,MP,FG,FGA,FG%,3P,3PA,3P,2P,2PA,2P,eFG%,FT,FTA,FT%,ORB,DRB,TRB,AST,STL,BLK,TOV,PF,PTS)
(2015,104,DeMarcus Cousins,C,24,SAC,59,59,34.1,8.4,18.1,.467,0.0,0.1,.250,8.4,17.9,.469,.468,7.2,9.2,.782,3.1,9.5,12.7,3.6,1.5,1.7,4.3,4.1,24.1)
(2015,108,Jae Crowder,SF,24,TOT,82,17,20.1,2.8,6.6,.420,0.7,2.5,.293,2.0,4.1,.499,.476,1.3,1.7,.773,0.9,2.7,3.6,1.1,0.9,0.3,0.6,1.7,7.7)
(2015,112,Stephen Curry,PG,26,GSW,80,80,32.7,8.2,16.8,.487,3.6,8.1,.443,4.6,8.7,.528,.594,3.9,4.2,.914,0.7,3.6,4.3,7.7,2.0,0.2,3.1,2.0,23.8)
(2015,116,Brandon Davies,PF,23,TOT,27,6,15.7,2.0,5.1,.401,0.3,1.3,.235,1.7,3.8,.456,.431,0.9,1.4,.649,1.4,1.7,3.1,1.1,0.7,0.3,1.1,2.2,5.3)
(2015,120,Andre Dawkins,SG,23,MIA,4,0,5.5,0.3,1.5,.167,0.3,1.5,.167,0.0,0.0,,.250,0.0,0.0,,0.0,0.5,0.5,0.3,0.0,0.0,0.3,0.8,0.8)
(2015,123,Matthew Dellavedova,SG,24,CLE,67,13,20.6,1.7,4.6,.362,1.0,2.5,.407,0.6,2.1,.307,.472,0.4,0.6,.763,0.6,1.3,1.9,3.0,0.4,0.0,0.9,2.3,4.8)
(2015,127,Gorgui Dieng,C,25,MIN,73,49,30.0,3.5,7.0,.506,0.0,0.1,.167,3.5,6.9,.510,.507,2.6,3.3,.783,3.1,5.3,8.3,2.0,1.0,1.7,1.7,2.6,9.7)
(2015,131,Chris Douglas-Roberts,SG,28,LAC,12,0,8.6,0.4,1.8,.238,0.1,0.6,.143,0.3,1.2,.286,.262,0.7,0.7,1.000,0.1,0.9,1.0,0.3,0.1,0.0,0.0,1.2,1.6)
(2015,135,Andre Drummond,C,21,DET,82,82,30.5,6.0,11.7,.514,0.0,0.0,.000,6.0,11.7,.515,.514,1.7,4.5,.389,5.3,8.1,13.5,0.7,0.9,1.9,1.5,3.5,13.8)
(2015,139,Kevin Durant,SF,26,OKC,27,27,33.8,8.8,17.3,.510,2.4,5.9,.403,6.4,11.4,.565,.578,5.4,6.3,.854,0.6,6.0,6.6,4.1,0.9,0.9,2.7,1.5,25.4)
(2015,142,Monta Ellis,SG,29,DAL,80,80,33.7,7.5,16.9,.445,1.0,3.6,.285,6.5,13.4,.487,.475,2.9,3.8,.752,0.4,2.0,2.4,4.1,1.9,0.3,2.5,2.5,18.9)
(2015,146,Reggie Evans,PF,34,SAC,47,7,16.3,1.2,2.9,.423,0.0,0.0,.000,1.2,2.9,.430,.423,1.3,2.1,.619,2.1,4.3,6.4,0.7,0.5,0.1,1.0,1.9,3.7)
(2015,150,Kenneth Faried,PF,25,DEN,75,71,27.8,5.0,9.8,.507,0.0,0.1,.125,5.0,9.7,.511,.507,2.7,3.8,.691,3.2,5.7,8.9,1.2,0.8,0.8,1.6,2.8,12.6)
(2015,154,Landry Fields,SF,26,TOR,26,9,8.3,0.8,1.6,.488,0.0,0.1,.500,0.7,1.5,.487,.500,0.2,0.2,.833,0.4,0.6,1.0,0.6,0.4,0.0,0.3,0.3,1.8)
(2015,158,Tim Frazier,PG,24,TOT,11,3,21.7,1.9,5.5,.344,0.5,1.5,.294,1.5,4.0,.364,.385,0.9,1.9,.476,0.5,2.0,2.5,5.5,0.7,0.0,2.3,2.4,5.2)
(2015,161,Channing Frye,PF,31,ORL,75,51,24.9,2.5,6.5,.392,1.8,4.6,.393,0.7,1.9,.390,.532,0.4,0.5,.886,0.4,3.5,3.9,1.3,0.6,0.5,1.0,2.5,7.3)
(2015,165,Kevin Garnett,PF,38,TOT,47,47,20.3,3.0,6.5,.467,0.0,0.1,.143,3.0,6.4,.475,.469,0.8,1.0,.800,1.0,5.6,6.6,1.6,1.0,0.4,1.0,2.3,6.9)
(2015,169,Alonzo Gee,SF,27,TOT,54,2,12.3,1.6,3.4,.468,0.2,0.6,.371,1.4,2.8,.490,.503,1.0,1.4,.701,0.7,1.1,1.7,0.5,0.6,0.1,0.6,1.1,4.5)
(2015,173,Rudy Gobert,C,22,UTA,82,37,26.3,3.1,5.2,.604,0.0,0.0,.000,3.1,5.2,.607,.604,2.1,3.3,.623,3.2,6.2,9.5,1.3,0.8,2.3,1.4,2.1,8.4)
(2015,177,Ben Gordon,SG,31,ORL,56,0,14.1,2.3,5.3,.437,0.6,1.7,.361,1.7,3.5,.475,.497,1.0,1.2,.836,0.1,1.0,1.1,0.9,0.3,0.0,1.0,1.1,6.2)
(2015,Rk,Player,Pos,Age,Tm,G,GS,MP,FG,FGA,FG%,3P,3PA,3P,2P,2PA,2P,eFG%,FT,FTA,FT%,ORB,DRB,TRB,AST,STL,BLK,TOV,PF,PTS)
(2015,184,Draymond Green,SF,24,GSW,79,79,31.5,4.3,9.7,.443,1.4,4.2,.337,2.9,5.5,.523,.516,1.7,2.5,.660,1.4,6.7,8.2,3.7,1.6,1.3,1.7,3.2,11.7)
(2015,188,Jeff Green,SF,28,TOT,78,70,31.5,5.3,12.4,.430,1.2,3.7,.332,4.1,8.7,.473,.480,3.1,3.7,.833,0.8,3.4,4.2,1.7,0.7,0.4,1.4,1.9,15.0)
(2015,192,P.J. Hairston,SG,22,CHO,45,2,15.3,1.9,6.0,.323,1.1,3.6,.301,0.8,2.4,.358,.414,0.7,0.8,.861,0.5,1.6,2.0,0.5,0.5,0.3,0.5,1.4,5.6)
(2015,196,Tim Hardaway,SG,22,NYK,70,30,24.0,4.0,10.2,.389,1.7,5.1,.342,2.3,5.2,.435,.474,1.8,2.2,.801,0.2,2.1,2.2,1.8,0.3,0.2,1.2,1.7,11.5)
(2015,200,Gary Harris,SG,20,DEN,55,6,13.1,1.2,3.9,.304,0.4,1.9,.204,0.8,2.1,.395,.353,0.6,0.9,.745,0.4,0.8,1.2,0.5,0.7,0.1,0.7,1.3,3.4)
(2015,203,Udonis Haslem,PF,34,MIA,62,25,16.0,1.7,3.9,.448,0.0,0.2,.200,1.7,3.7,.459,.452,0.7,1.0,.703,1.1,3.0,4.2,0.7,0.3,0.2,0.7,1.8,4.2)
(2015,207,Brendan Haywood,C,35,CLE,22,1,5.4,0.6,1.4,.467,0.0,0.0,,0.6,1.4,.467,.467,0.3,0.6,.538,0.3,1.0,1.3,0.1,0.1,0.5,0.5,0.8,1.6)
(2015,211,Roy Hibbert,C,28,IND,76,76,25.3,4.2,9.3,.446,0.0,0.0,.000,4.2,9.3,.448,.446,2.2,2.7,.824,2.1,5.1,7.1,1.1,0.2,1.6,1.4,2.8,10.6)
(2015,215,Jordan Hill,C,27,LAL,70,57,26.8,5.1,11.1,.459,0.0,0.2,.273,5.1,10.9,.462,.461,1.8,2.4,.738,2.5,5.5,7.9,1.5,0.5,0.7,1.5,2.3,12.0)
(2015,219,Justin Holiday,SG,25,GSW,59,4,11.1,1.5,4.0,.387,0.6,1.8,.321,0.9,2.1,.444,.462,0.6,0.8,.822,0.2,1.0,1.2,0.8,0.7,0.2,0.5,0.9,4.3)
(2015,222,Al Horford,C,28,ATL,76,76,30.5,6.8,12.7,.538,0.1,0.5,.306,6.7,12.2,.547,.544,1.4,1.9,.759,1.7,5.4,7.2,3.2,0.9,1.3,1.3,1.6,15.2)
(2015,226,Kris Humphries,PF,29,WAS,64,17,21.0,3.3,7.0,.473,0.0,0.1,.000,3.3,6.9,.481,.473,1.4,1.8,.744,1.8,4.7,6.5,0.9,0.5,0.4,0.7,2.0,8.0)
(2015,230,Joe Ingles,SF,27,UTA,79,32,21.2,1.9,4.5,.415,0.9,2.6,.356,0.9,1.9,.493,.517,0.4,0.5,.750,0.3,1.9,2.2,2.3,0.9,0.1,1.2,1.6,5.0)
(2015,234,Bernard James,C,29,DAL,16,2,9.9,0.8,1.7,.444,0.0,0.0,,0.8,1.7,.444,.444,1.3,1.4,.870,1.1,1.3,2.4,0.3,0.1,0.9,0.4,1.1,2.8)
(2015,238,Richard Jefferson,SF,34,DAL,74,18,16.8,1.9,4.4,.444,0.9,2.1,.426,1.1,2.3,.462,.546,1.1,1.5,.684,0.3,2.1,2.5,0.8,0.4,0.1,0.7,1.6,5.8)
(2015,241,Jonas Jerebko,PF,27,TOT,75,0,16.4,2.3,5.1,.446,0.7,1.9,.386,1.5,3.2,.481,.517,0.7,0.9,.848,1.2,2.5,3.8,0.9,0.6,0.2,0.6,1.8,6.0)
(2015,245,James Johnson,PF,27,TOR,70,17,19.6,3.4,5.8,.589,0.2,0.7,.216,3.2,5.0,.643,.603,1.0,1.5,.657,0.9,2.8,3.7,1.4,0.8,1.0,1.1,2.2,7.9)
(2015,247,Nick Johnson,SG,22,HOU,28,0,9.4,0.9,2.7,.347,0.2,0.8,.238,0.8,1.9,.389,.380,0.6,0.9,.680,0.5,0.9,1.4,0.4,0.3,0.1,0.7,1.2,2.6)
(2015,251,James Jones,SF,34,CLE,57,2,11.7,1.3,3.5,.368,1.1,3.1,.360,0.2,0.5,.423,.525,0.7,0.8,.848,0.2,0.9,1.1,0.4,0.2,0.1,0.2,1.2,4.4)
(2015,255,Jerome Jordan,C,28,BRK,44,0,8.7,1.1,2.1,.532,0.0,0.0,,1.1,2.1,.532,.532,0.9,1.0,.864,1.2,1.2,2.4,0.3,0.2,0.3,0.5,1.3,3.1)
(2015,259,Sergey Karasev,SG,21,BRK,33,16,16.8,1.6,4.1,.403,0.5,1.6,.296,1.2,2.4,.475,.463,0.9,1.2,.763,0.7,1.3,2.0,1.4,0.7,0.0,0.7,1.4,4.6)
(2015,262,Sean Kilpatrick,SG,25,MIN,4,0,18.0,1.8,5.0,.350,1.0,3.3,.308,0.8,1.8,.429,.450,1.0,1.0,1.000,0.3,1.3,1.5,1.0,0.8,0.0,0.5,0.8,5.5)
(2015,266,Kyle Korver,SG,33,ATL,75,75,32.2,3.9,8.0,.487,2.9,6.0,.492,0.9,2.0,.470,.671,1.4,1.6,.898,0.2,3.9,4.1,2.6,0.7,0.6,1.4,1.9,12.1)
(2015,270,Carl Landry,PF,31,SAC,70,15,17.0,2.7,5.3,.515,0.0,0.0,,2.7,5.3,.515,.515,1.8,2.1,.820,1.4,2.4,3.8,0.4,0.2,0.2,0.8,1.9,7.2)
(2015,274,Ty Lawson,PG,27,DEN,75,75,35.5,5.4,12.3,.436,0.9,2.7,.341,4.5,9.6,.463,.474,3.5,4.8,.730,0.6,2.6,3.1,9.6,1.2,0.1,2.5,1.7,15.2)
(2015,278,Malcolm Lee,SG,24,PHI,1,0,2.0,0.0,1.0,.000,0.0,0.0,,0.0,1.0,.000,.000,0.0,0.0,,0.0,0.0,0.0,0.0,0.0,0.0,0.0,0.0,0.0)
(2015,281,Meyers Leonard,C,22,POR,55,7,15.4,2.3,4.5,.510,0.9,2.0,.420,1.4,2.4,.586,.606,0.5,0.6,.938,0.8,3.7,4.5,0.6,0.2,0.3,0.7,2.1,5.9)
(2015,285,Shaun Livingston,PG,29,GSW,78,2,18.8,2.5,5.1,.500,0.0,0.0,.000,2.5,5.1,.503,.500,0.8,1.2,.714,0.6,1.8,2.3,3.3,0.6,0.3,1.3,1.4,5.9)
(2015,289,Kyle Lowry,PG,28,TOR,70,70,34.5,6.1,14.9,.412,1.9,5.6,.338,4.3,9.3,.457,.476,3.6,4.5,.808,0.8,3.9,4.7,6.8,1.6,0.2,2.5,3.0,17.8)
(2015,293,Ian Mahinmi,C,28,IND,61,6,18.8,1.9,3.5,.552,0.0,0.0,,1.9,3.5,.552,.552,0.5,1.7,.304,1.7,4.1,5.8,0.5,0.5,0.8,1.0,2.8,4.3)
(2015,297,Cartier Martin,SF,30,DET,23,0,8.6,0.7,2.3,.283,0.3,1.4,.182,0.4,0.9,.450,.340,0.0,0.0,,0.0,0.9,0.9,0.5,0.1,0.0,0.2,0.9,1.6)
(2015,Rk,Player,Pos,Age,Tm,G,GS,MP,FG,FGA,FG%,3P,3PA,3P,2P,2PA,2P,eFG%,FT,FTA,FT%,ORB,DRB,TRB,AST,STL,BLK,TOV,PF,PTS)
(2015,304,James Michael McAdoo,PF,22,GSW,15,0,9.1,1.6,2.9,.545,0.0,0.0,,1.6,2.9,.545,.545,0.9,1.7,.560,1.0,1.5,2.5,0.1,0.3,0.6,0.4,1.4,4.1)
(2015,308,Doug McDermott,SF,23,CHI,36,0,8.9,1.2,3.0,.402,0.4,1.1,.317,0.8,1.8,.455,.463,0.3,0.4,.667,0.2,1.0,1.2,0.2,0.1,0.0,0.5,0.8,3.0)
(2015,312,Jerel McNeal,PG,27,PHO,6,0,6.0,0.5,1.8,.273,0.2,0.3,.500,0.3,1.5,.222,.318,0.3,0.3,1.000,0.0,0.5,0.5,0.3,0.5,0.2,0.8,0.8,1.5)
(2015,316,Khris Middleton,PF,23,MIL,79,58,30.1,5.1,11.0,.467,1.4,3.4,.407,3.8,7.6,.494,.530,1.7,2.0,.859,0.6,3.8,4.4,2.3,1.5,0.1,1.4,2.3,13.4)
(2015,320,Mike Miller,SF,34,CLE,52,15,13.5,0.7,2.2,.325,0.6,1.9,.327,0.1,0.3,.313,.465,0.1,0.1,.750,0.1,1.7,1.8,0.9,0.3,0.1,0.4,1.4,2.1)
(2015,323,Elijah Millsap,SG,27,UTA,47,5,19.7,1.7,5.1,.340,0.6,1.9,.311,1.1,3.1,.358,.399,1.2,1.8,.674,0.6,2.6,3.2,1.2,1.2,0.3,1.4,2.6,5.3)
(2015,327,Greg Monroe,PF,24,DET,69,57,31.0,6.1,12.4,.496,0.0,0.0,,6.1,12.4,.496,.496,3.7,4.9,.750,3.3,6.9,10.2,2.1,1.1,0.5,2.2,2.1,15.9)
(2015,331,Marcus Morris,PF,25,PHO,81,35,25.2,4.1,9.4,.434,1.4,3.9,.358,2.7,5.6,.487,.507,0.9,1.4,.628,0.9,3.9,4.8,1.6,0.8,0.2,0.9,2.3,10.4)
(2015,335,Timofey Mozgov,C,28,TOT,81,80,25.2,3.9,7.0,.555,0.0,0.1,.333,3.9,6.9,.557,.557,1.9,2.7,.718,2.5,4.8,7.3,0.7,0.4,1.2,1.4,2.8,9.7)
(2015,339,Shabazz Napier,PG,23,MIA,51,10,19.8,1.7,4.5,.382,0.8,2.3,.364,0.9,2.2,.400,.476,0.9,1.1,.786,0.3,1.9,2.2,2.5,0.8,0.1,1.6,1.5,5.1)
(2015,342,Andrew Nicholson,PF,25,ORL,40,3,12.3,2.1,4.8,.437,0.3,1.0,.317,1.8,3.7,.470,.471,0.4,0.6,.600,0.4,1.6,2.1,0.6,0.2,0.3,0.6,1.3,4.9)
(2015,346,Steve Novak,SF-PF,31,TOT,35,0,5.6,0.6,1.6,.393,0.5,1.4,.396,0.1,0.2,.375,.563,0.0,0.1,.000,0.1,0.6,0.6,0.3,0.0,0.1,0.1,0.7,1.8)
(2015,350,Kyle O'Quinn,PF,24,ORL,51,17,16.2,2.3,4.7,.492,0.2,0.8,.279,2.1,3.9,.538,.517,0.9,1.1,.772,0.9,3.0,3.9,1.2,0.6,0.8,1.1,2.2,5.8)
(2015,354,Zaza Pachulia,C,30,MIL,73,45,23.7,3.3,7.2,.454,0.0,0.0,.000,3.3,7.2,.456,.454,1.7,2.2,.788,2.7,4.2,6.8,2.4,1.1,0.3,1.8,2.3,8.3)
(2015,358,Tony Parker,PG,32,SAS,68,68,28.7,5.9,12.2,.486,0.6,1.3,.427,5.4,10.9,.493,.508,1.9,2.4,.783,0.2,1.7,1.9,4.9,0.6,0.0,2.1,1.6,14.4)
(2015,361,Chris Paul,PG,29,LAC,82,82,34.8,6.9,14.3,.485,1.7,4.3,.398,5.2,10.0,.523,.545,3.5,3.9,.900,0.6,4.0,4.6,10.2,1.9,0.2,2.3,2.5,19.1)
(2015,365,Kendrick Perkins,C,30,TOT,68,3,16.9,1.5,3.3,.449,0.0,0.0,.000,1.5,3.3,.451,.449,0.6,1.2,.506,1.3,3.4,4.7,0.8,0.2,0.6,1.4,2.4,3.6)
(2015,369,Quincy Pondexter,SF-SG,26,TOT,75,30,23.9,2.5,6.0,.421,1.2,3.3,.373,1.3,2.7,.478,.522,0.9,1.3,.740,0.7,1.9,2.6,1.3,0.3,0.3,0.7,2.0,7.2)
(2015,373,A.J. Price,PG,28,TOT,26,0,12.5,2.0,5.3,.372,0.6,2.2,.263,1.4,3.1,.450,.427,0.6,0.9,.667,0.2,1.0,1.2,1.8,0.3,0.0,0.5,0.6,5.1)
(2015,377,Miroslav Raduljica,C,27,MIN,5,0,4.6,0.6,1.6,.375,0.0,0.0,,0.6,1.6,.375,.375,0.4,0.4,1.000,0.4,0.6,1.0,0.0,0.2,0.0,0.4,1.6,1.6)
(2015,Rk,Player,Pos,Age,Tm,G,GS,MP,FG,FGA,FG%,3P,3PA,3P,2P,2PA,2P,eFG%,FT,FTA,FT%,ORB,DRB,TRB,AST,STL,BLK,TOV,PF,PTS)
(2015,384,Luke Ridnour,PG,33,ORL,47,0,14.5,1.6,3.7,.426,0.4,1.3,.317,1.2,2.4,.487,.483,0.4,0.4,.857,0.2,1.3,1.4,2.0,0.4,0.1,0.8,1.4,4.0)
(2015,388,Glenn Robinson,SG-SF,21,TOT,35,1,7.5,0.7,1.9,.388,0.1,0.5,.263,0.6,1.4,.438,.425,0.5,0.7,.667,0.4,0.7,1.1,0.3,0.2,0.0,0.3,0.4,2.1)
(2015,392,Derrick Rose,PG,26,CHI,51,51,30.0,6.6,16.4,.405,1.5,5.3,.280,5.1,11.1,.465,.450,3.0,3.7,.813,0.7,2.5,3.2,4.9,0.7,0.3,3.2,1.2,17.7)
(2015,396,Brandon Rush,SG,29,GSW,33,0,8.2,0.3,1.6,.204,0.1,0.8,.111,0.2,0.8,.296,.231,0.2,0.3,.455,0.1,1.1,1.2,0.4,0.2,0.4,0.3,0.8,0.9)
(2015,400,Larry Sanders,C,26,MIL,27,26,21.7,3.2,6.4,.500,0.0,0.0,,3.2,6.4,.500,.500,0.9,1.8,.500,2.5,3.7,6.1,0.9,1.0,1.4,1.0,3.9,7.3)
(2015,403,Mike Scott,PF,26,ATL,68,0,16.5,3.0,6.7,.444,1.0,2.8,.344,2.0,3.8,.517,.517,0.9,1.1,.792,0.7,2.3,2.9,1.1,0.4,0.0,0.6,1.2,7.8)
(2015,407,Iman Shumpert,SG,24,TOT,62,25,24.9,3.1,7.6,.410,1.1,3.2,.342,2.0,4.4,.458,.481,0.7,1.0,.672,0.9,2.7,3.6,2.2,1.3,0.3,1.5,2.2,8.0)
(2015,411,Donald Sloan,PG,27,IND,53,21,20.9,2.7,6.7,.408,0.8,2.5,.313,2.0,4.2,.464,.466,1.1,1.5,.779,0.2,2.5,2.7,3.6,0.4,0.0,1.2,0.9,7.4)
(2015,415,J.R. Smith,SG,29,TOT,70,51,29.7,4.5,10.8,.417,2.3,6.1,.383,2.2,4.7,.462,.525,0.8,1.0,.750,0.4,2.7,3.1,2.8,1.2,0.3,1.4,2.3,12.1)
(2015,419,Tony Snell,SF,23,CHI,72,22,19.6,2.2,5.2,.429,1.0,2.7,.371,1.2,2.4,.494,.527,0.6,0.8,.800,0.4,2.0,2.4,0.9,0.4,0.2,0.7,1.2,6.0)
(2015,422,Nik Stauskas,SG,21,SAC,73,1,15.4,1.5,4.1,.365,0.7,2.0,.322,0.8,2.0,.408,.446,0.8,0.9,.859,0.2,1.1,1.2,0.9,0.3,0.2,0.5,1.3,4.4)
(2015,426,Jarnell Stokes,PF,21,MEM,19,2,6.6,1.1,1.9,.568,0.0,0.0,,1.1,1.9,.568,.568,0.8,1.5,.536,0.8,0.9,1.8,0.2,0.3,0.3,0.4,1.3,3.0)
(2015,430,Jeffery Taylor,SF,25,CHO,29,13,14.8,1.6,3.9,.395,0.4,1.2,.306,1.2,2.7,.436,.443,0.9,1.4,.634,0.5,1.3,1.8,0.8,0.4,0.0,0.7,1.2,4.4)
(2015,434,Garrett Temple,SG,28,WAS,52,18,14.1,1.3,3.3,.400,0.6,1.7,.375,0.7,1.6,.427,.497,0.7,0.9,.729,0.5,1.3,1.7,1.1,0.8,0.2,0.7,1.5,3.9)
(2015,438,Malcolm Thomas,PF,26,PHI,17,0,11.4,1.1,2.4,.450,0.0,0.4,.000,1.1,1.9,.545,.450,0.5,0.8,.692,0.9,2.4,3.3,0.4,0.2,0.1,0.8,1.0,2.6)
(2015,441,Jason Thompson,PF,28,SAC,81,63,24.6,2.5,5.3,.470,0.0,0.0,.000,2.5,5.3,.471,.470,1.1,1.8,.622,1.7,4.8,6.5,1.0,0.4,0.7,1.0,3.0,6.1)
(2015,445,Anthony Tolliver,PF,29,TOT,76,11,18.8,2.1,5.2,.410,1.4,3.8,.366,0.7,1.4,.534,.545,0.7,0.9,.783,0.7,2.4,3.1,0.8,0.3,0.2,0.7,1.8,6.3)
(2015,449,Evan Turner,SG,26,BOS,82,57,27.6,3.9,9.1,.429,0.4,1.5,.277,3.5,7.6,.458,.451,1.3,1.7,.752,0.5,4.6,5.1,5.5,1.0,0.2,2.4,2.2,9.5)
(2015,453,Anderson Varejao,C,32,CLE,26,26,24.5,4.3,7.7,.555,0.0,0.1,.000,4.3,7.6,.561,.555,1.3,1.7,.733,2.2,4.3,6.5,1.3,0.7,0.6,1.3,2.2,9.8)
(2015,457,Nikola Vucevic,C,24,ORL,74,74,34.2,8.5,16.3,.523,0.0,0.1,.333,8.5,16.2,.524,.524,2.2,2.9,.752,3.2,7.7,10.9,2.0,0.7,0.7,2.0,3.0,19.3)
(2015,Rk,Player,Pos,Age,Tm,G,GS,MP,FG,FGA,FG%,3P,3PA,3P,2P,2PA,2P,eFG%,FT,FTA,FT%,ORB,DRB,TRB,AST,STL,BLK,TOV,PF,PTS)
(2015,464,T.J. Warren,SF,21,PHO,40,1,15.4,2.8,5.4,.528,0.1,0.5,.238,2.7,4.8,.560,.540,0.4,0.5,.737,1.0,1.1,2.1,0.6,0.5,0.2,0.7,1.3,6.1)
(2015,468,Martell Webster,SF,28,WAS,32,0,11.0,0.8,2.8,.264,0.3,1.3,.233,0.4,1.5,.292,.319,1.5,2.0,.750,0.3,1.1,1.4,0.5,0.2,0.0,0.7,0.8,3.3)
(2015,472,Shayne Whittington,PF,23,IND,20,0,5.4,1.0,2.1,.452,0.1,0.3,.167,0.9,1.8,.500,.464,0.9,1.2,.783,0.5,1.0,1.5,0.3,0.3,0.1,0.3,0.9,2.9)
(2015,476,Derrick Williams,PF,23,SAC,74,6,19.8,2.9,6.6,.447,0.7,2.1,.314,2.3,4.4,.511,.498,1.8,2.6,.684,0.6,2.2,2.7,0.7,0.5,0.1,0.8,0.9,8.3)
(2015,480,Mo Williams,PG,32,TOT,68,33,29.1,5.0,12.6,.397,1.8,5.1,.342,3.3,7.5,.434,.466,2.4,2.8,.872,0.3,2.2,2.6,6.2,0.7,0.2,2.5,2.4,14.2)
(2015,483,Jeff Withey,C,24,NOP,37,0,7.0,0.9,1.7,.500,0.0,0.0,,0.9,1.7,.500,.500,0.9,1.4,.680,0.6,1.1,1.7,0.3,0.1,0.5,0.3,0.7,2.6)
(2015,487,Tony Wroten,SG,21,PHI,30,15,29.8,5.8,14.5,.403,1.2,4.7,.261,4.6,9.7,.473,.446,4.0,6.0,.667,0.7,2.1,2.9,5.2,1.6,0.3,3.8,2.4,16.9)
(2015,491,Cody Zeller,C,22,CHO,62,45,24.0,2.8,6.0,.461,0.0,0.0,1.000,2.8,6.0,.460,.462,2.0,2.6,.774,1.6,4.3,5.8,1.6,0.5,0.8,1.0,2.5,7.6)
