(2015,3,Steven Adams,C,21,OKC,70,67,25.3,3.1,5.7,.544,0.0,0.0,.000,3.1,5.7,.547,.544,1.5,2.9,.502,2.8,4.6,7.5,0.9,0.5,1.2,1.4,3.2,7.7)
(2015,7,Furkan Aldemir,PF,23,PHI,41,9,13.2,1.0,1.9,.513,0.0,0.1,.000,1.0,1.8,.548,.513,0.3,0.7,.481,1.9,2.4,4.3,0.7,0.4,0.4,0.4,2.3,2.3)
(2015,11,Tony Allen,SG,33,MEM,63,41,26.2,3.6,7.2,.495,0.2,0.5,.345,3.4,6.8,.505,.505,1.3,2.0,.627,1.6,2.8,4.4,1.4,2.0,0.5,1.4,2.6,8.6)
(2015,15,Alan Anderson,SG,32,BRK,74,19,23.6,2.6,5.9,.443,1.0,2.8,.348,1.6,3.1,.530,.526,1.1,1.4,.812,0.4,2.3,2.8,1.1,0.8,0.1,0.8,2.0,7.4)
(2015,19,Carmelo Anthony,SF,30,NYK,40,40,35.7,9.0,20.2,.444,1.5,4.5,.341,7.4,15.7,.474,.482,4.7,5.9,.797,1.8,4.8,6.6,3.1,1.0,0.4,2.2,2.2,24.2)
(2015,22,Trevor Ariza,SF,29,HOU,82,82,35.7,4.5,11.1,.402,2.4,6.8,.350,2.1,4.3,.485,.509,1.5,1.7,.853,0.9,4.7,5.6,2.5,1.9,0.2,1.7,2.3,12.8)
(2015,26,Jeff Ayres,PF,27,SAS,51,0,7.5,1.1,1.9,.579,0.0,0.0,,1.1,1.9,.579,.579,0.5,0.7,.750,0.7,1.6,2.3,0.3,0.2,0.2,0.5,1.2,2.7)
(2015,30,Jose Barea,PG,30,DAL,77,10,17.7,2.9,7.0,.420,0.7,2.2,.323,2.2,4.8,.463,.470,1.0,1.2,.809,0.3,1.4,1.7,3.4,0.4,0.0,0.9,1.4,7.5)
(2015,34,Earl Barron,C,33,PHO,16,1,8.9,0.8,2.4,.308,0.1,0.3,.500,0.6,2.2,.286,.333,0.4,0.8,.500,0.9,0.9,1.8,0.3,0.3,0.1,0.3,1.6,2.0)
(2015,38,Jerryd Bayless,PG,26,MIL,77,4,22.3,2.9,6.7,.426,0.5,1.6,.308,2.4,5.1,.462,.462,1.6,1.8,.883,0.3,2.5,2.7,3.0,0.8,0.2,1.7,2.1,7.8)
(2015,41,Bradley Beal,SG,21,WAS,63,59,33.4,5.8,13.5,.427,1.7,4.1,.409,4.1,9.4,.434,.489,2.1,2.6,.783,0.9,2.9,3.8,3.1,1.2,0.3,2.0,2.2,15.3)
(2015,45,Anthony Bennett,PF,21,MIN,57,3,15.7,2.2,5.2,.421,0.1,0.4,.304,2.1,4.8,.431,.433,0.7,1.1,.641,0.9,2.9,3.8,0.8,0.5,0.3,0.6,1.5,5.2)
(2015,49,Tarik Black,C,23,TOT,63,39,19.0,2.5,4.3,.575,0.0,0.0,.000,2.5,4.3,.577,.575,1.0,1.9,.551,2.3,3.6,5.8,0.7,0.3,0.4,0.8,2.5,6.0)
(2015,53,Vander Blue,SG,22,LAL,2,1,37.0,4.5,15.0,.300,1.0,5.0,.200,3.5,10.0,.350,.333,1.0,2.5,.400,1.0,3.5,4.5,4.0,1.5,0.0,3.0,2.0,11.0)
(2015,57,Trevor Booker,PF,27,UTA,79,5,19.8,2.9,5.9,.487,0.4,1.1,.345,2.5,4.8,.518,.518,1.1,1.9,.581,1.8,3.3,5.0,1.1,0.5,0.5,1.1,1.8,7.2)
(2015,Rk,Player,Pos,Age,Tm,G,GS,MP,FG,FGA,FG%,3P,3PA,3P,2P,2PA,2P,eFG%,FT,FTA,FT%,ORB,DRB,TRB,AST,STL,BLK,TOV,PF,PTS)
(2015,64,Jabari Brown,SG,22,LAL,19,5,29.9,3.7,8.9,.412,1.2,3.3,.371,2.5,5.7,.435,.479,3.4,4.5,.753,0.2,1.7,1.9,2.1,0.6,0.1,1.7,1.7,11.9)
(2015,68,Kobe Bryant,SG,36,LAL,35,35,34.5,7.6,20.4,.373,1.5,5.3,.293,6.1,15.1,.401,.411,5.6,6.9,.813,0.7,4.9,5.7,5.6,1.3,0.2,3.7,1.9,22.3)
(2015,72,Alec Burks,SG,23,UTA,27,27,33.3,4.5,11.1,.403,1.0,2.5,.382,3.5,8.6,.409,.447,3.9,4.8,.822,0.7,3.5,4.2,3.0,0.6,0.2,1.9,2.4,13.9)
(2015,76,Dwight Buycks,PG,25,LAL,6,0,20.5,3.0,6.7,.450,1.2,1.8,.636,1.8,4.8,.379,.538,1.5,1.7,.900,0.3,1.7,2.0,2.3,0.5,0.0,2.0,0.5,8.7)
(2015,80,Jose Calderon,PG,33,NYK,42,42,30.2,3.5,8.4,.415,1.4,3.4,.415,2.1,5.0,.415,.499,0.7,0.8,.906,0.5,2.5,3.0,4.7,0.7,0.0,1.8,1.8,9.1)
(2015,83,Clint Capela,C,20,HOU,12,0,7.5,1.2,2.4,.483,0.0,0.0,,1.2,2.4,.483,.483,0.3,1.9,.174,0.8,2.2,3.0,0.2,0.1,0.8,0.4,1.2,2.7)
(2015,87,Omri Casspi,SF,26,SAC,67,19,21.1,3.1,6.4,.489,0.5,1.3,.402,2.6,5.1,.512,.530,2.1,2.9,.733,0.8,3.1,3.9,1.5,0.5,0.1,1.3,1.6,8.9)
(2015,91,Will Cherry,PG,23,CLE,8,0,8.6,0.6,2.4,.263,0.3,1.1,.222,0.4,1.3,.300,.316,0.4,0.8,.500,0.1,0.5,0.6,1.0,0.8,0.1,0.5,1.3,1.9)
(2015,95,Jordan Clarkson,PG,22,LAL,59,38,25.0,4.5,10.1,.448,0.6,2.1,.314,3.9,8.1,.482,.480,2.2,2.7,.829,0.9,2.3,3.2,3.5,0.9,0.2,1.6,1.8,11.9)
(2015,99,Nick Collison,PF,34,OKC,66,2,16.7,1.6,3.8,.419,0.2,0.9,.267,1.4,2.9,.466,.451,0.7,1.0,.692,1.4,2.4,3.8,1.4,0.5,0.4,0.7,2.4,4.1)
(2015,102,Chris Copeland,SF,30,IND,50,12,16.6,2.2,6.2,.361,1.0,3.3,.311,1.2,2.9,.420,.445,0.7,0.9,.733,0.5,1.8,2.2,1.0,0.2,0.2,1.2,1.6,6.2)
(2015,106,Allen Crabbe,SG,22,POR,51,9,13.4,1.2,3.0,.412,0.6,1.7,.353,0.6,1.3,.485,.510,0.2,0.3,.750,0.1,1.3,1.4,0.8,0.4,0.3,0.3,1.5,3.3)
(2015,110,Jared Cunningham,SG,23,LAC,19,0,4.7,0.6,1.7,.364,0.2,0.7,.308,0.4,1.1,.400,.424,0.4,0.7,.538,0.1,0.4,0.5,0.5,0.2,0.0,0.4,0.6,1.8)
(2015,114,Troy Daniels,SG,23,TOT,47,0,8.4,1.3,3.5,.370,0.9,2.5,.364,0.4,1.0,.383,.500,0.2,0.3,.846,0.2,0.5,0.7,0.5,0.1,0.0,0.4,0.9,3.7)
(2015,118,Ed Davis,PF,25,LAL,79,24,23.3,3.6,5.9,.601,0.0,0.0,,3.6,5.9,.601,.601,1.2,2.4,.487,2.9,4.7,7.6,1.2,0.6,1.2,0.7,2.6,8.3)
(2015,121,Austin Daye,SF,26,TOT,34,4,10.1,1.5,4.1,.355,0.7,2.1,.338,0.8,2.1,.371,.440,0.1,0.2,.833,0.3,1.9,2.2,0.5,0.4,0.1,0.7,1.1,3.8)
(2015,125,DeMar DeRozan,SG,25,TOR,60,60,35.0,6.8,16.5,.413,0.4,1.5,.284,6.4,15.0,.426,.426,6.0,7.2,.832,0.7,3.9,4.6,3.5,1.2,0.2,2.3,2.0,20.1)
(2015,129,Joey Dorsey,PF,31,HOU,69,17,12.4,1.2,2.1,.552,0.0,0.0,.000,1.2,2.1,.556,.552,0.3,1.2,.289,1.5,2.6,4.0,0.4,0.6,0.4,0.6,2.3,2.7)
(2015,133,Zoran Dragic,SG,25,TOT,16,1,4.7,0.7,1.9,.367,0.2,0.9,.214,0.5,1.0,.500,.417,0.2,0.3,.600,0.3,0.2,0.5,0.3,0.1,0.0,0.3,0.4,1.8)
(2015,137,Tim Duncan,PF,38,SAS,77,77,28.9,5.4,10.6,.512,0.0,0.1,.286,5.4,10.5,.514,.513,3.0,4.0,.740,2.2,6.9,9.1,3.0,0.8,1.9,1.7,2.1,13.9)
(2015,Rk,Player,Pos,Age,Tm,G,GS,MP,FG,FGA,FG%,3P,3PA,3P,2P,2PA,2P,eFG%,FT,FTA,FT%,ORB,DRB,TRB,AST,STL,BLK,TOV,PF,PTS)
(2015,144,Tyler Ennis,PG,20,TOT,33,1,12.5,1.6,4.4,.361,0.4,1.3,.279,1.2,3.1,.396,.403,0.2,0.2,.714,0.2,0.8,1.1,2.2,0.5,0.2,1.3,1.1,3.7)
(2015,148,Dante Exum,PG,19,UTA,82,41,22.2,1.8,5.1,.349,1.0,3.2,.314,0.8,1.9,.408,.448,0.2,0.4,.625,0.3,1.3,1.6,2.4,0.5,0.2,1.4,1.8,4.8)
(2015,152,Derrick Favors,PF,23,UTA,74,74,30.8,6.5,12.4,.525,0.0,0.1,.167,6.5,12.3,.527,.526,3.0,4.5,.669,2.6,5.6,8.2,1.5,0.8,1.7,1.6,2.8,16.0)
(2015,156,Randy Foye,SG,31,DEN,50,21,21.7,3.0,8.0,.368,1.9,5.3,.357,1.1,2.8,.388,.485,0.9,1.1,.818,0.2,1.5,1.7,2.4,0.7,0.2,1.2,1.9,8.7)
(2015,160,Joel Freeland,C,27,POR,48,8,12.9,1.5,3.1,.490,0.0,0.0,,1.5,3.1,.490,.490,0.4,0.5,.840,1.3,2.7,4.0,0.3,0.2,0.5,0.5,1.9,3.5)
(2015,163,Langston Galloway,PG,23,NYK,45,41,32.4,4.5,11.4,.399,1.4,3.9,.352,3.2,7.4,.424,.460,1.4,1.7,.808,0.8,3.4,4.2,3.3,1.2,0.3,1.4,2.9,11.8)
(2015,167,Pau Gasol,PF,34,CHI,78,78,34.4,7.3,14.8,.494,0.2,0.3,.462,7.2,14.4,.495,.500,3.8,4.7,.803,2.8,9.0,11.8,2.7,0.3,1.9,2.0,1.9,18.5)
(2015,171,Taj Gibson,PF,29,CHI,62,17,27.3,4.1,8.2,.502,0.0,0.0,,4.1,8.2,.502,.502,2.1,3.0,.717,2.6,3.8,6.4,1.1,0.6,1.2,1.2,2.6,10.3)
(2015,175,Archie Goodwin,SG,20,PHO,41,2,13.0,1.9,4.9,.393,0.3,1.0,.293,1.6,3.9,.419,.423,1.5,2.0,.735,0.7,1.1,1.8,1.1,0.4,0.2,1.2,1.3,5.6)
(2015,179,Eric Gordon,SG,26,NOP,61,60,33.1,4.7,11.4,.411,2.3,5.2,.448,2.4,6.2,.380,.512,1.8,2.2,.805,0.5,2.1,2.6,3.8,0.8,0.2,2.0,2.4,13.4)
(2015,182,Jerami Grant,SF,20,PHI,65,11,21.2,1.9,5.4,.352,0.8,2.4,.314,1.2,3.0,.383,.422,1.8,3.0,.591,0.8,2.3,3.0,1.2,0.6,1.0,1.3,2.2,6.3)
(2015,186,Gerald Green,SG,29,PHO,74,4,19.5,4.4,10.5,.416,1.9,5.2,.354,2.5,5.3,.478,.504,1.3,1.6,.825,0.4,2.1,2.5,1.2,0.6,0.2,1.4,2.0,11.9)
(2015,190,Blake Griffin,PF,25,LAC,67,67,35.2,8.6,17.1,.502,0.1,0.4,.400,8.4,16.7,.504,.506,4.6,6.4,.728,1.9,5.7,7.6,5.3,0.9,0.5,2.3,2.9,21.9)
(2015,194,Justin Hamilton,C,24,TOT,41,14,17.4,2.1,4.3,.478,0.2,0.8,.323,1.8,3.6,.510,.506,1.0,1.1,.830,1.4,1.9,3.3,0.9,0.7,0.7,0.6,1.7,5.3)
(2015,198,Maurice Harkless,SF,21,ORL,45,4,15.0,1.4,3.5,.399,0.2,1.2,.179,1.2,2.3,.520,.430,0.5,0.9,.537,0.8,1.5,2.4,0.6,0.7,0.2,0.6,1.5,3.5)
(2015,201,Joe Harris,SG,23,CLE,51,1,9.7,0.9,2.4,.400,0.6,1.6,.369,0.3,0.7,.472,.529,0.2,0.3,.600,0.1,0.7,0.8,0.5,0.1,0.0,0.5,1.2,2.7)
(2015,205,Chuck Hayes,C,31,TOR,29,0,8.8,0.8,1.6,.478,0.0,0.0,,0.8,1.6,.478,.478,0.2,0.4,.545,0.6,1.1,1.8,0.7,0.3,0.1,0.3,1.3,1.7)
(2015,209,Xavier Henry,SF,23,LAL,9,0,9.6,0.3,1.4,.231,0.0,0.0,,0.3,1.4,.231,.231,1.6,2.7,.583,0.2,0.2,0.4,0.3,0.3,0.0,0.3,0.7,2.2)
(2015,213,Nene Hilario,PF,32,WAS,67,58,25.3,4.6,9.0,.511,0.0,0.1,.200,4.6,8.9,.513,.512,1.8,3.0,.604,1.3,3.9,5.1,1.8,1.0,0.3,1.9,2.7,11.0)
(2015,217,Kirk Hinrich,SG,34,CHI,66,22,24.4,2.2,5.8,.373,0.9,2.5,.345,1.3,3.2,.394,.449,0.5,0.8,.700,0.3,1.5,1.8,2.2,0.7,0.2,1.1,2.2,5.7)
(2015,Rk,Player,Pos,Age,Tm,G,GS,MP,FG,FGA,FG%,3P,3PA,3P,2P,2PA,2P,eFG%,FT,FTA,FT%,ORB,DRB,TRB,AST,STL,BLK,TOV,PF,PTS)
(2015,224,Lester Hudson,SG,30,LAC,5,0,11.2,1.2,2.8,.429,0.6,1.2,.500,0.6,1.6,.375,.536,0.6,0.8,.750,0.2,1.4,1.6,1.0,1.2,0.2,0.6,0.8,3.6)
(2015,228,Andre Iguodala,SG,31,GSW,77,0,26.9,3.0,6.4,.466,1.0,2.8,.349,2.0,3.7,.553,.540,0.9,1.5,.596,0.6,2.8,3.3,3.0,1.2,0.3,1.1,1.3,7.8)
(2015,232,Jarrett Jack,PG,31,BRK,80,27,28.0,4.5,10.2,.439,0.5,1.8,.267,4.0,8.4,.477,.463,2.5,2.8,.881,0.2,2.8,3.1,4.7,0.9,0.2,2.4,1.8,12.0)
(2015,236,Al Jefferson,C,30,CHO,65,61,30.6,7.5,15.5,.481,0.0,0.1,.400,7.4,15.5,.482,.482,1.7,2.5,.655,1.5,6.9,8.4,1.7,0.7,1.3,1.0,2.1,16.6)
(2015,240,Brandon Jennings,PG,25,DET,41,41,28.6,5.3,13.2,.401,1.9,5.1,.360,3.5,8.1,.428,.471,2.9,3.5,.839,0.5,2.0,2.5,6.6,1.1,0.1,2.2,1.6,15.4)
(2015,243,Amir Johnson,PF,27,TOR,75,72,26.4,4.0,6.9,.574,0.3,0.6,.413,3.7,6.3,.590,.592,1.1,1.7,.612,2.1,4.0,6.1,1.6,0.6,0.8,1.5,3.0,9.3)
(2015,249,Wesley Johnson,SF,27,LAL,76,59,29.5,3.8,9.1,.414,1.2,3.4,.351,2.6,5.7,.451,.480,1.2,1.5,.804,0.9,3.3,4.2,1.6,0.8,0.6,1.1,2.1,9.9)
(2015,253,Terrence Jones,PF,23,HOU,33,24,26.9,4.8,9.1,.528,0.4,1.1,.351,4.4,7.9,.553,.550,1.7,2.8,.606,2.4,4.3,6.7,1.1,0.5,1.8,1.1,2.4,11.7)
(2015,257,Chris Kaman,C,32,POR,74,13,18.9,3.8,7.4,.515,0.0,0.0,,3.8,7.4,.515,.515,1.0,1.4,.706,2.0,4.5,6.5,0.9,0.2,0.7,1.5,1.9,8.6)
(2015,Rk,Player,Pos,Age,Tm,G,GS,MP,FG,FGA,FG%,3P,3PA,3P,2P,2PA,2P,eFG%,FT,FTA,FT%,ORB,DRB,TRB,AST,STL,BLK,TOV,PF,PTS)
(2015,264,Alex Kirk,C,23,CLE,5,0,2.8,0.2,0.8,.250,0.0,0.0,,0.2,0.8,.250,.250,0.4,0.4,1.000,0.2,0.0,0.2,0.2,0.0,0.0,0.0,0.2,0.8)
(2015,268,Ognjen Kuzmic,C,24,GSW,16,0,4.5,0.5,0.8,.667,0.0,0.0,,0.5,0.8,.667,.667,0.3,0.3,1.000,0.4,0.6,1.1,0.4,0.1,0.1,0.3,0.8,1.3)
(2015,272,Joffrey Lauvergne,C,23,DEN,24,1,11.2,1.5,3.7,.404,0.1,0.7,.188,1.4,3.0,.452,.421,0.8,1.2,.643,1.1,2.1,3.2,0.5,0.3,0.4,0.9,1.8,3.9)
(2015,276,Courtney Lee,SG,29,MEM,77,74,30.6,3.7,8.4,.448,1.2,2.9,.402,2.6,5.4,.473,.518,1.4,1.7,.860,0.3,2.0,2.3,2.0,1.0,0.2,1.0,1.7,10.1)
(2015,280,Kawhi Leonard,SF,23,SAS,64,64,31.8,6.2,12.8,.479,1.0,3.0,.349,5.1,9.8,.519,.520,3.2,3.9,.802,1.3,5.9,7.2,2.5,2.3,0.8,1.5,2.0,16.5)
(2015,283,Damian Lillard,PG,24,POR,82,82,35.7,7.2,16.6,.434,2.4,7.0,.343,4.8,9.6,.500,.506,4.2,4.9,.864,0.6,4.0,4.6,6.2,1.2,0.3,2.7,2.0,21.0)
(2015,287,Robin Lopez,C,26,POR,59,59,27.8,4.0,7.4,.535,0.0,0.0,.000,4.0,7.4,.537,.535,1.7,2.2,.772,3.2,3.5,6.7,0.9,0.3,1.4,1.2,2.1,9.6)
(2015,291,Kalin Lucas,PG,25,MEM,1,0,6.0,0.0,1.0,.000,0.0,0.0,,0.0,1.0,.000,.000,0.0,0.0,,0.0,0.0,0.0,0.0,1.0,0.0,0.0,1.0,0.0)
(2015,295,Shawn Marion,SF,36,CLE,57,24,19.3,2.1,4.7,.446,0.2,0.8,.261,1.9,3.9,.484,.468,0.5,0.6,.765,1.1,2.4,3.5,0.9,0.5,0.5,0.6,1.0,4.8)
(2015,299,Kevin Martin,SG,31,MIN,39,36,33.4,6.8,16.0,.427,1.9,4.9,.393,4.9,11.1,.442,.487,4.4,4.9,.881,0.5,3.2,3.6,2.3,0.8,0.0,1.9,1.9,20.0)
(2015,302,O.J. Mayo,SG,27,MIL,71,15,23.9,4.2,9.9,.422,1.4,3.9,.357,2.8,6.0,.465,.493,1.6,2.0,.827,0.4,2.2,2.6,2.8,0.8,0.3,1.8,2.3,11.4)
(2015,306,C.J. McCollum,SG,23,POR,62,3,15.7,2.6,5.9,.436,0.9,2.2,.396,1.7,3.6,.460,.511,0.8,1.2,.699,0.2,1.2,1.5,1.0,0.7,0.1,0.8,1.3,6.8)
(2015,310,JaVale McGee,C,27,TOT,23,0,11.1,1.8,3.4,.532,0.0,0.0,,1.8,3.4,.532,.532,1.0,1.4,.667,0.8,1.9,2.7,0.1,0.1,0.9,0.8,1.3,4.6)
(2015,314,Jodie Meeks,SG,27,DET,60,0,24.4,3.7,8.9,.416,1.2,3.5,.349,2.5,5.4,.460,.485,2.4,2.7,.906,0.2,1.5,1.7,1.3,1.0,0.1,1.0,1.3,11.1)
(2015,318,Andre Miller,PG,38,TOT,81,0,15.5,1.8,3.6,.500,0.1,0.4,.206,1.7,3.2,.539,.512,0.7,1.0,.753,0.5,1.4,1.9,3.5,0.4,0.1,1.3,1.3,4.4)
(2015,321,Quincy Miller,PF,22,TOT,10,0,11.9,0.9,3.8,.237,0.3,1.8,.167,0.6,2.0,.300,.276,0.8,1.1,.727,0.4,1.6,2.0,0.8,0.7,0.5,0.5,0.9,2.9)
(2015,325,Nikola Mirotic,PF,23,CHI,82,3,20.2,3.1,7.6,.405,1.2,3.8,.316,1.9,3.8,.495,.485,2.8,3.5,.803,0.8,4.2,4.9,1.2,0.7,0.7,1.1,2.1,10.2)
(2015,329,Eric Moreland,PF,23,SAC,3,0,0.7,0.3,0.3,1.000,0.0,0.0,,0.3,0.3,1.000,1.000,0.0,0.0,,0.0,0.3,0.3,0.0,0.0,0.0,0.0,0.3,0.7)
(2015,333,Anthony Morrow,SG,29,OKC,74,0,24.4,3.9,8.3,.463,1.9,4.4,.434,1.9,3.9,.497,.578,1.1,1.2,.888,0.5,2.1,2.6,0.8,0.7,0.1,0.5,1.8,10.7)
(2015,337,Toure' Murry,SG-PG,25,TOT,5,0,3.6,0.4,1.0,.400,0.0,0.0,,0.4,1.0,.400,.400,0.4,0.4,1.000,0.2,0.0,0.2,0.2,0.2,0.0,0.8,0.4,1.2)
(2015,Rk,Player,Pos,Age,Tm,G,GS,MP,FG,FGA,FG%,3P,3PA,3P,2P,2PA,2P,eFG%,FT,FTA,FT%,ORB,DRB,TRB,AST,STL,BLK,TOV,PF,PTS)
(2015,344,Nerlens Noel,PF,20,PHI,75,71,30.8,4.0,8.7,.462,0.0,0.0,,4.0,8.7,.462,.462,1.9,3.1,.609,2.5,5.7,8.1,1.7,1.8,1.9,1.9,2.8,9.9)
(2015,348,Jusuf Nurkic,C,20,DEN,62,27,17.8,2.8,6.2,.446,0.0,0.0,.000,2.8,6.1,.449,.446,1.4,2.1,.636,2.0,4.1,6.2,0.8,0.8,1.1,1.4,3.3,6.9)
(2015,352,Kelly Olynyk,C,23,BOS,64,13,22.2,3.9,8.3,.475,1.0,2.7,.349,3.0,5.5,.538,.533,1.5,2.1,.684,1.5,3.3,4.8,1.7,1.0,0.6,1.5,3.3,10.3)
(2015,356,Jannero Pargo,PG,35,CHO,9,0,8.1,1.7,3.9,.429,1.0,2.4,.409,0.7,1.4,.462,.557,0.2,0.2,1.000,0.0,0.3,0.3,0.9,0.0,0.0,0.3,0.9,4.6)
(2015,360,Patrick Patterson,PF,25,TOR,81,4,26.6,3.0,6.6,.449,1.3,3.5,.371,1.7,3.1,.536,.547,0.8,1.0,.788,1.6,3.8,5.3,1.9,0.7,0.5,0.7,1.8,8.0)
(2015,363,Elfrid Payton,PG,20,ORL,82,63,30.4,3.7,8.6,.425,0.1,0.5,.262,3.5,8.1,.435,.433,1.4,2.6,.551,1.3,3.0,4.3,6.5,1.7,0.2,2.5,2.4,8.9)
(2015,367,Mason Plumlee,C,24,BRK,82,45,21.3,3.4,6.0,.573,0.0,0.0,.000,3.4,5.9,.576,.573,1.9,3.9,.495,2.1,4.1,6.2,0.9,0.8,0.8,1.3,2.5,8.7)
(2015,371,Dwight Powell,PF,23,TOT,29,0,8.1,1.1,2.3,.463,0.1,0.4,.273,1.0,1.9,.500,.485,0.9,1.1,.758,0.6,1.1,1.7,0.3,0.3,0.2,0.4,1.4,3.1)
(2015,375,Pablo Prigioni,PG,37,TOT,67,3,17.9,1.4,3.4,.399,0.9,2.5,.343,0.5,0.9,.548,.524,0.5,0.6,.854,0.4,1.3,1.8,2.6,1.2,0.0,0.9,1.3,4.1)
(2015,379,Shavlik Randolph,PF,31,TOT,21,0,6.0,0.4,1.7,.257,0.0,0.2,.000,0.4,1.4,.300,.257,0.3,0.6,.500,0.8,1.0,1.8,0.2,0.2,0.1,0.1,0.8,1.1)
(2015,382,Glen Rice,SG,24,WAS,5,0,8.6,0.6,3.0,.200,0.2,1.4,.143,0.4,1.6,.250,.233,0.8,1.2,.667,0.4,0.4,0.8,0.4,0.0,0.0,0.4,2.2,2.2)
(2015,386,Andre Roberson,SG,23,OKC,67,65,19.2,1.4,3.0,.458,0.3,1.3,.247,1.1,1.7,.612,.510,0.3,0.7,.479,0.9,2.9,3.8,1.0,0.8,0.4,0.7,2.1,3.4)
(2015,390,Thomas Robinson,PF,23,TOT,54,4,14.8,2.3,4.8,.485,0.0,0.0,.000,2.3,4.8,.488,.485,1.0,2.0,.528,1.8,3.9,5.6,0.6,0.6,0.4,1.1,1.9,5.7)
(2015,394,Ricky Rubio,PG,24,MIN,22,22,31.5,3.5,10.0,.356,0.6,2.3,.255,3.0,7.6,.387,.386,2.6,3.2,.803,0.9,4.8,5.7,8.8,1.7,0.0,2.9,2.7,10.3)
(2015,398,John Salmons,SF,35,NOP,21,0,12.9,0.8,2.3,.333,0.4,1.2,.308,0.4,1.0,.364,.417,0.1,0.2,.500,0.2,0.8,1.0,0.6,0.4,0.2,0.2,1.2,2.0)
(2015,401,Dennis Schroder,PG,21,ATL,77,10,19.7,3.7,8.6,.427,0.7,1.9,.351,3.0,6.7,.449,.466,1.9,2.3,.827,0.4,1.8,2.1,4.1,0.6,0.1,1.9,1.6,10.0)
(2015,405,Kevin Seraphin,C,25,WAS,79,0,15.6,2.9,5.7,.513,0.0,0.0,.000,2.9,5.7,.516,.513,0.7,1.0,.707,1.1,2.5,3.6,0.7,0.1,0.7,1.2,2.5,6.6)
(2015,409,Henry Sims,C,24,PHI,73,32,19.2,3.3,6.9,.474,0.1,0.3,.182,3.2,6.6,.488,.478,1.5,1.9,.774,1.7,3.3,4.9,1.1,0.5,0.4,1.4,1.8,8.0)
(2015,413,Greg Smith,PF,24,DAL,42,2,8.6,0.7,1.2,.612,0.0,0.0,,0.7,1.2,.612,.612,0.5,0.9,.513,0.6,1.3,1.9,0.2,0.2,0.3,0.3,1.3,1.9)
(2015,417,Josh Smith,PF,29,TOT,83,35,27.7,5.0,11.9,.419,0.9,2.7,.316,4.1,9.1,.451,.456,1.5,3.1,.498,1.8,4.6,6.4,3.3,1.0,1.4,2.5,2.7,12.4)
(2015,Rk,Player,Pos,Age,Tm,G,GS,MP,FG,FGA,FG%,3P,3PA,3P,2P,2PA,2P,eFG%,FT,FTA,FT%,ORB,DRB,TRB,AST,STL,BLK,TOV,PF,PTS)
(2015,424,Greg Stiemsma,C,29,TOR,17,0,3.9,0.4,0.5,.750,0.0,0.0,,0.4,0.5,.750,.750,0.1,0.2,.500,0.5,0.4,0.9,0.2,0.1,0.0,0.4,0.9,0.8)
(2015,428,Rodney Stuckey,PG,28,IND,71,36,26.4,4.7,10.6,.440,0.8,2.0,.390,3.9,8.6,.452,.477,2.5,3.0,.819,0.5,3.0,3.5,3.1,0.8,0.1,1.7,1.8,12.6)
(2015,432,Mirza Teletovic,PF,29,BRK,40,4,22.3,3.1,8.0,.382,1.6,4.8,.321,1.5,3.2,.476,.480,0.8,1.2,.717,0.7,4.2,4.9,1.2,0.4,0.4,1.3,1.9,8.5)
(2015,436,Isaiah Thomas,PG,25,TOT,67,1,25.8,5.0,11.9,.420,1.9,5.2,.373,3.1,6.7,.457,.501,4.5,5.2,.868,0.5,1.8,2.3,4.2,0.9,0.1,2.1,2.2,16.4)
(2015,440,Hollis Thompson,SG,23,PHI,71,23,25.0,3.2,7.6,.413,1.6,4.0,.401,1.5,3.6,.426,.518,0.9,1.3,.708,0.7,2.0,2.8,1.2,0.8,0.4,0.9,2.0,8.8)
(2015,443,Tristan Thompson,PF,23,CLE,82,15,26.8,3.3,6.0,.547,0.0,0.0,,3.3,6.0,.547,.547,1.9,3.0,.641,3.3,4.7,8.0,0.5,0.4,0.7,1.0,2.3,8.5)
(2015,447,Ronny Turiaf,C,32,MIN,2,0,9.5,0.0,0.0,,0.0,0.0,,0.0,0.0,,,0.0,0.0,,0.0,0.5,0.5,1.0,0.0,0.0,0.0,0.0,0.0)
(2015,451,Beno Udrih,PG,32,MEM,79,12,18.9,3.1,6.4,.487,0.3,1.2,.268,2.8,5.2,.539,.513,1.1,1.3,.853,0.3,1.6,1.8,2.8,0.6,0.1,1.1,1.1,7.7)
(2015,455,Charlie Villanueva,PF,30,DAL,64,1,10.6,2.3,5.7,.414,1.3,3.5,.376,1.0,2.2,.475,.529,0.3,0.5,.571,0.5,1.9,2.3,0.3,0.2,0.3,0.4,1.0,6.3)
(2015,459,Dion Waiters,SG,23,TOT,80,23,27.6,4.7,11.8,.396,0.9,3.1,.297,3.8,8.8,.431,.435,1.5,2.2,.680,0.5,1.9,2.4,2.0,1.1,0.3,1.4,1.9,11.8)
(2015,462,John Wall,PG,24,WAS,79,79,35.9,6.6,14.8,.445,0.8,2.7,.300,5.7,12.0,.478,.473,3.6,4.6,.785,0.5,4.2,4.6,10.0,1.7,0.6,3.8,2.3,17.6)
(2015,466,David Wear,PF,24,SAC,2,0,3.5,0.0,1.0,.000,0.0,0.5,.000,0.0,0.5,.000,.000,0.0,0.0,,1.0,0.0,1.0,0.5,0.0,0.0,0.0,0.5,0.0)
(2015,470,Russell Westbrook,PG,26,OKC,67,67,34.4,9.4,22.0,.426,1.3,4.3,.299,8.1,17.7,.457,.455,8.1,9.8,.835,1.9,5.4,7.3,8.6,2.1,0.2,4.4,2.7,28.1)
(2015,474,C.J. Wilcox,SG,24,LAC,21,0,4.8,0.8,1.8,.421,0.3,0.9,.368,0.4,0.9,.474,.513,0.1,0.1,1.000,0.0,0.3,0.3,0.4,0.1,0.0,0.5,0.3,2.0)
(2015,478,Lou Williams,SG,28,TOR,80,0,25.2,4.7,11.6,.404,1.9,5.6,.340,2.8,6.0,.464,.486,4.3,4.9,.861,0.3,1.6,1.9,2.1,1.1,0.1,1.3,1.3,15.5)
(2015,481,Reggie Williams,SF,28,SAS,20,0,5.3,0.8,2.0,.385,0.2,1.0,.158,0.6,1.0,.600,.423,0.2,0.2,1.000,0.3,0.6,0.9,0.5,0.1,0.0,0.1,0.6,1.9)
(2015,485,Brandan Wright,PF,27,TOT,75,7,19.3,3.1,4.8,.642,0.0,0.0,.000,3.1,4.8,.647,.642,1.0,1.5,.696,1.7,2.6,4.3,0.5,0.7,1.3,0.5,1.4,7.3)
(2015,489,Nick Young,SG,29,LAL,42,0,23.8,4.1,11.3,.366,2.0,5.4,.369,2.2,6.0,.363,.453,3.1,3.5,.892,0.4,1.9,2.3,1.0,0.5,0.3,1.0,2.0,13.4)
