(1998,1,Mahmoud Abdul-Rauf,PG,28,SAC,31,0,17.1,3.3,8.8,.377,0.2,1.0,.161,3.2,7.8,.405,.386,0.5,0.5,1.000,0.2,1.0,1.2,1.9,0.5,0.0,0.6,1.0,7.3)
(1998,5,Ray Allen,SG,22,MIL,82,82,40.1,6.9,16.0,.428,1.6,4.5,.364,5.2,11.5,.453,.479,4.2,4.8,.875,1.5,3.4,4.9,4.3,1.4,0.1,3.2,3.0,19.5)
(1998,9,Nick Anderson,SF,30,ORL,58,44,29.3,5.9,13.0,.455,1.3,3.7,.360,4.6,9.3,.493,.506,2.2,3.4,.638,1.7,3.4,5.1,2.1,1.2,0.4,1.5,1.7,15.3)
(1998,13,B.J. Armstrong,PG,30,TOT,66,0,12.6,1.6,3.2,.493,0.1,0.5,.257,1.5,2.7,.539,.514,0.6,0.8,.840,0.2,0.9,1.2,2.3,0.4,0.0,0.6,1.1,4.0)
(1998,17,Stacey Augmon,SG,29,POR,71,23,20.4,2.2,5.2,.414,0.0,0.1,.143,2.2,5.1,.419,.415,1.3,2.2,.603,1.5,1.8,3.3,1.2,0.8,0.5,1.1,2.0,5.7)
(1998,Rk,Player,Pos,Age,Tm,G,GS,MP,FG,FGA,FG%,3P,3PA,3P%,2P,2PA,2P%,eFG%,FT,FTA,FT%,ORB,DRB,TRB,AST,STL,BLK,TOV,PF,PTS)
(1998,24,Jon Barry,SG,28,LAL,49,1,7.6,0.8,2.1,.365,0.4,1.2,.295,0.4,0.9,.465,.452,0.6,0.6,.931,0.2,0.6,0.8,1.0,0.5,0.1,0.4,0.7,2.5)
(1998,28,Mario Bennett,PF,24,LAL,45,4,7.9,1.8,3.0,.593,0.0,0.0,.500,1.8,3.0,.594,.596,0.4,1.0,.364,1.3,1.5,2.8,0.4,0.4,0.2,0.5,1.4,3.9)
(1998,32,Mookie Blaylock,PG,30,ATL,70,69,38.6,5.3,13.4,.392,1.3,4.8,.269,4.0,8.6,.460,.440,1.4,1.9,.709,1.2,3.7,4.9,6.7,2.6,0.3,2.5,1.7,13.2)
(1998,36,Keith Booth,SF,23,CHI,6,0,2.8,0.3,1.0,.333,0.0,0.2,.000,0.3,0.8,.400,.333,1.0,1.0,1.000,0.3,0.3,0.7,0.2,0.0,0.0,0.5,0.5,1.7)
(1998,40,Terrell Brandon,PG,27,MIL,50,48,35.7,6.8,14.6,.464,0.6,1.9,.333,6.2,12.8,.483,.485,2.6,3.1,.846,0.5,3.1,3.5,7.7,2.2,0.3,2.9,2.4,16.8)
(1998,43,Chucky Brown,SF,29,ATL,77,8,15.6,2.1,4.8,.433,0.0,0.1,.250,2.1,4.7,.437,.435,0.8,1.1,.724,0.7,1.6,2.4,0.7,0.3,0.2,0.7,1.3,5.0)
(1998,47,Rick Brunson,PG,25,POR,38,10,16.4,1.3,3.7,.348,0.6,1.6,.361,0.7,2.1,.338,.426,1.1,1.6,.677,0.4,1.1,1.5,2.6,0.7,0.1,1.4,1.4,4.3)
(1998,51,Matt Bullard,SF,30,HOU,67,24,17.8,2.6,5.8,.450,1.4,3.4,.416,1.2,2.4,.500,.573,0.3,0.4,.741,0.4,1.8,2.2,0.9,0.5,0.4,0.6,1.6,7.0)
(1998,55,Jason Caffey,PF,24,TOT,80,14,17.8,2.8,5.8,.485,0.0,0.0,.000,2.8,5.8,.487,.485,1.6,2.5,.655,2.0,2.3,4.3,0.8,0.3,0.3,1.3,2.3,7.3)
(1998,59,Elden Campbell,PF,29,LAL,81,28,22.0,3.6,7.7,.463,0.0,0.0,.500,3.6,7.7,.463,.464,2.9,4.2,.693,1.8,3.9,5.6,1.0,0.4,1.3,1.4,2.6,10.1)
(1998,62,Sam Cassell,PG,28,NJN,75,72,34.7,6.8,15.4,.441,0.2,1.1,.188,6.6,14.3,.460,.448,5.8,6.8,.860,1.0,2.1,3.0,8.0,1.6,0.3,3.6,3.5,19.6)
(1998,66,Tom Chambers,PF,38,PHI,1,0,10.0,2.0,2.0,1.000,0.0,0.0,,2.0,2.0,1.000,1.000,2.0,2.0,1.000,0.0,2.0,2.0,0.0,2.0,0.0,1.0,2.0,6.0)
(1998,70,Chris Childs,PG,30,NYK,68,0,23.5,2.2,5.2,.421,0.4,1.3,.310,1.8,3.9,.457,.459,1.5,1.9,.825,0.4,2.0,2.4,3.9,0.8,0.1,1.5,2.6,6.3)
(1998,74,Bimbo Coles,PG,29,GSW,53,44,27.8,3.1,8.3,.379,0.2,1.1,.228,2.9,7.2,.402,.394,1.5,1.7,.886,0.3,2.0,2.3,4.7,1.0,0.2,1.7,2.5,8.0)
(1998,78,James Cotton,SG,22,SEA,9,0,3.7,0.9,2.3,.381,0.0,0.4,.000,0.9,1.9,.471,.381,0.9,1.0,.889,0.2,0.4,0.7,0.0,0.1,0.1,0.7,0.3,2.7)
(1998,81,John Crotty,PG,28,POR,26,2,14.6,1.1,3.5,.322,0.2,0.8,.300,0.9,2.7,.329,.356,1.2,1.3,.941,0.2,1.1,1.2,2.4,0.4,0.0,1.6,1.1,3.7)
(1998,85,Dell Curry,SG,33,CHH,52,1,18.7,3.7,8.3,.447,1.2,2.8,.421,2.6,5.6,.460,.517,0.8,1.0,.788,0.5,1.4,1.9,1.3,0.6,0.1,1.0,1.6,9.4)
(1998,89,Lloyd Daniels,SG,30,TOR,6,0,13.7,2.0,4.8,.414,0.3,1.5,.222,1.7,3.3,.500,.448,1.3,1.7,.800,0.7,0.5,1.2,0.7,0.5,0.3,0.7,0.7,5.7)
(1998,93,Dale Davis,C,28,IND,78,78,27.9,3.5,6.4,.548,0.0,0.0,,3.5,6.4,.548,.548,1.0,2.2,.465,3.0,4.8,7.8,0.9,0.7,1.1,0.9,2.7,8.0)
(1998,97,Terry Davis,PF,30,WAS,74,66,23.0,1.7,3.5,.496,0.0,0.0,.000,1.7,3.4,.498,.496,0.9,1.6,.580,2.8,3.7,6.5,0.4,0.6,0.3,0.8,2.6,4.4)
(1998,Rk,Player,Pos,Age,Tm,G,GS,MP,FG,FGA,FG%,3P,3PA,3P%,2P,2PA,2P%,eFG%,FT,FTA,FT%,ORB,DRB,TRB,AST,STL,BLK,TOV,PF,PTS)
(1998,104,Vlade Divac,C,29,CHH,64,41,28.2,4.2,8.4,.498,0.0,0.2,.214,4.1,8.2,.506,.501,2.0,2.9,.691,2.9,5.2,8.1,2.7,1.3,1.5,1.8,2.8,10.4)
(1998,108,Joe Dumars*,SG,34,DET,72,72,32.3,4.6,11.0,.416,2.2,5.9,.371,2.4,5.1,.468,.516,1.8,2.1,.825,0.2,1.3,1.4,3.5,0.6,0.0,1.2,1.4,13.1)
(1998,112,Tyus Edney,PG,24,BOS,52,7,12.0,1.8,4.2,.431,0.1,0.2,.300,1.7,4.0,.437,.438,1.7,2.1,.793,0.4,0.7,1.1,2.7,1.0,0.0,1.3,1.3,5.3)
(1998,116,Mario Elie,SF,34,HOU,73,59,27.2,2.8,6.2,.452,0.8,2.6,.291,2.1,3.7,.566,.512,2.0,2.4,.833,0.5,1.6,2.1,3.0,1.1,0.1,1.4,1.6,8.4)
(1998,120,LaPhonso Ellis,SF,27,DEN,76,71,33.9,5.4,13.3,.407,0.8,2.6,.284,4.6,10.6,.438,.435,2.7,3.4,.805,1.9,5.2,7.2,2.8,0.9,0.6,2.3,3.0,14.3)
(1998,123,Patrick Ewing*,C,35,NYK,26,26,32.6,7.8,15.5,.504,0.0,0.1,.000,7.8,15.4,.506,.504,5.2,7.2,.720,2.3,7.9,10.2,1.1,0.6,2.2,3.0,2.8,20.8)
(1998,127,Danny Ferry,PF,31,CLE,69,3,15.0,1.6,4.1,.395,0.5,1.4,.333,1.2,2.7,.428,.453,0.5,0.6,.800,0.3,1.3,1.7,0.9,0.4,0.2,0.8,1.7,4.2)
(1998,131,Greg Foster,C,29,UTA,78,49,18.5,2.4,5.4,.445,0.0,0.1,.222,2.4,5.2,.450,.447,0.9,1.1,.770,1.1,2.4,3.5,0.7,0.2,0.4,0.9,2.4,5.7)
(1998,135,Lawrence Funderburke,PF,27,SAC,52,1,21.0,3.7,7.5,.490,0.0,0.1,.143,3.7,7.4,.496,.491,2.1,3.1,.679,1.5,3.0,4.5,1.2,0.4,0.3,1.2,1.1,9.5)
(1998,139,Kiwane Garris,SG,23,DEN,28,0,8.0,0.8,2.3,.338,0.2,0.5,.357,0.6,1.8,.333,.377,0.7,0.9,.760,0.1,0.6,0.7,1.0,0.3,0.0,0.5,0.8,2.4)
(1998,142,Matt Geiger,C,28,CHH,78,42,23.6,4.6,9.1,.505,0.0,0.1,.091,4.6,8.9,.511,.506,2.2,3.0,.712,2.5,4.2,6.7,1.0,0.9,1.1,1.4,2.4,11.3)
(1998,146,Greg Graham,SG,27,CLE,6,0,9.3,1.2,2.0,.583,0.0,0.5,.000,1.2,1.5,.778,.583,0.3,0.3,1.000,0.0,0.2,0.2,1.0,0.2,0.0,1.7,1.2,2.7)
(1998,150,Horace Grant,C,32,ORL,76,76,36.9,5.2,11.3,.459,0.0,0.1,.000,5.2,11.2,.462,.459,1.8,2.6,.678,3.0,5.1,8.1,2.3,1.1,1.0,1.2,2.4,12.1)
(1998,154,Litterial Green,PG,27,MIL,21,0,5.9,0.2,1.1,.217,0.0,0.1,.000,0.2,1.0,.238,.217,0.7,1.0,.750,0.0,0.3,0.3,0.8,0.2,0.0,0.4,0.5,1.2)
(1998,158,Darvin Ham,SF,24,WAS,71,3,8.9,0.8,1.5,.529,0.0,0.0,,0.8,1.5,.529,.529,0.5,1.0,.473,1.0,0.8,1.8,0.2,0.3,0.4,0.5,1.7,2.0)
(1998,161,Anfernee Hardaway,SG,26,ORL,19,15,32.9,5.4,14.4,.377,0.8,2.6,.300,4.6,11.7,.395,.405,4.7,6.2,.763,0.4,3.6,4.0,3.6,1.5,0.8,2.4,2.4,16.4)
(1998,165,Othella Harrington,PF,24,HOU,58,3,15.6,2.2,4.6,.485,0.0,0.0,.000,2.2,4.6,.487,.485,1.6,2.1,.754,1.3,2.3,3.6,0.4,0.2,0.5,0.8,1.9,6.0)
(1998,169,Cedric Henderson,SF,22,CLE,82,71,30.8,4.2,8.8,.480,0.0,0.0,.000,4.2,8.8,.483,.480,1.7,2.3,.716,0.9,3.1,4.0,2.0,1.2,0.5,2.0,2.9,10.1)
(1998,173,Sean Higgins,SF,29,POR,2,0,6.0,0.0,2.5,.000,0.0,1.0,.000,0.0,1.5,.000,.000,0.0,0.0,,0.0,0.0,0.0,0.0,1.0,0.0,0.5,1.5,0.0)
(1998,177,Jerald Honeycutt,PF,23,MIL,38,0,13.9,2.4,5.8,.407,0.8,2.0,.377,1.6,3.8,.424,.473,0.9,1.5,.621,0.7,1.7,2.4,0.9,0.5,0.2,1.3,2.2,6.4)
(1998,Rk,Player,Pos,Age,Tm,G,GS,MP,FG,FGA,FG%,3P,3PA,3P%,2P,2PA,2P%,eFG%,FT,FTA,FT%,ORB,DRB,TRB,AST,STL,BLK,TOV,PF,PTS)
(1998,184,Lindsey Hunter,PG,27,DET,71,67,35.3,4.5,11.6,.383,1.2,3.7,.321,3.3,7.9,.412,.434,2.0,2.8,.740,0.9,2.6,3.5,3.2,1.7,0.1,1.5,2.5,12.1)
(1998,188,Bobby Jackson,PG,24,DEN,68,53,30.0,4.6,11.6,.392,0.3,1.2,.259,4.3,10.4,.407,.405,2.2,2.7,.814,1.1,3.3,4.4,4.7,1.5,0.2,2.7,2.4,11.6)
(1998,192,Henry James,PF,32,CLE,28,0,5.9,0.9,2.1,.407,0.4,0.9,.440,0.5,1.2,.382,.500,0.8,0.8,.955,0.1,0.5,0.5,0.2,0.0,0.0,0.4,0.9,2.9)
(1998,196,Ervin Johnson,C,30,MIL,81,81,27.9,3.1,5.8,.537,0.0,0.0,,3.1,5.8,.537,.537,1.8,2.9,.601,3.0,5.5,8.5,0.7,1.0,2.0,1.4,4.0,8.0)
(1998,200,Dontae' Jones,SF,22,BOS,15,0,6.1,1.3,3.8,.333,0.4,1.5,.261,0.9,2.3,.382,.386,0.0,0.0,,0.2,0.4,0.6,0.3,0.1,0.2,0.7,0.8,2.9)
(1998,203,Michael Jordan*,SG,34,CHI,82,82,38.8,10.7,23.1,.465,0.4,1.5,.238,10.4,21.5,.482,.473,6.9,8.8,.784,1.6,4.2,5.8,3.5,1.7,0.5,2.3,1.8,28.7)
(1998,207,Tim Kempton,PF,34,TOT,8,0,5.9,0.3,1.1,.222,0.0,0.0,,0.3,1.1,.222,.222,0.0,0.0,,0.5,0.3,0.8,0.4,0.1,0.3,0.5,1.3,0.5)
(1998,211,Kerry Kittles,SG,23,NJN,77,76,36.5,6.6,15.0,.440,1.4,3.4,.418,5.2,11.6,.447,.488,2.6,3.2,.808,1.7,3.0,4.7,2.3,1.7,0.5,1.4,2.0,17.2)
(1998,215,Toni Kukoc,SF,29,CHI,74,52,30.2,5.2,11.4,.455,0.9,2.4,.362,4.3,9.0,.480,.493,2.1,3.0,.708,1.6,2.8,4.4,4.2,1.0,0.5,2.1,2.0,13.3)
(1998,219,Rusty LaRue,PG,24,CHI,14,0,10.0,1.4,3.5,.408,0.3,1.1,.250,1.1,2.4,.485,.449,0.4,0.6,.625,0.1,0.5,0.6,0.4,0.2,0.1,0.4,0.9,3.5)
(1998,Rk,Player,Pos,Age,Tm,G,GS,MP,FG,FGA,FG%,3P,3PA,3P%,2P,2PA,2P%,eFG%,FT,FTA,FT%,ORB,DRB,TRB,AST,STL,BLK,TOV,PF,PTS)
(1998,224,Alton Lister,C,39,POR,7,0,6.3,0.4,1.1,.375,0.0,0.0,,0.4,1.1,.375,.375,0.0,0.0,,0.3,1.3,1.6,0.1,0.1,0.1,0.3,1.7,0.9)
(1998,228,Grant Long,PF,31,DET,40,17,18.5,1.3,2.9,.427,0.0,0.1,.000,1.3,2.8,.442,.427,1.0,1.4,.719,1.4,2.3,3.8,0.6,0.7,0.3,0.6,2.3,3.5)
(1998,232,Don MacLean,SF,28,NJN,9,0,4.7,0.1,1.1,.100,0.1,0.2,.500,0.0,0.9,.000,.150,0.0,0.0,,0.3,0.2,0.6,0.0,0.0,0.0,0.2,0.8,0.3)
(1998,236,Karl Malone*,PF,34,UTA,81,81,37.4,9.6,18.2,.530,0.0,0.1,.333,9.6,18.1,.531,.531,7.8,10.2,.761,2.3,8.0,10.3,3.9,1.2,0.9,3.0,2.9,27.0)
(1998,240,Donyell Marshall,SF,24,GSW,73,73,35.8,6.2,14.9,.414,0.9,2.8,.313,5.3,12.2,.436,.443,2.2,3.0,.731,2.9,5.7,8.6,2.2,1.3,1.0,2.0,3.1,15.4)
(1998,243,Anthony Mason,PF,31,CHH,81,80,38.9,4.8,9.4,.509,0.0,0.0,.000,4.8,9.4,.512,.509,3.2,5.0,.649,2.2,8.0,10.2,4.2,0.8,0.2,1.8,2.2,12.8)
(1998,247,Bob McCann,SF,33,TOR,1,0,5.0,0.0,1.0,.000,0.0,0.0,,0.0,1.0,.000,.000,0.0,0.0,,0.0,1.0,1.0,0.0,0.0,0.0,0.0,1.0,0.0)
(1998,251,Michael McDonald,C,28,CHH,1,0,4.0,0.0,0.0,,0.0,0.0,,0.0,0.0,,,0.0,0.0,,1.0,0.0,1.0,0.0,0.0,0.0,2.0,1.0,0.0)
(1998,255,Derrick McKey,SF,31,IND,57,4,23.1,2.6,5.7,.459,0.1,0.3,.235,2.6,5.4,.471,.465,1.0,1.4,.714,1.3,2.4,3.7,1.5,1.0,0.5,1.4,2.7,6.3)
(1998,259,Marko Milic,SF,20,PHO,33,0,4.9,1.2,1.9,.609,0.1,0.2,.500,1.1,1.8,.621,.633,0.3,0.5,.647,0.3,0.5,0.8,0.4,0.3,0.0,0.6,0.5,2.8)
(1998,262,Reggie Miller*,SG,32,IND,81,81,34.5,6.4,13.3,.477,2.0,4.7,.429,4.3,8.6,.504,.553,4.7,5.4,.868,0.6,2.3,2.9,2.1,1.0,0.1,1.6,1.8,19.5)
(1998,266,Sam Mitchell,SF,34,MIN,81,33,27.6,4.6,9.9,.464,0.2,0.5,.349,4.4,9.3,.470,.473,3.0,3.6,.832,1.5,3.3,4.8,1.3,0.8,0.3,0.8,2.5,12.3)
(1998,270,Alonzo Mourning*,C,27,MIA,58,56,33.4,6.9,12.6,.551,0.0,0.0,,6.9,12.6,.551,.551,5.3,8.0,.665,3.3,6.3,9.6,0.9,0.7,2.2,3.1,3.6,19.2)
(1998,274,Tracy Murray,SF,26,WAS,82,12,27.2,5.5,12.3,.446,1.9,4.9,.392,3.5,7.4,.482,.524,2.2,2.5,.871,0.9,2.5,3.4,1.0,0.8,0.3,1.2,2.0,15.1)
(1998,278,Steve Nash,PG,23,PHO,76,9,21.9,3.5,7.7,.459,1.1,2.6,.415,2.5,5.1,.481,.528,1.0,1.1,.860,0.4,1.7,2.1,3.4,0.8,0.1,1.3,1.9,9.1)
(1998,281,Jeff Nordgaard,PF,24,MIL,13,0,3.7,0.4,1.4,.278,0.0,0.0,,0.4,1.4,.278,.278,0.6,0.7,.889,0.3,0.8,1.1,0.2,0.2,0.0,0.2,0.5,1.4)
(1998,285,Charles Oakley,PF,34,NYK,79,79,34.6,3.9,8.8,.440,0.0,0.1,.000,3.9,8.8,.444,.440,1.2,1.4,.851,2.8,6.4,9.2,2.5,1.6,0.3,1.6,3.5,9.0)
(1998,289,Kevin Ollie,PG,25,TOT,35,0,12.3,1.1,2.8,.378,0.0,0.0,.000,1.1,2.8,.381,.378,1.4,2.0,.700,0.3,0.9,1.1,1.9,0.4,0.0,1.3,0.9,3.5)
(1998,293,Billy Owens,SF,28,SAC,78,78,30.1,4.3,9.3,.464,0.3,0.9,.371,4.0,8.4,.474,.482,1.5,2.5,.589,2.2,5.3,7.5,2.8,1.2,0.5,2.0,3.0,10.5)
(1998,297,Gary Payton*,PG,29,SEA,82,82,38.4,7.1,15.6,.453,1.6,4.8,.338,5.4,10.7,.505,.505,3.4,4.6,.744,0.9,3.6,4.6,8.3,2.3,0.2,2.8,2.4,19.2)
(1998,Rk,Player,Pos,Age,Tm,G,GS,MP,FG,FGA,FG%,3P,3PA,3P%,2P,2PA,2P%,eFG%,FT,FTA,FT%,ORB,DRB,TRB,AST,STL,BLK,TOV,PF,PTS)
(1998,304,Bobby Phills,SG,28,CHH,62,61,30.4,4.0,8.9,.446,0.7,1.8,.386,3.3,7.1,.461,.486,1.7,2.3,.757,1.0,2.5,3.5,3.0,1.3,0.3,1.7,2.9,10.4)
(1998,308,Scot Pollard,C,22,DET,33,0,9.6,1.1,2.1,.500,0.0,0.0,,1.1,2.1,.500,.500,0.6,0.7,.826,1.0,1.2,2.2,0.3,0.2,0.3,0.4,1.5,2.7)
(1998,312,Vitaly Potapenko,C,22,CLE,80,0,17.7,2.9,6.1,.480,0.0,0.0,.000,2.9,6.1,.480,.480,1.3,1.8,.708,1.4,2.5,3.9,0.7,0.3,0.4,1.7,2.5,7.1)
(1998,316,Eldridge Recasner,SG,30,ATL,59,14,24.6,3.5,7.7,.456,1.1,2.5,.419,2.4,5.2,.474,.524,1.3,1.3,.937,0.5,1.9,2.4,2.0,0.7,0.0,1.5,1.6,9.3)
(1998,320,J.R. Reid,PF,29,CHH,79,1,14.0,1.8,4.0,.459,0.0,0.1,.375,1.8,3.9,.461,.464,1.1,1.5,.730,0.9,1.7,2.7,0.6,0.4,0.2,0.8,2.2,4.9)
(1998,323,Glen Rice,SF,30,CHH,82,82,40.2,7.7,16.9,.457,1.6,3.7,.433,6.1,13.2,.464,.504,5.2,6.1,.849,1.1,3.2,4.3,2.2,0.9,0.3,2.2,2.4,22.3)
(1998,327,Eric Riley,C,27,DAL,39,14,13.9,1.4,3.5,.415,0.0,0.0,.000,1.4,3.4,.418,.415,0.7,0.9,.750,1.1,2.3,3.4,0.6,0.4,1.2,0.9,2.1,3.6)
(1998,331,David Robinson*,C,32,SAS,73,73,33.7,7.5,14.6,.511,0.0,0.1,.250,7.4,14.5,.512,.511,6.6,9.0,.735,3.3,7.3,10.6,2.7,0.9,2.6,2.8,2.8,21.6)
(1998,335,Dennis Rodman*,PF,36,CHI,80,66,35.7,1.9,4.5,.431,0.1,0.3,.174,1.9,4.2,.448,.436,0.8,1.4,.550,5.3,9.8,15.0,2.9,0.6,0.2,1.8,3.0,4.7)
(1998,339,Sean Rooks,C,28,LAL,41,1,10.4,1.1,2.5,.455,0.0,0.0,,1.1,2.5,.455,.455,1.1,1.9,.595,1.1,1.8,2.9,0.6,0.0,0.6,0.5,1.7,3.4)
(1998,342,Donald Royal,SF,31,TOT,31,5,10.4,0.8,2.2,.362,0.0,0.0,,0.8,2.2,.362,.362,0.9,1.1,.879,0.6,0.7,1.3,0.5,0.2,0.0,0.3,1.1,2.5)
(1998,346,Kevin Salvadori,C,27,SAC,16,0,5.4,0.1,0.8,.077,0.0,0.0,,0.1,0.8,.077,.077,0.2,0.4,.500,0.3,0.9,1.3,0.2,0.0,0.7,0.3,0.8,0.3)
(1998,350,Shawnelle Scott,C,25,CLE,41,0,4.6,0.4,0.9,.444,0.0,0.0,,0.4,0.9,.444,.444,0.3,0.4,.667,0.5,1.0,1.4,0.2,0.1,0.2,0.2,1.1,1.1)
(1998,354,God Shammgod,PG,21,WAS,20,0,7.3,1.0,2.9,.328,0.0,0.1,.000,1.0,2.8,.339,.328,1.2,1.5,.767,0.1,0.3,0.4,1.8,0.4,0.1,1.1,1.4,3.1)
(1998,358,Charles Smith,SG,22,TOT,34,0,8.6,1.4,3.7,.392,0.4,1.4,.319,1.0,2.3,.436,.452,0.2,0.3,.545,0.4,0.4,0.8,0.6,0.4,0.2,0.8,0.7,3.5)
(1998,361,Steve Smith,SG,28,ATL,73,73,39.1,6.7,15.1,.444,1.3,3.8,.351,5.4,11.3,.475,.488,5.3,6.2,.855,1.8,2.4,4.2,4.0,1.0,0.4,2.4,3.0,20.1)
(1998,365,Felton Spencer,C,30,GSW,68,0,12.0,0.9,1.9,.457,0.0,0.0,,0.9,1.9,.457,.457,0.6,1.2,.557,1.4,2.0,3.3,0.3,0.3,0.5,0.7,2.6,2.4)
(1998,369,Joe Stephens,SF,25,HOU,7,0,5.3,1.4,4.0,.357,0.4,1.4,.300,1.0,2.6,.389,.411,0.6,0.9,.667,0.4,0.4,0.9,0.1,0.3,0.0,0.3,0.3,3.9)
(1998,373,John Stockton*,PG,35,UTA,64,64,29.0,4.2,8.0,.528,0.6,1.4,.429,3.6,6.6,.550,.567,3.0,3.6,.827,0.5,2.0,2.6,8.5,1.4,0.2,2.5,2.2,12.0)
(1998,377,Mark Strickland,PF,27,MIA,51,8,16.6,2.8,5.3,.539,0.0,0.0,.000,2.8,5.3,.541,.539,1.2,1.6,.720,1.6,2.6,4.2,0.5,0.4,0.7,0.9,1.7,6.8)
(1998,Rk,Player,Pos,Age,Tm,G,GS,MP,FG,FGA,FG%,3P,3PA,3P%,2P,2PA,2P%,eFG%,FT,FTA,FT%,ORB,DRB,TRB,AST,STL,BLK,TOV,PF,PTS)
(1998,384,Carl Thomas,SG,28,TOT,43,0,9.9,1.3,3.3,.400,0.5,1.4,.339,0.8,1.9,.444,.471,0.4,0.6,.640,0.2,0.9,1.1,0.4,0.5,0.2,0.4,0.9,3.4)
(1998,388,Brooks Thompson,PG,27,TOT,30,0,5.6,0.8,1.9,.411,0.3,1.0,.300,0.5,0.9,.538,.491,0.1,0.3,.500,0.0,0.5,0.5,0.9,0.3,0.0,0.5,0.7,2.0)
(1998,392,Keith Van Horn,PF,22,NJN,62,62,37.5,7.2,16.9,.426,1.1,3.6,.308,6.1,13.3,.458,.459,4.2,4.9,.846,2.3,4.3,6.6,1.7,1.0,0.4,2.6,3.5,19.7)
(1998,396,Stojko Vrankovic,C,34,LAC,65,38,15.3,1.2,2.9,.425,0.0,0.0,,1.2,2.9,.425,.425,0.6,1.0,.569,1.1,3.0,4.0,0.6,0.2,1.0,0.7,2.0,3.0)
(1998,400,John Wallace,SF,23,TOR,82,36,28.8,5.7,11.9,.478,0.0,0.0,.500,5.7,11.9,.478,.479,2.6,3.6,.717,1.4,3.1,4.5,1.3,0.8,1.2,2.1,2.9,14.0)
(1998,403,Charlie Ward,PG,27,NYK,82,82,28.3,2.9,6.3,.455,1.0,2.6,.377,1.9,3.7,.512,.534,1.1,1.4,.805,0.4,3.0,3.3,5.7,1.8,0.5,2.1,2.4,7.8)
(1998,407,Chris Webber,C,24,WAS,71,71,39.6,9.1,18.9,.482,0.9,2.9,.317,8.2,16.0,.512,.507,2.8,4.7,.589,2.5,7.0,9.5,3.8,1.6,1.7,2.6,3.8,21.9)
(1998,411,Doug West,SG,30,MIN,38,10,18.1,1.7,4.5,.374,0.0,0.1,.000,1.7,4.4,.379,.374,0.8,1.1,.725,0.6,1.6,2.2,1.2,0.3,0.1,0.6,2.6,4.1)
(1998,415,Chris Whitney,PG,26,WAS,82,6,13.1,1.5,4.3,.355,0.6,2.1,.308,0.9,2.3,.398,.428,1.4,1.6,.915,0.2,1.2,1.4,2.4,0.4,0.1,0.8,1.3,5.1)
(1998,419,Brandon Williams,SG,22,GSW,9,2,15.6,1.8,5.6,.320,0.3,1.0,.333,1.4,4.6,.317,.350,0.2,0.4,.500,0.4,1.2,1.7,0.3,0.7,0.3,1.0,2.0,4.1)
(1998,422,Herb Williams,PF,39,NYK,27,0,6.6,0.7,1.6,.419,0.0,0.0,,0.7,1.6,.419,.419,0.0,0.3,.125,0.2,0.9,1.1,0.1,0.2,0.3,0.2,1.3,1.4)
(1998,426,Lorenzo Williams,PF,28,WAS,14,6,7.9,0.9,1.2,.765,0.0,0.0,,0.9,1.2,.765,.765,0.0,0.1,.000,1.1,0.7,1.9,0.2,0.1,0.2,0.1,1.2,1.9)
(1998,430,Travis Williams,SF,28,CHH,39,0,9.4,1.4,3.1,.471,0.0,0.0,.000,1.4,3.0,.475,.471,0.6,1.2,.522,1.4,1.0,2.4,0.5,0.5,0.1,0.8,1.4,3.5)
(1998,434,David Wingate,SG,34,SEA,58,2,9.4,1.1,2.4,.471,0.1,0.1,.429,1.1,2.3,.474,.482,0.3,0.5,.517,0.3,1.0,1.4,0.6,0.4,0.1,0.6,1.0,2.6)
(1998,438,Sharone Wright,C,25,TOR,7,0,6.3,1.0,2.0,.500,0.0,0.0,,1.0,2.0,.500,.500,0.3,0.6,.500,0.1,1.1,1.3,0.6,0.0,0.0,0.3,1.0,2.3)
