(1998,3,Shareef Abdur-Rahim,SF,21,VAN,82,82,36.0,8.0,16.4,.485,0.3,0.6,.412,7.7,15.8,.488,.493,6.1,7.8,.784,2.8,4.3,7.1,2.6,1.1,0.9,3.1,2.5,22.3)
(1998,7,Greg Anderson,C,33,ATL,50,0,8.0,0.7,1.6,.444,0.0,0.1,.000,0.7,1.5,.474,.444,0.3,0.8,.390,0.8,1.6,2.4,0.3,0.4,0.2,0.3,1.7,1.8)
(1998,11,Chris Anstey,C,23,DAL,41,8,16.6,2.2,5.6,.398,0.1,0.4,.188,2.2,5.2,.414,.405,1.3,1.8,.716,1.3,2.5,3.8,0.9,0.8,0.7,1.0,2.3,5.9)
(1998,15,Vincent Askew,SG,31,POR,30,5,14.8,0.6,1.8,.352,0.0,0.1,.000,0.6,1.7,.365,.352,0.9,1.3,.718,0.7,1.6,2.3,1.3,0.6,0.2,1.2,1.3,2.2)
(1998,19,Vin Baker,C,26,SEA,82,82,35.9,7.7,14.2,.542,0.0,0.1,.143,7.7,14.1,.545,.543,3.8,6.4,.591,3.5,4.5,8.0,1.9,1.1,1.0,2.1,3.4,19.2)
(1998,22,Brent Barry,SG,26,TOT,58,36,27.6,3.7,8.7,.421,1.6,3.9,.393,2.1,4.8,.444,.510,2.0,2.3,.858,0.5,2.4,2.9,2.6,1.1,0.5,1.8,2.0,10.9)
(1998,26,Corey Beck,PG,26,CHH,59,14,12.5,1.2,2.7,.459,0.0,0.1,.500,1.2,2.6,.458,.465,0.7,1.0,.729,0.5,1.1,1.5,1.7,0.6,0.1,1.2,1.7,3.2)
(1998,30,Travis Best,PG,25,IND,82,0,18.9,2.5,5.9,.419,0.3,0.9,.300,2.2,5.0,.439,.441,1.4,1.6,.855,0.3,1.1,1.5,3.4,1.0,0.1,1.4,2.4,6.5)
(1998,34,Muggsy Bogues,PG,33,TOT,61,31,25.7,2.3,5.3,.437,0.1,0.3,.250,2.2,5.0,.446,.443,1.0,1.1,.897,0.5,1.7,2.2,5.4,1.1,0.0,1.7,1.0,5.7)
(1998,38,Anthony Bowie,SG,34,NYK,27,3,8.3,1.2,2.2,.542,0.1,0.1,.750,1.1,2.0,.527,.568,0.3,0.3,.889,0.3,0.6,1.0,0.4,0.2,0.1,0.3,0.9,2.8)
(1998,41,Tim Breaux,SF,27,MIL,6,0,5.0,0.7,1.8,.364,0.2,0.5,.333,0.5,1.3,.375,.409,0.2,0.3,.500,0.0,0.3,0.3,0.3,0.3,0.2,0.2,0.2,1.7)
(1998,45,P.J. Brown,PF,28,MIA,74,74,31.9,3.8,8.0,.471,0.0,0.0,,3.8,8.0,.471,.471,2.0,2.7,.766,3.2,5.4,8.6,1.4,0.9,1.3,1.3,3.6,9.6)
(1998,49,Mark Bryant,C,32,PHO,70,22,15.9,1.6,3.2,.484,0.0,0.0,.000,1.6,3.2,.487,.484,1.0,1.4,.768,1.3,2.2,3.5,0.7,0.5,0.2,0.8,2.6,4.2)
(1998,53,Willie Burton,SF,29,SAS,13,0,3.3,0.6,1.6,.381,0.2,0.7,.333,0.4,0.9,.417,.452,0.6,0.9,.667,0.2,0.5,0.7,0.1,0.2,0.2,0.1,0.5,2.1)
(1998,57,Adrian Caldwell,PF,31,DAL,1,0,3.0,0.0,0.0,,0.0,0.0,,0.0,0.0,,,0.0,0.0,,0.0,0.0,0.0,0.0,0.0,0.0,0.0,0.0,0.0)
(1998,Rk,Player,Pos,Age,Tm,G,GS,MP,FG,FGA,FG%,3P,3PA,3P%,2P,2PA,2P%,eFG%,FT,FTA,FT%,ORB,DRB,TRB,AST,STL,BLK,TOV,PF,PTS)
(1998,64,Duane Causwell,C,29,MIA,37,2,9.8,1.0,2.4,.416,0.0,0.0,,1.0,2.4,.416,.416,0.4,0.7,.577,0.8,1.9,2.7,0.1,0.2,0.7,0.5,2.0,2.4)
(1998,68,Calbert Cheaney,SG,26,WAS,82,82,34.6,5.5,12.0,.457,0.2,0.6,.283,5.3,11.3,.467,.464,1.7,2.6,.647,1.0,3.0,4.0,2.1,1.2,0.4,1.3,3.2,12.8)
(1998,72,Keith Closs,C,21,LAC,58,1,12.8,1.6,3.6,.449,0.0,0.0,,1.6,3.6,.449,.449,0.8,1.3,.597,1.1,1.8,2.9,0.3,0.2,1.4,0.7,1.3,4.0)
(1998,76,Marty Conlon,C,30,MIA,18,0,11.6,1.6,3.4,.452,0.0,0.0,,1.6,3.4,.452,.452,1.8,2.4,.727,0.9,1.7,2.6,0.7,0.5,0.3,0.6,1.5,4.9)
(1998,80,Austin Croshere,PF,22,IND,26,0,9.3,1.2,3.3,.372,0.2,0.5,.308,1.1,2.8,.384,.395,0.3,0.5,.571,0.4,1.3,1.7,0.3,0.3,0.2,0.5,1.2,2.9)
(1998,83,William Cunningham,C,23,TOT,7,2,5.6,0.6,1.3,.444,0.0,0.0,,0.6,1.3,.444,.444,0.0,0.0,,0.6,0.9,1.4,0.1,0.3,0.0,0.0,1.4,1.1)
(1998,87,Erick Dampier,C,22,GSW,82,82,32.4,4.3,9.6,.445,0.0,0.0,.000,4.3,9.6,.446,.445,3.3,4.9,.669,3.3,5.4,8.7,1.1,0.5,1.7,2.1,3.4,11.8)
(1998,91,Antonio Davis,PF,29,IND,82,12,26.7,3.1,6.4,.481,0.0,0.0,.000,3.1,6.4,.484,.481,3.4,4.9,.696,2.3,4.5,6.8,0.7,0.5,0.9,1.3,2.9,9.6)
(1998,95,Hubert Davis,SG,27,DAL,81,30,29.4,4.3,9.5,.456,1.2,2.8,.439,3.1,6.6,.464,.522,1.2,1.4,.836,0.4,1.7,2.1,1.9,0.5,0.1,1.1,1.4,11.1)
(1998,99,Andrew DeClercq,C,24,BOS,81,49,18.8,2.1,4.2,.497,0.0,0.0,.000,2.1,4.2,.499,.497,1.2,2.1,.601,2.2,2.6,4.8,0.7,1.0,0.6,1.0,3.4,5.4)
(1998,102,Bison Dele,C,28,DET,78,78,33.6,6.8,13.3,.511,0.0,0.0,.333,6.8,13.3,.511,.511,2.5,3.6,.707,2.9,6.1,8.9,1.2,0.9,0.7,2.3,3.2,16.2)
(1998,106,Clyde Drexler*,SG,35,HOU,70,70,35.3,6.5,15.1,.427,1.5,4.8,.317,4.9,10.4,.477,.477,4.0,4.9,.801,1.5,3.4,4.9,5.5,1.8,0.6,2.7,2.8,18.4)
(1998,110,Tim Duncan,PF,21,SAS,82,82,39.1,8.6,15.7,.549,0.0,0.1,.000,8.6,15.6,.553,.549,3.9,5.9,.662,3.3,8.6,11.9,2.7,0.7,2.5,3.4,3.1,21.1)
(1998,114,Kevin Edwards,SG,32,TOT,39,5,12.5,1.5,4.2,.345,0.2,0.4,.400,1.3,3.8,.340,.364,0.8,0.9,.857,0.5,0.9,1.4,1.0,0.7,0.0,0.8,0.7,3.8)
(1998,118,Dale Ellis,SF,37,SEA,79,0,24.5,4.4,8.9,.497,1.6,3.5,.464,2.8,5.4,.519,.588,1.4,1.8,.782,0.6,1.7,2.3,1.1,0.8,0.1,0.9,1.6,11.8)
(1998,121,Pervis Ellison,PF,30,BOS,33,8,13.5,1.2,2.1,.571,0.0,0.0,,1.2,2.1,.571,.571,0.6,1.0,.588,1.6,1.7,3.3,0.9,0.6,0.9,0.8,2.7,3.0)
(1998,125,Jamie Feick,PF,23,MIL,45,2,10.0,0.9,2.0,.433,0.1,0.3,.308,0.8,1.7,.455,.456,0.4,0.9,.488,1.0,1.8,2.8,0.4,0.6,0.4,0.5,1.5,2.3)
(1998,129,Derek Fisher,PG,23,LAL,82,36,21.5,2.0,4.6,.434,0.4,1.0,.383,1.6,3.6,.448,.475,1.4,1.9,.757,0.5,1.9,2.4,4.1,0.9,0.1,1.5,1.5,5.8)
(1998,133,Adonal Foyle,C,22,GSW,55,1,11.9,1.3,3.1,.406,0.0,0.0,.000,1.3,3.1,.408,.406,0.5,1.1,.435,1.3,2.0,3.3,0.3,0.2,0.9,0.9,1.7,3.0)
(1998,137,Kevin Garnett,PF,21,MIN,82,82,39.3,7.7,15.8,.491,0.0,0.2,.188,7.7,15.6,.495,.492,3.0,4.0,.738,2.7,6.9,9.6,4.2,1.7,1.8,2.3,2.7,18.5)
(1998,Rk,Player,Pos,Age,Tm,G,GS,MP,FG,FGA,FG%,3P,3PA,3P%,2P,2PA,2P%,eFG%,FT,FTA,FT%,ORB,DRB,TRB,AST,STL,BLK,TOV,PF,PTS)
(1998,144,Armen Gilliam,PF,33,MIL,82,25,25.8,4.0,8.2,.484,0.0,0.0,.000,4.0,8.2,.487,.484,3.3,4.1,.802,1.8,3.6,5.4,1.3,0.8,0.5,1.8,2.2,11.2)
(1998,148,Gary Grant,PG,32,POR,22,2,16.3,2.0,4.2,.462,0.3,0.9,.368,1.6,3.4,.486,.500,0.5,0.6,.857,0.4,1.8,2.2,3.8,0.8,0.1,1.1,1.4,4.8)
(1998,152,Jeff Grayer,SG,32,TOT,5,0,6.8,0.8,2.2,.364,0.4,1.2,.333,0.4,1.0,.400,.455,0.0,0.0,,0.0,0.8,0.8,0.4,0.4,0.0,0.8,1.4,2.0)
(1998,156,Tom Gugliotta,SF,28,MIN,41,41,38.6,7.8,15.5,.502,0.0,0.4,.118,7.7,15.1,.513,.504,4.5,5.4,.821,2.6,6.1,8.7,4.1,1.5,0.5,2.7,2.5,20.1)
(1998,160,Reggie Hanson,SF,29,BOS,8,0,3.3,0.4,0.8,.500,0.0,0.0,,0.4,0.8,.500,.500,0.0,0.0,,0.4,0.4,0.8,0.1,0.3,0.1,0.4,1.0,0.8)
(1998,163,Derek Harper,SG,36,ORL,66,45,26.7,3.4,8.2,.417,0.9,2.5,.360,2.5,5.7,.442,.471,0.8,1.2,.696,0.3,1.2,1.6,3.5,1.1,0.2,1.5,2.1,8.6)
(1998,167,Hersey Hawkins,SG,31,SEA,82,82,31.7,3.4,7.8,.440,1.5,3.7,.415,1.9,4.1,.463,.539,2.2,2.5,.868,0.9,3.2,4.1,2.7,1.8,0.2,1.2,1.9,10.5)
(1998,171,Steve Henson,PG,29,DET,23,0,2.8,0.6,1.1,.500,0.1,0.3,.375,0.4,0.8,.556,.558,0.3,0.3,1.000,0.0,0.1,0.1,0.2,0.0,0.0,0.3,0.4,1.6)
(1998,175,Tyrone Hill,PF,29,MIL,57,56,36.2,3.6,7.3,.498,0.0,0.0,.000,3.6,7.3,.499,.498,2.7,4.5,.608,3.7,6.9,10.7,1.5,1.2,0.5,1.9,4.0,10.0)
(1998,179,Robert Horry,PF,27,LAL,72,71,30.4,2.8,5.8,.476,0.3,1.3,.204,2.5,4.5,.554,.499,1.6,2.3,.692,2.6,4.9,7.5,2.3,1.6,1.3,1.4,3.3,7.4)
(1998,182,Stephen Howard,SF,27,SEA,13,0,4.1,0.6,1.6,.381,0.0,0.0,,0.6,1.6,.381,.381,0.7,1.4,.500,0.5,0.5,0.9,0.2,0.2,0.1,0.5,1.0,1.9)
(1998,186,Zydrunas Ilgauskas,C,22,CLE,82,81,29.0,5.5,10.7,.518,0.0,0.0,.250,5.5,10.6,.519,.519,2.8,3.7,.762,3.4,5.4,8.8,0.9,0.6,1.6,1.8,3.5,13.9)
(1998,190,Jim Jackson,SG,27,TOT,79,78,38.6,6.0,14.0,.430,0.8,2.4,.319,5.3,11.6,.453,.458,2.9,3.6,.812,1.6,3.4,5.1,4.8,1.0,0.1,3.3,2.4,15.7)
(1998,194,Avery Johnson,PG,32,SAS,75,73,35.7,4.3,8.9,.478,0.0,0.2,.154,4.3,8.8,.485,.480,1.6,2.2,.726,0.4,1.6,2.0,7.9,1.1,0.2,2.2,1.9,10.2)
(1998,198,Larry Johnson,SF,28,NYK,70,70,34.5,6.1,12.6,.485,0.2,0.9,.238,5.9,11.7,.504,.494,3.1,4.0,.756,2.5,3.2,5.7,2.1,0.6,0.2,1.8,2.8,15.5)
(1998,201,Eddie Jones,SG,26,LAL,80,80,36.4,6.1,12.6,.484,1.8,4.6,.389,4.3,8.0,.538,.555,2.9,3.8,.765,1.1,2.7,3.8,3.1,2.0,0.7,1.8,2.1,16.9)
(1998,205,Adam Keefe,C,27,UTA,80,75,25.6,2.9,5.3,.540,0.0,0.0,,2.9,5.3,.540,.540,2.0,2.5,.810,2.2,3.2,5.5,1.1,0.7,0.3,0.9,2.2,7.8)
(1998,209,Jerome Kersey,SF,35,SEA,37,2,19.4,2.6,6.3,.416,0.0,0.3,.100,2.6,6.0,.430,.418,1.1,1.8,.600,1.5,2.1,3.6,1.2,1.4,0.4,1.0,2.8,6.3)
(1998,213,Brevin Knight,PG,22,CLE,80,76,31.0,3.3,7.4,.441,0.0,0.1,.000,3.3,7.3,.446,.441,2.5,3.1,.801,0.8,2.3,3.2,8.2,2.5,0.2,2.4,3.4,9.0)
(1998,217,Andrew Lang,C,31,MIL,57,0,12.1,0.9,2.5,.378,0.0,0.0,.000,0.9,2.5,.380,.378,0.8,1.0,.772,1.0,1.7,2.7,0.3,0.3,0.5,0.6,1.8,2.7)
(1998,222,Tim Legler,SG,31,WAS,8,0,9.5,0.4,2.4,.158,0.0,0.8,.000,0.4,1.6,.231,.158,0.4,0.5,.750,0.3,0.3,0.5,0.4,0.1,0.0,0.5,1.4,1.1)
(1998,226,Horacio Llamas Grey,C,24,PHO,8,0,5.3,1.0,2.6,.381,0.1,0.4,.333,0.9,2.3,.389,.405,0.9,1.3,.700,0.5,1.8,2.3,0.1,0.1,0.4,1.1,1.8,3.0)
(1998,230,George Lynch,SF,27,VAN,82,0,18.2,3.0,6.3,.481,0.1,0.4,.300,2.9,5.9,.492,.489,1.4,1.9,.703,1.8,2.6,4.4,1.5,0.8,0.5,1.3,2.0,7.5)
(1998,234,Rick Mahorn,C,39,DET,59,0,12.0,1.0,2.2,.457,0.0,0.0,,1.0,2.2,.457,.457,0.4,0.6,.676,1.1,2.2,3.3,0.3,0.2,0.1,0.6,2.1,2.4)
(1998,238,Danny Manning,PF,31,PHO,70,11,25.6,5.6,10.8,.516,0.0,0.1,.000,5.6,10.7,.521,.516,2.4,3.2,.739,1.6,4.0,5.6,2.0,1.0,0.7,1.4,2.9,13.5)
(1998,241,Darrick Martin,PG,26,LAC,82,63,28.0,3.4,8.9,.377,1.3,3.6,.365,2.0,5.3,.384,.450,2.2,2.6,.848,0.2,1.8,2.0,4.0,1.0,0.1,1.9,2.4,10.3)
(1998,245,Vernon Maxwell,SG,32,TOT,42,0,15.1,2.5,6.1,.399,0.9,2.7,.330,1.6,3.5,.452,.471,1.1,1.4,.800,0.3,1.0,1.4,1.2,0.4,0.1,1.0,1.7,6.9)
(1998,249,George McCloud,SF,30,PHO,63,13,19.3,2.7,6.8,.405,1.1,3.3,.341,1.6,3.5,.466,.488,0.6,0.8,.765,0.7,2.7,3.5,1.3,0.9,0.2,1.0,2.1,7.2)
(1998,253,Tracy McGrady,SF,18,TOR,64,17,18.4,2.8,6.2,.450,0.2,0.6,.341,2.6,5.6,.462,.467,1.2,1.7,.712,1.6,2.6,4.2,1.5,0.8,1.0,1.0,1.3,7.0)
(1998,257,Nate McMillan,SG,33,SEA,18,1,15.5,1.3,3.7,.343,0.8,1.9,.441,0.4,1.8,.242,.455,0.1,0.1,1.000,0.7,1.5,2.2,3.1,0.8,0.2,0.7,2.3,3.4)
(1998,Rk,Player,Pos,Age,Tm,G,GS,MP,FG,FGA,FG%,3P,3PA,3P%,2P,2PA,2P%,eFG%,FT,FTA,FT%,ORB,DRB,TRB,AST,STL,BLK,TOV,PF,PTS)
(1998,264,Terry Mills,PF,30,MIA,50,0,15.6,1.6,4.1,.393,0.5,1.6,.309,1.1,2.5,.448,.454,0.5,0.7,.758,0.7,2.4,3.0,0.8,0.4,0.2,0.9,2.6,4.2)
(1998,268,Chris Morris,SF,32,UTA,54,1,10.0,1.6,3.8,.411,0.4,1.1,.306,1.2,2.7,.455,.457,0.8,1.1,.721,0.6,1.5,2.1,0.4,0.5,0.3,0.6,1.1,4.3)
(1998,272,Eric Murdock,PG,29,MIA,82,1,17.0,2.2,5.1,.422,0.3,1.1,.308,1.8,4.0,.454,.456,1.5,1.9,.801,0.5,1.4,1.9,2.7,1.3,0.2,1.3,2.1,6.2)
(1998,276,Martin Muursepp,PF,23,DAL,41,7,14.7,2.0,4.7,.435,0.4,0.9,.421,1.6,3.7,.438,.476,1.2,1.6,.761,1.1,1.7,2.8,0.7,0.7,0.3,0.7,2.3,5.7)
(1998,280,Johnny Newman,SF,34,DEN,74,15,29.4,4.6,10.8,.431,0.5,1.4,.343,4.2,9.4,.444,.453,4.9,6.0,.820,0.7,1.2,1.9,1.9,1.0,0.3,2.0,2.8,14.7)
(1998,283,Jermaine O'Neal,PF,19,POR,60,9,13.5,1.9,3.9,.485,0.0,0.0,.000,1.9,3.8,.489,.485,0.8,1.5,.506,1.3,2.0,3.4,0.3,0.3,1.0,0.9,1.7,4.5)
(1998,287,Brian Oliver,SG,29,ATL,5,0,12.2,1.4,3.8,.368,0.0,0.0,,1.4,3.8,.368,.368,0.2,0.8,.250,0.6,1.2,1.8,0.4,0.2,0.0,0.2,0.8,3.0)
(1998,291,Bo Outlaw,PF,26,ORL,82,76,36.0,3.7,6.6,.554,0.0,0.0,.250,3.7,6.6,.557,.555,2.2,3.8,.575,3.1,4.7,7.8,2.6,1.3,2.2,2.1,3.2,9.5)
(1998,295,Anthony Parker,SG,22,PHI,37,0,5.3,0.7,1.7,.397,0.2,0.8,.321,0.4,0.9,.457,.468,0.4,0.5,.650,0.2,0.5,0.7,0.5,0.3,0.1,0.3,0.5,1.9)
(1998,299,Will Perdue,C,32,SAS,79,30,18.9,2.1,3.7,.549,0.0,0.0,.000,2.1,3.7,.551,.549,0.9,1.7,.526,2.2,4.5,6.8,0.7,0.3,0.6,1.0,1.7,5.0)
(1998,302,Chuck Person,PF,33,SAS,61,11,23.9,2.3,6.5,.359,1.6,4.5,.344,0.8,2.0,.393,.479,0.5,0.6,.757,0.3,3.1,3.3,1.4,0.5,0.2,1.1,2.0,6.7)
(1998,306,Ricky Pierce,SG,38,MIL,39,0,11.3,1.3,3.7,.364,0.1,0.3,.308,1.2,3.3,.369,.378,1.1,1.3,.827,0.5,0.7,1.2,0.9,0.2,0.0,0.5,0.9,3.9)
(1998,310,Mark Pope,SF,25,IND,28,0,6.9,0.5,1.5,.341,0.0,0.1,.333,0.5,1.4,.342,.354,0.4,0.6,.588,0.3,0.6,0.9,0.3,0.1,0.2,0.4,1.3,1.4)
(1998,314,Mark Price,PG,33,ORL,63,33,22.7,3.6,8.4,.431,0.8,2.5,.335,2.8,6.0,.471,.480,1.4,1.6,.845,0.4,1.7,2.0,4.7,0.8,0.1,2.6,1.5,9.5)
(1998,318,Khalid Reeves,PG,25,DAL,82,54,23.8,3.0,7.2,.418,0.7,1.9,.368,2.3,5.4,.435,.465,2.0,2.6,.775,0.7,1.6,2.3,2.8,1.0,0.1,1.6,2.4,8.7)
(1998,321,Shawn Respert,SG,25,TOT,57,4,16.0,2.3,5.1,.444,0.5,1.6,.333,1.7,3.5,.495,.497,0.8,1.1,.787,0.6,1.1,1.8,1.1,0.6,0.0,0.8,1.3,5.9)
(1998,325,Mitch Richmond*,SG,32,SAC,70,70,36.7,7.8,17.4,.445,1.9,4.8,.389,5.9,12.7,.466,.498,5.8,6.7,.864,0.7,2.6,3.3,4.0,1.3,0.2,2.6,2.2,23.2)
(1998,329,Chris Robinson,SG,23,TOT,35,0,11.8,1.9,5.0,.374,0.7,1.9,.364,1.2,3.1,.380,.443,0.2,0.5,.500,0.3,1.1,1.3,1.1,0.5,0.1,0.9,1.4,4.6)
(1998,333,James Robinson,PG,27,LAC,70,13,17.6,2.8,7.2,.389,1.1,3.2,.329,1.7,3.9,.438,.463,1.1,1.5,.720,0.5,1.1,1.6,1.9,0.5,0.1,1.4,1.4,7.7)
(1998,337,Rodney Rogers,SF,26,LAC,76,70,32.9,5.6,12.3,.456,0.9,2.8,.340,4.7,9.5,.490,.494,3.0,4.3,.686,2.0,3.5,5.6,2.7,1.2,0.5,2.5,3.2,15.1)
(1998,Rk,Player,Pos,Age,Tm,G,GS,MP,FG,FGA,FG%,3P,3PA,3P%,2P,2PA,2P%,eFG%,FT,FTA,FT%,ORB,DRB,TRB,AST,STL,BLK,TOV,PF,PTS)
(1998,344,Bryon Russell,SF,27,UTA,82,7,27.1,2.8,6.4,.430,0.9,2.6,.341,1.9,3.8,.492,.500,2.6,3.4,.766,1.0,3.0,4.0,1.2,1.1,0.4,1.0,2.8,9.0)
(1998,348,Detlef Schrempf,SF,35,SEA,78,78,35.2,5.6,11.5,.487,0.8,1.9,.415,4.8,9.6,.501,.521,3.8,4.5,.844,1.7,5.4,7.1,4.4,0.8,0.2,2.2,2.6,15.8)
(1998,352,Malik Sealy,SF,27,DET,77,10,21.3,2.8,6.6,.428,0.1,0.5,.220,2.7,6.0,.446,.437,1.9,2.4,.824,0.6,2.2,2.8,1.3,0.8,0.3,1.0,2.0,7.7)
(1998,356,Dickey Simpkins,PF,25,TOT,40,0,10.8,1.2,2.2,.539,0.0,0.1,.000,1.2,2.2,.552,.539,0.9,1.8,.514,0.7,1.3,1.9,0.8,0.2,0.1,0.8,1.4,3.3)
(1998,360,Michael Smith,PF,25,TOT,48,33,21.9,1.9,4.0,.479,0.0,0.0,.000,1.9,4.0,.482,.479,1.4,2.1,.631,2.5,3.9,6.4,1.8,0.9,0.3,1.1,2.0,5.2)
(1998,363,Rik Smits,C,31,IND,73,69,28.6,7.0,14.2,.495,0.0,0.0,.000,7.0,14.2,.497,.495,2.6,3.3,.783,1.7,5.2,6.9,1.4,0.5,1.2,1.8,3.3,16.7)
(1998,367,Jerry Stackhouse,SG-SF,23,TOT,79,37,32.2,5.4,12.3,.435,0.6,2.5,.241,4.8,9.9,.483,.459,4.5,5.7,.787,1.3,2.0,3.4,3.1,1.1,0.7,2.8,2.2,15.8)
(1998,371,Michael Stewart,C,22,SAC,81,37,21.7,1.9,4.0,.480,0.0,0.0,,1.9,4.0,.480,.480,0.8,1.8,.458,2.4,4.2,6.6,0.8,0.4,2.4,1.0,3.1,4.6)
(1998,375,Damon Stoudamire,PG,24,TOT,71,71,40.0,6.3,15.4,.411,1.3,4.3,.299,5.0,11.1,.454,.452,3.4,4.0,.829,1.2,3.0,4.2,8.2,1.6,0.1,3.1,2.1,17.3)
(1998,379,Derek Strong,PF,29,ORL,58,8,28.2,4.5,10.6,.420,0.0,0.1,.000,4.5,10.6,.423,.420,3.8,4.8,.781,2.6,4.7,7.4,0.9,0.5,0.4,1.3,2.1,12.7)
(1998,382,Johnny Taylor,SF,23,ORL,12,0,9.0,1.1,3.1,.351,0.1,0.2,.500,1.0,2.9,.343,.365,0.9,1.3,.688,0.3,0.8,1.1,0.1,0.3,0.2,0.7,1.8,3.2)
(1998,386,Kurt Thomas,PF,25,DAL,5,0,14.6,3.4,9.0,.378,0.0,0.0,,3.4,9.0,.378,.378,0.6,0.6,1.000,1.6,3.2,4.8,0.6,0.2,0.0,2.0,3.8,7.4)
(1998,390,Gary Trent,PF,23,TOT,54,20,25.2,4.5,9.4,.477,0.1,0.2,.333,4.4,9.1,.481,.481,2.7,3.9,.679,2.3,4.0,6.3,1.3,0.6,0.5,1.7,3.0,11.7)
(1998,394,Jacque Vaughn,PG,22,UTA,45,0,9.3,1.0,2.7,.361,0.1,0.2,.375,0.9,2.5,.360,.373,1.1,1.5,.706,0.1,0.8,0.8,1.9,0.2,0.0,1.2,1.4,3.1)
(1998,398,Samaki Walker,PF,21,DAL,41,19,25.0,3.8,7.8,.486,0.0,0.0,.000,3.8,7.8,.488,.486,1.3,2.4,.546,2.3,5.0,7.4,0.6,0.7,1.0,1.5,3.1,8.9)
(1998,401,Rasheed Wallace,PF,23,POR,77,77,37.6,6.1,11.4,.533,0.1,0.5,.205,5.9,10.9,.548,.537,2.4,3.6,.662,1.7,4.5,6.2,2.5,1.0,1.1,2.2,3.5,14.6)
(1998,405,Clarence Weatherspoon,PF,27,TOT,79,49,29.4,3.4,7.7,.441,0.0,0.0,,3.4,7.7,.441,.441,2.5,3.5,.722,2.5,5.0,7.5,1.1,1.1,0.9,1.5,2.5,9.3)
(1998,409,Bill Wennington,C,34,CHI,48,8,9.7,1.6,3.6,.436,0.0,0.0,,1.6,3.6,.436,.436,0.4,0.4,.810,0.7,1.0,1.7,0.4,0.1,0.1,0.3,1.6,3.5)
(1998,413,DeJuan Wheat,PG,24,MIN,34,0,4.4,0.6,1.5,.400,0.2,0.5,.471,0.4,1.0,.364,.480,0.3,0.4,.600,0.1,0.2,0.3,0.7,0.2,0.0,0.3,0.4,1.7)
(1998,417,Aaron Williams,PF,26,SEA,65,9,11.6,1.8,3.4,.523,0.0,0.0,.000,1.8,3.4,.525,.523,1.0,1.3,.776,0.7,1.5,2.3,0.2,0.3,0.6,0.8,1.8,4.6)
(1998,Rk,Player,Pos,Age,Tm,G,GS,MP,FG,FGA,FG%,3P,3PA,3P%,2P,2PA,2P%,eFG%,FT,FTA,FT%,ORB,DRB,TRB,AST,STL,BLK,TOV,PF,PTS)
(1998,424,Jayson Williams,C,29,NJN,65,65,36.0,4.9,9.9,.498,0.0,0.1,.000,4.9,9.9,.501,.498,3.0,4.5,.666,6.8,6.8,13.6,1.0,0.7,0.8,1.5,3.6,12.9)
(1998,428,Monty Williams,SF,26,SAS,72,16,18.3,2.3,5.1,.448,0.0,0.0,.500,2.3,5.1,.448,.450,1.7,2.5,.670,0.9,1.6,2.5,1.2,0.5,0.3,1.1,1.8,6.3)
(1998,432,Corliss Williamson,SF,24,SAC,79,75,35.7,7.1,14.4,.495,0.0,0.1,.000,7.1,14.2,.499,.495,3.5,5.6,.630,2.1,3.6,5.6,2.9,1.0,0.6,2.5,3.2,17.7)
(1998,436,Joe Wolf,PF,33,DEN,57,8,10.9,0.7,2.1,.331,0.0,0.2,.200,0.7,1.9,.342,.339,0.1,0.2,.500,0.6,1.6,2.2,0.5,0.4,0.1,0.4,1.6,1.5)
