(1998,2,Tariq Abdul-Wahad,SG,23,SAC,59,16,16.3,2.4,6.1,.403,0.1,0.3,.211,2.4,5.7,.414,.409,1.4,2.1,.672,0.7,1.2,2.0,0.9,0.6,0.2,1.1,1.4,6.4)
(1998,6,Derek Anderson,SF,23,CLE,66,13,27.9,3.6,8.9,.408,0.3,1.3,.202,3.4,7.6,.442,.422,4.2,4.8,.873,0.8,2.0,2.8,3.4,1.3,0.2,1.9,2.1,11.7)
(1998,10,Shandon Anderson,SG,24,UTA,82,2,19.5,3.3,6.1,.538,0.1,0.4,.219,3.2,5.7,.560,.545,1.7,2.3,.735,1.0,1.7,2.8,1.1,0.8,0.2,1.1,1.8,8.3)
(1998,14,Darrell Armstrong,PG,29,ORL,48,17,25.8,3.3,7.9,.411,0.5,1.4,.368,2.7,6.5,.420,.443,2.2,2.6,.854,1.4,2.0,3.3,4.9,1.2,0.1,2.3,2.0,9.2)
(1998,18,Isaac Austin,C,28,TOT,78,50,29.1,5.2,11.2,.466,0.0,0.1,.000,5.2,11.1,.470,.466,3.1,4.7,.669,2.6,4.6,7.1,2.2,0.8,0.7,2.6,3.0,13.5)
(1998,21,Dana Barros,PG,30,BOS,80,15,21.1,3.5,7.6,.461,1.3,3.1,.407,2.3,4.5,.499,.544,1.5,1.8,.847,0.4,1.6,1.9,3.6,1.0,0.1,1.3,1.6,9.8)
(1998,25,Tony Battie,PF,21,DEN,65,49,23.2,3.6,8.1,.446,0.0,0.2,.214,3.6,7.9,.452,.449,1.1,1.6,.702,2.1,3.3,5.4,0.9,0.8,1.1,1.5,3.1,8.4)
(1998,29,David Benoit,SF,29,TOT,77,0,14.6,2.0,5.3,.373,0.7,2.2,.324,1.3,3.1,.408,.440,0.8,1.0,.824,0.8,1.9,2.6,0.3,0.5,0.3,0.7,2.0,5.5)
(1998,33,Corie Blount,PF,29,LAL,70,3,14.7,1.5,2.7,.572,0.0,0.1,.000,1.5,2.6,.585,.572,0.6,1.1,.500,1.6,2.6,4.3,0.5,0.4,0.4,0.7,2.2,3.6)
(1998,37,Bruce Bowen,SF,26,BOS,61,9,21.4,2.0,4.9,.409,0.3,1.0,.339,1.7,3.9,.427,.443,1.2,2.0,.623,1.3,1.6,2.9,1.3,1.4,0.5,0.9,2.9,5.6)
(1998,Rk,Player,Pos,Age,Tm,G,GS,MP,FG,FGA,FG%,3P,3PA,3P%,2P,2PA,2P%,eFG%,FT,FTA,FT%,ORB,DRB,TRB,AST,STL,BLK,TOV,PF,PTS)
(1998,44,Dee Brown,SG,29,TOT,72,12,23.9,3.4,7.8,.438,1.5,3.8,.399,1.9,4.0,.474,.534,0.8,1.0,.817,0.3,1.8,2.1,2.1,1.1,0.3,1.0,1.7,9.1)
(1998,48,Kobe Bryant,SG,19,LAL,79,1,26.0,4.9,11.6,.428,0.9,2.8,.341,4.0,8.8,.456,.469,4.6,5.8,.794,1.0,2.1,3.1,2.5,0.9,0.5,2.0,2.3,15.4)
(1998,52,Scott Burrell,SF,27,CHI,80,3,13.7,2.0,4.7,.424,0.6,1.8,.354,1.4,2.9,.468,.492,0.6,0.8,.734,1.0,1.5,2.5,0.8,0.8,0.5,0.6,1.6,5.2)
(1998,56,Michael Cage,C,36,NJN,79,17,15.2,0.5,1.1,.512,0.0,0.0,.000,0.5,1.1,.518,.512,0.3,0.5,.556,1.5,2.4,3.9,0.4,0.6,0.6,0.3,1.3,1.3)
(1998,60,Antoine Carr,PF,36,UTA,66,8,16.5,2.3,4.9,.465,0.0,0.0,,2.3,4.9,.465,.465,1.2,1.5,.776,0.6,1.3,2.0,0.7,0.2,0.8,0.7,3.0,5.7)
(1998,63,Kelvin Cato,C,23,POR,74,8,13.6,1.3,3.1,.428,0.0,0.0,.000,1.3,3.1,.434,.428,1.2,1.7,.688,1.2,2.2,3.4,0.3,0.4,1.3,0.6,2.2,3.8)
(1998,67,Rex Chapman,SG,30,PHO,68,67,33.3,6.0,14.1,.427,1.8,4.6,.386,4.2,9.5,.447,.490,2.1,2.8,.781,0.4,2.1,2.5,3.0,1.0,0.2,1.7,1.5,15.9)
(1998,71,Doug Christie,SG,27,TOR,78,78,37.7,5.9,13.7,.428,1.3,3.9,.326,4.6,9.8,.469,.474,3.5,4.2,.829,1.2,4.0,5.2,3.6,2.4,0.7,2.9,2.5,16.5)
(1998,75,James Collins,SG,24,LAC,23,0,4.5,0.9,2.4,.382,0.4,0.9,.450,0.5,1.5,.343,.464,0.3,0.6,.571,0.3,0.3,0.6,0.1,0.3,0.1,0.3,0.5,2.6)
(1998,79,Chris Crawford,PF,22,ATL,40,0,6.4,1.2,2.8,.418,0.0,0.1,.333,1.1,2.7,.421,.423,1.4,1.7,.838,0.5,0.5,1.0,0.2,0.3,0.2,0.5,0.7,3.8)
(1998,82,Terry Cummings,PF,36,TOT,74,3,16.0,2.7,5.8,.467,0.0,0.0,.000,2.7,5.8,.468,.467,0.9,1.3,.684,1.3,2.5,3.8,0.6,0.5,0.1,0.7,2.4,6.3)
(1998,86,Michael Curry,SG,29,MIL,82,27,24.1,2.4,5.1,.469,0.0,0.1,.444,2.3,5.0,.469,.474,1.8,2.1,.835,0.3,0.9,1.2,1.7,0.7,0.2,0.9,2.7,6.6)
(1998,90,Yinka Dare,C,25,NJN,10,0,6.0,0.4,1.8,.222,0.0,0.0,,0.4,1.8,.222,.222,0.4,0.8,.500,1.0,0.7,1.7,0.1,0.0,0.2,0.2,0.9,1.2)
(1998,94,Emanual Davis,PG,29,HOU,45,0,13.3,1.4,3.2,.444,0.6,1.6,.375,0.8,1.6,.514,.539,0.7,0.8,.838,0.2,0.8,1.0,1.3,0.4,0.1,1.2,1.2,4.1)
(1998,98,Todd Day,SG,28,MIA,5,0,13.8,2.2,6.2,.355,0.4,2.4,.167,1.8,3.8,.474,.387,1.2,1.8,.667,0.8,0.4,1.2,1.4,1.4,0.0,0.6,2.0,6.0)
(1998,101,Vinny Del Negro,SG,31,SAS,54,38,31.9,3.9,8.9,.441,0.3,0.7,.436,3.6,8.1,.441,.458,1.4,1.7,.796,0.2,2.6,2.8,3.4,0.7,0.1,1.0,2.1,9.5)
(1998,105,Sherman Douglas,PG,31,NJN,80,11,21.2,3.2,6.4,.495,0.2,0.6,.304,3.0,5.9,.514,.509,1.4,2.2,.669,0.7,1.0,1.7,4.0,0.7,0.1,1.4,2.0,8.0)
(1998,109,Tony Dumas,SG,25,CLE,7,0,6.7,0.9,1.7,.500,0.3,0.6,.500,0.6,1.1,.500,.583,0.0,0.4,.000,0.1,0.6,0.7,0.7,0.0,0.0,0.7,0.7,2.0)
(1998,113,Blue Edwards,SG,32,VAN,81,20,24.3,4.0,9.2,.439,0.5,1.5,.333,3.5,7.7,.460,.466,2.2,2.7,.837,0.8,1.9,2.7,2.5,1.1,0.3,1.7,2.3,10.8)
(1998,117,Sean Elliott,SF,29,SAS,36,36,28.1,3.4,8.4,.403,0.9,2.5,.378,2.4,5.9,.413,.459,1.6,2.2,.718,0.4,3.0,3.4,1.7,0.7,0.4,1.6,2.6,9.3)
(1998,Rk,Player,Pos,Age,Tm,G,GS,MP,FG,FGA,FG%,3P,3PA,3P%,2P,2PA,2P%,eFG%,FT,FTA,FT%,ORB,DRB,TRB,AST,STL,BLK,TOV,PF,PTS)
(1998,124,Tony Farmer,C,28,CHH,27,2,6.3,0.6,2.0,.321,0.1,0.3,.222,0.6,1.6,.341,.340,1.1,1.4,.795,0.6,0.6,1.2,0.2,0.4,0.1,0.3,0.9,2.5)
(1998,128,Michael Finley,SF,24,DAL,82,82,41.4,8.2,18.4,.449,1.1,3.0,.357,7.2,15.4,.466,.477,4.0,5.1,.784,1.8,3.5,5.3,4.9,1.6,0.4,2.7,2.0,21.5)
(1998,132,Rick Fox,SF,28,LAL,82,82,33.0,4.4,9.4,.471,1.0,3.2,.325,3.4,6.2,.547,.527,2.1,2.8,.743,1.0,3.4,4.4,3.4,1.2,0.6,2.5,3.8,12.0)
(1998,136,Chris Garner,PG,22,TOR,38,0,7.7,0.6,1.8,.329,0.1,0.4,.286,0.5,1.5,.339,.357,0.1,0.2,.429,0.2,0.4,0.6,1.2,0.6,0.1,0.7,1.3,1.4)
(1998,140,Chris Gatling,PF,30,NJN,57,16,23.8,4.4,9.6,.455,0.0,0.1,.250,4.3,9.5,.457,.456,2.8,4.6,.600,2.1,3.8,5.9,0.9,0.9,0.5,1.7,2.7,11.5)
(1998,143,Kendall Gill,SF,29,NJN,81,81,33.7,5.2,12.0,.429,0.3,1.2,.257,4.8,10.8,.449,.443,2.8,4.0,.688,1.4,3.4,4.8,2.5,1.9,0.8,1.5,3.3,13.4)
(1998,147,Brian Grant,SF,25,POR,61,49,31.5,4.6,9.1,.508,0.0,0.0,.000,4.6,9.1,.509,.508,2.8,3.7,.750,3.2,5.9,9.1,1.4,0.7,0.7,1.8,3.0,12.1)
(1998,151,Ed Gray,SG,22,ATL,30,3,15.7,2.6,6.7,.381,0.6,1.5,.391,2.0,5.2,.378,.426,1.8,2.2,.846,0.3,1.2,1.5,1.1,0.5,0.4,1.0,2.4,7.6)
(1998,155,Derek Grimm,SF,23,SAC,9,0,3.8,0.4,1.6,.286,0.4,1.3,.333,0.0,0.2,.000,.429,0.2,0.2,1.000,0.0,0.4,0.4,0.0,0.3,0.1,0.3,0.7,1.6)
(1998,159,Tom Hammonds,PF,30,MIN,57,2,20.0,2.2,4.3,.516,0.0,0.0,.000,2.2,4.3,.518,.516,1.6,2.3,.697,1.8,3.0,4.8,0.6,0.3,0.3,0.8,2.2,6.1)
(1998,162,Tim Hardaway,PG,31,MIA,81,81,37.4,6.9,16.0,.431,1.9,5.5,.351,5.0,10.5,.472,.490,3.2,4.1,.781,0.6,3.1,3.7,8.3,1.7,0.2,2.8,2.5,18.9)
(1998,166,Lucious Harris,SG,27,NJN,50,0,13.4,1.4,3.5,.390,0.2,0.8,.308,1.1,2.8,.413,.424,0.8,1.1,.745,0.4,0.6,1.0,0.8,0.8,0.1,0.4,1.5,3.8)
(1998,170,Mark Hendrickson,PF,23,SAC,48,1,15.4,1.2,3.1,.389,0.0,0.1,.000,1.2,3.0,.403,.389,1.0,1.2,.825,0.7,2.3,3.0,0.9,0.5,0.2,0.6,1.3,3.4)
(1998,174,Grant Hill,SF,25,DET,81,81,40.7,7.6,16.8,.452,0.0,0.3,.143,7.6,16.5,.457,.453,5.9,8.0,.740,1.1,6.5,7.7,6.8,1.8,0.7,3.5,2.4,21.1)
(1998,178,Jeff Hornacek,SG,34,UTA,80,80,30.8,5.0,10.4,.482,0.7,1.6,.441,4.3,8.8,.489,.516,3.6,4.0,.885,0.8,2.6,3.4,4.4,1.4,0.2,1.7,2.2,14.2)
(1998,181,Juwan Howard,PF,24,WAS,64,64,40.0,7.2,15.5,.467,0.0,0.0,.000,7.2,15.5,.468,.467,4.0,5.6,.721,2.5,4.5,7.0,3.3,1.3,0.4,2.9,3.5,18.5)
(1998,185,Bobby Hurley,PG,26,TOT,61,3,14.3,1.5,3.9,.391,0.1,0.4,.227,1.4,3.5,.407,.401,1.0,1.2,.776,0.2,0.9,1.1,2.9,0.4,0.0,1.4,1.3,4.1)
(1998,189,Jaren Jackson,SG,30,SAS,82,45,27.1,3.1,8.0,.394,1.4,3.6,.377,1.8,4.4,.409,.480,1.1,1.4,.797,0.7,1.9,2.6,1.9,0.7,0.1,1.3,2.7,8.8)
(1998,193,Anthony Johnson,PG,23,SAC,77,62,29.4,2.9,7.9,.371,0.5,1.7,.328,2.4,6.2,.383,.406,1.0,1.4,.727,0.7,1.6,2.2,4.3,0.8,0.1,1.6,2.4,7.5)
(1998,197,Kevin Johnson,PG,31,PHO,50,12,25.8,3.1,6.9,.447,0.1,0.5,.154,3.0,6.4,.470,.452,3.2,3.7,.871,0.7,2.6,3.3,4.9,0.5,0.2,2.0,1.1,9.5)
(1998,Rk,Player,Pos,Age,Tm,G,GS,MP,FG,FGA,FG%,3P,3PA,3P%,2P,2PA,2P%,eFG%,FT,FTA,FT%,ORB,DRB,TRB,AST,STL,BLK,TOV,PF,PTS)
(1998,204,Reggie Jordan,SG,30,MIN,57,1,8.5,0.9,2.0,.478,0.0,0.0,.000,0.9,2.0,.482,.478,0.7,1.3,.569,1.0,0.7,1.7,0.9,0.6,0.2,0.5,1.1,2.6)
(1998,208,Steve Kerr,PG,32,CHI,50,0,22.4,2.7,6.0,.454,1.1,2.6,.438,1.6,3.4,.465,.548,0.9,1.0,.918,0.3,1.3,1.5,1.9,0.5,0.1,0.5,1.4,7.5)
(1998,212,Joe Kleine,C,36,CHI,46,1,8.6,0.8,2.3,.368,0.0,0.0,,0.8,2.3,.368,.368,0.3,0.4,.833,0.6,1.1,1.7,0.7,0.1,0.1,0.6,1.4,2.0)
(1998,216,Christian Laettner,PF,28,ATL,74,49,30.8,4.8,9.9,.485,0.1,0.4,.222,4.7,9.5,.495,.489,4.1,4.8,.864,1.9,4.7,6.6,2.6,1.0,1.0,2.5,3.3,13.8)
(1998,220,Priest Lauderdale,C,24,DEN,39,0,8.8,1.4,3.3,.417,0.0,0.0,,1.4,3.3,.417,.417,1.0,1.8,.551,0.7,1.9,2.6,0.5,0.2,0.4,1.2,1.6,3.7)
(1998,221,Jason Lawson,C,23,ORL,17,0,4.7,0.5,0.9,.600,0.0,0.0,,0.5,0.9,.600,.600,0.5,0.6,.800,0.5,1.1,1.6,0.3,0.2,0.2,0.1,0.8,1.5)
(1998,225,Randy Livingston,PG,22,ATL,12,0,6.8,0.3,1.0,.250,0.0,0.0,,0.3,1.0,.250,.250,0.3,0.4,.800,0.1,0.4,0.5,0.4,0.6,0.2,0.5,0.5,0.8)
(1998,229,Luc Longley,C,29,CHI,58,58,29.4,4.8,10.5,.455,0.0,0.0,,4.8,10.5,.455,.455,1.9,2.6,.736,1.9,3.9,5.9,2.8,0.6,1.1,2.2,3.6,11.4)
(1998,233,Gerald Madkins,SG,28,GSW,19,0,12.8,0.7,1.8,.382,0.3,0.8,.400,0.4,1.0,.368,.471,0.3,0.4,.714,0.1,0.7,0.8,2.4,0.7,0.1,0.7,0.9,1.9)
(1998,237,Matt Maloney,PG,26,HOU,78,78,28.4,3.1,7.5,.408,1.6,4.4,.364,1.4,3.1,.471,.515,0.8,1.0,.833,0.2,1.6,1.8,2.8,0.8,0.1,1.4,1.3,8.6)
(1998,Rk,Player,Pos,Age,Tm,G,GS,MP,FG,FGA,FG%,3P,3PA,3P%,2P,2PA,2P%,eFG%,FT,FTA,FT%,ORB,DRB,TRB,AST,STL,BLK,TOV,PF,PTS)
(1998,244,Tony Massenburg,C,30,VAN,61,13,14.7,2.4,5.1,.479,0.0,0.0,,2.4,5.1,.479,.479,1.6,2.2,.730,1.3,2.5,3.8,0.3,0.4,0.4,1.0,2.0,6.5)
(1998,248,Walter McCarty,SF,23,BOS,82,64,28.5,3.6,8.9,.404,0.7,2.1,.309,2.9,6.8,.434,.441,1.8,2.4,.742,1.7,2.7,4.4,2.2,1.3,0.5,1.7,3.3,9.6)
(1998,252,Antonio McDyess,PF,23,PHO,81,81,30.1,6.1,11.4,.536,0.0,0.0,.000,6.1,11.4,.537,.536,2.9,4.1,.702,2.5,5.0,7.6,1.3,1.2,1.7,1.8,3.6,15.1)
(1998,256,Aaron McKie,SG-SF,25,TOT,81,32,22.4,1.7,4.7,.365,0.1,0.8,.190,1.6,3.9,.399,.381,0.5,0.7,.764,0.7,2.1,2.9,2.2,1.2,0.2,0.9,2.0,4.1)
(1998,260,Anthony Miller,PF,26,ATL,37,0,6.2,0.8,1.4,.558,0.0,0.0,,0.8,1.4,.558,.558,0.6,1.1,.538,0.8,1.1,1.9,0.1,0.4,0.1,0.4,1.1,2.1)
(1998,263,Chris Mills,SF,28,NYK,80,29,27.3,3.7,8.4,.433,0.5,1.7,.292,3.2,6.7,.468,.462,1.9,2.4,.804,1.5,3.6,5.1,1.7,0.6,0.4,1.3,2.7,9.7)
(1998,267,Eric Montross,C,26,TOT,48,30,14.4,1.3,3.0,.424,0.0,0.0,,1.3,3.0,.424,.424,0.3,0.8,.400,1.4,2.7,4.1,0.2,0.3,0.6,0.6,2.6,2.9)
(1998,271,Chris Mullin*,SF,34,IND,82,82,26.5,4.1,8.4,.481,1.3,3.0,.440,2.8,5.5,.503,.559,1.9,2.0,.939,0.5,2.6,3.0,2.3,1.2,0.5,1.4,2.3,11.3)
(1998,275,Dikembe Mutombo*,C,31,ATL,82,82,35.6,4.9,9.1,.537,0.0,0.0,,4.9,9.1,.537,.537,3.7,5.5,.670,3.4,8.0,11.4,1.0,0.4,3.4,2.0,3.1,13.4)
(1998,279,Ivano Newbill,PF,27,VAN,28,2,8.9,0.7,2.0,.351,0.0,0.0,1.000,0.7,2.0,.339,.360,0.6,1.1,.567,0.9,1.6,2.5,0.3,0.4,0.1,0.6,1.4,2.1)
(1998,282,Charles O'Bannon,SG,22,DET,30,0,7.8,0.9,2.3,.377,0.0,0.1,.000,0.9,2.2,.394,.377,0.4,0.5,.800,0.5,0.6,1.1,0.6,0.3,0.0,0.3,0.5,2.1)
(1998,286,Hakeem Olajuwon*,C,35,HOU,47,45,34.7,6.5,13.5,.483,0.0,0.1,.000,6.5,13.4,.486,.483,3.4,4.5,.755,2.5,7.3,9.8,3.0,1.8,2.0,2.7,3.2,16.4)
(1998,290,Greg Ostertag,C,24,UTA,63,23,20.4,1.8,3.8,.481,0.0,0.0,,1.8,3.8,.481,.481,1.1,2.2,.479,2.1,3.8,5.9,0.4,0.4,2.1,1.2,2.6,4.7)
(1998,294,Robert Pack,PG,28,DAL,12,10,24.3,2.8,8.2,.337,0.3,0.5,.500,2.5,7.7,.326,.352,2.1,3.0,.694,0.7,2.2,2.8,3.5,1.7,0.1,3.2,1.4,7.8)
(1998,298,Anthony Peeler,SG,28,TOT,38,32,31.4,5.0,11.1,.452,1.4,3.3,.424,3.6,7.8,.464,.515,0.9,1.2,.766,1.0,2.3,3.2,3.6,1.6,0.2,1.3,2.6,12.3)
(1998,301,Elliot Perry,PG,28,MIL,81,33,21.6,3.0,6.9,.430,0.2,0.6,.340,2.8,6.3,.438,.445,1.1,1.3,.844,0.3,1.1,1.3,2.8,1.1,0.0,1.6,1.6,7.3)
(1998,305,Eric Piatkowski,SG,27,LAC,67,35,26.0,3.8,8.5,.452,1.6,3.9,.409,2.3,4.6,.489,.546,2.1,2.5,.824,1.0,2.5,3.5,1.3,0.8,0.2,1.2,2.0,11.3)
(1998,309,Olden Polynice,C,33,SAC,70,25,20.8,3.6,7.7,.459,0.0,0.0,.000,3.6,7.7,.460,.459,0.7,1.6,.452,2.5,3.8,6.3,1.5,0.5,0.6,1.4,2.3,7.9)
(1998,313,Brent Price,PG,29,HOU,72,2,18.5,1.8,4.3,.413,1.0,2.6,.390,0.8,1.7,.447,.531,1.1,1.4,.786,0.5,1.0,1.5,2.7,0.7,0.1,1.5,2.3,5.6)
(1998,317,Bryant Reeves,C,24,VAN,74,74,34.1,6.6,12.7,.523,0.0,0.1,.000,6.6,12.7,.525,.523,3.0,4.3,.706,2.6,5.3,7.9,2.1,0.5,1.1,2.1,3.8,16.3)
(1998,Rk,Player,Pos,Age,Tm,G,GS,MP,FG,FGA,FG%,3P,3PA,3P%,2P,2PA,2P%,eFG%,FT,FTA,FT%,ORB,DRB,TRB,AST,STL,BLK,TOV,PF,PTS)
(1998,324,Pooh Richardson,PG,31,LAC,69,17,18.1,1.8,4.8,.372,0.2,0.8,.193,1.6,4.0,.409,.389,0.4,0.6,.698,0.2,1.1,1.4,3.3,0.6,0.0,0.8,1.0,4.2)
(1998,328,Stanley Roberts,C,27,MIN,74,44,17.9,2.6,5.2,.495,0.0,0.0,,2.6,5.2,.495,.495,1.0,2.1,.481,1.5,3.4,4.9,0.4,0.3,1.0,0.9,3.1,6.2)
(1998,332,Glenn Robinson,SF,25,MIL,56,56,41.0,9.5,20.3,.470,0.4,1.2,.385,9.1,19.1,.475,.481,3.8,4.8,.808,1.5,4.0,5.5,2.8,1.2,0.6,3.6,2.9,23.4)
(1998,336,Carlos Rogers,PF,26,TOT,21,0,17.9,2.2,4.3,.516,0.0,0.1,.000,2.2,4.2,.528,.516,0.9,1.5,.563,1.7,1.5,3.2,0.9,0.5,0.4,0.7,1.7,5.3)
(1998,340,Jalen Rose,SF,25,IND,82,0,20.8,3.5,7.4,.478,0.3,0.9,.342,3.2,6.5,.496,.498,2.0,2.8,.728,0.3,2.0,2.4,1.9,0.7,0.2,1.6,2.1,9.4)
(1998,343,Clifford Rozier,C,25,MIN,6,0,5.0,0.5,1.0,.500,0.0,0.0,,0.5,1.0,.500,.500,0.0,0.2,.000,0.5,0.5,1.0,0.0,0.0,0.0,0.7,1.2,1.0)
(1998,347,Danny Schayes,C,38,ORL,74,33,17.2,2.1,5.0,.418,0.0,0.0,,2.1,5.0,.418,.418,1.3,1.6,.807,1.3,2.0,3.3,0.6,0.5,0.4,0.8,2.5,5.5)
(1998,351,Shea Seals,SG,22,LAL,4,0,2.3,0.3,2.0,.125,0.0,0.8,.000,0.3,1.3,.200,.125,0.5,1.0,.500,0.8,0.3,1.0,0.0,0.3,0.0,0.0,0.3,1.0)
(1998,355,Brian Shaw,PG,31,TOT,59,34,25.9,2.6,7.6,.345,0.5,1.6,.295,2.1,5.9,.359,.377,0.6,0.9,.692,0.6,3.0,3.6,4.4,0.8,0.3,1.7,2.5,6.3)
(1998,359,Joe Smith,PF,22,TOT,79,55,29.7,5.9,13.5,.434,0.0,0.1,.000,5.9,13.4,.437,.434,2.9,3.7,.775,2.5,3.4,6.0,1.2,0.8,0.6,2.0,3.3,14.6)
(1998,362,Tony Smith,PG,29,MIL,7,0,11.4,1.1,3.4,.333,0.0,0.6,.000,1.1,2.9,.400,.333,0.4,0.6,.750,0.6,0.4,1.0,1.4,0.7,0.3,1.3,1.0,2.7)
(1998,366,Latrell Sprewell,SG,27,GSW,14,13,39.1,7.9,19.8,.397,0.6,3.4,.188,7.2,16.4,.441,.413,5.0,6.7,.745,0.5,3.1,3.6,4.9,1.4,0.4,3.1,1.9,21.4)
(1998,370,Kebu Stewart,PF,24,PHI,15,0,7.3,0.8,1.7,.462,0.0,0.0,,0.8,1.7,.462,.462,1.1,1.7,.640,0.6,1.5,2.1,0.1,0.3,0.1,0.5,0.9,2.7)
(1998,374,Ed Stokes,C,26,TOR,4,0,4.3,0.3,0.8,.333,0.0,0.0,,0.3,0.8,.333,.333,0.3,0.5,.500,0.3,0.8,1.0,0.3,0.3,0.5,0.5,1.0,0.8)
(1998,378,Rod Strickland,PG,31,WAS,76,76,39.7,6.4,14.9,.434,0.2,0.6,.250,6.3,14.2,.442,.439,4.7,6.5,.726,1.5,3.9,5.3,10.5,1.7,0.3,3.5,2.4,17.8)
(1998,381,Zan Tabak,C,27,TOT,57,34,17.3,2.5,5.3,.467,0.0,0.0,.000,2.5,5.3,.469,.467,0.4,1.1,.377,1.5,2.2,3.7,0.8,0.4,0.7,1.1,2.9,5.4)
(1998,385,John Thomas,PF,22,TOT,54,2,9.9,1.0,2.1,.487,0.0,0.0,,1.0,2.1,.487,.487,0.8,1.0,.759,0.9,1.1,2.0,0.3,0.4,0.2,0.9,1.8,2.8)
(1998,389,Otis Thorpe,PF,35,TOT,74,66,29.7,4.0,8.4,.471,0.0,0.1,.000,4.0,8.4,.475,.471,2.2,3.2,.683,2.0,5.2,7.3,3.0,0.6,0.4,2.1,3.2,10.2)
(1998,393,David Vaughn,PF,24,TOT,40,2,12.2,1.7,3.7,.446,0.0,0.0,.000,1.7,3.7,.449,.446,0.8,1.2,.638,1.3,2.5,3.8,0.5,0.4,0.3,1.0,2.1,4.1)
(1998,397,Antoine Walker,PF,21,BOS,82,82,39.9,8.8,20.8,.423,1.1,3.6,.312,7.7,17.2,.447,.450,3.7,5.8,.645,3.3,6.9,10.2,3.3,1.7,0.7,3.6,3.2,22.4)
(1998,Rk,Player,Pos,Age,Tm,G,GS,MP,FG,FGA,FG%,3P,3PA,3P%,2P,2PA,2P%,eFG%,FT,FTA,FT%,ORB,DRB,TRB,AST,STL,BLK,TOV,PF,PTS)
(1998,404,Eric Washington,SG,23,DEN,66,36,23.3,3.0,7.5,.404,0.7,2.1,.321,2.4,5.5,.435,.448,1.0,1.3,.783,0.7,1.2,1.9,1.2,0.8,0.4,1.1,2.2,7.7)
(1998,408,Bubba Wells,SG,23,DAL,39,2,10.1,1.2,3.0,.414,0.0,0.2,.167,1.2,2.8,.427,.418,0.8,1.1,.721,0.6,1.2,1.7,0.9,0.4,0.1,0.8,1.0,3.3)
(1998,412,Mark West,C,37,IND,15,1,7.0,0.7,1.4,.476,0.0,0.0,,0.7,1.4,.476,.476,0.2,0.4,.500,0.4,0.6,1.0,0.1,0.1,0.3,0.5,1.0,1.5)
(1998,416,Gerald Wilkins,SG,34,ORL,72,16,17.4,2.0,6.0,.325,0.4,1.5,.266,1.6,4.5,.345,.358,1.0,1.4,.704,0.2,1.0,1.3,1.1,0.5,0.1,1.1,1.1,5.3)
(1998,420,Buck Williams,PF,37,NYK,41,6,18.0,1.8,3.6,.503,0.0,0.0,,1.8,3.6,.503,.503,1.3,1.7,.732,1.9,2.6,4.5,0.5,0.4,0.4,0.9,2.3,4.9)
(1998,423,Hot Rod Williams,C,35,PHO,71,30,18.8,1.3,2.8,.470,0.0,0.0,,1.3,2.8,.470,.470,0.9,1.3,.699,1.5,2.9,4.4,0.7,0.5,0.8,0.4,1.9,3.6)
(1998,427,Micheal Williams,PG,31,MIN,25,0,6.4,0.6,1.9,.333,0.0,0.2,.000,0.6,1.8,.364,.333,1.3,1.3,.970,0.1,0.5,0.6,1.3,0.4,0.1,0.6,1.0,2.6)
(1998,431,Walt Williams,SF,27,TOT,59,17,24.9,3.6,9.2,.386,1.4,3.7,.365,2.2,5.5,.400,.460,1.8,2.1,.864,0.8,2.5,3.4,2.1,1.0,0.6,1.6,2.7,10.3)
(1998,435,Dontonio Wingfield,SF,23,POR,3,0,3.0,0.0,1.0,.000,0.0,0.0,,0.0,1.0,.000,.000,0.3,0.7,.500,0.7,0.7,1.3,0.0,0.0,0.0,0.3,0.7,0.3)
(1998,439,George Zidek,C,24,TOT,12,0,5.3,0.6,2.4,.241,0.1,0.2,.500,0.5,2.3,.222,.259,1.2,1.3,.875,0.3,1.1,1.4,0.2,0.0,0.2,0.3,0.8,2.4)
