(1998,Rk,Player,Pos,Age,Tm,G,GS,MP,FG,FGA,FG%,3P,3PA,3P%,2P,2PA,2P%,eFG%,FT,FTA,FT%,ORB,DRB,TRB,AST,STL,BLK,TOV,PF,PTS)
(1998,4,Cory Alexander,PG,24,TOT,60,22,21.6,2.9,6.7,.428,1.1,2.9,.375,1.8,3.7,.469,.510,1.3,1.7,.784,0.3,2.2,2.4,3.5,1.2,0.2,1.9,1.6,8.1)
(1998,8,Kenny Anderson,PG,27,TOT,61,56,30.5,4.4,11.0,.398,0.9,2.6,.356,3.5,8.4,.411,.440,2.5,3.2,.789,0.6,2.2,2.8,5.7,1.4,0.0,2.3,2.2,12.2)
(1998,12,Greg Anthony,PG,30,SEA,80,0,12.8,1.9,4.4,.430,0.8,2.0,.415,1.1,2.4,.442,.524,0.7,1.0,.663,0.2,1.2,1.4,2.6,0.8,0.0,1.1,1.2,5.2)
(1998,16,Keith Askins,SF,30,MIA,46,12,14.8,0.8,2.7,.320,0.5,1.6,.284,0.4,1.0,.375,.406,0.3,0.4,.632,0.6,1.6,2.2,0.6,0.6,0.3,0.6,2.3,2.4)
(1998,20,Charles Barkley*,PF,34,HOU,68,41,33.0,5.3,10.9,.485,0.3,1.2,.214,5.0,9.7,.520,.497,4.4,5.8,.746,3.5,8.1,11.7,3.2,1.0,0.4,2.2,2.8,15.2)
(1998,23,Drew Barry,PG,24,ATL,27,0,9.5,0.7,1.4,.474,0.3,0.8,.429,0.3,0.6,.529,.592,0.4,0.5,.846,0.2,1.1,1.3,1.8,0.4,0.0,1.1,1.0,2.1)
(1998,27,Benoit Benjamin,C,33,PHI,14,0,14.1,1.6,2.9,.537,0.0,0.0,,1.6,2.9,.537,.537,1.4,2.1,.633,1.3,2.5,3.8,0.2,0.3,0.3,0.9,1.9,4.5)
(1998,31,Chauncey Billups,PG,21,TOT,80,70,27.7,3.5,9.4,.374,1.3,4.1,.329,2.2,5.3,.408,.445,2.8,3.3,.850,0.8,1.6,2.4,3.9,1.3,0.1,2.2,2.2,11.2)
(1998,35,Etdrick Bohannon,PF,24,IND,5,0,2.2,0.0,0.8,.000,0.0,0.0,,0.0,0.8,.000,.000,0.0,0.0,,0.4,0.8,1.2,0.2,0.0,0.4,0.6,0.6,0.0)
(1998,39,Shawn Bradley,C,25,DAL,64,46,28.5,4.7,11.1,.422,0.0,0.0,.333,4.7,11.1,.422,.423,2.0,2.8,.722,2.6,5.5,8.1,0.9,0.8,3.3,1.5,3.3,11.4)
(1998,42,Scott Brooks,PG,32,CLE,43,0,7.3,0.7,1.5,.424,0.1,0.3,.455,0.5,1.3,.418,.462,0.4,0.5,.900,0.1,0.6,0.7,1.1,0.4,0.1,0.3,0.6,1.8)
(1998,46,Randy Brown,PG,29,CHI,71,6,16.2,1.6,4.3,.384,0.0,0.1,.000,1.6,4.2,.391,.384,0.8,1.1,.718,0.5,0.8,1.3,2.1,1.0,0.2,0.9,1.7,4.1)
(1998,50,Jud Buechler,SF,29,CHI,74,0,8.2,1.1,2.4,.483,0.3,0.9,.385,0.8,1.5,.541,.554,0.0,0.1,.500,0.3,0.7,1.0,0.7,0.3,0.2,0.3,0.6,2.7)
(1998,54,Mitchell Butler,SG,27,CLE,18,0,11.4,0.8,2.6,.319,0.1,0.3,.167,0.8,2.3,.341,.330,0.3,0.6,.600,0.3,0.9,1.2,1.0,0.4,0.0,0.4,1.4,2.1)
(1998,58,Marcus Camby,C,23,TOR,63,58,31.8,4.9,11.9,.412,0.0,0.0,.000,4.9,11.8,.413,.412,2.4,3.9,.611,3.2,4.2,7.4,1.8,1.1,3.7,2.1,3.2,12.1)
(1998,61,Chris Carr,SG,23,MIN,51,40,22.8,3.7,8.9,.420,0.8,2.5,.315,2.9,6.4,.462,.465,1.6,1.9,.848,0.8,2.2,3.0,1.7,0.3,0.2,1.4,2.5,9.9)
(1998,65,Cedric Ceballos,SF,28,TOT,47,25,21.1,4.3,8.8,.492,0.4,1.5,.300,3.9,7.3,.530,.517,2.3,3.1,.738,1.6,3.1,4.7,1.3,0.7,0.3,1.5,1.9,11.4)
(1998,69,Pete Chilcutt,PF,29,VAN,82,0,17.3,1.9,4.4,.435,0.7,1.6,.415,1.2,2.8,.445,.510,0.5,0.7,.661,0.9,2.8,3.7,1.3,0.6,0.5,0.8,1.9,4.9)
(1998,73,Derrick Coleman,PF,30,PHI,59,58,36.2,6.0,14.7,.411,0.4,1.7,.265,5.6,13.0,.429,.426,5.1,6.6,.772,2.5,7.4,9.9,2.5,0.8,1.2,2.7,2.4,17.6)
(1998,77,Tyrone Corbin,SF,35,ATL,79,79,34.2,4.2,9.5,.439,0.6,1.8,.348,3.5,7.7,.460,.472,1.3,1.6,.789,1.0,3.6,4.6,2.2,1.3,0.1,1.1,2.5,10.2)
(1998,Rk,Player,Pos,Age,Tm,G,GS,MP,FG,FGA,FG%,3P,3PA,3P%,2P,2PA,2P%,eFG%,FT,FTA,FT%,ORB,DRB,TRB,AST,STL,BLK,TOV,PF,PTS)
(1998,84,Bill Curley,PF,25,MIN,11,1,13.3,1.5,3.0,.485,0.0,0.1,.000,1.5,2.9,.500,.485,0.2,0.3,.667,1.0,1.5,2.5,0.4,0.3,0.1,0.3,2.5,3.1)
(1998,88,Antonio Daniels,SG,22,VAN,74,50,26.4,3.1,7.4,.416,0.1,0.7,.212,2.9,6.7,.438,.426,1.5,2.3,.659,0.3,1.6,1.9,4.5,0.7,0.1,2.2,1.2,7.8)
(1998,92,Ben Davis,PF,25,NYK,7,0,1.9,0.3,1.4,.200,0.0,0.0,,0.3,1.4,.200,.200,0.0,0.0,,0.9,0.0,0.9,0.0,0.1,0.0,0.0,0.4,0.6)
(1998,96,Mark Davis,SF,24,PHI,71,12,12.8,1.5,3.4,.447,0.0,0.1,.000,1.5,3.4,.458,.447,0.9,1.4,.634,0.9,1.3,2.2,1.0,0.7,0.3,1.3,1.3,4.0)
(1998,100,Terry Dehere,PG,26,SAC,77,18,18.3,2.3,5.9,.399,0.6,1.7,.379,1.7,4.1,.408,.455,1.0,1.3,.798,0.3,1.1,1.4,2.5,0.7,0.1,1.2,1.9,6.4)
(1998,103,Tony Delk,PG,24,TOT,77,9,21.8,4.1,10.4,.393,0.5,2.0,.268,3.5,8.3,.424,.420,1.4,2.0,.735,0.5,1.7,2.2,2.2,0.9,0.2,1.4,1.2,10.1)
(1998,107,Chris Dudley,C,32,NYK,51,22,16.8,1.1,2.8,.406,0.0,0.0,,1.1,2.8,.406,.406,0.8,1.8,.446,2.1,3.3,5.4,0.4,0.3,1.0,0.9,2.7,3.1)
(1998,111,Ledell Eackles,SG,31,WAS,42,0,13.0,1.8,4.2,.429,0.4,1.1,.348,1.4,3.1,.457,.474,1.2,1.4,.881,0.6,1.2,1.8,0.4,0.4,0.0,0.7,1.0,5.2)
(1998,115,Howard Eisley,PG,25,UTA,82,18,21.0,2.8,6.3,.441,0.6,1.4,.407,2.2,4.9,.451,.487,1.5,1.8,.852,0.3,1.7,2.0,4.2,0.7,0.2,2.0,2.2,7.7)
(1998,119,Harold Ellis,SF,27,DEN,27,3,12.7,2.3,4.1,.559,0.0,0.1,.000,2.3,4.0,.579,.559,1.5,2.3,.635,1.0,0.9,1.9,0.7,0.7,0.1,0.7,2.0,6.1)
(1998,122,Brian Evans,SF,24,TOT,72,1,12.4,1.7,4.3,.394,0.4,1.2,.333,1.3,3.1,.418,.441,0.6,0.8,.807,0.7,1.2,1.9,0.8,0.4,0.2,0.5,1.4,4.5)
(1998,126,Duane Ferrell,SF,32,GSW,50,5,9.2,0.8,2.2,.369,0.0,0.1,.000,0.8,2.1,.390,.369,0.2,0.4,.545,0.5,0.4,0.9,0.5,0.4,0.1,0.4,1.0,1.9)
(1998,130,Danny Fortson,PF,21,DEN,80,23,22.6,3.5,7.6,.452,0.0,0.0,.333,3.4,7.6,.452,.453,3.3,4.2,.776,2.3,3.3,5.6,1.0,0.6,0.4,2.0,3.9,10.2)
(1998,134,Todd Fuller,C,23,GSW,57,1,10.8,1.5,3.6,.420,0.0,0.1,.000,1.5,3.5,.428,.420,1.0,1.4,.688,1.1,2.4,3.4,0.2,0.1,0.3,0.6,1.6,4.0)
(1998,138,Dean Garrett,C,31,DEN,82,82,32.1,3.0,6.9,.428,0.0,0.0,,3.0,6.9,.428,.428,1.4,2.1,.648,2.8,5.1,7.9,1.1,0.7,1.6,1.0,2.4,7.3)
(1998,141,Reggie Geary,PG,24,SAS,62,2,11.0,0.9,2.7,.331,0.2,0.6,.300,0.7,2.1,.341,.367,0.5,0.9,.500,0.3,0.8,1.1,1.2,0.6,0.2,0.7,1.5,2.5)
(1998,145,Anthony Goldwire,PG,26,DEN,82,32,27.0,3.3,7.8,.423,0.8,2.0,.384,2.5,5.8,.436,.472,1.8,2.3,.806,0.5,1.3,1.8,3.4,1.0,0.1,1.0,1.8,9.2)
(1998,149,Harvey Grant,SF,32,WAS,65,8,13.8,1.2,3.0,.383,0.0,0.1,.167,1.1,2.9,.389,.385,0.3,0.5,.633,0.9,1.7,2.6,0.6,0.4,0.2,0.4,1.4,2.6)
(1998,153,A.C. Green,PF,34,DAL,82,68,32.3,3.0,6.5,.453,0.0,0.0,.000,3.0,6.5,.457,.453,1.4,2.0,.716,2.7,5.5,8.1,1.5,1.0,0.3,0.8,1.9,7.3)
(1998,157,Jack Haley,C,34,NJN,16,0,3.2,0.3,1.1,.278,0.0,0.1,.000,0.3,1.1,.294,.278,0.8,1.3,.571,0.3,0.6,0.9,0.0,0.0,0.1,0.3,0.6,1.4)
(1998,Rk,Player,Pos,Age,Tm,G,GS,MP,FG,FGA,FG%,3P,3PA,3P%,2P,2PA,2P%,eFG%,FT,FTA,FT%,ORB,DRB,TRB,AST,STL,BLK,TOV,PF,PTS)
(1998,164,Ron Harper,PG,34,CHI,82,82,27.9,3.6,8.1,.441,0.2,1.0,.190,3.4,7.1,.477,.453,2.0,2.6,.750,1.3,2.2,3.5,2.9,1.3,0.6,1.1,2.2,9.3)
(1998,168,Alan Henderson,PF,25,ATL,69,33,29.0,5.3,10.9,.485,0.0,0.1,.500,5.2,10.8,.485,.487,3.7,5.6,.652,2.9,3.5,6.4,1.1,0.6,0.5,1.6,2.5,14.3)
(1998,172,Carl Herrera,PF,31,SAS,58,1,8.9,1.3,3.0,.434,0.0,0.0,.000,1.3,3.0,.437,.434,0.3,0.8,.409,0.4,1.2,1.6,0.4,0.3,0.2,0.7,1.2,2.9)
(1998,176,Fred Hoiberg,SG,25,IND,65,1,13.4,1.3,3.4,.383,0.5,1.3,.376,0.8,2.1,.387,.455,0.9,1.1,.855,0.2,1.7,1.9,0.7,0.6,0.0,0.3,1.6,4.0)
(1998,180,Allan Houston,SG,26,NYK,82,82,34.7,7.0,15.6,.447,1.0,2.6,.385,6.0,13.0,.460,.479,3.5,4.1,.851,0.5,2.8,3.3,2.6,0.8,0.3,2.4,2.5,18.4)
(1998,183,Troy Hudson,PG,21,UTA,8,0,2.9,0.8,1.8,.429,0.0,0.4,.000,0.8,1.4,.545,.429,0.0,0.0,,0.1,0.1,0.3,0.5,0.3,0.0,0.1,0.1,1.5)
(1998,187,Allen Iverson,PG,22,PHI,80,80,39.4,8.1,17.6,.461,0.9,2.9,.298,7.2,14.7,.494,.486,4.9,6.7,.729,1.1,2.6,3.7,6.2,2.2,0.3,3.1,2.5,22.0)
(1998,191,Mark Jackson,PG,32,IND,82,82,29.4,3.0,7.3,.416,0.5,1.7,.314,2.5,5.6,.447,.452,1.7,2.2,.761,0.8,3.1,3.9,8.7,1.0,0.0,2.1,1.6,8.3)
(1998,195,Eddie Johnson,SF,38,HOU,75,1,19.9,3.0,7.3,.417,0.9,2.6,.333,2.1,4.6,.465,.478,1.5,1.8,.831,0.7,1.4,2.0,1.2,0.4,0.0,0.8,1.2,8.4)
(1998,199,Charles Jones,PF,40,HOU,24,0,5.3,0.3,0.4,.700,0.0,0.0,,0.3,0.4,.700,.700,0.0,0.1,.500,0.5,0.5,1.0,0.2,0.0,0.3,0.2,0.9,0.6)
(1998,202,Popeye Jones,PF,27,TOR,14,4,25.1,3.7,9.1,.409,0.1,0.2,.667,3.6,8.9,.403,.417,1.0,1.4,.737,3.6,3.7,7.3,1.3,0.7,0.2,1.1,2.8,8.6)
(1998,206,Shawn Kemp,PF,28,CLE,80,80,34.6,6.5,14.6,.445,0.0,0.1,.250,6.5,14.5,.446,.446,5.1,7.0,.727,2.7,6.6,9.3,2.5,1.4,1.1,3.4,3.9,18.0)
(1998,210,Jason Kidd,PG,24,PHO,82,82,38.0,4.4,10.5,.416,0.9,2.8,.313,3.5,7.6,.454,.458,2.0,2.5,.799,1.3,4.9,6.2,9.1,2.0,0.3,3.2,1.7,11.6)
(1998,214,Travis Knight,C,23,BOS,74,21,20.3,2.6,5.9,.441,0.2,0.7,.273,2.4,5.2,.465,.458,1.1,1.4,.786,2.0,3.0,4.9,1.4,0.7,1.1,1.2,3.4,6.5)
(1998,218,Antonio Lang,SF,25,MIA,6,0,4.8,0.5,0.8,.600,0.0,0.0,,0.5,0.8,.600,.600,1.0,1.3,.750,0.3,0.5,0.8,0.2,0.3,0.0,0.7,0.5,2.0)
(1998,223,Voshon Lenard,SG,24,MIA,81,81,32.4,4.5,10.5,.425,1.9,4.7,.405,2.6,5.9,.441,.515,1.7,2.2,.788,0.9,2.7,3.6,2.2,0.7,0.2,1.2,2.7,12.6)
(1998,227,Brad Lohaus,PF,33,SAS,9,0,11.3,0.8,2.3,.333,0.4,1.6,.286,0.3,0.8,.429,.429,0.1,0.3,.333,0.3,1.0,1.3,0.6,0.1,0.2,0.3,1.1,2.1)
(1998,231,Sam Mack,SF,27,VAN,57,54,24.8,3.9,9.8,.397,1.9,4.7,.409,2.0,5.1,.386,.496,1.1,1.4,.805,0.5,1.8,2.3,1.8,0.7,0.2,1.2,2.1,10.8)
(1998,235,Dan Majerle,SG,32,MIA,72,22,26.8,2.6,6.1,.419,1.5,4.1,.376,1.0,2.0,.507,.546,0.6,0.7,.784,0.7,3.1,3.7,2.2,0.9,0.2,0.9,1.9,7.2)
(1998,239,Stephon Marbury,PG,20,MIN,82,81,38.0,6.3,15.1,.415,1.2,3.7,.313,5.1,11.4,.448,.453,4.0,5.5,.731,0.7,2.1,2.8,8.6,1.3,0.1,3.1,2.7,17.7)
(1998,242,Jamal Mashburn,SF,25,MIA,48,48,36.0,5.2,12.0,.435,0.8,2.5,.303,4.5,9.5,.470,.467,3.8,4.8,.797,1.5,3.4,4.9,2.8,0.9,0.3,2.3,2.9,15.1)
(1998,246,Lee Mayberry,PG,27,VAN,79,32,23.2,1.7,4.4,.375,0.8,2.3,.350,0.9,2.1,.402,.466,0.5,0.6,.745,0.2,1.2,1.4,4.4,0.8,0.1,1.4,2.1,4.6)
(1998,250,Xavier McDaniel,SF,34,NJN,20,0,9.0,0.5,1.5,.333,0.0,0.0,,0.5,1.5,.333,.333,0.3,0.4,.625,0.6,1.0,1.6,0.5,0.2,0.1,0.4,1.2,1.3)
(1998,254,Jim McIlvaine,C,25,SEA,78,72,15.5,1.3,2.9,.453,0.0,0.0,.000,1.3,2.8,.459,.453,0.6,1.0,.556,1.2,2.1,3.3,0.2,0.3,1.8,0.7,3.1,3.2)
(1998,258,Ron Mercer,SG,21,BOS,80,62,33.3,6.4,14.3,.450,0.0,0.4,.107,6.4,14.0,.458,.451,2.4,2.8,.839,1.4,2.1,3.5,2.2,1.6,0.2,1.7,2.7,15.3)
(1998,261,Oliver Miller,C,27,TOR,64,53,25.4,2.7,5.8,.461,0.0,0.1,.000,2.7,5.7,.466,.461,1.0,1.6,.604,2.3,4.0,6.3,3.1,0.9,1.1,2.0,2.9,6.3)
(1998,265,Greg Minor,SG,26,BOS,69,16,16.3,2.0,4.7,.436,0.1,0.4,.194,1.9,4.2,.462,.445,0.9,1.2,.686,0.8,1.4,2.2,1.3,0.8,0.2,0.6,1.4,5.0)
(1998,269,Lawrence Moten,SG,25,WAS,8,0,3.4,0.4,1.6,.231,0.0,0.1,.000,0.4,1.5,.250,.231,0.4,0.5,.750,0.1,0.0,0.1,0.4,0.0,0.0,0.1,0.8,1.1)
(1998,273,Lamond Murray,SF,24,LAC,79,65,32.6,6.0,12.5,.481,0.7,1.9,.353,5.3,10.5,.504,.508,2.8,3.7,.748,2.2,3.9,6.1,1.8,1.5,0.7,2.2,2.4,15.4)
(1998,277,Pete Myers,SG,34,NYK,9,0,4.4,0.6,1.1,.500,0.0,0.0,,0.6,1.1,.500,.500,0.4,0.7,.667,0.6,0.6,1.1,0.3,0.4,0.0,0.4,0.8,1.6)
(1998,Rk,Player,Pos,Age,Tm,G,GS,MP,FG,FGA,FG%,3P,3PA,3P%,2P,2PA,2P%,eFG%,FT,FTA,FT%,ORB,DRB,TRB,AST,STL,BLK,TOV,PF,PTS)
(1998,284,Shaquille O'Neal,C,25,LAL,60,57,36.3,11.2,19.1,.584,0.0,0.0,,11.2,19.1,.584,.584,6.0,11.4,.527,3.5,7.9,11.4,2.4,0.7,2.4,2.9,3.2,28.3)
(1998,288,Jimmy Oliver,SG,28,WAS,1,0,10.0,2.0,4.0,.500,1.0,2.0,.500,1.0,2.0,.500,.625,0.0,0.0,,0.0,2.0,2.0,1.0,0.0,0.0,0.0,1.0,5.0)
(1998,292,Doug Overton,PG,28,PHI,23,2,12.0,1.0,2.7,.381,0.0,0.1,.000,1.0,2.6,.400,.381,0.6,0.7,.875,0.1,0.5,0.6,1.6,0.3,0.0,1.0,1.5,2.7)
(1998,296,Cherokee Parks,C,25,MIN,79,43,21.6,2.8,5.7,.499,0.0,0.0,.000,2.8,5.7,.500,.499,1.4,2.1,.651,1.8,3.8,5.5,0.7,0.5,1.1,0.8,3.0,7.1)
(1998,300,Sam Perkins,PF,36,SEA,81,0,20.7,2.4,5.8,.416,1.1,2.7,.392,1.3,3.1,.438,.508,1.2,1.6,.789,0.7,2.5,3.1,1.4,0.8,0.4,0.8,2.0,7.2)
(1998,303,Wesley Person,SG,26,CLE,82,82,39.0,5.4,11.7,.460,2.3,5.5,.430,3.0,6.2,.486,.560,1.6,2.1,.776,0.8,3.6,4.4,2.3,1.6,0.6,1.3,1.3,14.7)
(1998,307,Scottie Pippen*,SF,32,CHI,44,44,37.5,7.2,16.0,.447,1.4,4.4,.318,5.8,11.6,.496,.491,3.4,4.4,.777,1.2,4.0,5.2,5.8,1.8,1.0,2.5,2.6,19.1)
(1998,311,Terry Porter,PG,34,MIN,82,8,21.8,3.2,7.0,.449,1.1,2.8,.395,2.0,4.2,.485,.529,2.0,2.4,.856,0.5,1.6,2.0,3.3,0.8,0.2,1.3,1.3,9.5)
(1998,315,Theo Ratliff,C,24,TOT,82,67,29.8,3.7,7.3,.513,0.0,0.0,,3.7,7.3,.513,.513,2.4,3.4,.701,2.7,4.0,6.7,0.7,0.6,3.1,1.4,3.6,9.9)
(1998,319,Don Reid,PF,24,DET,68,44,14.6,1.4,2.6,.534,0.0,0.0,,1.4,2.6,.534,.534,0.7,1.0,.704,1.1,1.4,2.6,0.4,0.4,0.8,0.4,2.7,3.5)
(1998,322,Rodrick Rhodes,SF,24,HOU,58,13,18.4,1.9,5.3,.367,0.0,0.1,.250,1.9,5.1,.370,.370,1.9,3.1,.617,0.5,0.7,1.2,1.9,1.1,0.2,1.7,2.2,5.8)
(1998,326,Isaiah Rider,SG,26,POR,74,66,37.6,7.4,17.6,.423,1.8,5.7,.321,5.6,11.9,.472,.475,3.0,3.6,.828,1.3,3.3,4.7,3.1,0.7,0.3,2.5,2.5,19.7)
(1998,330,Clifford Robinson,SF,31,PHO,80,64,29.5,5.4,11.2,.479,0.3,1.1,.321,5.0,10.1,.496,.494,3.1,4.5,.689,1.9,3.2,5.1,2.1,1.2,1.1,1.8,3.1,14.2)
(1998,334,Larry Robinson,SF,30,VAN,6,0,6.8,1.0,3.2,.316,0.5,1.0,.500,0.5,2.2,.231,.395,0.3,0.3,1.000,0.3,1.7,2.0,0.2,0.7,0.0,0.3,0.0,2.8)
(1998,338,Roy Rogers,PF,24,TOT,15,0,7.1,0.6,1.7,.360,0.0,0.0,,0.6,1.7,.360,.360,0.1,0.4,.333,0.5,0.6,1.1,0.1,0.2,0.5,0.3,1.2,1.3)
(1998,341,Malik Rose,PF,23,SAS,53,0,8.1,1.1,2.6,.434,0.0,0.1,.333,1.1,2.5,.436,.438,0.7,1.2,.639,0.8,0.9,1.7,0.4,0.4,0.1,0.8,1.5,3.0)
(1998,345,Arvydas Sabonis*,C,33,POR,73,73,32.0,5.6,11.3,.493,0.4,1.6,.261,5.2,9.7,.530,.511,4.4,5.5,.798,2.0,7.9,10.0,3.0,0.9,1.1,2.6,3.7,16.0)
(1998,349,Dennis Scott,SF,29,TOT,81,45,28.3,4.1,10.2,.397,1.5,4.2,.365,2.5,6.0,.420,.473,1.3,1.6,.808,0.6,2.5,3.0,1.9,0.7,0.5,1.3,1.9,11.0)
(1998,353,Rony Seikaly,C,32,TOT,56,49,29.2,4.5,10.3,.432,0.0,0.0,.000,4.5,10.3,.433,.432,4.4,5.9,.741,2.6,4.4,7.0,1.4,0.5,0.8,2.6,2.9,13.3)
(1998,357,Reggie Slater,PF,27,TOR,78,28,21.3,2.7,5.9,.460,0.0,0.0,,2.7,5.9,.460,.460,2.6,4.1,.630,1.7,2.2,3.9,0.9,0.6,0.4,1.3,2.6,8.0)
(1998,Rk,Player,Pos,Age,Tm,G,GS,MP,FG,FGA,FG%,3P,3PA,3P%,2P,2PA,2P%,eFG%,FT,FTA,FT%,ORB,DRB,TRB,AST,STL,BLK,TOV,PF,PTS)
(1998,364,Eric Snow,PG,24,TOT,64,0,14.3,1.2,2.9,.429,0.0,0.3,.118,1.2,2.6,.461,.435,0.8,1.1,.690,0.3,1.0,1.3,2.8,0.9,0.1,1.0,1.8,3.3)
(1998,368,John Starks,SG,32,NYK,82,10,26.7,4.5,11.5,.393,1.6,4.9,.327,3.0,6.7,.441,.461,2.3,2.9,.787,0.6,2.2,2.8,2.7,1.0,0.1,1.7,2.5,12.9)
(1998,372,Bryant Stith,SG,27,DEN,31,15,23.2,2.4,7.3,.333,0.3,1.5,.208,2.1,5.7,.367,.356,2.4,2.8,.872,0.5,1.6,2.1,1.6,0.7,0.3,1.1,1.7,7.6)
(1998,376,Erick Strickland,SG,24,DAL,67,19,22.5,3.0,8.3,.357,0.7,2.4,.294,2.3,5.9,.382,.400,1.0,1.3,.774,0.5,1.9,2.4,2.5,0.8,0.1,1.6,2.1,7.6)
(1998,380,Bob Sura,SG,24,CLE,46,4,20.5,1.9,5.0,.377,0.4,1.3,.317,1.5,3.7,.398,.418,1.6,2.8,.565,0.5,1.5,2.0,3.7,1.0,0.2,2.0,2.5,5.8)
(1998,383,Maurice Taylor,PF,21,LAC,71,3,21.3,4.5,9.5,.476,0.0,0.0,.000,4.5,9.5,.476,.476,2.4,3.4,.709,1.7,2.5,4.2,0.7,0.5,0.6,1.5,3.1,11.5)
(1998,387,Tim Thomas,SF,20,PHI,77,48,23.1,4.0,8.9,.447,0.8,2.2,.363,3.2,6.7,.476,.493,2.2,3.0,.740,1.4,2.4,3.7,1.2,0.7,0.2,1.5,2.4,11.0)
(1998,391,Nick Van Exel,PG,26,LAL,64,46,32.1,4.9,11.6,.419,1.9,4.9,.389,2.9,6.7,.440,.501,2.1,2.7,.791,0.5,2.5,3.0,6.9,1.0,0.1,1.6,1.9,13.8)
(1998,395,Loy Vaught,PF,29,LAC,10,6,26.5,3.6,8.4,.429,0.0,0.2,.000,3.6,8.2,.439,.429,0.3,0.8,.375,1.6,4.9,6.5,0.7,0.4,0.2,1.3,3.3,7.5)
(1998,399,Ben Wallace,C,23,WAS,67,16,16.8,1.3,2.4,.518,0.0,0.0,,1.3,2.4,.518,.518,0.5,1.5,.357,1.7,3.2,4.8,0.3,0.9,1.1,0.4,1.7,3.1)
(1998,402,Rex Walters,SG,27,TOT,38,0,6.2,0.6,1.4,.453,0.2,0.6,.273,0.5,0.8,.581,.509,0.7,0.7,.929,0.1,0.5,0.6,0.9,0.2,0.0,0.7,0.7,2.1)
(1998,406,Spud Webb,PG,34,ORL,4,0,8.5,1.3,3.0,.417,0.0,0.3,.000,1.3,2.8,.455,.417,0.5,0.5,1.000,0.5,0.3,0.8,1.3,0.3,0.0,1.8,1.5,3.0)
(1998,410,David Wesley,PG,27,CHH,81,81,35.1,4.7,10.7,.443,0.7,2.1,.347,4.0,8.6,.467,.477,2.8,3.6,.795,0.6,2.0,2.6,6.5,1.7,0.4,2.8,2.8,13.0)
(1998,414,Donald Whiteside,PG,28,ATL,3,0,5.3,0.3,0.7,.500,0.0,0.3,.000,0.3,0.3,1.000,.500,0.0,0.7,.000,0.0,0.3,0.3,0.3,0.0,0.0,0.3,0.0,0.7)
(1998,418,Alvin Williams,SG,23,TOT,54,13,19.8,2.3,5.2,.443,0.2,0.5,.321,2.1,4.7,.457,.459,1.2,1.7,.722,0.4,1.1,1.5,1.9,0.7,0.1,1.1,1.5,6.0)
(1998,421,Eric Williams,SF,25,DEN,4,4,36.3,6.0,15.3,.393,0.0,0.0,,6.0,15.3,.393,.393,7.8,11.3,.689,2.5,2.8,5.3,3.0,1.0,0.0,2.3,2.3,19.8)
(1998,425,Jerome Williams,PF,24,DET,77,3,16.9,2.0,3.7,.524,0.0,0.0,.000,2.0,3.7,.526,.524,1.4,2.2,.651,2.2,2.7,4.9,0.6,0.7,0.1,0.8,1.9,5.3)
(1998,429,Scott Williams,C,29,PHI,58,7,13.8,1.6,3.7,.437,0.0,0.1,.000,1.6,3.6,.447,.437,0.9,1.1,.810,1.5,2.1,3.6,0.5,0.3,0.4,0.5,2.3,4.1)
(1998,433,Kevin Willis,PF,35,HOU,81,74,31.2,6.6,12.9,.510,0.0,0.1,.143,6.5,12.8,.513,.511,3.0,3.8,.793,2.9,5.5,8.4,1.0,0.7,0.5,2.1,2.9,16.1)
(1998,437,Lorenzen Wright,C,22,LAC,69,38,30.0,3.5,7.9,.445,0.0,0.0,.000,3.5,7.8,.446,.445,2.0,3.1,.659,2.6,6.2,8.8,0.8,0.8,1.3,1.2,3.4,9.0)
