(1993,3,Mark Acres,C,30,TOT,18,7,14.9,1.4,2.7,.531,0.1,0.1,.500,1.4,2.6,.532,.541,0.6,0.9,.688,1.4,2.3,3.7,0.3,0.2,0.3,0.7,1.9,3.6)
(1993,7,Danny Ainge,SG,33,PHO,80,0,27.0,4.2,9.1,.462,1.9,4.7,.403,2.3,4.5,.522,.564,1.5,1.8,.848,0.6,2.1,2.7,3.3,0.9,0.1,1.4,2.2,11.8)
(1993,11,Nick Anderson,SG,25,ORL,79,76,37.0,7.5,16.8,.449,1.1,3.2,.353,6.4,13.6,.471,.482,3.8,5.1,.741,1.5,4.5,6.0,3.4,1.6,0.7,2.1,2.5,19.9)
(1993,15,B.J. Armstrong,PG,25,CHI,82,74,30.4,5.0,10.0,.499,0.8,1.7,.453,4.2,8.3,.508,.537,1.6,1.8,.861,0.3,1.5,1.8,4.0,0.8,0.1,1.0,2.1,12.3)
(1993,19,Isaac Austin,C,23,UTA,46,3,6.7,1.1,2.4,.446,0.0,0.0,.000,1.1,2.4,.450,.446,0.6,1.0,.659,0.8,0.9,1.7,0.1,0.2,0.3,0.5,1.3,2.8)
(1993,22,Thurl Bailey,PF,31,MIN,70,3,18.2,2.9,6.4,.455,0.0,0.0,,2.9,6.4,.455,.455,1.7,2.0,.838,0.8,2.3,3.1,0.9,0.3,0.7,0.9,1.3,7.5)
(1993,26,Jon Barry,SG,23,MIL,47,0,11.7,1.6,4.4,.369,0.4,1.3,.333,1.2,3.0,.385,.420,0.7,1.0,.673,0.2,0.7,0.9,1.4,0.7,0.1,0.9,1.2,4.4)
(1993,30,Benoit Benjamin,C,28,TOT,59,6,12.8,2.3,4.6,.491,0.0,0.0,,2.3,4.6,.491,.491,1.2,1.8,.663,0.9,2.7,3.5,0.4,0.5,0.8,1.3,2.3,5.7)
(1993,34,Alex Blackwell,SF,22,LAL,27,0,4.0,0.5,1.6,.333,0.0,0.1,.000,0.5,1.4,.359,.333,0.2,0.3,.750,0.4,0.5,0.9,0.3,0.1,0.1,0.2,0.5,1.3)
(1993,38,Muggsy Bogues,PG,28,CHH,81,80,35.0,4.1,9.0,.453,0.1,0.3,.231,4.0,8.7,.462,.458,1.7,2.1,.833,0.6,3.0,3.7,8.8,2.0,0.1,1.9,2.2,10.0)
(1993,41,Anthony Bonner,PF,24,SAC,70,35,25.2,3.3,7.1,.461,0.0,0.1,.000,3.3,7.0,.467,.461,2.0,3.4,.593,2.7,3.8,6.5,1.4,1.2,0.2,1.5,2.6,8.6)
(1993,45,Randy Breuer,C,32,ATL,12,0,8.9,1.3,2.6,.484,0.0,0.0,,1.3,2.6,.484,.484,0.2,0.4,.400,0.8,1.5,2.3,0.5,0.2,0.3,0.4,1.0,2.7)
(1993,49,Chucky Brown,SF,24,NJN,77,20,15.4,2.1,4.3,.483,0.0,0.1,.000,2.1,4.2,.491,.483,0.9,1.3,.724,1.1,1.9,3.0,0.7,0.3,0.3,0.7,1.5,5.1)
(1993,53,Mark Bryant,C,27,POR,80,24,17.5,2.3,4.6,.503,0.0,0.0,.000,2.3,4.6,.504,.503,1.3,1.9,.703,1.7,2.4,4.1,0.5,0.5,0.3,0.8,2.8,6.0)
(1993,57,Steve Burtt,SG,30,WSB,4,0,8.8,2.5,6.5,.385,0.3,0.8,.333,2.3,5.8,.391,.404,2.0,2.5,.800,0.5,0.3,0.8,1.5,0.5,0.0,1.0,1.3,7.3)
(1993,Rk,Player,Pos,Age,Tm,G,GS,MP,FG,FGA,FG%,3P,3PA,3P%,2P,2PA,2P%,eFG%,FT,FTA,FT%,ORB,DRB,TRB,AST,STL,BLK,TOV,PF,PTS)
(1993,64,Terry Catledge,PF,29,ORL,21,1,12.5,1.7,3.5,.493,0.0,0.0,,1.7,3.5,.493,.493,1.3,1.6,.794,0.9,1.3,2.2,0.2,0.2,0.0,1.2,1.5,4.7)
(1993,68,Rex Chapman,SG,25,WSB,60,23,21.7,4.8,10.0,.477,0.7,1.9,.371,4.1,8.1,.502,.512,2.2,2.7,.810,0.3,1.2,1.5,1.9,0.6,0.2,1.3,2.0,12.5)
(1993,72,Derrick Coleman,PF,25,NJN,76,73,36.3,7.4,16.1,.460,0.3,1.3,.232,7.1,14.8,.480,.469,5.5,6.9,.808,3.3,8.0,11.2,3.6,1.2,1.7,3.2,2.8,20.7)
(1993,76,Duane Cooper,PG,23,LAL,65,0,9.9,1.0,2.4,.392,0.1,0.5,.233,0.8,2.0,.430,.415,0.4,0.5,.714,0.2,0.6,0.8,2.3,0.3,0.0,1.1,1.0,2.4)
(1993,80,John Crotty,PG,23,UTA,40,0,6.1,0.9,1.8,.514,0.1,0.4,.143,0.9,1.5,.603,.528,0.7,1.0,.684,0.1,0.3,0.4,1.4,0.3,0.0,0.8,0.7,2.6)
(1993,83,Dell Curry,SG,28,CHH,80,0,26.2,6.2,13.8,.452,1.2,3.0,.401,5.0,10.8,.466,.495,1.7,2.0,.866,0.6,2.9,3.6,2.3,1.1,0.3,1.6,1.9,15.3)
(1993,87,Hubert Davis,SG,22,NYK,50,2,16.3,2.2,5.0,.438,0.1,0.4,.316,2.1,4.6,.448,.450,0.9,1.1,.796,0.3,0.9,1.1,1.7,0.4,0.1,0.9,1.4,5.4)
(1993,91,Vinny Del Negro,PG,26,SAS,73,31,20.9,3.0,5.9,.507,0.1,0.3,.250,2.9,5.6,.522,.514,1.4,1.6,.863,0.3,2.0,2.2,4.0,0.6,0.0,1.3,2.0,7.4)
(1993,95,Sherman Douglas,PG,26,BOS,79,36,24.5,3.3,6.7,.498,0.1,0.4,.207,3.3,6.3,.515,.504,1.1,1.9,.560,0.8,1.2,2.1,6.4,0.6,0.1,2.0,2.1,7.8)
(1993,99,Chris Dudley,C,27,NJN,71,16,19.7,1.3,3.7,.353,0.0,0.0,,1.3,3.7,.353,.353,0.8,1.5,.518,3.0,4.2,7.2,0.2,0.2,1.5,0.8,2.7,3.5)
(1993,102,Pat Durham,SF,25,GSW,5,1,15.6,1.2,5.0,.240,0.0,0.0,,1.2,5.0,.240,.240,1.8,2.4,.750,1.0,1.8,2.8,0.8,0.2,0.2,1.4,1.2,4.2)
(1993,106,Kevin Edwards,SG,27,MIA,40,30,28.4,5.4,11.6,.468,0.1,0.4,.294,5.3,11.1,.474,.473,3.0,3.5,.844,1.2,1.8,3.0,3.0,1.7,0.3,1.9,1.7,13.9)
(1993,110,Dale Ellis,SG,32,SAS,82,76,33.3,6.6,13.3,.499,1.5,3.6,.401,5.2,9.7,.536,.554,1.9,2.4,.797,1.0,2.8,3.8,1.3,1.0,0.2,1.4,2.2,16.7)
(1993,114,Patrick Ewing*,C,30,NYK,81,81,37.1,9.6,19.1,.503,0.0,0.1,.143,9.6,19.0,.504,.503,4.9,6.9,.719,2.4,9.7,12.1,1.9,0.9,2.0,3.3,3.5,24.2)
(1993,118,Sleepy Floyd,PG,32,HOU,52,10,16.7,2.4,5.9,.407,0.3,1.1,.286,2.1,4.8,.434,.433,1.6,2.0,.794,0.3,1.4,1.7,2.5,0.6,0.1,1.3,1.1,6.6)
(1993,121,Kevin Gamble,SF,27,BOS,82,58,31.0,5.6,11.0,.507,0.6,1.7,.374,5.0,9.4,.531,.535,1.5,1.8,.826,0.6,2.4,3.0,2.8,1.0,0.5,1.0,2.3,13.3)
(1993,125,Matt Geiger,C,23,MIA,48,2,11.5,1.6,3.0,.524,0.0,0.1,.000,1.6,2.9,.539,.524,1.3,1.9,.674,1.0,1.5,2.5,0.3,0.3,0.4,0.8,2.6,4.5)
(1993,129,Gerald Glass,SF,25,TOT,60,5,14.1,2.4,5.7,.419,0.1,0.6,.212,2.3,5.1,.441,.429,0.4,0.7,.641,1.0,1.4,2.4,1.3,0.6,0.3,0.6,1.7,5.3)
(1993,133,Greg Grant,PG,26,PHI,72,0,13.8,1.1,3.1,.350,0.3,0.9,.294,0.8,2.1,.375,.395,0.3,0.4,.645,0.3,0.6,0.9,2.9,0.6,0.0,0.8,1.0,2.7)
(1993,137,A.C. Green,PF,29,LAL,82,55,34.4,4.6,8.6,.537,0.2,0.6,.348,4.4,8.0,.550,.548,3.4,4.6,.739,3.5,5.2,8.7,1.4,1.1,0.5,1.4,1.8,12.8)
(1993,Rk,Player,Pos,Age,Tm,G,GS,MP,FG,FGA,FG%,3P,3PA,3P%,2P,2PA,2P%,eFG%,FT,FTA,FT%,ORB,DRB,TRB,AST,STL,BLK,TOV,PF,PTS)
(1993,144,Tim Hardaway,PG,26,GSW,66,66,39.5,7.9,17.7,.447,1.5,4.7,.330,6.4,13.0,.489,.491,4.1,5.6,.744,0.9,3.1,4.0,10.6,1.8,0.2,3.3,2.3,21.5)
(1993,148,Hersey Hawkins,SG,26,PHI,81,81,36.8,6.8,14.5,.470,1.5,3.8,.397,5.3,10.7,.496,.522,5.2,6.0,.860,1.1,3.1,4.3,3.9,1.7,0.4,2.2,2.3,20.3)
(1993,152,Sean Higgins,SF,24,GSW,29,4,20.4,3.3,7.4,.447,0.4,1.3,.351,2.9,6.1,.466,.477,1.2,1.6,.745,0.8,1.6,2.3,2.3,0.4,0.2,2.2,1.9,8.3)
(1993,156,Jeff Hornacek,PG,29,PHI,79,78,36.2,7.4,15.7,.470,1.2,3.2,.390,6.1,12.5,.490,.509,3.2,3.7,.865,1.1,3.3,4.3,6.9,1.7,0.3,2.8,2.6,19.1)
(1993,160,Stephen Howard,SF,22,UTA,49,0,5.3,0.7,1.9,.376,0.0,0.0,,0.7,1.9,.376,.376,0.7,1.1,.642,0.5,0.7,1.2,0.2,0.3,0.2,0.5,1.2,2.1)
(1993,163,Mike Iuzzolino,PG,25,DAL,70,23,25.3,3.2,6.8,.462,0.8,2.1,.375,2.4,4.8,.500,.519,1.6,2.1,.765,0.4,1.6,2.0,4.7,0.7,0.1,1.8,1.4,8.7)
(1993,167,Henry James,PF,27,TOT,10,0,8.8,2.1,5.1,.412,0.3,1.3,.231,1.8,3.8,.474,.441,2.2,2.6,.846,0.7,0.4,1.1,0.1,0.3,0.0,0.7,0.9,6.7)
(1993,171,Dave Johnson,SG,22,POR,42,0,8.5,1.4,3.5,.383,0.1,0.3,.214,1.3,3.2,.400,.393,1.0,1.4,.678,0.4,0.7,1.1,0.3,0.2,0.0,0.7,0.5,3.7)
(1993,175,Larry Johnson,PF,23,CHH,82,82,40.5,8.9,16.9,.526,0.2,0.9,.254,8.7,16.0,.540,.532,4.1,5.3,.767,3.4,7.1,10.5,4.3,0.6,0.3,2.8,2.3,22.1)
(1993,179,Adam Keefe,PF,22,ATL,82,6,18.9,2.3,4.6,.500,0.0,0.0,.000,2.3,4.6,.501,.500,2.0,2.9,.700,2.1,3.2,5.3,1.0,0.7,0.2,1.2,2.4,6.6)
(1993,182,Steve Kerr,SG-PG,27,TOT,52,0,9.3,1.0,2.3,.434,0.1,0.5,.231,0.9,1.8,.490,.459,0.4,0.5,.917,0.1,0.8,0.9,1.3,0.2,0.0,0.5,0.7,2.6)
(1993,186,Stan Kimbrough,PG,26,SAC,3,0,5.0,0.7,2.0,.333,0.3,0.7,.500,0.3,1.3,.250,.417,0.0,0.0,,0.0,0.0,0.0,0.3,0.3,0.0,0.0,0.3,1.7)
(1993,190,Greg Kite,C,31,ORL,64,1,10.0,0.6,1.3,.452,0.0,0.0,.000,0.6,1.3,.458,.452,0.2,0.4,.542,1.0,2.0,3.0,0.2,0.2,0.2,0.5,2.1,1.4)
(1993,194,Jon Koncak,C,29,ATL,78,65,25.3,1.6,3.4,.464,0.0,0.1,.375,1.6,3.3,.467,.470,0.3,0.6,.480,1.3,4.2,5.5,1.8,1.0,1.3,0.7,3.4,3.5)
(1993,199,Andrew Lang,C,26,PHI,73,59,25.5,2.0,4.8,.425,0.0,0.1,.200,2.0,4.7,.428,.426,1.2,1.6,.763,1.9,4.1,6.0,1.1,0.6,1.9,1.2,3.6,5.3)
(1993,202,Jim Les,PG,29,SAC,73,0,12.1,1.5,3.5,.425,0.9,2.1,.429,0.6,1.4,.419,.552,0.6,0.7,.840,0.3,0.9,1.2,2.3,0.5,0.1,0.7,1.1,4.5)
(1993,206,Alton Lister,C,34,GSW,20,9,8.7,1.0,2.1,.452,0.0,0.0,,1.0,2.1,.452,.452,0.4,0.7,.538,0.8,1.5,2.2,0.3,0.0,0.5,0.9,2.0,2.3)
(1993,210,Kevin Lynch,SG,24,CHH,40,8,8.1,0.8,1.5,.508,0.0,0.0,.000,0.8,1.5,.517,.508,0.7,1.0,.684,0.3,0.6,0.9,0.6,0.3,0.2,0.6,1.1,2.2)
(1993,214,Rick Mahorn,PF,34,NJN,74,9,14.6,1.4,2.9,.472,0.0,0.0,.333,1.4,2.9,.474,.474,1.2,1.5,.800,1.3,2.5,3.8,0.4,0.3,0.4,0.8,2.1,3.9)
(1993,218,Moses Malone*,C,37,MIL,11,0,9.5,1.2,3.8,.310,0.0,0.0,,1.2,3.8,.310,.310,2.2,2.8,.774,2.0,2.2,4.2,0.6,0.1,0.7,0.9,0.5,4.5)
(1993,221,Anthony Mason,PF,26,NYK,81,0,30.6,3.9,7.8,.502,0.0,0.0,,3.9,7.8,.502,.502,2.5,3.6,.682,2.9,5.0,7.9,2.1,0.5,0.2,1.7,3.0,10.3)
(1993,225,Travis Mays,PG,24,ATL,49,9,16.1,2.6,6.3,.417,0.6,1.7,.345,2.0,4.6,.444,.464,1.1,1.7,.659,0.4,0.7,1.1,1.5,0.4,0.1,1.0,1.2,7.0)
(1993,229,Xavier McDaniel,PF,29,BOS,82,27,27.0,5.6,11.3,.495,0.1,0.3,.273,5.5,11.0,.500,.498,2.3,2.9,.793,2.0,3.9,6.0,2.0,0.9,0.6,2.1,3.0,13.5)
(1993,233,Oliver Miller,C,22,PHO,56,1,19.1,2.2,4.6,.475,0.0,0.1,.000,2.2,4.5,.480,.475,1.3,1.8,.710,1.3,3.7,4.9,2.1,0.7,1.8,1.9,2.6,5.6)
(1993,237,Sam Mitchell,SF,29,IND,81,1,17.3,2.7,6.0,.445,0.0,0.3,.174,2.6,5.7,.459,.449,1.9,2.3,.811,1.1,1.9,3.1,0.9,0.3,0.1,0.6,2.6,7.2)
(1993,Rk,Player,Pos,Age,Tm,G,GS,MP,FG,FGA,FG%,3P,3PA,3P%,2P,2PA,2P%,eFG%,FT,FTA,FT%,ORB,DRB,TRB,AST,STL,BLK,TOV,PF,PTS)
(1993,244,Tracy Murray,SF,21,POR,48,14,10.3,2.3,5.4,.415,0.4,1.5,.300,1.8,4.0,.458,.456,0.7,0.8,.875,0.8,0.9,1.7,0.2,0.2,0.1,0.6,1.2,5.7)
(1993,248,Ed Nealy,PF,32,TOT,41,4,7.5,0.6,1.7,.377,0.2,0.7,.296,0.4,1.0,.429,.435,0.2,0.3,.750,0.3,1.3,1.6,0.4,0.3,0.0,0.2,1.0,1.7)
(1993,252,Shaquille O'Neal,C,20,ORL,81,81,37.9,9.0,16.1,.562,0.0,0.0,.000,9.0,16.1,.563,.562,5.3,8.9,.592,4.2,9.6,13.9,1.9,0.7,3.5,3.8,4.0,23.4)
(1993,256,Hakeem Olajuwon*,C,30,HOU,82,82,39.5,10.3,19.5,.529,0.0,0.1,.000,10.3,19.5,.532,.529,5.4,7.0,.779,3.5,9.6,13.0,3.5,1.8,4.2,3.2,3.7,26.1)
(1993,260,Robert Pack,PG,23,DEN,77,1,20.5,3.7,7.9,.470,0.0,0.1,.125,3.7,7.8,.475,.471,3.1,4.0,.768,0.7,1.4,2.1,4.4,1.1,0.1,2.4,2.4,10.5)
(1993,263,Robert Parish*,C,39,BOS,79,79,27.2,5.3,9.8,.535,0.0,0.0,,5.3,9.8,.535,.535,2.1,3.0,.689,3.1,6.3,9.4,0.8,0.7,1.4,1.5,2.5,12.6)
(1993,267,Anthony Peeler,SG,23,LAL,77,11,21.5,3.9,8.2,.468,0.6,1.5,.390,3.3,6.7,.486,.505,2.1,2.7,.786,0.8,1.5,2.3,2.2,0.8,0.2,1.6,2.5,10.4)
(1993,271,Chuck Person,SF,28,MIN,78,75,38.3,6.9,16.0,.433,1.5,4.3,.355,5.4,11.7,.462,.481,1.4,2.2,.649,1.3,4.3,5.6,4.4,0.9,0.4,2.8,2.5,16.8)
(1993,275,Ed Pinckney,PF,29,BOS,7,5,21.6,1.4,3.4,.417,0.0,0.0,,1.4,3.4,.417,.417,1.7,1.9,.923,2.0,4.1,6.1,0.1,0.6,1.0,1.1,1.9,4.6)
(1993,279,Terry Porter,PG,29,POR,81,81,35.6,6.2,13.7,.454,1.8,4.3,.414,4.4,9.4,.472,.519,4.0,4.8,.843,0.7,3.2,3.9,5.2,1.2,0.1,2.5,1.5,18.2)
(1993,282,Mark Price,PG,28,CLE,75,74,31.7,6.4,13.1,.484,1.6,3.9,.416,4.7,9.2,.512,.546,3.9,4.1,.948,0.5,2.2,2.7,8.0,1.2,0.1,2.6,1.4,18.2)
(1993,286,Blair Rasmussen,C,30,ATL,22,6,12.9,1.4,3.6,.375,0.1,0.3,.333,1.3,3.4,.378,.388,0.4,0.6,.692,0.9,1.6,2.5,0.2,0.2,0.5,0.5,2.8,3.2)
(1993,290,Mitch Richmond*,SG,27,SAC,45,45,38.4,8.2,17.4,.474,1.1,2.9,.369,7.2,14.5,.495,.505,4.4,5.2,.845,0.4,3.0,3.4,4.9,1.2,0.2,2.9,3.0,21.9)
(1993,294,Alvin Robertson,SG,30,TOT,69,54,29.1,3.6,7.8,.458,0.6,1.8,.328,3.0,6.0,.496,.495,1.2,1.9,.656,1.6,2.3,3.9,3.8,2.2,0.3,1.9,3.2,9.0)
(1993,298,Rumeal Robinson,PG,26,NJN,80,28,19.8,3.4,8.0,.423,0.3,0.7,.357,3.1,7.3,.430,.439,1.4,2.4,.574,0.6,1.4,2.0,4.0,1.2,0.2,1.8,2.1,8.4)
(1993,301,Sean Rooks,C,23,DAL,72,68,29.0,5.1,10.4,.493,0.0,0.0,.000,5.1,10.3,.494,.493,3.3,5.4,.602,2.7,4.7,7.4,1.3,0.5,1.1,2.2,2.8,13.5)
(1993,305,John Salley,PF,28,MIA,51,34,27.9,3.0,6.0,.502,0.0,0.0,,3.0,6.0,.502,.502,2.3,2.8,.799,2.2,3.9,6.1,1.6,0.6,1.4,2.0,3.8,8.3)
(1993,309,Steve Scheffler,C,25,SEA,29,5,5.7,0.9,1.7,.521,0.0,0.0,,0.9,1.7,.521,.521,0.6,0.8,.667,0.5,0.7,1.2,0.2,0.2,0.0,0.2,1.3,2.3)
(1993,313,Dennis Scott,SF,24,ORL,54,43,32.6,6.1,14.1,.431,2.0,5.0,.403,4.1,9.2,.446,.502,1.7,2.2,.786,0.7,2.7,3.4,2.5,1.1,0.3,1.9,2.4,15.9)
(1993,317,Charles Shackleford,C,26,PHI,48,0,11.8,1.7,3.4,.488,0.0,0.0,.000,1.7,3.4,.494,.488,0.6,1.0,.633,1.4,2.9,4.3,0.5,0.3,0.5,0.8,1.9,4.0)
(1993,Rk,Player,Pos,Age,Tm,G,GS,MP,FG,FGA,FG%,3P,3PA,3P%,2P,2PA,2P%,eFG%,FT,FTA,FT%,ORB,DRB,TRB,AST,STL,BLK,TOV,PF,PTS)
(1993,324,Kenny Smith,PG,27,HOU,82,82,29.5,4.7,9.1,.520,1.2,2.7,.438,3.5,6.4,.554,.585,2.4,2.7,.878,0.3,1.6,2.0,5.4,1.0,0.1,2.0,1.3,13.0)
(1993,328,Steve Smith,SG,23,MIA,48,43,33.5,5.8,12.9,.451,1.1,2.8,.402,4.7,10.1,.464,.494,3.2,4.1,.787,1.2,2.9,4.1,5.6,1.0,0.3,2.7,3.1,16.0)
(1993,332,Elmore Spencer,C,23,LAC,44,4,6.4,1.0,1.9,.537,0.0,0.0,,1.0,1.9,.537,.537,0.4,0.7,.500,0.4,1.0,1.4,0.2,0.2,0.4,0.6,1.2,2.4)
(1993,336,Barry Stevens,SF,30,GSW,2,0,3.0,0.5,1.0,.500,0.0,0.0,,0.5,1.0,.500,.500,0.0,0.0,,1.0,0.0,1.0,0.0,0.0,0.0,0.0,0.5,1.0)
(1993,340,John Stockton*,PG,30,UTA,82,82,34.9,5.3,11.0,.486,0.9,2.3,.385,4.5,8.7,.513,.526,3.6,4.5,.798,0.8,2.1,2.9,12.0,2.4,0.3,3.2,2.7,15.1)
(1993,343,Lamont Strothers,SG,24,DAL,9,0,15.3,2.2,6.8,.328,0.2,1.4,.154,2.0,5.3,.375,.344,0.9,1.1,.800,0.9,0.7,1.6,1.4,0.9,0.0,1.7,1.4,5.6)
(1993,347,Otis Thorpe,PF,30,HOU,72,69,32.7,5.3,9.6,.558,0.0,0.0,.000,5.3,9.6,.560,.558,2.1,3.6,.598,3.0,5.1,8.2,2.5,0.6,0.3,2.1,3.3,12.8)
(1993,351,Trent Tucker,SG,33,CHI,69,0,13.2,2.1,4.3,.485,0.8,1.9,.397,1.3,2.4,.555,.573,0.3,0.3,.818,0.2,0.8,1.0,1.2,0.3,0.1,0.3,0.9,5.2)
(1993,355,Gundars Vetra,SF,25,MIN,13,0,6.8,1.5,3.1,.475,0.2,0.2,1.000,1.2,2.8,.432,.513,0.3,0.5,.667,0.3,0.3,0.6,0.5,0.2,0.0,0.2,0.9,3.5)
(1993,359,Marcus Webb,PF,22,BOS,9,0,5.7,1.4,2.8,.520,0.0,0.1,.000,1.4,2.7,.542,.520,1.4,2.3,.619,0.6,0.6,1.1,0.2,0.1,0.2,0.6,1.2,4.3)
(1993,362,Doug West,SG,25,MIN,80,80,38.8,8.1,15.6,.517,0.0,0.3,.087,8.1,15.3,.525,.518,3.1,3.7,.841,1.1,2.0,3.1,2.9,1.1,0.3,2.1,3.5,19.3)
(1993,366,Dominique Wilkins*,SF,33,ATL,71,70,37.3,10.4,22.3,.468,1.7,4.5,.380,8.7,17.9,.490,.506,7.3,8.8,.828,2.6,4.2,6.8,3.2,1.0,0.4,2.6,1.6,29.9)
(1993,370,Corey Williams,PG,22,CHI,35,0,6.9,0.9,2.4,.365,0.0,0.1,.333,0.9,2.3,.366,.371,0.5,0.6,.818,0.5,0.3,0.9,0.7,0.1,0.1,0.3,0.7,2.3)
(1993,374,John Williams,SF,26,LAC,74,8,22.1,2.8,6.4,.430,0.2,0.7,.226,2.6,5.7,.455,.442,0.9,1.7,.543,1.2,3.1,4.3,1.9,1.1,0.3,1.1,2.5,6.6)
(1993,378,Reggie Williams,SF,28,DEN,79,79,34.5,6.8,14.8,.458,0.4,1.5,.270,6.4,13.2,.480,.473,3.0,3.7,.804,1.7,3.7,5.4,3.7,1.6,1.0,2.5,3.6,17.0)
(1993,381,Kevin Willis,PF,30,ATL,80,80,36.0,7.7,15.2,.506,0.1,0.4,.241,7.6,14.9,.512,.509,2.5,3.8,.653,4.2,8.7,12.9,2.1,0.9,0.5,2.7,3.3,17.9)
(1993,385,David Wood,PF,28,SAS,64,2,9.3,0.8,1.8,.444,0.1,0.3,.238,0.7,1.5,.490,.466,0.7,0.9,.836,0.6,0.9,1.5,0.5,0.2,0.2,0.5,1.5,2.4)
(1993,389,Howard Wright,PF,25,ORL,4,0,2.5,1.0,1.3,.800,0.0,0.0,,1.0,1.3,.800,.800,0.0,0.5,.000,0.3,0.3,0.5,0.0,0.0,0.0,0.0,0.0,2.0)
