(1993,2,Mahmoud Abdul-Rauf,PG,23,DEN,81,81,33.5,7.8,17.4,.450,0.9,2.4,.355,7.0,14.9,.465,.475,2.7,2.9,.935,0.6,2.1,2.8,4.2,1.0,0.1,2.3,2.2,19.2)
(1993,6,Mark Aguirre,SF,33,DET,51,15,20.7,3.7,8.3,.443,0.6,1.6,.361,3.1,6.6,.463,.479,1.9,2.5,.767,0.8,2.1,3.0,2.1,0.3,0.1,1.3,2.0,9.9)
(1993,10,Kenny Anderson,PG,22,NJN,55,55,36.5,6.7,15.5,.435,0.1,0.5,.280,6.6,15.0,.440,.439,3.3,4.2,.776,0.9,3.2,4.1,8.2,1.7,0.2,2.8,2.5,16.9)
(1993,14,Greg Anthony,PG,25,NYK,70,35,24.3,2.5,6.0,.415,0.1,0.4,.133,2.4,5.6,.437,.420,1.5,2.3,.673,0.6,1.8,2.4,5.7,1.6,0.2,1.5,2.0,6.6)
(1993,18,Stacey Augmon,SG,24,ATL,73,66,28.9,5.4,10.8,.501,0.0,0.1,.000,5.4,10.8,.504,.501,3.1,4.2,.739,1.9,2.0,3.9,2.3,1.2,0.2,2.2,1.9,14.0)
(1993,21,John Bagley,PG,32,BOS,10,0,9.7,0.9,2.5,.360,0.0,0.1,.000,0.9,2.4,.375,.360,0.5,0.6,.833,0.1,0.6,0.7,2.0,0.2,0.0,1.7,1.1,2.3)
(1993,25,Dana Barros,PG,25,SEA,69,2,18.0,3.1,6.9,.451,0.9,2.4,.379,2.2,4.4,.492,.519,0.7,0.9,.831,0.3,1.3,1.6,2.2,0.9,0.0,0.8,1.1,7.8)
(1993,29,William Bedford,C,29,SAS,16,0,4.1,0.6,1.7,.333,0.1,0.1,1.000,0.5,1.6,.308,.352,0.4,0.8,.500,0.1,0.6,0.6,0.0,0.0,0.1,0.1,0.9,1.6)
(1993,33,Rolando Blackman,SG,33,NYK,60,33,23.9,4.0,9.0,.443,0.5,1.2,.425,3.5,7.8,.446,.472,1.2,1.5,.789,0.4,1.3,1.7,2.6,0.4,0.2,1.1,2.2,9.7)
(1993,37,Mookie Blaylock,PG,25,ATL,80,78,35.3,5.2,12.1,.429,1.5,3.9,.375,3.7,8.1,.456,.491,1.5,2.1,.728,1.1,2.4,3.5,8.4,2.5,0.3,2.3,2.0,13.4)
(1993,Rk,Player,Pos,Age,Tm,G,GS,MP,FG,FGA,FG%,3P,3PA,3P%,2P,2PA,2P%,eFG%,FT,FTA,FT%,ORB,DRB,TRB,AST,STL,BLK,TOV,PF,PTS)
(1993,44,Terrell Brandon,PG,22,CLE,82,8,19.8,3.6,7.6,.478,0.2,0.5,.310,3.5,7.1,.491,.489,1.4,1.7,.825,0.5,1.7,2.2,3.7,1.0,0.3,1.3,1.5,8.8)
(1993,48,Scott Brooks,PG,27,HOU,82,0,18.5,2.2,4.7,.475,0.5,1.2,.414,1.7,3.5,.497,.529,1.4,1.6,.830,0.3,0.9,1.2,3.0,1.0,0.0,0.9,1.7,6.3)
(1993,52,Randy Brown,PG,24,SAC,75,34,23.0,3.0,6.5,.463,0.0,0.1,.333,3.0,6.4,.465,.465,1.5,2.1,.732,1.0,1.8,2.8,2.6,1.4,0.5,1.6,2.7,7.6)
(1993,56,Willie Burton,SF,24,MIA,26,8,17.3,2.1,5.4,.383,0.2,0.6,.333,1.9,4.8,.389,.401,3.5,4.9,.717,0.8,1.8,2.7,0.6,0.5,0.6,1.9,2.2,7.8)
(1993,60,Elden Campbell,PF,24,LAL,79,13,19.6,3.0,6.6,.458,0.0,0.0,.000,3.0,6.5,.460,.458,1.6,2.6,.637,1.6,2.6,4.2,0.6,0.7,1.3,0.9,2.1,7.7)
(1993,63,Bill Cartwright,C,35,CHI,63,63,19.9,2.2,5.4,.411,0.0,0.0,,2.2,5.4,.411,.411,1.1,1.6,.735,1.3,2.4,3.7,1.3,0.3,0.2,1.0,2.4,5.6)
(1993,67,Tom Chambers,PF,33,PHO,73,0,23.6,4.4,9.8,.447,0.2,0.4,.393,4.2,9.4,.449,.455,3.3,3.9,.837,1.3,3.4,4.7,1.4,0.6,0.3,1.3,2.9,12.2)
(1993,71,Doug Christie,SG,22,LAL,23,0,14.4,2.0,4.6,.425,0.1,0.5,.167,1.9,4.1,.457,.434,2.2,2.9,.758,1.0,1.2,2.2,2.3,1.0,0.2,2.2,2.3,6.2)
(1993,75,Lester Conner,PG,33,LAC,31,0,13.6,0.9,2.0,.452,0.0,0.0,,0.9,2.0,.452,.452,0.6,0.6,.947,0.5,1.1,1.6,2.1,1.1,0.1,0.7,1.3,2.4)
(1993,79,Joe Courtney,PF,23,TOT,12,0,8.7,1.1,2.7,.406,0.0,0.0,,1.1,2.7,.406,.406,0.6,0.8,.778,0.3,1.3,1.6,0.3,0.4,0.4,0.5,1.4,2.8)
(1993,82,Radisav Curcic,C,27,DAL,20,0,8.3,0.8,2.1,.390,0.0,0.0,,0.8,2.1,.390,.390,1.3,1.8,.722,0.9,1.6,2.5,0.6,0.4,0.1,0.4,1.5,2.9)
(1993,86,Dale Davis,PF,23,IND,82,82,27.6,3.7,6.5,.568,0.0,0.0,,3.7,6.5,.568,.568,1.5,2.7,.529,3.5,5.3,8.8,0.8,0.8,1.8,1.0,3.3,8.9)
(1993,90,Todd Day,SG,23,MIL,71,37,27.2,5.0,11.7,.432,0.8,2.6,.293,4.3,9.1,.472,.465,3.0,4.2,.717,2.0,2.1,4.1,1.6,1.1,0.7,1.7,3.1,13.8)
(1993,94,James Donaldson,C,35,UTA,6,1,15.7,1.3,2.3,.571,0.0,0.0,,1.3,2.3,.571,.571,0.8,1.5,.556,1.0,3.8,4.8,0.2,0.2,1.2,0.7,2.2,3.5)
(1993,98,Kevin Duckworth,C,28,POR,74,55,23.8,4.1,9.3,.438,0.0,0.0,.000,4.1,9.3,.439,.438,1.7,2.4,.730,1.6,3.6,5.2,0.9,0.6,0.5,1.2,3.0,9.9)
(1993,101,Richard Dumas,SF,23,PHO,48,32,27.5,6.3,12.0,.524,0.0,0.1,.333,6.3,11.9,.525,.525,3.2,4.5,.707,2.1,2.6,4.6,1.3,1.8,0.8,1.9,2.6,15.8)
(1993,105,James Edwards,C,37,LAL,52,0,11.9,2.3,5.2,.452,0.0,0.0,,2.3,5.2,.452,.452,1.6,2.3,.712,0.6,1.3,1.9,0.8,0.2,0.1,1.0,2.3,6.3)
(1993,109,Sean Elliott,SF,24,SAS,70,70,37.2,6.4,13.1,.491,0.5,1.5,.356,5.9,11.6,.509,.511,3.8,4.8,.795,1.2,3.4,4.6,3.8,1.0,0.4,2.2,1.9,17.2)
(1993,113,Jo Jo English,SG,22,CHI,6,0,5.2,0.5,1.7,.300,0.0,0.5,.000,0.5,1.2,.429,.300,0.0,0.3,.000,0.3,0.7,1.0,0.2,0.5,0.3,0.7,0.8,1.0)
(1993,117,Vern Fleming,PG,30,IND,75,8,20.0,3.7,7.4,.505,0.1,0.5,.194,3.6,6.9,.527,.512,1.9,2.6,.726,0.8,1.4,2.3,3.0,0.8,0.1,1.6,1.7,9.5)
(1993,Rk,Player,Pos,Age,Tm,G,GS,MP,FG,FGA,FG%,3P,3PA,3P%,2P,2PA,2P%,eFG%,FT,FTA,FT%,ORB,DRB,TRB,AST,STL,BLK,TOV,PF,PTS)
(1993,124,Kenny Gattison,PF,28,CHH,75,5,19.7,2.7,5.1,.529,0.0,0.0,.000,2.7,5.1,.533,.529,1.4,2.3,.604,1.4,3.3,4.7,0.9,0.6,0.7,0.9,3.2,6.8)
(1993,128,Armen Gilliam,PF,28,PHI,80,26,21.8,4.5,9.7,.464,0.0,0.0,.000,4.5,9.7,.464,.464,3.4,4.1,.843,1.7,4.2,5.9,1.5,0.5,0.7,2.0,1.5,12.4)
(1993,132,Gary Grant,PG,27,LAC,74,8,21.9,2.8,6.4,.441,0.1,0.6,.262,2.7,5.9,.459,.453,0.7,1.0,.743,0.4,1.5,1.9,4.8,1.4,0.1,1.7,2.3,6.6)
(1993,136,Jeff Grayer,SG,27,GSW,48,12,21.4,3.4,7.4,.467,0.0,0.3,.143,3.4,7.1,.481,.470,1.9,2.8,.669,1.5,1.8,3.3,1.5,0.6,0.2,1.1,2.5,8.8)
(1993,140,Sidney Green,PF,32,TOT,39,0,8.4,0.9,2.3,.382,0.0,0.1,.000,0.9,2.2,.391,.382,0.6,0.8,.806,0.8,2.2,3.0,0.6,0.2,0.1,0.5,0.9,2.4)
(1993,143,Tom Hammonds,PF,25,TOT,54,5,13.2,1.9,4.1,.475,0.0,0.0,.000,1.9,4.1,.477,.475,0.7,1.1,.613,0.7,1.6,2.4,0.4,0.3,0.2,0.6,1.4,4.6)
(1993,147,Scott Hastings,C,32,DEN,76,0,8.8,0.8,1.5,.509,0.0,0.1,.250,0.7,1.4,.529,.518,0.5,0.7,.727,0.6,1.2,1.8,0.4,0.2,0.1,0.4,1.5,2.1)
(1993,151,Rod Higgins,SF,33,SAC,69,4,20.7,2.9,7.0,.412,0.6,1.9,.323,2.3,5.1,.446,.457,1.9,2.2,.861,1.0,1.8,2.8,1.7,0.7,0.4,0.9,2.0,8.3)
(1993,155,Dave Hoppen,C,28,NJN,2,0,5.0,0.5,0.5,1.000,0.0,0.0,,0.5,0.5,1.000,1.000,0.0,1.0,.000,0.5,1.5,2.0,0.0,0.0,0.0,0.0,1.0,1.0)
(1993,159,Brian Howard,SF,25,DAL,68,22,19.0,2.7,6.1,.442,0.0,0.1,.143,2.7,6.0,.447,.443,1.1,1.4,.766,1.0,2.1,3.1,1.0,0.8,0.5,1.0,3.2,6.5)
(1993,162,Byron Irvin,SG,26,WSB,4,2,11.3,2.3,4.5,.500,0.3,0.3,1.000,2.0,4.3,.471,.528,0.8,1.5,.500,0.5,0.5,1.0,0.5,0.3,0.0,1.0,1.3,5.5)
(1993,166,Mark Jackson,PG,27,LAC,82,81,38.0,5.6,11.5,.486,0.3,1.0,.268,5.3,10.5,.506,.497,2.9,3.7,.803,1.6,3.2,4.7,8.8,1.7,0.1,2.7,1.9,14.4)
(1993,170,Buck Johnson,SF,29,WSB,73,19,17.6,2.6,5.5,.479,0.0,0.0,.000,2.6,5.5,.483,.479,1.3,1.7,.730,1.1,1.6,2.7,1.2,0.5,0.2,1.0,2.6,6.5)
(1993,174,Kevin Johnson,PG,26,PHO,49,47,33.5,5.8,11.5,.499,0.0,0.2,.125,5.7,11.4,.504,.500,4.6,5.6,.819,0.6,1.5,2.1,7.8,1.7,0.4,3.1,2.0,16.1)
(1993,178,Thomas Jordan,PF,24,PHI,4,0,26.5,4.5,10.3,.439,0.0,0.0,,4.5,10.3,.439,.439,2.0,4.3,.471,1.3,3.5,4.8,0.8,0.8,1.3,3.0,3.5,11.0)
(1993,181,Tim Kempton,PF,29,PHO,30,0,5.6,0.6,1.6,.396,0.0,0.0,,0.6,1.6,.396,.396,0.6,1.0,.581,0.4,0.9,1.3,0.6,0.1,0.1,0.5,1.0,1.9)
(1993,185,Bo Kimble,SG,26,NYK,9,0,6.1,1.6,3.7,.424,0.2,0.9,.250,1.3,2.8,.480,.455,0.3,0.9,.375,0.3,0.9,1.2,0.6,0.1,0.0,0.7,1.1,3.7)
(1993,189,Stacey King,C,26,CHI,76,3,13.9,2.1,4.5,.471,0.0,0.1,.333,2.1,4.4,.473,.474,1.1,1.6,.705,1.4,1.3,2.7,0.9,0.3,0.3,0.9,1.7,5.4)
(1993,193,Bart Kofoed,SG,28,BOS,7,0,5.9,0.4,1.9,.231,0.0,0.1,.000,0.4,1.7,.250,.231,1.6,2.0,.786,0.0,0.1,0.1,1.4,0.3,0.1,0.4,0.1,2.4)
(1993,198,Jerome Lane,PF,26,CLE,21,2,7.1,1.3,2.6,.500,0.0,0.0,,1.3,2.6,.500,.500,0.2,1.0,.250,1.1,1.4,2.5,0.8,0.6,0.1,0.3,1.5,2.8)
(1993,201,Tim Legler,SG,26,TOT,33,0,19.2,3.2,7.3,.436,0.7,2.0,.338,2.5,5.3,.472,.481,1.7,2.2,.803,0.8,1.0,1.8,1.4,0.7,0.2,0.8,1.9,8.8)
(1993,205,Todd Lichti,SG,26,DEN,48,12,15.7,2.6,5.8,.449,0.0,0.1,.333,2.5,5.6,.452,.453,1.7,2.1,.794,0.7,1.4,2.1,1.1,0.6,0.2,1.0,1.3,6.9)
(1993,209,Luc Longley,C,24,MIN,55,25,19.0,2.4,5.3,.455,0.0,0.0,,2.4,5.3,.455,.455,1.0,1.3,.716,1.3,3.1,4.4,0.9,0.9,1.4,1.6,3.1,5.8)
(1993,213,Mark Macon,PG,23,DEN,48,27,23.8,3.3,7.9,.415,0.0,0.1,.000,3.3,7.8,.421,.415,0.9,1.3,.700,0.7,1.5,2.1,2.6,1.4,0.1,1.5,2.8,7.5)
(1993,217,Karl Malone*,PF,29,UTA,82,82,37.8,9.7,17.6,.552,0.0,0.2,.200,9.7,17.4,.557,.554,7.5,10.2,.740,2.8,8.4,11.2,3.8,1.5,1.0,2.9,3.2,27.0)
(1993,Rk,Player,Pos,Age,Tm,G,GS,MP,FG,FGA,FG%,3P,3PA,3P%,2P,2PA,2P%,eFG%,FT,FTA,FT%,ORB,DRB,TRB,AST,STL,BLK,TOV,PF,PTS)
(1993,224,Lee Mayberry,PG,22,MIL,82,4,18.3,2.1,4.6,.456,0.5,1.3,.391,1.6,3.2,.483,.513,0.5,0.8,.574,0.3,1.1,1.4,3.3,0.7,0.1,1.0,1.8,5.2)
(1993,228,Rodney McCray,SF,31,CHI,64,5,15.9,1.4,3.2,.451,0.0,0.1,.400,1.4,3.1,.452,.456,0.6,0.8,.692,0.8,1.6,2.5,1.3,0.2,0.2,0.8,1.5,3.5)
(1993,232,Nate McMillan,PG,28,SEA,73,25,27.1,2.9,6.3,.464,0.3,0.9,.385,2.6,5.4,.477,.491,1.3,1.8,.709,1.2,3.0,4.2,5.3,2.4,0.5,1.9,3.3,7.5)
(1993,236,Harold Miner,SG,21,MIA,73,0,18.9,4.0,8.4,.475,0.0,0.1,.333,4.0,8.3,.477,.477,2.2,2.9,.762,1.0,1.0,2.0,1.0,0.5,0.1,1.3,1.8,10.3)
(1993,240,Isaiah Morris,SF,23,DET,25,0,4.1,1.0,2.3,.456,0.0,0.0,,1.0,2.3,.456,.456,0.1,0.2,.750,0.2,0.2,0.5,0.2,0.1,0.0,0.3,0.6,2.2)
(1993,243,Eric Murdock,PG,24,MIL,79,78,30.8,5.5,11.8,.468,0.4,1.5,.261,5.2,10.3,.498,.485,2.9,3.7,.780,1.2,2.4,3.6,7.6,2.2,0.1,2.6,2.2,14.4)
(1993,247,Larry Nance,PF,33,CLE,77,77,35.8,6.9,12.6,.549,0.0,0.1,.000,6.9,12.6,.551,.549,2.6,3.2,.818,2.4,6.3,8.7,2.9,0.7,2.6,1.4,2.9,16.5)
(1993,251,Ken Norman,SF,28,LAC,76,71,32.6,6.6,12.8,.511,0.1,0.5,.263,6.4,12.3,.521,.516,1.7,2.9,.595,2.8,4.8,7.5,2.2,0.8,0.8,1.6,2.1,15.0)
(1993,255,Alan Ogg,C,25,TOT,6,0,4.8,0.8,2.2,.385,0.0,0.0,,0.8,2.2,.385,.385,0.5,0.7,.750,0.5,1.2,1.7,0.7,0.2,0.5,0.5,1.0,2.2)
(1993,259,Billy Owens,PF,23,GSW,37,37,32.5,6.7,13.3,.501,0.0,0.3,.091,6.6,13.0,.510,.502,3.2,4.9,.639,2.9,4.2,7.1,3.9,0.9,0.8,2.9,2.8,16.5)
(1993,262,Walter Palmer,C,24,DAL,20,0,6.2,1.4,2.9,.474,0.0,0.0,,1.4,2.9,.474,.474,0.3,0.5,.667,0.6,1.6,2.2,0.3,0.1,0.3,0.5,1.5,3.0)
(1993,266,Gary Payton*,PG,24,SEA,82,78,31.1,5.8,11.7,.494,0.1,0.4,.206,5.7,11.3,.505,.498,1.8,2.4,.770,1.2,2.3,3.4,4.9,2.2,0.3,1.8,3.0,13.5)
(1993,270,Tim Perry,PF,27,PHI,81,51,26.0,3.5,7.6,.468,0.1,0.6,.204,3.4,7.0,.491,.476,1.8,2.6,.710,1.9,3.1,5.0,1.6,0.5,1.1,1.5,2.0,9.0)
(1993,274,Ricky Pierce,SG,33,SEA,77,72,28.8,6.8,13.9,.489,0.5,1.5,.372,6.3,12.4,.503,.509,4.1,4.6,.889,0.8,1.7,2.5,2.9,1.3,0.1,2.1,2.2,18.2)
(1993,278,Olden Polynice,C,28,DET,67,18,19.4,3.1,6.4,.490,0.0,0.0,.000,3.1,6.4,.491,.490,1.0,2.1,.465,2.7,3.5,6.2,0.4,0.5,0.3,0.8,1.9,7.3)
(1993,281,Brent Price,PG,24,WSB,68,9,12.6,1.5,4.1,.358,0.1,0.7,.167,1.4,3.4,.398,.373,0.8,1.0,.794,0.4,1.1,1.5,2.3,0.8,0.0,1.3,1.3,3.9)
(1993,285,Mark Randall,PF,25,TOT,37,0,6.7,1.1,2.2,.500,0.0,0.2,.125,1.1,1.9,.542,.506,0.4,0.7,.615,0.7,0.8,1.5,0.3,0.1,0.1,0.5,0.9,2.6)
(1993,289,Pooh Richardson,PG,26,IND,74,73,32.4,4.6,9.5,.479,0.0,0.4,.103,4.5,9.1,.496,.482,1.2,1.7,.742,0.9,2.8,3.6,7.7,1.3,0.2,2.3,1.8,10.4)
(1993,293,Stanley Roberts,C,22,LAC,77,76,23.6,4.9,9.2,.527,0.0,0.0,,4.9,9.2,.527,.527,1.6,3.2,.488,2.4,3.9,6.2,0.8,0.4,1.8,1.6,4.3,11.3)
(1993,297,Larry Robinson,SG,25,WSB,4,0,8.3,1.5,4.0,.375,0.0,0.3,.000,1.5,3.8,.400,.375,0.8,1.3,.600,0.3,0.5,0.8,0.8,0.3,0.3,0.3,0.0,3.8)
(1993,Rk,Player,Pos,Age,Tm,G,GS,MP,FG,FGA,FG%,3P,3PA,3P%,2P,2PA,2P%,eFG%,FT,FTA,FT%,ORB,DRB,TRB,AST,STL,BLK,TOV,PF,PTS)
(1993,304,Jeff Ruland,C,34,DET,11,0,5.0,0.5,1.0,.455,0.0,0.0,,0.5,1.0,.455,.455,0.2,0.4,.500,0.8,0.8,1.6,0.2,0.2,0.0,0.5,1.5,1.1)
(1993,308,Danny Schayes,C,33,MIL,70,7,16.1,1.5,3.8,.399,0.0,0.0,.000,1.5,3.7,.404,.399,1.6,2.0,.818,1.0,2.5,3.6,1.1,0.5,0.5,0.9,2.1,4.6)
(1993,312,Byron Scott,SG,31,LAL,58,53,28.9,5.1,11.4,.449,0.8,2.3,.326,4.3,9.0,.481,.483,2.7,3.2,.848,0.5,1.8,2.3,2.7,0.9,0.2,1.2,1.7,13.7)
(1993,316,Brad Sellers,PF,30,MIN,54,4,9.9,0.9,2.4,.377,0.0,0.0,.000,0.9,2.4,.380,.377,0.7,0.7,.949,0.5,1.0,1.5,0.9,0.1,0.2,0.5,0.7,2.5)
(1993,320,Scott Skiles,PG,28,ORL,78,78,39.6,5.3,11.4,.467,1.0,3.0,.340,4.3,8.4,.512,.512,3.7,4.2,.892,0.7,3.1,3.7,9.4,1.1,0.0,3.4,3.1,15.4)
(1993,323,Doug Smith,PF,23,DAL,61,42,25.0,4.7,10.9,.434,0.0,0.1,.000,4.7,10.9,.437,.434,0.9,1.2,.757,1.6,3.8,5.4,1.7,0.8,0.9,1.9,4.6,10.4)
(1993,327,Reggie Smith,C,22,POR,23,0,3.0,0.4,1.2,.370,0.0,0.0,.000,0.4,1.1,.385,.370,0.1,0.6,.214,0.7,0.3,0.9,0.0,0.2,0.0,0.2,0.7,1.0)
(1993,331,Andre Spencer,SF,28,TOT,20,1,21.1,3.7,8.2,.448,0.0,0.1,.000,3.7,8.1,.453,.448,2.1,2.7,.759,1.9,2.2,4.1,1.2,0.9,0.4,1.3,3.2,9.4)
(1993,335,John Starks,SG,27,NYK,80,51,31.0,6.4,15.0,.428,1.4,4.2,.321,5.1,10.8,.469,.473,3.3,4.1,.795,0.7,1.9,2.6,5.1,1.1,0.2,2.2,2.9,17.5)
(1993,339,Alex Stivrins,PF-SF,30,TOT,19,0,4.0,1.0,2.1,.487,0.0,0.1,.000,1.0,1.9,.514,.487,0.2,0.2,.750,0.4,0.6,1.0,0.2,0.1,0.1,0.4,0.6,2.2)
(1993,342,Derek Strong,PF,24,MIL,23,0,14.7,1.8,4.0,.457,0.2,0.3,.500,1.7,3.7,.452,.478,3.0,3.7,.800,1.7,3.3,5.0,0.6,0.5,0.0,0.6,0.9,6.8)
(1993,346,LaSalle Thompson,C,31,IND,63,0,11.6,1.7,3.4,.488,0.0,0.0,.000,1.7,3.4,.491,.488,0.5,0.6,.744,0.9,2.0,2.8,0.5,0.5,0.4,0.7,2.2,3.8)
(1993,350,Tom Tolbert,PF,27,ORL,72,61,25.5,3.1,6.3,.498,0.1,0.4,.321,3.0,5.9,.509,.508,1.7,2.3,.726,1.8,3.9,5.7,1.3,0.5,0.3,1.7,2.7,8.1)
(1993,354,Loy Vaught,PF,24,LAC,79,4,20.9,4.0,7.8,.508,0.0,0.1,.250,3.9,7.7,.510,.509,1.5,2.0,.748,2.1,4.2,6.2,0.7,0.7,0.5,1.1,2.2,9.4)
(1993,358,Clarence Weatherspoon,SF,22,PHI,82,82,32.4,6.0,12.8,.469,0.0,0.0,.250,6.0,12.8,.470,.470,3.5,5.0,.713,2.2,5.0,7.2,1.8,1.0,0.8,2.1,2.3,15.6)
(1993,361,Robert Werdann,C,22,DEN,28,0,5.3,0.6,2.1,.305,0.0,0.0,.000,0.6,2.1,.310,.305,0.6,1.1,.548,0.8,1.0,1.9,0.3,0.2,0.1,0.4,1.4,1.9)
(1993,365,Morlon Wiley,PG,26,TOT,58,15,17.2,1.7,4.4,.378,0.9,2.7,.351,0.7,1.7,.420,.484,0.3,0.4,.654,0.5,1.1,1.6,3.1,1.1,0.1,1.4,2.2,4.5)
(1993,369,Buck Williams,PF,32,POR,82,82,30.5,3.3,6.4,.511,0.0,0.0,.000,3.3,6.4,.512,.511,1.7,2.6,.645,2.8,5.6,8.4,0.9,1.0,0.7,1.2,3.3,8.3)
(1993,373,Jayson Williams,PF,24,NJN,12,2,11.6,1.8,3.8,.457,0.0,0.0,,1.8,3.8,.457,.457,0.6,1.5,.389,1.8,1.6,3.4,0.0,0.3,0.3,0.7,2.0,4.1)
(1993,377,Micheal Williams,PG,26,MIN,76,76,35.0,4.6,10.4,.446,0.3,1.4,.243,4.3,9.0,.478,.463,5.5,6.1,.907,1.1,2.5,3.6,8.7,2.2,0.3,3.0,3.5,15.1)
(1993,Rk,Player,Pos,Age,Tm,G,GS,MP,FG,FGA,FG%,3P,3PA,3P%,2P,2PA,2P%,eFG%,FT,FTA,FT%,ORB,DRB,TRB,AST,STL,BLK,TOV,PF,PTS)
(1993,384,Joe Wolf,C,28,TOT,23,0,7.2,0.9,1.9,.455,0.0,0.0,.000,0.9,1.9,.465,.455,0.6,0.7,.813,0.6,1.5,2.1,0.2,0.3,0.0,0.3,1.0,2.3)
(1993,388,James Worthy*,SF,31,LAL,82,69,28.8,6.2,13.9,.447,0.4,1.4,.270,5.9,12.6,.466,.460,2.1,2.6,.810,0.9,2.1,3.0,3.4,1.1,0.3,1.7,1.1,14.9)
