(1993,1,Alaa Abdelnaby,PF,24,TOT,75,52,17.5,3.3,6.3,.518,0.0,0.0,.000,3.3,6.3,.519,.518,1.2,1.5,.759,1.7,2.8,4.5,0.4,0.3,0.3,1.3,2.5,7.7)
(1993,5,Rafael Addison,SF,28,NJN,68,15,17.1,2.7,6.0,.443,0.1,0.5,.206,2.6,5.5,.464,.451,0.8,1.0,.814,0.7,1.3,1.9,0.8,0.3,0.2,0.9,1.8,6.3)
(1993,9,Eric Anderson,PF,22,NYK,16,0,2.8,0.3,1.1,.278,0.0,0.0,,0.3,1.1,.278,.278,0.7,0.8,.846,0.4,0.5,0.9,0.2,0.2,0.1,0.3,0.9,1.3)
(1993,13,Willie Anderson,SG,26,SAS,38,7,14.7,2.1,4.9,.430,0.0,0.2,.125,2.1,4.7,.444,.433,0.6,0.7,.786,0.2,1.3,1.5,2.1,0.4,0.2,1.2,1.4,4.8)
(1993,17,Keith Askins,SF,25,MIA,69,1,13.6,1.3,3.1,.413,0.3,0.9,.338,1.0,2.1,.446,.465,0.4,0.6,.725,1.1,1.8,2.9,0.4,0.4,0.4,0.5,2.0,3.3)
(1993,Rk,Player,Pos,Age,Tm,G,GS,MP,FG,FGA,FG%,3P,3PA,3P%,2P,2PA,2P%,eFG%,FT,FTA,FT%,ORB,DRB,TRB,AST,STL,BLK,TOV,PF,PTS)
(1993,24,Charles Barkley*,PF,29,PHO,76,76,37.6,9.4,18.1,.520,0.9,2.9,.305,8.5,15.2,.561,.545,5.9,7.7,.765,3.1,9.1,12.2,5.1,1.6,1.0,3.1,2.6,25.6)
(1993,28,Kenny Battle,SG,28,BOS,3,1,9.7,2.0,4.3,.462,0.0,0.3,.000,2.0,4.0,.500,.462,0.7,0.7,1.000,2.3,1.3,3.7,0.7,0.3,0.0,0.7,0.7,4.7)
(1993,32,David Benoit,SF,24,UTA,82,27,20.9,3.1,7.2,.436,0.4,1.2,.347,2.7,6.0,.453,.465,1.4,1.9,.750,1.4,3.4,4.8,0.5,0.5,0.5,1.1,2.5,8.1)
(1993,36,Ricky Blanton,SF,26,CHI,2,0,6.5,1.5,3.5,.429,0.0,0.0,,1.5,3.5,.429,.429,0.0,0.0,,1.0,0.5,1.5,0.5,1.0,0.0,0.5,0.5,3.0)
(1993,40,Walter Bond,SG,23,DAL,74,38,21.3,3.1,7.6,.402,0.1,0.6,.167,3.0,7.1,.421,.408,1.7,2.3,.772,0.7,1.9,2.6,1.6,1.0,0.2,1.5,3.0,8.0)
(1993,43,Sam Bowie,C,31,NJN,79,65,26.5,3.6,8.1,.450,0.0,0.1,.333,3.6,8.0,.451,.451,1.8,2.3,.779,2.0,5.0,7.0,1.6,0.4,1.6,1.5,2.9,9.1)
(1993,47,Kevin Brooks,SF,23,DEN,55,2,10.4,1.7,4.2,.399,0.1,0.5,.231,1.6,3.8,.420,.412,0.6,0.7,.875,0.4,1.1,1.5,0.6,0.2,0.0,0.7,0.8,4.1)
(1993,51,Mike Brown,C,29,UTA,82,21,18.9,2.1,5.0,.430,0.0,0.0,.000,2.1,5.0,.431,.430,1.4,2.0,.689,1.8,3.0,4.8,0.8,0.4,0.3,1.2,2.3,5.7)
(1993,55,Matt Bullard,PF,25,HOU,79,4,17.2,2.7,6.3,.431,1.2,3.1,.374,1.5,3.2,.486,.523,0.7,0.9,.784,0.8,2.0,2.8,1.4,0.4,0.1,0.7,1.6,7.3)
(1993,59,Dexter Cambridge,SF,23,DAL,53,13,16.7,2.8,5.9,.484,0.0,0.1,.000,2.8,5.8,.490,.484,1.3,1.9,.687,1.7,1.5,3.2,1.1,0.5,0.1,1.2,2.4,7.0)
(1993,62,Antoine Carr,PF,31,SAS,71,46,27.4,5.3,9.9,.538,0.0,0.1,.000,5.3,9.9,.541,.538,2.5,3.2,.777,1.5,4.0,5.5,1.4,0.5,1.2,1.4,3.7,13.1)
(1993,66,Cedric Ceballos,SF,23,PHO,74,46,21.7,5.1,8.9,.576,0.0,0.0,.000,5.1,8.9,.577,.576,2.5,3.5,.725,2.3,3.2,5.5,1.0,0.7,0.4,1.4,1.4,12.8)
(1993,70,Pete Chilcutt,PF,24,SAC,59,9,14.1,2.8,5.8,.485,0.0,0.0,,2.8,5.8,.485,.485,0.5,0.8,.696,1.4,1.9,3.3,1.1,0.4,0.4,0.9,1.7,6.1)
(1993,74,Marty Conlon,C,25,SAC,46,0,10.2,1.8,3.7,.474,0.0,0.1,.000,1.8,3.6,.485,.474,1.2,1.8,.704,1.0,1.6,2.7,0.8,0.3,0.1,0.6,0.9,4.8)
(1993,78,Chris Corchiani,PG,24,TOT,10,0,10.5,1.4,2.4,.583,0.0,0.3,.000,1.4,2.1,.667,.583,1.6,2.1,.762,0.1,0.6,0.7,1.6,0.6,0.0,0.8,1.8,4.4)
(1993,81,Terry Cummings,PF,31,SAS,8,0,9.5,1.4,3.6,.379,0.0,0.0,,1.4,3.6,.379,.379,0.6,1.3,.500,0.8,1.6,2.4,0.5,0.1,0.1,0.3,2.1,3.4)
(1993,85,Brad Daugherty,C,27,CLE,71,71,37.9,7.3,12.8,.571,0.0,0.0,.500,7.3,12.8,.571,.571,5.5,6.9,.795,2.3,7.9,10.2,4.4,0.7,0.8,2.1,2.5,20.2)
(1993,89,Johnny Dawkins,PG,29,PHI,74,10,21.6,3.5,8.0,.437,0.4,1.1,.310,3.1,6.8,.458,.459,1.5,1.9,.796,0.4,1.4,1.8,4.6,1.1,0.1,1.6,1.2,8.9)
(1993,93,Vlade Divac,C,24,LAL,82,69,30.8,4.8,10.0,.485,0.3,0.9,.280,4.6,9.1,.505,.498,2.9,4.2,.689,2.7,6.2,8.9,2.8,1.6,1.7,2.6,3.8,12.8)
(1993,97,Clyde Drexler*,SF,30,POR,49,49,34.1,7.1,16.7,.429,0.6,2.7,.233,6.5,13.9,.467,.448,5.0,6.0,.839,2.6,3.7,6.3,5.7,1.9,0.8,2.3,3.2,19.9)
(1993,Rk,Player,Pos,Age,Tm,G,GS,MP,FG,FGA,FG%,3P,3PA,3P%,2P,2PA,2P%,eFG%,FT,FTA,FT%,ORB,DRB,TRB,AST,STL,BLK,TOV,PF,PTS)
(1993,104,Blue Edwards,SF,27,MIL,82,81,33.3,6.8,13.2,.512,0.5,1.3,.349,6.3,11.9,.529,.529,2.9,3.7,.790,1.5,3.2,4.7,2.6,1.6,0.5,2.1,3.0,16.9)
(1993,108,Mario Elie,SF,29,POR,82,7,21.4,2.9,6.4,.458,0.5,1.6,.349,2.4,4.8,.494,.501,2.2,2.6,.855,0.7,1.9,2.6,2.2,0.9,0.2,1.1,1.8,8.6)
(1993,112,Pervis Ellison,C,25,WSB,49,48,34.7,7.0,13.4,.521,0.0,0.1,.000,7.0,13.3,.524,.521,3.5,4.9,.702,2.8,6.0,8.8,2.4,0.9,2.2,2.2,3.1,17.4)
(1993,116,Danny Ferry,PF,26,CLE,76,1,19.2,2.9,6.0,.479,0.4,1.1,.415,2.4,5.0,.493,.516,1.3,1.5,.876,1.1,2.6,3.7,1.8,0.4,0.6,1.1,2.3,7.5)
(1993,120,Rick Fox,SF,23,BOS,71,14,15.2,2.6,5.4,.484,0.1,0.3,.174,2.5,5.0,.504,.489,1.1,1.4,.802,0.8,1.5,2.2,1.6,0.9,0.3,1.1,1.9,6.4)
(1993,123,Chris Gatling,PF,25,GSW,70,11,17.8,3.6,6.6,.539,0.0,0.1,.000,3.6,6.5,.546,.539,2.1,3.0,.725,1.8,2.7,4.6,0.6,0.6,0.8,1.5,2.8,9.3)
(1993,127,Kendall Gill,SG,24,CHH,69,67,35.2,6.7,15.0,.449,0.2,0.9,.274,6.5,14.1,.460,.457,3.2,4.2,.772,1.7,3.2,4.9,3.9,1.4,0.5,2.5,2.8,16.9)
(1993,131,Paul Graham,SG,25,ATL,80,11,18.9,3.2,7.0,.457,0.5,1.8,.298,2.7,5.2,.511,.495,1.2,1.6,.733,0.8,1.6,2.4,2.1,1.1,0.1,1.5,2.3,8.1)
(1993,135,Horace Grant,PF,27,CHI,77,77,35.6,5.5,10.8,.508,0.0,0.1,.200,5.5,10.7,.510,.508,2.3,3.6,.619,4.4,5.0,9.5,2.6,1.2,1.2,1.4,2.8,13.2)
(1993,139,Sean Green,SG,22,IND,13,0,6.2,2.2,4.2,.509,0.2,0.8,.300,1.9,3.5,.556,.536,0.2,0.3,.750,0.3,0.4,0.7,0.5,0.2,0.1,0.7,0.8,4.8)
(1993,142,Jay Guidinger,C,23,CLE,32,5,6.7,0.6,1.7,.345,0.0,0.0,,0.6,1.7,.345,.345,0.4,0.8,.520,0.8,1.2,2.0,0.5,0.3,0.3,0.3,1.5,1.6)
(1993,146,Ron Harper,SG,29,LAC,80,77,37.1,6.8,15.0,.451,0.7,2.3,.280,6.1,12.7,.482,.472,3.8,5.0,.769,1.5,3.9,5.3,4.5,2.2,0.9,2.8,2.7,18.0)
(1993,150,Carl Herrera,PF,26,HOU,81,12,22.2,3.0,5.5,.541,0.0,0.0,.000,3.0,5.5,.543,.541,1.5,2.2,.710,1.8,3.8,5.6,0.8,0.6,0.4,1.1,2.3,7.5)
(1993,154,Donald Hodge,C,23,DAL,79,8,16.0,2.0,5.1,.403,0.0,0.0,,2.0,5.1,.403,.403,0.9,1.3,.683,1.2,2.5,3.7,0.9,0.4,0.5,1.1,2.6,5.0)
(1993,158,Byron Houston,SG,23,GSW,79,8,16.1,1.8,4.1,.446,0.0,0.1,.286,1.8,4.0,.450,.449,1.6,2.5,.665,1.5,2.5,4.0,0.9,0.6,0.5,1.1,3.2,5.3)
(1993,161,Jay Humphries,SG,30,UTA,78,20,26.1,3.7,8.4,.436,0.2,1.0,.200,3.5,7.5,.466,.447,1.3,1.7,.777,0.5,1.3,1.8,4.1,1.3,0.1,1.7,3.0,8.8)
(1993,165,Jim Jackson,SF,22,DAL,28,28,33.5,6.6,16.6,.395,0.8,2.6,.288,5.8,14.0,.415,.417,2.4,3.3,.739,1.5,2.9,4.4,4.7,1.4,0.4,4.1,2.9,16.3)
(1993,169,Avery Johnson,PG,27,SAS,75,49,27.1,3.4,6.8,.502,0.0,0.1,.000,3.4,6.7,.510,.502,1.9,2.4,.791,0.3,1.7,1.9,7.5,1.1,0.2,1.9,1.9,8.7)
(1993,173,Frank Johnson,PG,34,PHO,77,0,14.6,1.8,4.1,.436,0.0,0.2,.083,1.8,3.9,.450,.438,0.8,1.0,.776,0.5,0.9,1.5,2.4,0.8,0.1,1.0,1.5,4.3)
(1993,177,Michael Jordan*,SG,29,CHI,78,78,39.3,12.7,25.7,.495,1.0,2.9,.352,11.7,22.7,.514,.515,6.1,7.3,.837,1.7,5.0,6.7,5.5,2.8,0.8,2.7,2.4,32.6)
(1993,Rk,Player,Pos,Age,Tm,G,GS,MP,FG,FGA,FG%,3P,3PA,3P%,2P,2PA,2P%,eFG%,FT,FTA,FT%,ORB,DRB,TRB,AST,STL,BLK,TOV,PF,PTS)
(1993,184,Alec Kessler,PF,26,MIA,40,2,10.4,1.4,3.1,.467,0.1,0.3,.455,1.3,2.8,.468,.488,0.9,1.2,.766,0.6,1.7,2.3,0.4,0.1,0.3,0.5,1.6,3.9)
(1993,188,Rich King,C,23,SEA,3,0,4.0,0.7,1.7,.400,0.0,0.0,,0.7,1.7,.400,.400,0.7,0.7,1.000,0.3,1.3,1.7,0.3,0.0,0.0,1.0,0.3,2.0)
(1993,192,Negele Knight,PG,25,PHO,52,35,17.1,2.4,6.1,.391,0.0,0.1,.000,2.4,6.0,.400,.391,1.3,1.7,.779,0.5,0.7,1.2,2.8,0.4,0.1,1.4,1.3,6.1)
(1993,196,Christian Laettner,PF,23,MIN,81,81,34.9,6.2,13.1,.474,0.0,0.5,.100,6.2,12.6,.489,.476,5.7,6.8,.835,2.1,6.6,8.7,2.8,1.3,1.0,3.4,3.6,18.2)
(1993,197,Bill Laimbeer,C,35,DET,79,41,24.5,3.7,7.3,.509,0.1,0.3,.370,3.6,6.9,.516,.517,1.2,1.3,.894,1.4,3.9,5.3,1.6,0.6,0.5,0.7,2.7,8.7)
(1993,Rk,Player,Pos,Age,Tm,G,GS,MP,FG,FGA,FG%,3P,3PA,3P%,2P,2PA,2P%,eFG%,FT,FTA,FT%,ORB,DRB,TRB,AST,STL,BLK,TOV,PF,PTS)
(1993,204,Marcus Liberty,SF,24,DEN,78,32,20.3,3.2,7.9,.406,0.3,0.8,.373,2.9,7.2,.410,.424,1.3,2.0,.654,1.7,2.6,4.3,1.3,0.8,0.3,1.0,1.8,8.1)
(1993,208,Grant Long,PF,26,MIA,76,62,35.9,5.2,11.1,.469,0.1,0.3,.231,5.1,10.8,.476,.472,3.4,4.5,.765,2.6,4.9,7.5,2.4,1.4,0.4,1.8,3.5,14.0)
(1993,212,Don MacLean,PF,23,WSB,62,4,10.9,2.5,5.8,.435,0.0,0.1,.500,2.5,5.7,.434,.439,1.5,1.8,.811,0.5,1.4,2.0,0.6,0.2,0.1,0.7,1.3,6.6)
(1993,216,Jeff Malone,SG,31,UTA,79,59,32.4,7.5,15.3,.494,0.0,0.1,.333,7.5,15.1,.495,.495,3.0,3.5,.852,0.4,1.8,2.2,1.6,0.5,0.1,1.6,1.5,18.1)
(1993,220,Sarunas Marciulionis*,SF,28,GSW,30,8,27.9,5.9,10.9,.543,0.1,0.5,.200,5.8,10.4,.559,.547,5.4,7.1,.761,1.3,1.9,3.2,3.5,1.7,0.1,2.5,3.1,17.4)
(1993,223,Vernon Maxwell,SG,27,HOU,71,68,31.7,4.9,12.1,.407,1.7,5.1,.332,3.2,7.0,.461,.477,2.3,3.2,.719,0.4,2.7,3.1,4.2,1.2,0.1,2.0,1.7,13.8)
(1993,227,George McCloud,SF,25,IND,78,21,19.2,2.8,6.7,.411,0.7,2.3,.320,2.0,4.4,.459,.467,1.0,1.3,.735,0.8,1.9,2.6,2.5,0.7,0.1,1.4,2.1,7.2)
(1993,231,Derrick McKey,SF,26,SEA,77,68,31.7,5.0,10.1,.496,0.5,1.5,.357,4.5,8.7,.519,.522,2.9,3.9,.741,1.6,2.7,4.2,2.6,1.4,0.8,2.0,2.7,13.4)
(1993,235,Terry Mills,PF,25,DET,81,46,27.0,6.1,13.2,.461,0.1,0.4,.278,6.0,12.8,.467,.465,2.5,3.1,.791,2.2,3.7,5.8,1.4,0.5,0.6,1.8,3.5,14.8)
(1993,239,Chris Morris,SF,27,NJN,77,57,29.9,5.7,11.8,.481,0.2,1.0,.224,5.4,10.8,.504,.490,2.6,3.2,.794,2.9,2.9,5.9,1.4,1.9,0.7,1.5,2.2,14.1)
(1993,242,Chris Mullin*,SF,29,GSW,46,46,41.3,10.3,20.2,.510,1.3,2.9,.451,9.0,17.3,.519,.542,4.0,4.9,.810,0.9,4.1,5.0,3.6,1.5,0.9,3.0,1.7,25.9)
(1993,246,Dikembe Mutombo*,C,26,DEN,82,82,36.9,4.9,9.5,.510,0.0,0.0,,4.9,9.5,.510,.510,4.1,6.0,.681,4.2,8.9,13.0,1.8,0.5,3.5,2.6,3.5,13.8)
(1993,250,Johnny Newman,SF,29,CHH,64,27,23.0,4.4,8.3,.522,0.2,0.7,.267,4.2,7.6,.546,.534,3.0,3.8,.808,1.1,1.1,2.2,1.8,0.7,0.3,1.4,2.4,11.9)
(1993,254,Charles Oakley,PF,29,NYK,82,82,27.2,2.7,5.3,.508,0.0,0.0,.000,2.7,5.2,.509,.508,1.5,2.1,.722,3.5,5.1,8.6,1.5,1.0,0.2,1.5,3.5,6.9)
(1993,258,Doug Overton,PG,23,WSB,45,13,22.0,3.4,7.2,.471,0.1,0.3,.231,3.3,6.9,.481,.475,1.3,1.8,.728,0.6,1.8,2.4,3.5,0.7,0.1,1.6,1.8,8.1)
(1993,261,Gerald Paddio,SF,27,SEA,41,3,7.5,1.7,3.9,.447,0.0,0.2,.250,1.7,3.7,.457,.453,0.3,0.5,.667,0.4,0.8,1.2,0.8,0.3,0.1,0.4,0.6,3.9)
(1993,265,Kenny Payne,SF,26,PHI,13,0,11.8,2.9,6.9,.422,0.3,1.4,.222,2.6,5.5,.472,.444,0.3,0.3,1.000,0.3,1.5,1.8,1.4,0.4,0.2,0.5,1.2,6.5)
(1993,269,Sam Perkins,PF,31,TOT,79,62,29.8,4.8,10.1,.477,0.3,0.9,.338,4.5,9.2,.490,.492,3.2,3.9,.820,2.1,4.6,6.6,2.0,0.8,1.0,1.4,2.8,13.1)
(1993,273,Bobby Phills,SG,23,CLE,31,0,4.5,1.2,2.6,.463,0.1,0.2,.400,1.2,2.5,.468,.476,0.5,0.8,.600,0.2,0.4,0.5,0.3,0.3,0.1,0.6,0.6,3.0)
(1993,277,Gary Plummer,PF,30,DEN,60,0,12.3,1.8,3.8,.465,0.0,0.1,.000,1.8,3.8,.471,.465,1.2,1.6,.726,0.9,2.0,2.9,0.7,0.2,0.2,1.3,2.4,4.7)
(1993,Rk,Player,Pos,Age,Tm,G,GS,MP,FG,FGA,FG%,3P,3PA,3P%,2P,2PA,2P%,eFG%,FT,FTA,FT%,ORB,DRB,TRB,AST,STL,BLK,TOV,PF,PTS)
(1993,284,Kurt Rambis,PF,34,TOT,72,1,11.4,0.9,1.8,.519,0.0,0.0,.000,0.9,1.8,.528,.519,0.6,0.9,.662,1.1,2.1,3.2,0.7,0.6,0.3,0.6,1.7,2.5)
(1993,288,Glen Rice,SF,25,MIA,82,82,37.6,7.1,16.1,.440,1.8,4.7,.383,5.3,11.4,.463,.495,3.0,3.6,.820,1.1,4.0,5.2,2.2,1.1,0.3,1.9,2.5,19.0)
(1993,292,Fred Roberts,C,32,MIL,79,5,18.8,2.9,5.4,.528,0.2,0.4,.414,2.7,5.1,.536,.542,1.7,2.1,.799,1.2,1.8,3.0,1.5,0.7,0.3,0.8,1.7,7.6)
(1993,296,David Robinson*,C,27,SAS,82,82,39.2,8.2,16.4,.501,0.0,0.2,.176,8.2,16.2,.506,.503,6.8,9.3,.732,2.8,8.9,11.7,3.7,1.5,3.2,2.9,2.9,23.4)
(1993,300,Tree Rollins,C,37,HOU,42,0,5.9,0.3,1.0,.268,0.0,0.0,.000,0.3,0.9,.282,.268,0.2,0.3,.750,0.3,1.1,1.4,0.2,0.1,0.4,0.2,1.0,0.7)
(1993,303,Delaney Rudd,PG,30,POR,15,1,6.3,0.5,2.4,.194,0.1,0.7,.091,0.4,1.7,.240,.208,0.7,0.9,.786,0.3,0.3,0.6,1.1,0.1,0.0,0.7,0.5,1.7)
(1993,307,Mike Sanders,SF,32,CLE,53,51,22.4,3.7,7.5,.497,0.0,0.1,.250,3.7,7.4,.500,.499,1.1,1.5,.756,1.0,2.2,3.2,1.4,0.7,0.6,1.1,2.8,8.6)
(1993,311,Detlef Schrempf,PF,30,IND,82,60,37.8,6.3,13.2,.476,0.1,0.6,.154,6.2,12.6,.493,.480,6.4,8.0,.804,2.6,7.0,9.5,6.0,1.0,0.3,3.0,3.7,19.1)
(1993,315,Rony Seikaly,C,27,MIA,72,64,34.1,5.8,12.1,.480,0.0,0.1,.125,5.8,11.9,.484,.481,5.5,7.5,.735,3.6,8.2,11.8,1.4,0.5,1.2,2.8,3.6,17.1)
(1993,319,Lionel Simmons,SF,24,SAC,69,68,36.3,6.8,15.3,.444,0.0,0.2,.091,6.8,15.1,.447,.444,4.3,5.3,.819,2.3,4.9,7.2,4.5,1.4,0.6,2.8,2.9,17.9)
(1993,322,Chris Smith,SG,22,MIN,80,6,15.8,1.6,3.6,.433,0.0,0.2,.143,1.5,3.4,.447,.436,1.2,1.5,.792,0.4,0.8,1.2,2.5,0.6,0.2,0.9,1.2,4.3)
(1993,326,Larry Smith,PF,35,SAS,66,13,12.6,0.6,1.3,.437,0.0,0.0,,0.6,1.3,.437,.437,0.1,0.3,.409,1.6,2.5,4.1,0.4,0.3,0.2,0.6,2.0,1.3)
(1993,330,Rik Smits,C,26,IND,81,81,25.6,6.1,12.6,.486,0.0,0.0,,6.1,12.6,.486,.486,2.1,2.8,.732,1.6,3.8,5.3,1.5,0.3,0.9,1.8,3.5,14.3)
(1993,334,Latrell Sprewell,SG,22,GSW,77,69,35.6,5.8,12.6,.464,0.9,2.6,.369,4.9,10.0,.488,.502,2.7,3.7,.746,1.0,2.5,3.5,3.8,1.6,0.7,2.6,2.2,15.4)
(1993,338,Bryant Stith,SG,22,DEN,39,12,22.2,3.2,7.1,.446,0.0,0.1,.000,3.2,7.0,.453,.446,2.5,3.1,.832,1.0,2.2,3.2,1.3,0.6,0.1,1.1,2.1,8.9)
(1993,341,Rod Strickland,SG,26,POR,78,35,31.7,5.1,10.5,.485,0.1,0.4,.133,5.0,10.1,.499,.488,3.5,4.9,.717,1.5,2.8,4.3,7.2,1.7,0.3,2.6,2.0,13.7)
(1993,345,Isiah Thomas*,PG,31,DET,79,79,37.0,6.7,15.9,.418,0.8,2.5,.308,5.9,13.4,.439,.442,3.5,4.8,.737,0.9,2.0,2.9,8.5,1.6,0.2,3.6,2.8,17.6)
(1993,349,Wayman Tisdale,PF,28,SAC,76,75,30.0,7.2,14.1,.509,0.0,0.0,.000,7.2,14.0,.510,.509,2.3,3.0,.758,1.7,4.9,6.6,1.4,0.7,0.6,1.5,3.6,16.6)
(1993,353,Kiki Vandeweghe,SF,34,LAC,41,3,12.0,2.2,5.0,.453,0.3,0.9,.324,2.0,4.0,.482,.483,1.4,1.6,.879,0.3,0.9,1.2,0.6,0.3,0.2,0.5,1.1,6.2)
(1993,357,Duane Washington,SG,28,LAC,4,0,7.0,0.0,1.3,.000,0.0,0.0,,0.0,1.3,.000,.000,0.0,0.0,,0.0,0.5,0.5,1.3,0.3,0.0,0.5,0.5,0.0)
(1993,Rk,Player,Pos,Age,Tm,G,GS,MP,FG,FGA,FG%,3P,3PA,3P%,2P,2PA,2P%,eFG%,FT,FTA,FT%,ORB,DRB,TRB,AST,STL,BLK,TOV,PF,PTS)
(1993,364,Randy White,PF,25,DAL,64,20,22.4,3.7,8.4,.435,0.2,0.7,.238,3.5,7.8,.452,.444,2.2,2.9,.750,2.4,3.4,5.8,0.8,1.0,0.7,1.7,3.5,9.7)
(1993,368,Gerald Wilkins,SF,29,CLE,80,35,26.0,4.5,10.0,.453,0.2,0.7,.276,4.3,9.2,.467,.463,1.9,2.3,.840,0.9,1.8,2.7,2.3,1.0,0.2,1.2,1.9,11.1)
(1993,372,Hot Rod Williams,C,30,CLE,67,13,30.7,3.9,8.4,.470,0.0,0.0,,3.9,8.4,.470,.470,3.2,4.4,.716,1.9,4.3,6.2,2.3,0.7,1.6,1.7,2.6,11.0)
(1993,376,Lorenzo Williams,PF-C,23,TOT,27,7,6.6,0.6,1.3,.472,0.0,0.0,,0.6,1.3,.472,.472,0.1,0.3,.286,0.6,1.4,2.0,0.2,0.2,0.6,0.3,1.1,1.3)
(1993,380,Walt Williams,SF,22,SAC,59,26,28.4,6.1,13.9,.435,1.0,3.2,.319,5.0,10.7,.470,.472,3.8,5.1,.742,1.9,2.5,4.5,3.0,1.1,0.5,3.0,3.5,17.0)
(1993,383,David Wingate,SF,29,CHH,72,55,20.4,2.5,4.7,.536,0.0,0.1,.167,2.5,4.6,.542,.537,1.1,1.5,.738,0.7,1.7,2.4,2.5,0.9,0.1,1.2,1.9,6.1)
(1993,387,Orlando Woolridge,SF,33,TOT,58,47,26.8,5.0,10.3,.482,0.0,0.2,.000,5.0,10.2,.490,.482,2.1,3.1,.678,1.5,1.7,3.2,2.0,0.5,0.5,1.4,2.1,12.0)
