(1993,Rk,Player,Pos,Age,Tm,G,GS,MP,FG,FGA,FG%,3P,3PA,3P%,2P,2PA,2P%,eFG%,FT,FTA,FT%,ORB,DRB,TRB,AST,STL,BLK,TOV,PF,PTS)
(1993,4,Michael Adams,PG,30,WSB,70,70,35.7,5.2,11.9,.439,1.0,3.0,.321,4.2,8.8,.480,.480,3.4,4.0,.856,0.7,2.7,3.4,7.5,1.4,0.1,2.5,2.1,14.8)
(1993,8,Victor Alexander,C,23,GSW,72,59,24.3,4.8,9.3,.516,0.1,0.3,.455,4.6,9.0,.518,.523,1.5,2.3,.685,1.8,4.0,5.8,1.3,0.5,0.7,1.7,3.0,11.2)
(1993,12,Ron Anderson,SF,34,PHI,69,0,18.3,3.3,7.9,.414,0.6,1.7,.325,2.7,6.1,.439,.449,1.0,1.3,.809,0.9,1.8,2.7,1.3,0.4,0.1,0.9,1.1,8.1)
(1993,16,Vincent Askew,SG,26,TOT,73,4,15.5,2.1,4.2,.492,0.0,0.1,.333,2.1,4.2,.495,.495,1.4,2.0,.705,0.8,1.4,2.2,1.7,0.5,0.3,0.9,1.8,5.6)
(1993,20,Anthony Avent,PF,23,MIL,82,78,27.9,4.2,9.8,.433,0.0,0.0,.000,4.2,9.8,.434,.433,1.4,2.1,.651,2.2,4.0,6.2,1.1,0.7,0.9,1.7,2.9,9.8)
(1993,23,Steve Bardo,SG,24,DAL,23,0,7.6,0.8,2.7,.306,0.0,0.3,.167,0.8,2.4,.321,.315,0.5,0.7,.706,0.4,1.2,1.6,1.3,0.3,0.1,0.7,1.2,2.2)
(1993,27,John Battle,SG,30,CLE,41,0,12.1,2.0,4.9,.415,0.0,0.1,.167,2.0,4.7,.423,.418,1.4,1.8,.778,0.1,0.6,0.7,1.3,0.2,0.1,0.5,1.0,5.4)
(1993,31,Tony Bennett,PG,23,CHH,75,2,11.4,1.5,3.5,.423,0.3,1.1,.325,1.1,2.4,.467,.473,0.4,0.5,.732,0.2,0.7,0.8,1.8,0.4,0.0,0.7,1.5,3.7)
(1993,35,Lance Blanks,SG,26,MIN,61,2,10.5,1.1,2.5,.433,0.2,0.7,.256,0.9,1.8,.505,.470,0.3,0.5,.625,0.3,0.8,1.1,1.2,0.3,0.1,0.5,1.0,2.6)
(1993,39,Manute Bol,C,30,PHI,58,23,14.7,0.9,2.2,.409,0.2,0.6,.313,0.7,1.6,.442,.449,0.2,0.3,.632,0.8,2.6,3.3,0.3,0.2,2.1,0.9,1.5,2.2)
(1993,42,Anthony Bowie,SG,29,ORL,77,45,22.9,3.5,7.4,.471,0.2,0.6,.313,3.3,6.8,.486,.484,0.9,1.1,.798,0.5,2.1,2.5,2.3,0.7,0.2,1.1,1.7,8.0)
(1993,46,Frank Brickowski,C,33,MIL,66,64,31.4,6.9,12.7,.545,0.1,0.4,.308,6.8,12.3,.553,.550,3.0,4.1,.728,1.8,4.3,6.1,3.0,1.2,0.7,3.1,3.6,16.9)
(1993,50,Dee Brown,PG,24,BOS,80,48,28.2,4.1,8.8,.468,0.3,1.0,.317,3.8,7.7,.488,.486,2.4,3.0,.793,0.6,2.5,3.1,5.8,1.7,0.4,1.7,2.5,10.9)
(1993,54,Jud Buechler,SF,24,GSW,70,9,18.4,2.5,5.8,.437,0.3,0.8,.339,2.2,4.9,.453,.462,0.9,1.2,.747,1.2,1.6,2.8,1.3,0.7,0.3,0.8,1.4,6.2)
(1993,58,Michael Cage,C,31,SEA,82,66,26.3,2.7,5.1,.526,0.0,0.0,.000,2.7,5.1,.528,.526,0.7,1.6,.469,3.3,4.8,8.0,0.8,0.9,0.6,0.7,2.2,6.1)
(1993,61,Tony Campbell,SF,30,NYK,58,13,18.3,3.3,6.8,.490,0.0,0.1,.400,3.3,6.7,.491,.492,1.0,1.5,.678,1.0,1.7,2.7,1.1,0.6,0.1,0.9,2.6,7.7)
(1993,65,Duane Causwell,C,24,SAC,55,45,22.0,3.2,5.8,.545,0.0,0.0,.000,3.2,5.8,.547,.545,1.9,3.0,.624,2.0,3.5,5.5,0.6,0.6,1.6,1.1,3.5,8.2)
(1993,69,Maurice Cheeks,PG,36,NJN,35,0,14.6,1.5,2.7,.548,0.0,0.1,.000,1.5,2.6,.560,.548,0.7,0.8,.889,0.1,1.1,1.2,3.1,0.9,0.1,0.9,1.0,3.6)
(1993,73,Bimbo Coles,PG,24,MIA,81,37,27.6,3.9,8.5,.464,0.5,1.7,.307,3.4,6.8,.503,.494,2.2,2.7,.805,0.7,1.3,2.0,4.6,1.0,0.1,1.3,2.5,10.6)
(1993,77,Tyrone Corbin,SF,30,UTA,82,58,31.2,4.7,9.3,.503,0.0,0.1,.000,4.7,9.3,.506,.503,2.2,2.7,.826,2.4,4.0,6.3,2.1,1.3,0.4,1.3,3.1,11.6)
(1993,Rk,Player,Pos,Age,Tm,G,GS,MP,FG,FGA,FG%,3P,3PA,3P%,2P,2PA,2P%,eFG%,FT,FTA,FT%,ORB,DRB,TRB,AST,STL,BLK,TOV,PF,PTS)
(1993,84,Lloyd Daniels,SG,25,SAS,77,10,20.4,3.7,8.4,.443,0.8,2.3,.333,2.9,6.1,.484,.488,0.9,1.3,.727,1.1,1.7,2.8,1.9,0.5,0.4,1.3,1.9,9.1)
(1993,88,Terry Davis,PF,25,DAL,75,74,32.8,5.2,11.5,.455,0.0,0.1,.250,5.2,11.4,.457,.457,2.2,3.7,.594,3.5,5.9,9.3,0.9,0.5,0.4,2.1,2.7,12.7)
(1993,92,Bison Dele,PF,23,ORL,21,0,11.4,1.9,3.7,.513,0.0,0.0,.000,1.9,3.7,.519,.513,0.8,1.0,.800,1.1,1.5,2.7,0.2,0.7,0.8,1.2,2.3,4.6)
(1993,96,Greg Dreiling,C,30,IND,43,0,5.6,0.4,1.3,.328,0.0,0.1,.000,0.4,1.3,.352,.328,0.2,0.3,.533,0.6,0.9,1.5,0.2,0.1,0.2,0.2,1.4,1.1)
(1993,100,Joe Dumars*,SG,29,DET,77,77,40.2,8.8,18.9,.466,1.5,3.9,.375,7.3,15.0,.489,.504,4.5,5.2,.864,0.8,1.1,1.9,4.0,1.0,0.1,1.8,1.8,23.5)
(1993,103,Mark Eaton,C,36,UTA,64,57,17.3,1.1,2.0,.546,0.0,0.0,,1.1,2.0,.546,.546,0.5,0.8,.700,1.1,3.0,4.1,0.3,0.3,1.2,0.7,2.2,2.8)
(1993,107,Craig Ehlo,SG,31,CLE,82,73,31.2,4.7,9.6,.490,1.1,3.0,.381,3.6,6.6,.540,.550,1.0,1.5,.717,1.4,3.5,4.9,3.1,1.3,0.3,1.5,2.1,11.6)
(1993,111,LaPhonso Ellis,PF,22,DEN,82,82,33.5,5.9,11.7,.504,0.0,0.2,.154,5.9,11.5,.509,.505,2.9,3.9,.748,3.3,5.7,9.1,1.8,0.9,1.4,1.9,3.6,14.7)
(1993,115,Duane Ferrell,SF,27,ATL,82,15,21.2,4.0,8.5,.470,0.1,0.4,.250,3.9,8.0,.482,.476,2.1,2.8,.779,1.2,1.1,2.3,1.6,0.7,0.2,1.3,2.0,10.2)
(1993,119,Greg Foster,PF,24,TOT,43,0,6.9,1.3,2.8,.458,0.0,0.1,.000,1.3,2.7,.474,.458,0.3,0.5,.714,0.7,1.2,1.9,0.5,0.1,0.3,0.6,1.3,2.9)
(1993,122,Winston Garland,PG,28,HOU,66,4,15.2,2.3,5.2,.443,0.1,0.2,.462,2.2,5.0,.442,.452,1.2,1.3,.910,0.5,1.2,1.6,2.1,0.6,0.1,1.0,1.8,5.9)
(1993,126,Tate George,PG,24,NJN,48,1,7.9,1.1,2.8,.378,0.0,0.1,.000,1.1,2.7,.392,.378,0.4,0.5,.833,0.2,0.4,0.6,1.2,0.2,0.1,0.6,0.5,2.5)
(1993,130,Mike Gminski,C,33,CHH,34,0,7.4,1.2,2.4,.506,0.0,0.0,,1.2,2.4,.506,.506,0.3,0.3,.900,1.0,1.5,2.5,0.2,0.0,0.3,0.3,0.8,2.7)
(1993,134,Harvey Grant,SF,27,WSB,72,72,37.0,7.8,16.0,.487,0.0,0.1,.100,7.8,15.8,.491,.488,3.0,4.2,.727,1.8,3.9,5.7,2.8,1.0,0.6,1.3,2.3,18.6)
(1993,138,Litterial Green,PG,22,ORL,52,4,12.0,1.7,3.8,.439,0.0,0.2,.100,1.7,3.6,.457,.442,1.2,1.8,.625,0.2,0.4,0.7,2.2,0.4,0.1,0.8,1.3,4.5)
(1993,141,Tom Gugliotta,PF,23,WSB,81,81,34.5,6.0,14.0,.426,0.5,1.7,.281,5.5,12.3,.446,.443,2.2,3.5,.644,2.7,6.9,9.6,3.8,1.7,0.4,2.8,2.4,14.7)
(1993,145,Derek Harper,SG,31,DAL,62,60,34.0,6.3,15.1,.419,1.6,4.1,.393,4.7,11.0,.428,.472,3.9,5.1,.756,0.7,1.3,2.0,5.4,1.3,0.3,2.2,2.3,18.2)
(1993,149,Steve Henson,PG,24,ATL,53,2,13.6,1.3,3.4,.390,0.7,1.5,.463,0.6,1.9,.333,.492,0.6,0.8,.850,0.2,0.8,1.0,2.9,0.6,0.0,1.0,1.6,4.0)
(1993,153,Tyrone Hill,C,24,GSW,74,66,28.0,3.4,6.7,.508,0.0,0.1,.000,3.4,6.6,.512,.508,1.9,3.0,.624,3.4,6.7,10.2,0.9,0.6,0.5,1.2,4.3,8.6)
(1993,157,Robert Horry,SF,22,HOU,79,79,29.5,4.1,8.6,.474,0.2,0.6,.255,3.9,8.0,.490,.482,1.8,2.5,.715,1.4,3.5,5.0,2.4,1.0,1.1,2.0,2.7,10.1)
(1993,Rk,Player,Pos,Age,Tm,G,GS,MP,FG,FGA,FG%,3P,3PA,3P%,2P,2PA,2P%,eFG%,FT,FTA,FT%,ORB,DRB,TRB,AST,STL,BLK,TOV,PF,PTS)
(1993,164,Jaren Jackson,SG,25,LAC,34,0,10.3,1.6,3.8,.414,0.1,0.1,.400,1.5,3.6,.415,.422,0.7,0.8,.852,0.6,0.6,1.1,1.0,0.6,0.1,0.5,1.3,3.9)
(1993,168,Keith Jennings,PG,24,GSW,8,0,17.0,3.1,5.3,.595,0.6,1.1,.556,2.5,4.1,.606,.655,1.8,2.3,.778,0.3,1.1,1.4,2.9,0.5,0.0,0.9,2.3,8.6)
(1993,172,Eddie Johnson,SF,33,SEA,82,0,22.8,5.6,12.1,.467,0.2,0.7,.304,5.4,11.4,.477,.476,2.9,3.1,.911,1.5,1.8,3.3,1.6,0.4,0.0,1.6,2.1,14.4)
(1993,176,Charles Jones,C,35,WSB,67,21,18.0,0.5,0.9,.524,0.0,0.0,.000,0.5,0.9,.532,.524,0.3,0.6,.579,1.3,2.8,4.1,0.6,0.6,1.1,0.6,2.1,1.3)
(1993,180,Shawn Kemp,PF,23,SEA,78,68,33.1,6.6,13.4,.492,0.0,0.1,.000,6.6,13.4,.494,.492,4.6,6.4,.712,3.7,7.0,10.7,2.0,1.5,1.9,2.8,4.2,17.8)
(1993,183,Jerome Kersey,SF,30,POR,65,50,26.4,4.3,9.9,.438,0.1,0.4,.286,4.2,9.4,.445,.444,1.8,2.8,.634,1.9,4.3,6.2,1.9,1.2,0.6,1.3,2.8,10.6)
(1993,187,Bernard King*,SF,36,NJN,32,2,13.4,2.8,5.5,.514,0.1,0.2,.286,2.8,5.3,.524,.520,1.2,1.8,.684,1.1,1.3,2.4,0.6,0.3,0.1,0.7,1.7,7.0)
(1993,191,Joe Kleine,C,31,BOS,78,3,14.5,1.4,3.4,.404,0.0,0.1,.000,1.4,3.3,.414,.404,0.5,0.7,.707,1.4,3.0,4.4,0.5,0.2,0.2,0.5,1.6,3.3)
(1993,195,Larry Krystkowiak,PF,28,UTA,71,0,19.2,2.8,6.0,.466,0.0,0.0,.000,2.8,6.0,.467,.466,1.6,2.1,.796,1.0,2.9,3.9,1.0,0.6,0.2,0.9,2.5,7.2)
(1993,200,Doug Lee,SG,28,NJN,5,0,6.6,0.4,1.4,.286,0.2,0.6,.333,0.2,0.8,.250,.357,0.0,0.0,,0.0,0.4,0.4,1.0,0.0,0.2,0.6,1.4,1.0)
(1993,203,Reggie Lewis,SG,27,BOS,80,80,39.3,8.3,17.6,.470,0.2,0.8,.233,8.1,16.9,.481,.475,4.1,4.7,.867,1.1,3.2,4.3,3.7,1.5,1.0,1.7,3.1,20.8)
(1993,207,Brad Lohaus,PF,28,MIL,80,24,22.1,3.5,7.7,.461,1.1,2.9,.370,2.5,4.8,.516,.530,0.9,1.3,.723,0.7,2.7,3.5,1.6,0.6,0.9,1.2,2.2,9.1)
(1993,211,Sam Mack,SF,22,SAS,40,0,6.7,1.2,3.0,.398,0.1,0.6,.136,1.1,2.4,.458,.411,1.1,1.5,.776,0.5,0.8,1.2,0.4,0.4,0.1,0.6,1.1,3.6)
(1993,215,Dan Majerle,SG,27,PHO,82,82,39.0,6.2,13.4,.464,2.0,5.3,.381,4.2,8.0,.520,.541,2.5,3.2,.778,1.5,3.2,4.7,3.8,1.7,0.4,1.6,2.2,16.9)
(1993,219,Danny Manning,PF,26,LAC,79,77,34.9,8.9,17.5,.509,0.1,0.4,.267,8.8,17.1,.514,.512,4.9,6.1,.802,2.5,4.1,6.6,2.6,1.4,1.3,2.9,4.1,22.8)
(1993,222,Marlon Maxey,PF,23,MIN,43,3,12.1,2.2,3.9,.550,0.0,0.0,.000,2.2,3.9,.554,.550,1.0,1.6,.643,1.5,2.3,3.8,0.3,0.3,0.4,0.9,1.7,5.4)
(1993,226,Bob McCann,SF,28,MIN,79,7,19.4,2.5,5.2,.488,0.0,0.0,.000,2.5,5.2,.490,.488,1.2,1.9,.625,1.2,2.4,3.6,0.9,0.6,0.7,1.0,2.6,6.3)
(1993,230,Kevin McHale*,PF,35,BOS,71,0,23.3,4.2,9.1,.459,0.0,0.3,.111,4.2,8.9,.469,.461,2.3,2.7,.841,1.3,3.7,5.0,1.0,0.2,0.8,1.3,1.8,10.7)
(1993,234,Reggie Miller*,SG,27,IND,82,82,36.0,7.0,14.5,.479,2.0,5.1,.399,4.9,9.4,.522,.549,5.2,5.9,.880,0.8,2.3,3.1,3.2,1.5,0.3,1.8,2.2,21.2)
(1993,238,Tracy Moore,SG,27,DAL,39,1,13.1,2.6,6.4,.414,0.6,1.7,.343,2.1,4.7,.440,.460,1.4,1.6,.869,0.6,0.7,1.3,1.2,0.5,0.1,0.8,1.4,7.2)
(1993,241,Alonzo Mourning*,C,22,CHH,78,78,33.9,7.3,14.3,.511,0.0,0.0,.000,7.3,14.3,.513,.511,6.3,8.1,.781,3.4,6.9,10.3,1.0,0.3,3.5,3.0,3.7,21.0)
(1993,245,Jerrod Mustaf,PF,23,PHO,32,9,10.5,1.8,4.1,.438,0.0,0.0,.000,1.8,4.0,.442,.438,1.0,1.7,.623,0.9,1.7,2.6,0.3,0.4,0.3,0.7,1.3,4.6)
(1993,249,Melvin Newbern,SG,25,DET,33,1,9.4,1.3,3.4,.372,0.0,0.2,.125,1.2,3.2,.390,.376,1.0,1.8,.567,0.6,0.5,1.1,1.7,0.7,0.0,1.0,1.3,3.6)
(1993,253,Dan O'Sullivan,C,24,TOT,6,0,2.8,0.5,0.8,.600,0.0,0.0,,0.5,0.8,.600,.600,0.5,0.7,.750,0.3,0.7,1.0,0.2,0.2,0.0,0.0,0.7,1.5)
(1993,257,Matt Othick,PG,23,SAS,4,0,9.8,0.8,1.3,.600,0.5,1.0,.500,0.3,0.3,1.000,.800,0.0,0.5,.000,0.3,0.3,0.5,1.8,0.3,0.0,1.0,1.8,2.0)
(1993,Rk,Player,Pos,Age,Tm,G,GS,MP,FG,FGA,FG%,3P,3PA,3P%,2P,2PA,2P%,eFG%,FT,FTA,FT%,ORB,DRB,TRB,AST,STL,BLK,TOV,PF,PTS)
(1993,264,John Paxson,PG,32,CHI,59,8,17.5,1.8,3.9,.451,0.3,0.7,.463,1.5,3.3,.448,.491,0.3,0.3,.850,0.2,0.7,0.8,2.3,0.6,0.0,0.5,1.7,4.2)
(1993,268,Will Perdue,C,27,CHI,72,16,13.9,1.9,3.4,.557,0.0,0.0,.000,1.9,3.4,.559,.557,0.9,1.5,.604,1.4,2.6,4.0,1.0,0.3,0.7,1.0,1.9,4.7)
(1993,272,Drazen Petrovic*,SG,28,NJN,70,67,38.0,8.4,16.2,.518,1.1,2.4,.449,7.3,13.8,.529,.551,4.5,5.2,.870,0.6,2.1,2.7,3.5,1.3,0.2,2.9,3.4,22.3)
(1993,276,Scottie Pippen*,SF,27,CHI,81,81,38.6,7.8,16.4,.473,0.3,1.1,.237,7.5,15.2,.491,.482,2.9,4.3,.663,2.5,5.2,7.7,6.3,2.1,0.9,3.0,2.7,18.6)
(1993,280,Paul Pressey,SG,34,GSW,18,0,14.9,1.6,3.7,.439,0.0,0.2,.000,1.6,3.4,.468,.439,1.2,1.5,.778,0.4,1.3,1.7,1.7,0.6,0.3,1.3,2.0,4.4)
(1993,283,Anthony Pullard,PF,26,MIL,8,0,4.6,1.0,2.3,.444,0.0,0.0,,1.0,2.3,.444,.444,0.1,0.4,.333,0.3,0.8,1.0,0.3,0.3,0.3,0.6,0.6,2.1)
(1993,287,J.R. Reid,PF,24,TOT,83,25,22.7,3.4,7.2,.476,0.0,0.1,.000,3.4,7.1,.480,.476,2.6,3.4,.764,1.4,4.0,5.5,1.0,0.6,0.4,1.5,3.2,9.4)
(1993,291,Doc Rivers,PG,31,NYK,77,45,24.5,2.8,6.4,.437,0.5,1.6,.317,2.3,4.8,.477,.477,1.7,2.1,.821,0.3,2.2,2.5,5.3,1.6,0.1,1.5,2.8,7.8)
(1993,295,Clifford Robinson,PF,26,POR,82,12,31.4,7.7,16.3,.473,0.2,0.9,.247,7.5,15.4,.487,.480,3.5,5.1,.690,2.0,4.6,6.6,2.2,1.2,2.0,2.1,3.5,19.1)
(1993,299,Dennis Rodman*,PF,31,DET,62,55,38.9,3.0,6.9,.427,0.2,1.2,.205,2.7,5.7,.472,.444,1.4,2.6,.534,5.9,12.3,18.3,1.6,0.8,0.7,1.7,3.2,7.5)
(1993,302,Donald Royal,SF,26,ORL,77,0,21.2,2.5,5.1,.496,0.0,0.0,.000,2.5,5.0,.500,.496,4.1,5.1,.815,1.5,2.3,3.8,1.0,0.5,0.3,1.5,2.3,9.2)
(1993,306,Jeff Sanders,PF,27,ATL,9,0,13.3,1.1,2.8,.400,0.0,0.0,,1.1,2.8,.400,.400,0.4,0.9,.500,1.3,1.9,3.2,0.7,0.9,0.1,1.2,1.8,2.7)
(1993,310,Dwayne Schintzius,C,24,NJN,5,0,7.0,0.4,1.4,.286,0.0,0.0,,0.4,1.4,.286,.286,0.6,0.6,1.000,0.4,1.2,1.6,0.4,0.4,0.4,0.0,0.8,1.4)
(1993,314,Malik Sealy,SF,22,IND,58,2,11.6,2.3,5.5,.426,0.1,0.5,.226,2.2,5.0,.448,.437,0.9,1.3,.689,1.0,0.9,1.9,0.8,0.6,0.1,1.0,1.3,5.7)
(1993,318,Brian Shaw,PG,26,MIA,68,45,23.6,2.9,7.4,.393,0.6,1.9,.331,2.3,5.5,.415,.436,0.9,1.1,.782,1.0,2.8,3.8,3.5,0.7,0.3,1.4,2.4,7.3)
(1993,321,Charles Smith,SF,27,NYK,81,68,26.8,4.4,9.4,.469,0.0,0.0,.000,4.4,9.4,.470,.469,3.5,4.5,.782,2.1,3.2,5.3,1.8,0.6,1.2,1.9,3.1,12.4)
(1993,325,LaBradford Smith,SG,23,WSB,69,33,22.4,3.8,8.3,.458,0.1,0.3,.348,3.7,7.9,.463,.465,1.6,1.8,.858,0.4,1.2,1.5,2.7,0.8,0.1,1.5,2.6,9.3)
(1993,329,Tony Smith,SG,24,LAL,55,9,13.7,2.4,5.0,.484,0.0,0.2,.182,2.4,4.8,.496,.487,1.1,1.5,.756,0.8,0.7,1.6,1.1,0.9,0.1,0.7,1.3,6.0)
(1993,333,Felton Spencer,C,25,MIN,71,48,18.3,1.5,3.2,.465,0.0,0.0,,1.5,3.2,.465,.465,1.2,1.8,.654,1.9,2.7,4.6,0.2,0.3,0.9,1.0,3.4,4.1)
(1993,337,Larry Stewart,SF,24,WSB,81,8,22.5,3.8,7.0,.543,0.0,0.0,.000,3.8,6.9,.544,.543,2.3,3.1,.727,1.9,2.8,4.7,1.8,0.6,0.4,1.9,2.4,9.8)
(1993,Rk,Player,Pos,Age,Tm,G,GS,MP,FG,FGA,FG%,3P,3PA,3P%,2P,2PA,2P%,eFG%,FT,FTA,FT%,ORB,DRB,TRB,AST,STL,BLK,TOV,PF,PTS)
(1993,344,Terry Teagle,SG,32,HOU,2,0,12.5,1.0,3.5,.286,0.0,0.0,,1.0,3.5,.286,.286,0.5,1.0,.500,0.0,1.5,1.5,1.0,0.0,0.0,0.5,0.5,2.5)
(1993,348,Sedale Threatt,PG,31,LAL,82,82,35.3,6.4,12.5,.508,0.2,0.6,.264,6.2,11.9,.521,.515,2.2,2.6,.823,0.6,2.8,3.3,6.9,1.7,0.1,2.1,3.0,15.1)
(1993,352,Jeff Turner,PF,30,ORL,75,20,19.7,3.1,5.8,.529,0.1,0.2,.588,2.9,5.6,.526,.540,0.7,0.9,.800,1.0,2.4,3.4,1.4,0.3,0.1,0.9,2.6,7.0)
(1993,356,Darrell Walker,PG-SG,31,TOT,37,2,13.8,0.9,2.6,.354,0.0,0.0,.000,0.9,2.6,.358,.354,0.3,0.7,.462,0.6,1.0,1.6,1.4,0.9,0.1,0.7,1.7,2.2)
(1993,360,Spud Webb,PG,29,SAC,69,68,33.8,5.0,11.4,.433,0.5,2.0,.274,4.4,9.5,.466,.457,4.0,4.8,.851,0.6,2.2,2.8,7.0,1.5,0.1,2.8,2.6,14.5)
(1993,363,Mark West,C,32,PHO,82,82,19.0,2.1,3.5,.614,0.0,0.0,,2.1,3.5,.614,.614,1.0,2.0,.518,1.9,3.7,5.6,0.4,0.2,1.3,1.1,3.0,5.3)
(1993,367,Eddie Lee Wilkins,PF,30,PHI,26,0,7.4,2.1,3.7,.567,0.0,0.1,.000,2.1,3.7,.579,.567,1.8,3.0,.615,0.5,1.0,1.5,0.1,0.3,0.0,0.7,1.3,6.1)
(1993,371,Herb Williams,C,34,NYK,55,0,10.4,1.3,3.2,.411,0.0,0.0,,1.3,3.2,.411,.411,0.3,0.4,.667,0.8,1.9,2.7,0.3,0.4,0.5,0.4,1.4,2.9)
(1993,375,Kenny Williams,SF,23,IND,57,0,14.8,2.6,4.9,.532,0.0,0.1,.000,2.6,4.9,.538,.532,0.8,1.2,.706,1.8,2.2,4.0,0.7,0.4,0.8,0.5,1.5,6.1)
(1993,379,Scott Williams,PF,24,CHI,71,5,19.3,2.3,5.0,.466,0.0,0.1,.000,2.3,4.9,.476,.466,1.3,1.8,.714,2.4,4.0,6.4,1.0,0.8,0.9,1.0,3.2,5.9)
(1993,382,Kennard Winchester,SG,26,HOU,39,0,8.7,1.6,3.6,.439,0.1,0.5,.211,1.5,3.1,.475,.453,0.4,0.6,.773,0.4,0.8,1.3,0.3,0.3,0.3,0.4,1.0,3.7)
(1993,386,Randy Woods,PG,22,LAC,41,1,4.2,0.6,1.6,.348,0.1,0.3,.214,0.5,1.3,.385,.371,0.5,0.6,.731,0.1,0.2,0.3,1.0,0.3,0.0,0.4,0.6,1.7)
(1993,390,Danny Young,PG,30,DET,65,2,12.9,1.1,2.6,.413,0.3,1.0,.324,0.7,1.5,.475,.479,0.4,0.5,.875,0.2,0.5,0.7,1.8,0.5,0.1,0.5,0.6,2.9)
