(1971,3,Mahdi Abdul-Rahman,PG,28,ATL,82,,35.1,6.3,13.7,.459,,,,6.3,13.7,.459,.459,3.8,5.1,.759,,,3.7,6.3,,,,3.4,16.5)
(1971,7,Cliff Anderson,SG,26,TOT,28,,7.1,0.7,2.3,.308,,,,0.7,2.3,.308,.308,1.6,2.4,.687,,,1.7,0.7,,,,1.0,3.1)
(1971,11,Dennis Awtrey,C,22,PHI,70,,18.5,2.9,6.0,.475,,,,2.9,6.0,.475,.475,1.5,2.2,.662,,,6.1,1.3,,,,3.0,7.2)
(1971,15,Moe Barr,G,26,CIN,31,,4.7,0.8,2.0,.403,,,,0.8,2.0,.403,.403,0.4,0.4,.846,,,0.6,0.9,,,,0.9,2.0)
(1971,19,Dave Bing*,PG,27,DET,82,,37.4,9.7,20.9,.467,,,,9.7,20.9,.467,.467,7.5,9.4,.797,,,4.4,5.0,,,,2.8,27.0)
(1971,22,Tom Boerwinkle,C,25,CHI,82,,28.9,4.4,9.0,.485,,,,4.4,9.0,.485,.485,2.0,2.8,.724,,,13.8,4.8,,,,3.4,10.8)
(1971,26,Bill Bridges,PF,31,ATL,82,,38.3,4.7,10.2,.458,,,,4.7,10.2,.458,.458,2.6,4.0,.639,,,15.0,2.9,,,,3.9,11.9)
(1971,30,Jerry Chambers,SF,27,ATL,65,,18.0,3.6,8.1,.451,,,,3.6,8.1,.451,.451,1.6,2.1,.791,,,3.8,0.9,,,,1.8,8.9)
(1971,34,Archie Clark,PG,29,PHI,82,,39.6,8.1,16.3,.496,,,,8.1,16.3,.496,.496,5.1,6.5,.787,,,4.8,5.4,,,,2.6,21.3)
(1971,38,Mel Counts,C,29,PHO,80,,20.9,4.6,10.0,.457,,,,4.6,10.0,.457,.457,1.9,2.5,.753,,,6.3,1.7,,,,3.5,11.0)
(1971,41,Pete Cross,C,22,SEA,79,,27.8,3.1,7.0,.442,,,,3.1,7.0,.442,.442,1.8,2.6,.690,,,12.0,1.4,,,,2.7,8.0)
(1971,45,Jim Davis,C,29,ATL,82,,22.7,2.9,6.1,.479,,,,2.9,6.1,.479,.479,2.4,3.5,.677,,,6.7,1.3,,,,3.1,8.3)
(1971,49,Bill Dinwiddie,PF,27,BOS,61,,11.8,2.0,5.4,.375,,,,2.0,5.4,.375,.375,0.9,1.2,.730,,,3.4,0.6,,,,1.5,4.9)
(1971,53,Joe Ellis,SF,26,SFW,80,,28.4,4.5,11.2,.396,,,,4.5,11.2,.396,.396,1.9,2.5,.744,,,6.4,2.0,,,,3.6,10.8)
(1971,57,Greg Fillmore,C,23,NYK,39,,6.9,1.2,2.6,.441,,,,1.2,2.6,.441,.441,0.3,0.7,.481,,,2.4,0.4,,,,2.1,2.6)
(1971,Rk,Player,Pos,Age,Tm,G,GS,MP,FG,FGA,FG%,3P,3PA,3P%,2P,2PA,2P%,eFG%,FT,FTA,FT%,ORB,DRB,TRB,AST,STL,BLK,TOV,PF,PTS)
(1971,64,Gary Freeman,SF,22,TOT,52,,7.3,1.3,2.6,.515,,,,1.3,2.6,.515,.515,0.6,0.8,.725,,,2.0,0.7,,,,1.3,3.2)
(1971,68,Gail Goodrich*,SG,27,LAL,79,,35.5,7.1,14.9,.475,,,,7.1,14.9,.475,.475,3.3,4.3,.770,,,3.3,4.8,,,,3.3,17.5)
(1971,72,Hal Greer*,SG,34,PHI,81,,37.8,7.3,16.9,.431,,,,7.3,16.9,.431,.431,4.0,5.0,.805,,,4.5,4.6,,,,3.6,18.6)
(1971,76,Shaler Halimon,SF-SG,25,TOT,81,,20.4,3.7,9.7,.384,,,,3.7,9.7,.384,.384,1.3,2.0,.660,,,5.1,2.7,,,,2.3,8.8)
(1971,80,Connie Hawkins*,SF,28,PHO,71,,37.5,7.2,16.6,.434,,,,7.2,16.6,.434,.434,6.4,7.9,.816,,,9.1,4.5,,,,2.8,20.9)
(1971,83,Gar Heard,PF,22,SEA,65,,15.8,2.3,6.1,.381,,,,2.3,6.1,.381,.381,1.3,1.9,.656,,,5.0,0.7,,,,1.9,5.9)
(1971,87,A.W. Holt,SF,24,CHI,6,,2.3,0.2,1.3,.125,,,,0.2,1.3,.125,.125,0.3,0.5,.667,,,0.7,0.0,,,,0.2,0.7)
(1971,91,Lou Hudson,SF,26,ATL,76,,41.0,10.9,22.5,.484,,,,10.9,22.5,.484,.484,5.0,6.6,.759,,,5.1,3.4,,,,2.4,26.8)
(1971,95,Luke Jackson,C,29,PHI,79,,22.5,2.5,6.7,.376,,,,2.5,6.7,.376,.376,1.7,2.4,.693,,,7.2,1.9,,,,2.7,6.7)
(1971,99,John Johnson,SF,23,CLE,67,,34.5,6.5,15.4,.422,,,,6.5,15.4,.422,.422,3.6,4.4,.805,,,6.8,4.8,,,,3.7,16.6)
(1971,102,Wali Jones,SG,28,PHI,41,,23.5,4.1,10.2,.402,,,,4.1,10.2,.402,.402,1.9,2.5,.782,,,1.6,3.1,,,,2.7,10.1)
(1971,106,Jim King,PG,29,CHI,55,,11.7,1.8,4.1,.439,,,,1.8,4.1,.439,.439,1.2,1.4,.810,,,1.2,1.4,,,,1.0,4.8)
(1971,112,Bob Lanier*,C,22,DET,82,,24.6,6.1,13.5,.455,,,,6.1,13.5,.455,.455,3.3,4.6,.726,,,8.1,1.8,,,,3.3,15.6)
(1971,116,Paul Long,SG,26,BUF,30,,7.1,1.9,4.0,.475,,,,1.9,4.0,.475,.475,0.7,0.8,.833,,,1.0,0.8,,,,0.8,4.5)
(1971,120,Mike Lynn,SF,25,BUF,5,,5.0,0.4,1.4,.286,,,,0.4,1.4,.286,.286,0.6,0.6,1.000,,,0.8,0.2,,,,1.8,1.4)
(1971,123,Jack Marin,SF,26,BAL,82,,35.6,7.6,16.6,.460,,,,7.6,16.6,.460,.460,3.5,4.2,.848,,,6.3,2.6,,,,3.2,18.8)
(1971,127,Willie McCarter,SG,24,LAL,76,,18.0,3.3,7.8,.417,,,,3.3,7.8,.417,.417,0.6,1.0,.597,,,1.6,1.7,,,,2.0,7.1)
(1971,131,Jim McMillian,SF,22,LAL,81,,21.6,3.6,7.8,.459,,,,3.6,7.8,.459,.459,1.2,1.6,.769,,,4.1,1.6,,,,1.5,8.4)
(1971,135,Steve Mix,SF,23,DET,35,,20.9,3.2,7.1,.446,,,,3.2,7.1,.446,.446,1.9,2.5,.764,,,4.7,1.0,,,,2.1,8.3)
(1971,139,Erwin Mueller,PF,26,DET,52,,23.5,2.4,5.9,.408,,,,2.4,5.9,.408,.408,1.2,2.1,.556,,,4.3,2.2,,,,1.9,6.0)
(1971,142,Dorie Murrey,PF,27,TOT,71,,10.1,1.1,2.5,.438,,,,1.1,2.5,.438,.438,1.1,1.6,.670,,,3.1,0.5,,,,2.1,3.3)
(1971,146,Charlie Paulk,PF,24,CIN,68,,17.8,4.0,9.4,.430,,,,4.0,9.4,.430,.430,1.2,1.9,.603,,,4.7,0.4,,,,2.7,9.2)
(1971,150,Mike Price,SG,22,NYK,56,,4.5,0.5,1.4,.370,,,,0.5,1.4,.370,.370,0.4,0.6,.706,,,0.5,0.2,,,,1.0,1.5)
(1971,154,Bob Riley,F,22,ATL,7,,5.6,0.6,1.3,.444,,,,0.6,1.3,.444,.444,0.7,1.3,.556,,,1.7,0.1,,,,0.7,1.9)
(1971,158,Oscar Robertson*,PG,32,MIL,81,,39.4,7.3,14.7,.496,,,,7.3,14.7,.496,.496,4.8,5.6,.850,,,5.7,8.2,,,,2.5,19.4)
(1971,161,Bob Rule,C,26,SEA,4,,35.5,11.8,24.5,.480,,,,11.8,24.5,.480,.480,6.3,7.5,.833,,,11.5,1.8,,,,3.5,29.8)
(1971,165,Larry Siegfried,PG,31,SDR,53,,31.6,2.8,7.1,.386,,,,2.8,7.1,.386,.386,2.5,2.9,.850,,,3.9,6.5,,,,2.8,8.0)
(1971,169,Adrian Smith,SG,34,SFW,21,,11.8,1.8,4.2,.427,,,,1.8,4.2,.427,.427,1.7,2.0,.854,,,1.1,1.4,,,,1.1,5.3)
(1971,173,Dick Snyder,SG,26,SEA,82,,34.4,7.9,14.8,.531,,,,7.9,14.8,.531,.531,3.7,4.4,.837,,,3.1,4.3,,,,3.0,19.4)
(1971,177,Bill Stricker,F,23,POR,1,,2.0,2.0,3.0,.667,,,,2.0,3.0,.667,.667,0.0,0.0,,,,0.0,0.0,,,,1.0,4.0)
(1971,Rk,Player,Pos,Age,Tm,G,GS,MP,FG,FGA,FG%,3P,3PA,3P%,2P,2PA,2P%,eFG%,FT,FTA,FT%,ORB,DRB,TRB,AST,STL,BLK,TOV,PF,PTS)
(1971,184,John Trapp,SF,25,SDR,82,,25.4,3.9,9.3,.420,,,,3.9,9.3,.420,.420,1.7,2.3,.755,,,6.2,1.7,,,,4.1,9.6)
(1971,188,Wes Unseld*,C,24,BAL,74,,39.2,5.7,11.4,.501,,,,5.7,11.4,.501,.501,2.7,4.1,.657,,,16.9,4.0,,,,3.2,14.1)
(1971,192,Norm Van Lier,SG,23,CIN,82,,40.5,5.8,13.9,.420,,,,5.8,13.9,.420,.420,4.4,5.4,.816,,,7.1,10.1,,,,4.2,16.0)
(1971,196,Cornell Warner,C,22,BUF,65,,19.9,2.4,5.8,.415,,,,2.4,5.8,.415,.415,1.2,2.2,.552,,,7.0,0.8,,,,2.2,6.0)
(1971,200,Jeff Webb,SG,22,MIL,29,,10.3,0.9,2.7,.346,,,,0.9,2.7,.346,.346,0.4,0.5,.733,,,0.8,0.7,,,,1.1,2.2)
(1971,203,Jerry West*,PG,32,LAL,69,,41.2,9.7,19.6,.494,,,,9.7,19.6,.494,.494,7.6,9.1,.832,,,4.6,9.5,,,,2.6,26.9)
(1971,207,Lenny Wilkens*,PG,33,SEA,71,,37.2,6.6,15.8,.419,,,,6.6,15.8,.419,.419,6.5,8.1,.803,,,4.5,9.2,,,,2.8,19.8)
(1971,211,Ron Williams,PG,26,SFW,82,,34.3,5.2,11.9,.436,,,,5.2,11.9,.436,.436,4.0,4.8,.844,,,3.0,5.9,,,,3.7,14.4)
(1971,215,Marv Winkler,G,22,MIL,3,,4.7,1.0,3.3,.300,,,,1.0,3.3,.300,.300,0.7,0.7,1.000,,,1.3,0.7,,,,1.0,2.7)
