(1971,Rk,Player,Pos,Age,Tm,G,GS,MP,FG,FGA,FG%,3P,3PA,3P%,2P,2PA,2P%,eFG%,FT,FTA,FT%,ORB,DRB,TRB,AST,STL,BLK,TOV,PF,PTS)
(1971,4,Don Adams,SF,23,SDR,82,,29.0,4.8,11.7,.409,,,,4.8,11.7,.409,.409,1.9,2.6,.731,,,7.1,2.1,,,,4.2,11.4)
(1971,8,Tiny Archibald*,PG,22,CIN,82,,35.0,5.9,13.4,.444,,,,5.9,13.4,.444,.444,4.1,5.4,.757,,,3.0,5.5,,,,2.7,16.0)
(1971,12,Jim Barnes,PF,29,BAL,11,,9.1,1.4,2.5,.536,,,,1.4,2.5,.536,.536,0.6,1.0,.636,,,1.5,0.7,,,,2.1,3.4)
(1971,16,Johnny Baum,SF,24,CHI,62,,8.8,2.0,4.7,.420,,,,2.0,4.7,.420,.420,0.6,0.9,.690,,,2.0,0.5,,,,0.9,4.6)
(1971,20,Tom Black,C,29,TOT,71,,12.3,1.7,4.2,.402,,,,1.7,4.2,.402,.402,0.8,1.2,.648,,,3.6,0.6,,,,1.9,4.2)
(1971,23,Bob Boozer,PF,33,MIL,80,,22.2,3.6,8.1,.450,,,,3.6,8.1,.450,.450,1.9,2.3,.818,,,5.4,1.6,,,,2.7,9.1)
(1971,27,Em Bryant,PG,32,BUF,73,,29.3,3.9,9.4,.421,,,,3.9,9.4,.421,.421,2.1,2.8,.744,,,3.6,4.8,,,,3.6,10.0)
(1971,31,Don Chaney,SG,24,BOS,81,,28.3,4.3,9.5,.454,,,,4.3,9.5,.454,.454,2.9,3.9,.748,,,5.7,2.9,,,,3.6,11.5)
(1971,35,Barry Clemens,SF,27,SEA,78,,16.5,3.2,6.7,.470,,,,3.2,6.7,.470,.470,1.1,1.5,.728,,,3.1,1.2,,,,2.2,7.4)
(1971,39,Dave Cowens*,C,22,BOS,81,,38.0,6.8,16.1,.422,,,,6.8,16.1,.422,.422,3.4,4.6,.732,,,15.0,2.8,,,,4.3,17.0)
(1971,42,Billy Cunningham*,SF,27,PHI,81,,38.1,8.7,18.8,.462,,,,8.7,18.8,.462,.462,5.6,7.7,.734,,,11.7,4.9,,,,4.0,23.0)
(1971,46,Mike Davis,SG,24,BUF,73,,22.2,4.3,10.6,.410,,,,4.3,10.6,.410,.410,2.7,3.6,.760,,,2.6,2.1,,,,3.0,11.4)
(1971,50,Terry Dischinger,SF,30,DET,65,,28.5,4.7,8.7,.535,,,,4.7,8.7,.535,.535,2.5,3.2,.763,,,5.2,1.7,,,,2.9,11.8)
(1971,54,Leroy Ellis,C,30,POR,74,,34.9,6.6,14.8,.443,,,,6.6,14.8,.443,.443,2.8,3.5,.801,,,12.3,3.2,,,,3.5,15.9)
(1971,58,Hank Finkel,C,28,BOS,80,,15.4,2.7,6.1,.438,,,,2.7,6.1,.438,.438,1.2,1.6,.732,,,4.3,1.0,,,,2.5,6.5)
(1971,61,Fred Foster,SF,24,TOT,67,,13.6,2.2,5.5,.402,,,,2.2,5.5,.402,.402,1.1,1.6,.689,,,2.3,0.9,,,,1.7,5.5)
(1971,65,Dick Garrett,PG,24,BUF,75,,31.7,5.0,12.0,.414,,,,5.0,12.0,.414,.414,2.9,3.3,.869,,,3.9,3.5,,,,3.9,12.9)
(1971,69,Bob Greacen,SF,23,MIL,2,,21.5,0.5,6.0,.083,,,,0.5,6.0,.083,.083,1.5,3.5,.429,,,3.0,6.5,,,,3.5,2.5)
(1971,73,Gary Gregor,PF,25,POR,44,,26.2,4.1,9.6,.430,,,,4.1,9.6,.430,.430,1.3,2.0,.663,,,7.6,1.8,,,,2.7,9.6)
(1971,77,Art Harris,PG,24,PHO,56,,17.0,3.6,8.6,.411,,,,3.6,8.6,.411,.411,1.2,2.0,.611,,,1.8,2.4,,,,2.4,8.3)
(1971,Rk,Player,Pos,Age,Tm,G,GS,MP,FG,FGA,FG%,3P,3PA,3P%,2P,2PA,2P%,eFG%,FT,FTA,FT%,ORB,DRB,TRB,AST,STL,BLK,TOV,PF,PTS)
(1971,84,Al Henry,C,21,PHI,6,,4.3,0.2,1.0,.167,,,,0.2,1.0,.167,.167,0.8,1.2,.714,,,1.8,0.0,,,,0.2,1.2)
(1971,88,Bill Hosket,PF,24,BUF,13,,16.7,3.6,6.9,.522,,,,3.6,6.9,.522,.522,0.8,1.3,.647,,,5.8,1.5,,,,2.1,8.1)
(1971,92,John Hummer,C,22,BUF,81,,32.6,4.2,9.4,.444,,,,4.2,9.4,.444,.444,2.9,5.0,.580,,,8.9,2.0,,,,3.5,11.3)
(1971,96,Phil Jackson*,PF,25,NYK,71,,10.9,1.7,3.7,.449,,,,1.7,3.7,.449,.449,1.3,1.9,.714,,,3.4,0.4,,,,2.4,4.7)
(1971,100,Rich Johnson,C,24,BOS,1,,13.0,4.0,5.0,.800,,,,4.0,5.0,.800,.800,0.0,0.0,,,,5.0,0.0,,,,3.0,8.0)
(1971,103,Bob Kauffman,PF,24,BUF,78,,35.6,7.9,16.8,.471,,,,7.9,16.8,.471,.471,4.6,6.2,.740,,,10.7,4.5,,,,3.4,20.4)
(1971,107,Ron Knight,PF,23,POR,52,,12.7,1.9,4.4,.430,,,,1.9,4.4,.430,.430,0.4,0.7,.500,,,3.2,1.0,,,,1.9,4.2)
(1971,113,Stu Lantz,SG,24,SDR,82,,37.8,7.1,15.9,.448,,,,7.1,15.9,.448,.448,6.3,7.9,.806,,,5.0,4.2,,,,2.8,20.6)
(1971,117,Kevin Loughery,SG,30,BAL,82,,27.6,5.9,14.5,.403,,,,5.9,14.5,.403,.403,3.4,4.0,.831,,,2.7,3.7,,,,3.0,15.1)
(1971,Rk,Player,Pos,Age,Tm,G,GS,MP,FG,FGA,FG%,3P,3PA,3P%,2P,2PA,2P%,eFG%,FT,FTA,FT%,ORB,DRB,TRB,AST,STL,BLK,TOV,PF,PTS)
(1971,124,Harvey Marlatt,SG,22,DET,23,,9.3,1.1,3.5,.313,,,,1.1,3.5,.313,.313,0.7,0.8,.833,,,1.0,1.3,,,,1.2,2.8)
(1971,128,Jon McGlocklin,SG,27,MIL,82,,35.3,7.0,13.1,.535,,,,7.0,13.1,.535,.535,1.8,2.0,.862,,,2.7,3.7,,,,2.3,15.8)
(1971,132,Tom Meschery,PF,32,SEA,79,,23.1,3.6,7.8,.463,,,,3.6,7.8,.463,.463,2.1,2.7,.750,,,6.1,1.4,,,,2.6,9.3)
(1971,136,Earl Monroe*,PG,26,BAL,81,,35.1,8.2,18.5,.442,,,,8.2,18.5,.442,.442,5.0,6.2,.802,,,2.6,4.4,,,,2.7,21.4)
(1971,140,Jeff Mullins,SG,28,SFW,75,,38.8,8.4,17.4,.482,,,,8.4,17.4,.482,.482,4.0,4.8,.844,,,4.5,4.4,,,,3.3,20.8)
(1971,143,Don Nelson*,SF,30,BOS,82,,27.5,5.0,10.7,.468,,,,5.0,10.7,.468,.468,3.9,5.2,.744,,,6.9,1.9,,,,2.8,13.9)
(1971,147,Curtis Perry,C,22,SDR,18,,5.6,1.2,2.7,.438,,,,1.2,2.7,.438,.438,0.6,1.1,.550,,,1.7,0.3,,,,1.2,2.9)
(1971,151,Bob Quick,SF,24,DET,56,,20.5,2.8,6.1,.455,,,,2.8,6.1,.455,.455,2.5,3.1,.784,,,4.1,1.0,,,,2.5,8.0)
(1971,155,Pat Riley*,SG,25,LAL,54,,9.4,1.9,4.7,.413,,,,1.9,4.7,.413,.413,1.0,1.6,.644,,,1.0,1.3,,,,1.6,4.9)
(1971,159,Flynn Robinson,SG,29,CIN,71,,19.3,5.3,11.5,.458,,,,5.3,11.5,.458,.458,2.7,3.2,.855,,,2.0,1.9,,,,2.3,13.3)
(1971,162,Cazzie Russell,SF,26,NYK,57,,18.5,3.8,8.8,.429,,,,3.8,8.8,.429,.429,1.6,2.1,.773,,,3.4,1.4,,,,1.3,9.2)
(1971,166,Paul Silas,PF,27,PHO,81,,36.3,4.2,9.7,.428,,,,4.2,9.7,.428,.428,3.5,5.1,.685,,,12.5,3.0,,,,2.8,11.9)
(1971,170,Bingo Smith,SG,24,CLE,77,,30.3,6.4,14.4,.448,,,,6.4,14.4,.448,.448,2.3,3.0,.761,,,5.6,3.4,,,,2.3,15.2)
(1971,174,Dave Sorenson,PF,22,CLE,79,,24.6,4.5,10.1,.445,,,,4.5,10.1,.445,.445,2.3,2.9,.803,,,6.2,2.1,,,,2.3,11.3)
(1971,178,Gary Suiter,C-F,26,CLE,30,,4.7,0.6,1.8,.352,,,,0.6,1.8,.352,.352,0.1,0.3,.444,,,1.4,0.1,,,,0.7,1.4)
(1971,181,Rod Thorn,SG,29,SEA,63,,12.2,2.2,4.7,.472,,,,2.2,4.7,.472,.472,1.1,1.6,.676,,,1.6,2.9,,,,1.0,5.6)
(1971,185,John Tresvant,PF,31,TOT,75,,20.2,2.7,5.8,.463,,,,2.7,5.8,.463,.463,1.9,2.7,.712,,,5.1,1.1,,,,2.6,7.3)
(1971,189,John Vallely,SG,22,ATL,51,,8.4,1.4,4.0,.358,,,,1.4,4.0,.358,.358,0.9,1.2,.763,,,0.7,0.9,,,,1.0,3.7)
(1971,193,Neal Walk,C,22,PHO,82,,24.8,5.2,11.5,.451,,,,5.2,11.5,.451,.451,2.5,3.3,.765,,,8.2,1.4,,,,3.4,12.9)
(1971,197,John Warren,PG,23,CLE,82,,31.8,4.6,11.0,.423,,,,4.6,11.0,.423,.423,2.2,2.6,.829,,,4.2,4.2,,,,3.6,11.5)
(1971,Rk,Player,Pos,Age,Tm,G,GS,MP,FG,FGA,FG%,3P,3PA,3P%,2P,2PA,2P%,eFG%,FT,FTA,FT%,ORB,DRB,TRB,AST,STL,BLK,TOV,PF,PTS)
(1971,204,John Wetzel,SG,26,PHO,70,,15.6,1.8,4.1,.431,,,,1.8,4.1,.431,.431,1.2,1.4,.822,,,2.2,1.6,,,,2.2,4.7)
(1971,208,Art Williams,PG,31,BOS,74,,15.4,2.0,4.5,.455,,,,2.0,4.5,.455,.455,0.8,1.1,.723,,,2.8,3.1,,,,2.5,4.9)
(1971,212,Willie Williams,F,24,TOT,25,,4.2,0.4,1.7,.238,,,,0.4,1.7,.238,.238,0.1,0.2,.600,,,0.9,0.3,,,,0.6,0.9)
(1971,216,Gary Zeller,SG,23,BAL,50,,4.5,0.7,2.3,.296,,,,0.7,2.3,.296,.296,0.3,0.6,.536,,,0.5,0.1,,,,0.9,1.7)
