(1971,2,Kareem Abdul-Jabbar*,C,23,MIL,82,,40.1,13.0,22.5,.577,,,,13.0,22.5,.577,.577,5.7,8.3,.690,,,16.0,3.3,,,,3.2,31.7)
(1971,6,Lucius Allen,PG,23,MIL,61,,19.0,2.9,6.5,.447,,,,2.9,6.5,.447,.447,1.3,1.8,.700,,,2.5,2.6,,,,1.8,7.1)
(1971,10,Al Attles,PG,34,SFW,34,,9.4,0.6,1.6,.407,,,,0.6,1.6,.407,.407,0.7,1.2,.585,,,1.2,1.7,,,,1.7,2.0)
(1971,14,Jim Barnett,SG,26,POR,78,,30.4,7.2,16.4,.436,,,,7.2,16.4,.436,.436,4.2,5.2,.811,,,4.8,4.1,,,,2.4,18.5)
(1971,18,Walt Bellamy*,C,31,ATL,82,,35.5,5.3,10.7,.493,,,,5.3,10.7,.493,.493,4.1,6.8,.604,,,12.9,2.8,,,,3.3,14.7)
(1971,21,John Block,PF,26,SDR,73,,20.1,3.4,8.0,.420,,,,3.4,8.0,.420,.420,2.9,3.7,.785,,,6.1,1.3,,,,2.6,9.6)
(1971,25,Bill Bradley*,SF,27,NYK,78,,29.5,5.3,11.7,.453,,,,5.3,11.7,.453,.453,1.8,2.2,.823,,,3.3,3.6,,,,3.1,12.4)
(1971,29,Wilt Chamberlain*,C,34,LAL,82,,44.3,8.1,15.0,.545,,,,8.1,15.0,.545,.545,4.4,8.2,.538,,,18.2,4.3,,,,2.1,20.7)
(1971,33,Bob Christian,C,24,ATL,54,,9.7,1.0,2.4,.433,,,,1.0,2.4,.433,.433,0.7,1.2,.625,,,3.3,0.6,,,,2.2,2.8)
(1971,37,Joe Cooke,SG,22,CLE,73,,9.9,1.8,4.7,.393,,,,1.8,4.7,.393,.393,0.7,0.8,.814,,,1.6,1.3,,,,1.8,4.3)
(1971,Rk,Player,Pos,Age,Tm,G,GS,MP,FG,FGA,FG%,3P,3PA,3P%,2P,2PA,2P%,eFG%,FT,FTA,FT%,ORB,DRB,TRB,AST,STL,BLK,TOV,PF,PTS)
(1971,44,Bob Dandridge,SF,23,MIL,79,,36.2,7.5,14.8,.509,,,,7.5,14.8,.509,.509,3.3,4.8,.702,,,8.0,3.5,,,,3.6,18.4)
(1971,48,Connie Dierking,C,34,TOT,54,,13.6,2.3,6.0,.388,,,,2.3,6.0,.388,.388,1.1,1.6,.685,,,4.3,1.1,,,,2.1,5.8)
(1971,52,Johnny Egan,PG,32,TOT,62,,13.3,1.1,2.9,.376,,,,1.1,2.9,.376,.376,0.7,0.8,.824,,,1.0,1.8,,,,1.1,2.8)
(1971,56,Keith Erickson,SF,26,LAL,73,,31.1,5.1,10.7,.471,,,,5.1,10.7,.471,.471,1.2,1.5,.759,,,5.5,3.1,,,,3.3,11.3)
(1971,60,Jake Ford,G,24,SEA,5,,13.6,1.8,5.0,.360,,,,1.8,5.0,.360,.360,3.2,4.4,.727,,,1.8,1.8,,,,2.2,6.8)
(1971,63,Walt Frazier*,PG,25,NYK,80,,43.2,8.1,16.5,.494,,,,8.1,16.5,.494,.494,5.4,7.0,.779,,,6.8,6.7,,,,3.0,21.7)
(1971,67,Walt Gilmore,PF,23,POR,27,,9.7,0.9,2.0,.426,,,,0.9,2.0,.426,.426,0.4,1.0,.462,,,2.7,0.4,,,,1.8,2.1)
(1971,71,Lamar Green,PF,23,PHO,68,,19.5,2.5,5.4,.453,,,,2.5,5.4,.453,.453,0.9,1.6,.604,,,6.9,0.8,,,,3.0,5.9)
(1971,75,Happy Hairston,PF,28,LAL,80,,36.5,7.2,15.4,.466,,,,7.2,15.4,.466,.466,4.2,5.4,.782,,,10.0,2.1,,,,3.2,18.6)
(1971,79,John Havlicek*,SF,30,BOS,81,,45.4,11.0,24.5,.450,,,,11.0,24.5,.450,.450,6.8,8.4,.818,,,9.0,7.5,,,,2.5,28.9)
(1971,82,Spencer Haywood*,PF,21,SEA,33,,35.2,7.9,17.5,.449,,,,7.9,17.5,.449,.449,4.8,6.6,.734,,,12.0,1.5,,,,2.5,20.6)
(1971,86,Bill Hewitt,PF,26,DET,62,,27.8,3.3,7.0,.467,,,,3.3,7.0,.467,.467,1.1,1.9,.575,,,7.3,2.0,,,,3.0,7.7)
(1971,90,Bailey Howell*,PF,34,PHI,82,,19.4,4.0,8.4,.472,,,,4.0,8.4,.472,.472,2.8,3.8,.730,,,5.4,1.4,,,,2.9,10.7)
(1971,94,Darrall Imhoff,C,32,CIN,34,,24.3,3.5,7.6,.461,,,,3.5,7.6,.461,.461,1.1,2.1,.507,,,6.9,2.3,,,,3.5,8.1)
(1971,98,Gus Johnson*,PF,32,BAL,66,,38.5,7.5,16.5,.453,,,,7.5,16.5,.453,.453,3.2,4.4,.738,,,17.1,2.9,,,,3.4,18.2)
(1971,101,Nick Jones,SG,25,SFW,81,,14.6,2.8,6.5,.430,,,,2.8,6.5,.430,.430,1.4,1.9,.735,,,1.4,1.4,,,,2.4,6.9)
(1971,105,Toby Kimball,PF,28,SDR,80,,13.8,1.4,3.6,.387,,,,1.4,3.6,.387,.387,0.6,1.4,.472,,,5.1,0.8,,,,1.6,3.4)
(1971,109,Howard Komives,PG,29,DET,82,,23.6,3.4,8.7,.385,,,,3.4,8.7,.385,.385,1.5,1.8,.801,,,1.9,3.2,,,,2.2,8.2)
(1971,111,Sam Lacey,C,22,CIN,81,,32.7,5.8,13.8,.418,,,,5.8,13.8,.418,.418,1.9,2.8,.687,,,11.3,1.4,,,,3.3,13.5)
(1971,115,Bobby Lewis,SG,25,CLE,79,,23.4,2.3,6.1,.370,,,,2.3,6.1,.370,.370,1.4,1.9,.717,,,2.6,3.1,,,,2.2,5.9)
(1971,119,Jerry Lucas*,PF,30,SFW,80,,40.6,7.8,15.6,.498,,,,7.8,15.6,.498,.498,3.6,4.6,.787,,,15.8,3.7,,,,2.5,19.2)
(1971,122,Pete Maravich*,SG,23,ATL,81,,36.1,9.1,19.9,.458,,,,9.1,19.9,.458,.458,5.0,6.2,.800,,,3.7,4.4,,,,2.9,23.2)
(1971,126,Don May,SF,25,BUF,76,,35.1,8.3,17.6,.471,,,,8.3,17.6,.471,.471,3.6,4.6,.791,,,7.5,2.0,,,,2.9,20.2)
(1971,130,McCoy McLemore,SF,28,TOT,86,,26.2,3.5,9.2,.385,,,,3.5,9.2,.385,.385,2.4,3.0,.782,,,6.6,2.4,,,,2.7,9.4)
(1971,134,Eddie Miles,SG,30,BAL,63,,24.5,4.0,9.4,.426,,,,4.0,9.4,.426,.426,1.9,2.3,.803,,,2.7,1.7,,,,1.9,9.9)
(1971,138,Rex Morgan,SG,22,BOS,34,,7.8,1.2,3.0,.402,,,,1.2,3.0,.402,.402,1.0,1.6,.648,,,1.8,0.6,,,,1.7,3.4)
(1971,141,Calvin Murphy*,PG,22,SDR,82,,24.6,5.7,12.5,.458,,,,5.7,12.5,.458,.458,4.3,5.3,.820,,,3.0,4.0,,,,3.2,15.8)
(1971,145,Ralph Ogden,F,23,SFW,32,,5.1,0.5,2.2,.239,,,,0.5,2.2,.239,.239,0.3,0.4,.667,,,1.0,0.3,,,,0.5,1.3)
(1971,149,Bob Portman,SG,23,SFW,68,,20.5,3.3,7.1,.458,,,,3.3,7.1,.458,.458,1.1,1.6,.726,,,4.7,1.0,,,,1.9,7.6)
(1971,153,Willis Reed*,C,28,NYK,73,,39.1,8.4,18.2,.462,,,,8.4,18.2,.462,.462,4.1,5.2,.785,,,13.7,2.0,,,,3.1,20.9)
(1971,157,Rick Roberson,C,23,LAL,65,,14.0,1.9,4.6,.415,,,,1.9,4.6,.415,.415,1.4,2.2,.615,,,4.7,0.7,,,,1.9,5.2)
(1971,Rk,Player,Pos,Age,Tm,G,GS,MP,FG,FGA,FG%,3P,3PA,3P%,2P,2PA,2P%,eFG%,FT,FTA,FT%,ORB,DRB,TRB,AST,STL,BLK,TOV,PF,PTS)
(1971,164,Dale Schlueter,C,25,POR,80,,22.8,3.2,6.6,.488,,,,3.2,6.6,.488,.488,1.8,2.7,.656,,,7.9,2.4,,,,3.3,8.2)
(1971,168,Jerry Sloan*,SG,28,CHI,80,,39.3,7.4,16.8,.441,,,,7.4,16.8,.441,.441,3.5,4.9,.715,,,8.8,3.5,,,,3.6,18.3)
(1971,172,Greg Smith,PF,24,MIL,82,,29.6,5.0,9.7,.512,,,,5.0,9.7,.512,.512,1.7,2.6,.662,,,7.2,2.8,,,,3.5,11.7)
(1971,176,Dennis Stewart,F,23,BAL,2,,3.0,0.5,2.0,.250,,,,0.5,2.0,.250,.250,1.0,1.0,1.000,,,1.5,0.5,,,,0.0,2.0)
(1971,180,Joe Thomas,SF,22,PHO,39,,5.2,0.6,2.2,.267,,,,0.6,2.2,.267,.267,0.2,0.5,.450,,,1.1,0.4,,,,0.5,1.4)
(1971,183,Rudy Tomjanovich,PF,22,SDR,77,,13.8,2.2,5.7,.383,,,,2.2,5.7,.383,.383,0.9,1.5,.652,,,4.9,0.9,,,,1.6,5.3)
(1971,187,Bill Turner,SF,26,SFW,18,,11.1,1.4,4.6,.317,,,,1.4,4.6,.317,.317,0.7,1.1,.650,,,2.3,0.4,,,,1.3,3.6)
(1971,191,Tom Van Arsdale,SF,27,CIN,82,,38.4,9.1,20.0,.456,,,,9.1,20.0,.456,.456,4.6,6.4,.721,,,6.1,2.2,,,,3.6,22.9)
(1971,195,Jimmy Walker,SG,26,DET,79,,35.0,6.6,15.2,.436,,,,6.6,15.2,.436,.436,4.4,5.2,.831,,,2.6,3.4,,,,2.2,17.6)
(1971,199,Jim Washington,PF,27,PHI,78,,32.1,5.1,10.6,.476,,,,5.1,10.6,.476,.476,3.3,4.4,.762,,,9.6,1.2,,,,3.3,13.4)
(1971,202,Walt Wesley,C,26,CLE,82,,29.6,6.9,15.1,.455,,,,6.9,15.1,.455,.455,4.0,5.8,.687,,,8.7,1.0,,,,3.6,17.7)
(1971,206,Jo Jo White*,PG,24,BOS,75,,37.2,9.2,19.9,.464,,,,9.2,19.9,.464,.464,2.9,3.6,.799,,,5.0,4.8,,,,3.4,21.3)
(1971,210,Milt Williams,PG,25,NYK,5,,2.6,0.2,0.2,1.000,,,,0.2,0.2,1.000,1.000,0.4,0.6,.667,,,0.0,0.4,,,,0.6,0.8)
(1971,214,Lee Winfield,PG,23,SEA,79,,20.3,4.2,9.1,.466,,,,4.2,9.1,.466,.466,2.1,3.1,.664,,,2.4,2.8,,,,1.7,10.5)
