(1975,3,Don Adams,SF,27,DET,51,,27.0,2.5,6.2,.403,,,,2.5,6.2,.403,.403,0.9,1.5,.577,1.2,3.5,4.8,1.5,1.4,0.4,,3.5,5.9)
(1975,7,Tiny Archibald*,PG,26,KCO,82,,39.6,9.3,20.3,.456,,,,9.3,20.3,.456,.456,8.0,9.1,.872,0.6,2.1,2.7,6.8,1.5,0.1,,2.3,26.5)
(1975,11,Mike Bantom,SF,23,PHO,82,,27.3,5.1,11.1,.461,,,,5.1,11.1,.461,.461,2.3,3.2,.714,2.6,4.2,6.7,1.9,0.8,0.6,,3.3,12.5)
(1975,15,Zelmo Beaty,C,35,LAL,69,,17.6,2.0,4.5,.439,,,,2.0,4.5,.439,.439,1.6,2.0,.800,1.3,3.4,4.7,1.1,0.7,0.4,,1.9,5.5)
(1975,19,Leon Benbow,SG,24,CHI,39,,6.5,0.9,2.4,.372,,,,0.9,2.4,.372,.372,0.4,0.5,.833,0.4,0.6,1.0,0.6,0.3,0.2,,1.1,2.2)
(1975,22,John Block,PF,30,TOT,54,,17.4,2.9,6.4,.460,,,,2.9,6.4,.460,.460,2.1,2.7,.792,1.3,3.0,4.3,0.9,0.8,0.6,,2.2,8.0)
(1975,26,Steve Bracey,SG,24,GSW,42,,8.1,1.3,3.1,.415,,,,1.3,3.1,.415,.415,0.6,0.9,.658,0.2,0.7,0.9,1.2,0.3,0.0,,1.0,3.2)
(1975,30,John Brisker,SG,27,SEA,21,,13.1,2.9,6.7,.426,,,,2.9,6.7,.426,.426,2.0,2.3,.857,0.7,0.9,1.6,0.9,0.3,0.1,,1.6,7.7)
(1975,34,John Brown,SF,23,ATL,73,,27.2,4.3,9.4,.461,,,,4.3,9.4,.461,.461,2.5,3.4,.740,2.5,3.5,5.9,1.8,0.7,0.2,,3.1,11.2)
(1975,38,Fred Carter,PG,29,PHI,77,,39.6,9.3,20.8,.447,,,,9.3,20.8,.447,.447,3.3,4.5,.738,0.9,3.5,4.4,4.4,1.1,0.3,,3.3,21.9)
(1975,41,Ken Charles,SG,23,BUF,79,,21.4,3.0,6.5,.466,,,,3.0,6.5,.466,.466,1.5,1.8,.822,0.9,1.2,2.1,2.2,1.1,0.3,,2.1,7.6)
(1975,45,Jim Cleamons,PG,25,CLE,74,,36.4,5.0,10.4,.480,,,,5.0,10.4,.480,.480,1.9,2.4,.796,1.3,3.1,4.4,5.1,1.1,0.3,,2.6,11.9)
(1975,49,Doug Collins,SG,23,PHI,81,,34.8,6.9,14.2,.488,,,,6.9,14.2,.488,.488,4.1,4.8,.844,1.3,2.6,3.9,2.6,1.3,0.2,,3.6,17.9)
(1975,53,Dick Cunningham,C,28,MIL,2,,4.0,0.0,0.0,,,,,0.0,0.0,,,0.0,0.0,,0.0,1.0,1.0,0.5,0.0,0.0,,0.5,0.0)
(1975,57,Dwight Davis,PF,25,CLE,78,,25.2,3.8,8.5,.443,,,,3.8,8.5,.443,.443,2.3,3.1,.718,1.4,4.6,5.9,1.9,0.6,0.5,,3.3,9.8)
(1975,Rk,Player,Pos,Age,Tm,G,GS,MP,FG,FGA,FG%,3P,3PA,3P%,2P,2PA,2P%,eFG%,FT,FTA,FT%,ORB,DRB,TRB,AST,STL,BLK,TOV,PF,PTS)
(1975,64,Steve Downing,C,24,BOS,3,,3.0,0.0,0.7,.000,,,,0.0,0.7,.000,.000,0.0,0.7,.000,0.0,0.7,0.7,0.0,0.0,0.0,,0.0,0.0)
(1975,68,Ken Durrett,SF,26,TOT,48,,9.3,1.4,3.5,.404,,,,1.4,3.5,.404,.404,0.6,1.1,.596,0.7,1.4,2.1,0.4,0.2,0.2,,1.5,3.4)
(1975,72,Keith Erickson,SF,30,PHO,49,,30.0,4.8,11.4,.425,,,,4.8,11.4,.425,.425,2.7,3.2,.833,1.4,3.5,5.0,3.5,1.0,0.2,,3.1,12.3)
(1975,76,Jim Fox,C,31,SEA,75,,23.5,3.4,7.2,.469,,,,3.4,7.2,.469,.469,2.3,2.8,.802,1.7,4.8,6.5,1.8,0.6,0.2,,2.2,9.0)
(1975,80,John Gianelli,C,24,NYK,80,,35.0,4.3,9.1,.472,,,,4.3,9.1,.472,.472,1.7,2.4,.692,2.7,5.9,8.6,2.0,0.5,1.5,,3.3,10.3)
(1975,83,Gail Goodrich*,SG,31,LAL,72,,37.1,9.1,19.8,.459,,,,9.1,19.8,.459,.459,4.4,5.3,.841,1.3,1.7,3.0,5.8,1.4,0.1,,3.0,22.6)
(1975,87,Happy Hairston,PF,32,LAL,74,,30.9,3.7,7.2,.506,,,,3.7,7.2,.506,.506,2.9,3.7,.801,4.1,8.7,12.8,2.3,0.7,0.1,,2.9,10.3)
(1975,91,John Havlicek*,SF,34,BOS,82,,38.2,7.8,17.2,.455,,,,7.8,17.2,.455,.455,3.5,4.0,.870,1.9,4.0,5.9,5.3,1.3,0.2,,2.8,19.2)
(1975,95,Elvin Hayes*,PF,29,WSB,82,,42.3,9.0,20.3,.443,,,,9.0,20.3,.443,.443,5.0,6.5,.766,2.7,9.5,12.2,2.5,1.9,2.3,,2.9,23.0)
(1975,99,Bill Hewitt,PF,30,CHI,18,,25.9,3.1,7.2,.434,,,,3.1,7.2,.434,.434,0.8,1.3,.609,1.7,4.8,6.4,1.3,0.5,0.6,,2.6,7.0)
(1975,102,Greg Jackson,SG,22,TOT,49,,16.4,1.5,3.6,.415,,,,1.5,3.6,.415,.415,0.7,1.3,.581,0.4,1.0,1.4,2.0,0.5,0.2,,2.7,3.7)
(1975,106,Charles Johnson,SG,25,GSW,79,,27.5,5.0,12.1,.412,,,,5.0,12.1,.412,.412,0.9,1.3,.735,1.7,2.2,3.9,2.9,1.7,0.1,,2.6,10.9)
(1975,110,Ollie Johnson,SF,25,TOT,73,,22.8,2.8,5.9,.473,,,,2.8,5.9,.473,.473,1.3,1.6,.833,1.2,2.1,3.3,1.5,0.8,0.5,,2.4,6.9)
(1975,114,Frank Kendrick,SF,24,GSW,24,,5.0,1.3,3.2,.403,,,,1.3,3.2,.403,.403,0.8,0.9,.818,0.8,0.7,1.5,0.3,0.5,0.1,,0.9,3.3)
(1975,118,Tom Kozelko,PF,23,WSB,73,,10.3,0.8,2.3,.359,,,,0.8,2.3,.359,.359,0.4,0.5,.861,0.7,1.2,1.9,0.6,0.4,0.1,,1.7,2.1)
(1975,121,Sam Lacey,C,26,KCO,81,,41.7,4.8,11.3,.427,,,,4.8,11.3,.427,.427,1.8,2.4,.754,2.8,11.4,14.2,5.3,1.7,2.1,,3.4,11.5)
(1975,125,Russ Lee,SF,25,NOJ,15,,9.3,1.9,5.1,.382,,,,1.9,5.1,.382,.382,0.5,0.9,.500,1.0,1.1,2.1,0.5,0.7,0.2,,1.1,4.3)
(1975,129,Phil Lumpkin,PG,23,POR,48,,16.5,1.8,4.0,.453,,,,1.8,4.0,.453,.453,0.6,0.8,.769,0.2,1.0,1.2,3.7,0.4,0.1,,1.7,4.2)
(1975,133,Don May,SF,29,KCO,29,,4.8,0.9,1.9,.500,,,,0.9,1.9,.500,.500,0.3,0.4,.833,0.1,0.3,0.4,0.2,0.1,0.1,,0.7,2.2)
(1975,137,Kenny McIntosh,SF,26,SEA,6,,16.8,1.0,4.8,.207,,,,1.0,4.8,.207,.207,1.0,1.5,.667,1.0,1.5,2.5,1.2,0.7,0.5,,2.0,3.0)
(1975,Rk,Player,Pos,Age,Tm,G,GS,MP,FG,FGA,FG%,3P,3PA,3P%,2P,2PA,2P%,eFG%,FT,FTA,FT%,ORB,DRB,TRB,AST,STL,BLK,TOV,PF,PTS)
(1975,144,Steve Mix,PF,27,PHI,46,,38.0,6.1,12.7,.481,,,,6.1,12.7,.481,.481,3.5,4.5,.776,3.4,7.5,10.9,2.2,1.7,0.5,,3.8,15.6)
(1975,148,Jeff Mullins,SG,32,GSW,66,,17.3,3.5,7.8,.455,,,,3.5,7.8,.455,.455,1.1,1.3,.816,0.7,1.2,1.9,2.3,0.9,0.2,,1.9,8.2)
(1975,152,Louie Nelson,PG,23,NOJ,72,,26.4,4.3,9.4,.452,,,,4.3,9.4,.452,.452,2.7,3.5,.768,1.0,1.7,2.7,2.5,0.9,0.1,,2.6,11.2)
(1975,156,Jim Owens,SF,24,PHO,41,,10.5,1.4,3.5,.386,,,,1.4,3.5,.386,.386,0.3,0.4,.750,0.2,0.9,1.0,1.2,0.4,0.0,,0.7,3.0)
(1975,160,Howard Porter,SF,26,TOT,58,,20.1,3.5,7.1,.488,,,,3.5,7.1,.488,.488,1.1,1.4,.835,1.4,3.0,4.4,0.3,0.4,0.4,,1.6,8.1)
(1975,163,Ed Ratleff,SF,24,HOU,80,,32.0,4.9,10.6,.461,,,,4.9,10.6,.461,.461,2.0,2.4,.826,2.3,3.4,5.7,3.2,1.8,0.6,,2.9,11.8)
(1975,167,Pat Riley*,SF,29,LAL,46,,22.1,4.8,11.4,.419,,,,4.8,11.4,.419,.419,1.5,2.0,.742,0.5,1.3,1.8,2.6,0.8,0.1,,2.8,11.0)
(1975,171,Truck Robinson,PF,23,WSB,76,,13.1,2.5,5.2,.486,,,,2.5,5.2,.486,.486,0.8,1.5,.522,1.2,2.7,4.0,0.5,0.5,0.4,,1.7,5.8)
(1975,175,Campy Russell,SF,23,CLE,68,,11.1,2.2,5.4,.411,,,,2.2,5.4,.411,.411,1.8,2.4,.752,0.6,1.6,2.2,0.7,0.3,0.0,,1.5,6.2)
(1975,179,Charlie Scott,PG,26,PHO,69,,37.6,10.2,23.1,.441,,,,10.2,23.1,.441,.441,4.0,5.1,.781,1.0,2.9,4.0,4.5,1.6,0.3,,4.3,24.3)
(1975,182,Jerry Sloan*,SG,32,CHI,78,,33.0,4.9,11.1,.439,,,,4.9,11.1,.439,.439,2.5,3.3,.748,2.3,4.6,6.9,2.1,2.2,0.2,,3.4,12.2)
(1975,186,Greg Smith,SF,28,POR,55,,9.4,1.3,2.7,.486,,,,1.3,2.7,.486,.486,0.6,0.9,.667,0.5,1.1,1.6,0.5,0.4,0.1,,1.7,3.2)
(1975,190,Mike Sojourner,C,21,ATL,73,,29.2,5.2,10.6,.488,,,,5.2,10.6,.488,.488,1.3,2.0,.651,2.7,6.1,8.8,1.3,0.5,0.8,,3.0,11.7)
(1975,194,Larry Steele,SG,25,POR,76,,31.4,3.5,6.4,.548,,,,3.5,6.4,.548,.548,1.6,1.9,.836,1.1,1.8,3.0,3.8,2.4,0.2,,3.3,8.6)
(1975,198,Rudy Tomjanovich,PF,26,HOU,81,,38.7,8.6,16.3,.525,,,,8.6,16.3,.525,.525,3.6,4.5,.790,2.3,5.3,7.6,2.9,0.9,0.3,,2.8,20.7)
(1975,201,Wes Unseld*,C,28,WSB,73,,39.8,3.7,7.5,.502,,,,3.7,7.5,.502,.502,1.7,2.5,.685,4.4,10.4,14.8,4.1,1.6,0.9,,2.5,9.2)
(1975,205,Neal Walk,C,26,TOT,67,,16.8,3.0,7.1,.419,,,,3.0,7.1,.419,.419,1.3,1.6,.819,1.4,3.7,5.1,1.8,0.6,0.3,,2.6,7.2)
(1975,209,Bill Walton*,C,22,POR,35,,32.9,5.1,9.9,.513,,,,5.1,9.9,.513,.513,2.7,3.9,.686,2.6,10.0,12.6,4.8,0.8,2.7,,3.3,12.8)
(1975,213,Kermit Washington,PF,23,LAL,55,,17.3,1.6,3.8,.420,,,,1.6,3.8,.420,.420,1.3,2.2,.590,1.9,4.4,6.4,1.2,0.5,0.6,,2.8,4.5)
(1975,217,Scott Wedman,SF,22,KCO,80,,31.9,4.7,10.1,.465,,,,4.7,10.1,.465,.465,1.7,2.1,.818,2.5,3.6,6.1,1.6,1.0,0.3,,3.4,11.1)
(1975,Rk,Player,Pos,Age,Tm,G,GS,MP,FG,FGA,FG%,3P,3PA,3P%,2P,2PA,2P%,eFG%,FT,FTA,FT%,ORB,DRB,TRB,AST,STL,BLK,TOV,PF,PTS)
(1975,224,Sidney Wicks,PF,25,POR,82,,38.6,8.4,17.0,.497,,,,8.4,17.0,.497,.497,4.8,6.8,.706,2.8,7.9,10.7,3.5,1.3,1.0,,3.5,21.7)
(1975,228,Nate Williams,SG,24,TOT,85,,22.9,5.6,11.6,.480,,,,5.6,11.6,.480,.480,2.1,2.6,.823,1.2,2.8,4.0,1.7,1.1,0.4,,3.0,13.3)
(1975,232,Harthorne Wingo,PF,27,NYK,82,,20.6,2.8,6.2,.460,,,,2.8,6.2,.460,.460,1.7,2.3,.754,2.0,3.6,5.6,1.0,0.6,0.4,,2.6,7.4)
