(1975,2,Kareem Abdul-Jabbar*,C,27,MIL,65,,42.3,12.5,24.4,.513,,,,12.5,24.4,.513,.513,5.0,6.6,.763,3.0,11.0,14.0,4.1,1.0,3.3,,3.2,30.0)
(1975,6,Dan Anderson,SG,24,POR,43,,10.5,1.1,2.4,.448,,,,1.1,2.4,.448,.448,0.6,0.7,.867,0.2,0.5,0.7,1.9,0.4,0.0,,1.0,2.8)
(1975,10,Gus Bailey,SG,23,HOU,47,,9.5,1.1,2.7,.405,,,,1.1,2.7,.405,.405,0.4,0.9,.488,0.5,1.3,1.7,1.3,0.4,0.3,,1.1,2.6)
(1975,14,Butch Beard,PG,27,GSW,82,,30.7,5.0,9.4,.528,,,,5.0,9.4,.528,.528,2.8,3.4,.832,1.4,2.4,3.9,4.2,1.6,0.1,,3.6,12.8)
(1975,18,Walt Bellamy*,C,35,NOJ,1,,14.0,2.0,2.0,1.000,,,,2.0,2.0,1.000,1.000,2.0,2.0,1.000,0.0,5.0,5.0,0.0,0.0,0.0,,2.0,6.0)
(1975,21,Dave Bing*,PG,31,DET,79,,40.8,7.3,16.9,.434,,,,7.3,16.9,.434,.434,4.3,5.4,.809,1.1,2.5,3.6,7.7,1.5,0.3,,2.8,19.0)
(1975,25,Ken Boyd,SF,22,NOJ,6,,4.2,1.2,2.2,.538,,,,1.2,2.2,.538,.538,0.8,1.8,.455,0.5,0.3,0.8,0.3,0.5,0.0,,0.3,3.2)
(1975,29,Bill Bridges,PF,35,TOT,32,,13.0,1.1,2.9,.376,,,,1.1,2.9,.376,.376,0.5,1.1,.500,2.0,2.2,4.2,1.0,0.3,0.2,,2.0,2.7)
(1975,33,Fred Brown,SG,26,SEA,81,,33.0,9.1,19.0,.480,,,,9.1,19.0,.480,.480,2.8,3.4,.831,1.4,2.8,4.2,3.5,2.3,0.2,,2.8,21.0)
(1975,37,Austin Carr,SG,26,CLE,41,,26.4,6.1,13.1,.468,,,,6.1,13.1,.468,.468,2.2,2.6,.840,1.2,1.4,2.6,3.8,1.2,0.0,,1.4,14.5)
(1975,Rk,Player,Pos,Age,Tm,G,GS,MP,FG,FGA,FG%,3P,3PA,3P%,2P,2PA,2P%,eFG%,FT,FTA,FT%,ORB,DRB,TRB,AST,STL,BLK,TOV,PF,PTS)
(1975,44,Archie Clark,PG,33,SEA,77,,32.2,5.9,11.9,.495,,,,5.9,11.9,.495,.495,2.1,2.5,.834,0.8,2.3,3.1,5.6,1.4,0.1,,2.4,13.9)
(1975,48,E.C. Coleman,PF,24,NOJ,77,,28.3,3.3,7.4,.445,,,,3.3,7.4,.445,.445,1.5,2.2,.699,2.5,4.7,7.1,1.4,1.1,0.5,,3.6,8.1)
(1975,52,Billy Cunningham*,SF,31,PHI,80,,35.7,7.6,17.8,.428,,,,7.6,17.8,.428,.428,4.3,5.6,.777,1.6,7.5,9.1,5.5,1.1,0.4,,3.4,19.5)
(1975,56,Jesse Dark,SG,23,NYK,47,,8.5,1.6,3.3,.471,,,,1.6,3.3,.471,.471,0.5,0.9,.550,0.3,0.5,0.8,0.6,0.1,0.0,,1.0,3.6)
(1975,60,Mickey Davis,SF,24,MIL,75,,14.4,2.3,4.8,.479,,,,2.3,4.8,.479,.479,1.0,1.2,.886,0.9,2.3,3.2,1.1,0.4,0.1,,1.4,5.7)
(1975,63,Ernie DiGregorio,PG,24,BUF,31,,23.0,3.3,7.5,.440,,,,3.3,7.5,.440,.440,1.1,1.5,.778,0.2,1.3,1.5,4.9,0.6,0.0,,2.0,7.8)
(1975,67,Charles Dudley,PG,24,GSW,67,,11.3,1.5,3.2,.470,,,,1.5,3.2,.470,.470,1.0,1.4,.722,0.9,1.3,2.2,1.5,0.6,0.0,,1.6,4.1)
(1975,71,Leroy Ellis,PF,34,PHI,82,,26.6,3.5,7.6,.461,,,,3.5,7.6,.461,.461,0.9,1.2,.727,2.4,4.7,7.1,1.4,0.5,0.7,,2.2,7.9)
(1975,75,Fred Foster,SF,28,CLE,73,,15.6,3.0,7.1,.417,,,,3.0,7.1,.417,.417,0.9,1.3,.711,0.8,0.7,1.5,1.4,0.3,0.0,,1.8,6.9)
(1975,79,Rowland Garrett,SF,24,CHI,70,,16.9,3.3,6.8,.481,,,,3.3,6.8,.481,.481,1.1,1.4,.794,1.1,2.4,3.5,0.6,0.3,0.2,,1.8,7.6)
(1975,82,Herm Gilliam,SG,28,ATL,60,,23.2,5.2,12.3,.427,,,,5.2,12.3,.427,.427,1.6,1.9,.832,1.3,2.1,3.4,2.8,1.3,0.2,,2.1,12.0)
(1975,86,Matt Guokas,SG,30,CHI,82,,25.5,3.1,6.1,.510,,,,3.1,6.1,.510,.510,1.0,1.3,.757,0.3,1.4,1.7,2.2,0.5,0.2,,1.9,7.2)
(1975,90,Clem Haskins,SG,31,WSB,70,,10.0,1.6,4.1,.397,,,,1.6,4.1,.397,.397,0.8,0.9,.841,0.4,0.7,1.1,1.1,0.3,0.1,,1.0,4.0)
(1975,94,Nate Hawthorne,SG,25,PHO,50,,12.4,2.4,5.7,.411,,,,2.4,5.7,.411,.411,1.2,1.9,.649,0.7,1.2,1.8,0.8,0.6,0.4,,1.9,5.9)
(1975,98,Tom Henderson,PG,23,ATL,79,,27.0,4.6,11.3,.411,,,,4.6,11.3,.411,.411,2.1,3.1,.697,0.6,2.0,2.7,4.0,1.3,0.1,,1.9,11.4)
(1975,101,John Hummer,PF,26,SEA,43,,13.2,1.0,2.5,.380,,,,1.0,2.5,.380,.380,0.3,1.2,.275,0.7,1.8,2.4,0.9,0.2,0.2,,1.5,2.2)
(1975,105,Aaron James,SF,22,NOJ,76,,22.8,4.9,10.2,.477,,,,4.9,10.2,.477,.477,1.9,2.5,.778,1.8,3.0,4.8,0.9,0.5,0.2,,2.9,11.7)
(1975,109,Mickey Johnson,PF,22,CHI,38,,7.7,1.4,3.1,.449,,,,1.4,3.1,.449,.449,1.0,1.5,.638,0.8,1.6,2.5,0.5,0.3,0.3,,1.5,3.8)
(1975,113,Bob Kauffman,PF,28,ATL,73,,10.9,1.5,3.6,.433,,,,1.5,3.6,.433,.433,0.8,1.2,.702,0.9,1.6,2.5,1.1,0.3,0.1,,1.4,3.9)
(1975,117,Len Kosmalski,C,23,KCO,67,,6.2,0.5,1.2,.398,,,,0.5,1.2,.398,.398,0.4,0.4,.828,0.5,1.3,1.8,0.6,0.1,0.1,,1.0,1.3)
(1975,Rk,Player,Pos,Age,Tm,G,GS,MP,FG,FGA,FG%,3P,3PA,3P%,2P,2PA,2P%,eFG%,FT,FTA,FT%,ORB,DRB,TRB,AST,STL,BLK,TOV,PF,PTS)
(1975,124,Clyde Lee,C-PF,30,TOT,80,,30.7,2.2,5.3,.412,,,,2.2,5.3,.412,.412,1.5,2.2,.672,3.6,5.9,9.5,1.3,0.4,0.3,,3.6,5.9)
(1975,128,Stan Love,PF,25,LAL,30,,14.4,2.8,6.5,.438,,,,2.8,6.5,.438,.438,1.6,2.2,.712,1.0,2.2,3.2,0.9,0.5,0.4,,2.3,7.2)
(1975,132,LaRue Martin,C,24,POR,81,,16.9,2.9,6.4,.452,,,,2.9,6.4,.452,.452,1.2,1.8,.697,1.7,3.4,5.0,0.9,0.4,0.6,,3.0,7.0)
(1975,136,Jon McGlocklin,SG,31,MIL,79,,23.5,4.1,8.2,.496,,,,4.1,8.2,.496,.496,0.8,0.9,.875,0.3,1.2,1.5,3.2,0.6,0.1,,1.8,9.0)
(1975,140,Cliff Meely,PF,27,HOU,48,,15.7,3.3,7.3,.447,,,,3.3,7.3,.447,.447,1.4,2.0,.723,1.1,2.3,3.4,0.9,0.4,0.4,,2.4,7.9)
(1975,143,John Mengelt,SG,25,DET,80,,24.9,4.2,8.8,.479,,,,4.2,8.8,.479,.479,2.6,3.1,.851,0.5,1.9,2.4,2.5,0.9,0.1,,2.5,11.0)
(1975,147,Otto Moore,C,28,TOT,42,,25.4,2.8,6.2,.450,,,,2.8,6.2,.450,.450,1.1,1.6,.667,2.2,5.7,7.9,2.0,0.5,1.0,,3.5,6.7)
(1975,151,Don Nelson*,SF,34,BOS,79,,26.0,5.4,9.9,.539,,,,5.4,9.9,.539,.539,3.3,4.0,.827,1.6,4.3,5.9,2.3,0.4,0.2,,3.0,14.0)
(1975,155,Willie Norwood,SF,27,DET,24,,14.5,2.7,5.1,.520,,,,2.7,5.1,.520,.520,1.3,1.8,.738,1.3,2.4,3.7,0.7,1.0,0.0,,2.1,6.6)
(1975,159,Geoff Petrie,PG,26,POR,80,,38.9,7.5,16.5,.456,,,,7.5,16.5,.456,.456,3.3,3.9,.839,0.5,2.1,2.6,5.3,1.0,0.2,,2.7,18.3)
(1975,162,Jim Price,PG,25,TOT,50,,37.4,6.3,14.3,.442,,,,6.3,14.3,.442,.442,3.4,3.9,.871,1.2,2.7,4.0,5.7,2.2,0.5,,3.6,16.1)
(1975,166,Tom Riker,C,24,NYK,51,,9.5,1.0,2.9,.361,,,,1.0,2.9,.361,.361,0.9,1.6,.561,0.8,1.3,2.1,0.4,0.3,0.1,,1.3,3.0)
(1975,170,Rick Roberson,C,27,NOJ,16,,21.2,3.0,6.8,.444,,,,3.0,6.8,.444,.444,1.4,2.5,.575,2.4,4.9,7.4,1.4,0.4,0.5,,3.1,7.4)
(1975,174,Bob Rule,C,30,MIL,1,,11.0,0.0,1.0,.000,,,,0.0,1.0,.000,.000,0.0,0.0,,0.0,0.0,0.0,2.0,0.0,0.0,,2.0,0.0)
(1975,178,Dale Schlueter,C,29,BUF,76,,12.7,1.2,2.3,.517,,,,1.2,2.3,.517,.517,1.1,1.6,.694,1.0,2.4,3.5,1.4,0.2,0.6,,2.1,3.5)
(1975,181,Tal Skinner,SF,22,SEA,73,,21.6,1.9,4.8,.409,,,,1.9,4.8,.409,.409,0.9,1.3,.649,1.8,2.9,4.7,1.2,0.7,0.2,,2.2,4.8)
(1975,185,Elmore Smith,C,25,LAL,74,,31.6,4.7,9.5,.493,,,,4.7,9.5,.493,.493,1.5,3.1,.485,2.8,8.1,10.9,2.0,1.1,2.9,,3.4,10.9)
(1975,189,Dick Snyder,SG,30,CLE,82,,31.6,6.1,12.0,.504,,,,6.1,12.0,.504,.504,2.0,2.4,.846,0.5,2.5,2.9,3.4,0.8,0.5,,2.8,14.2)
(1975,193,Dave Stallworth,SF,33,NYK,7,,8.1,0.7,2.6,.278,,,,0.7,2.6,.278,.278,0.0,0.0,,0.9,2.0,2.9,0.3,0.4,0.4,,1.4,1.4)
(1975,197,Dean Tolson,PF,23,SEA,19,,4.6,0.8,1.9,.432,,,,0.8,1.9,.432,.432,0.6,0.9,.647,0.6,0.5,1.2,0.3,0.2,0.3,,0.6,2.3)
(1975,Rk,Player,Pos,Age,Tm,G,GS,MP,FG,FGA,FG%,3P,3PA,3P%,2P,2PA,2P%,eFG%,FT,FTA,FT%,ORB,DRB,TRB,AST,STL,BLK,TOV,PF,PTS)
(1975,204,Norm Van Lier,PG,27,CHI,70,,37.0,5.8,13.9,.420,,,,5.8,13.9,.420,.420,3.4,4.3,.792,1.2,3.5,4.7,5.8,2.0,0.2,,3.5,15.0)
(1975,208,Jimmy Walker,SG,30,KCO,81,,38.5,6.8,14.4,.475,,,,6.8,14.4,.475,.475,3.0,3.6,.855,0.6,2.3,3.0,2.8,1.0,0.2,,2.7,16.7)
(1975,212,Jim Washington,PF,31,TOT,80,,19.7,2.4,5.3,.454,,,,2.4,5.3,.454,.454,0.8,1.2,.667,1.4,3.5,4.9,1.4,0.4,0.3,,2.1,5.6)
(1975,216,Nick Weatherspoon,SF,24,WSB,82,,16.4,3.1,6.9,.456,,,,3.1,6.9,.456,.456,1.3,1.7,.746,1.6,2.6,4.2,0.6,0.8,0.3,,2.6,7.5)
(1975,220,Walt Wesley,C,30,TOT,45,,5.5,0.9,2.1,.452,,,,0.9,2.1,.452,.452,0.4,0.6,.593,0.4,1.0,1.4,0.3,0.2,0.1,,1.1,2.2)
(1975,223,Jo Jo White*,PG,28,BOS,82,,39.3,8.0,17.6,.457,,,,8.0,17.6,.457,.457,2.3,2.7,.834,1.0,2.8,3.8,5.6,1.6,0.2,,2.5,18.3)
(1975,227,Earl Williams,C,23,PHO,79,,13.2,2.1,5.0,.414,,,,2.1,5.0,.414,.414,0.6,1.3,.437,2.0,3.8,5.8,1.2,0.4,0.4,,1.8,4.7)
(1975,231,Lee Winfield,PG,27,BUF,68,,18.5,2.4,4.6,.526,,,,2.4,4.6,.526,.526,0.7,1.0,.721,0.7,1.2,1.9,2.0,0.6,0.4,,1.6,5.5)
(1975,235,Dave Wohl,PG,25,HOU,75,,23.0,2.7,6.2,.439,,,,2.7,6.2,.439,.439,1.1,1.4,.745,0.3,1.1,1.5,4.5,1.0,0.1,,2.5,6.5)
