(1975,1,Zaid Abdul-Aziz,C,28,HOU,65,,22.3,3.6,8.3,.437,,,,3.6,8.3,.437,.437,2.4,3.1,.783,2.4,5.1,7.5,1.3,0.6,1.1,,2.0,9.7)
(1975,5,Lucius Allen,PG,27,TOT,66,,35.7,7.7,17.7,.437,,,,7.7,17.7,.437,.437,3.6,4.6,.778,1.4,2.8,4.2,5.6,2.1,0.4,,3.3,19.1)
(1975,9,Dennis Awtrey,C,26,PHO,82,,34.6,4.1,8.8,.470,,,,4.1,8.8,.470,.470,1.6,2.4,.677,3.0,5.6,8.6,4.2,0.7,0.6,,2.8,9.9)
(1975,13,Rick Barry*,SF,30,GSW,80,,40.4,12.9,27.7,.464,,,,12.9,27.7,.464,.464,4.9,5.5,.904,1.2,4.6,5.7,6.2,2.9,0.4,,2.8,30.6)
(1975,17,Dennis Bell,SF,23,NYK,52,,8.9,1.3,3.5,.376,,,,1.3,3.5,.376,.376,0.4,0.7,.556,0.9,1.1,2.0,0.5,0.4,0.2,,1.0,3.0)
(1975,Rk,Player,Pos,Age,Tm,G,GS,MP,FG,FGA,FG%,3P,3PA,3P%,2P,2PA,2P%,eFG%,FT,FTA,FT%,ORB,DRB,TRB,AST,STL,BLK,TOV,PF,PTS)
(1975,24,Freddie Boyd,PG,24,PHI,66,,20.6,3.1,7.5,.414,,,,3.1,7.5,.414,.414,0.8,1.7,.478,0.2,1.1,1.3,2.4,0.7,0.1,,2.0,7.0)
(1975,28,Jim Brewer,PF,23,CLE,82,,24.3,3.5,7.8,.455,,,,3.5,7.8,.455,.455,1.3,1.9,.648,2.5,3.7,6.2,1.6,0.9,0.5,,1.8,8.4)
(1975,32,Gary Brokaw,SG,21,MIL,73,,22.5,3.2,7.0,.455,,,,3.2,7.0,.455,.455,1.7,2.5,.685,0.5,1.5,2.0,3.0,0.4,0.2,,2.4,8.1)
(1975,36,Corky Calhoun,SF,24,TOT,70,,19.7,1.9,4.5,.415,,,,1.9,4.5,.415,.415,0.8,1.1,.753,1.6,2.3,3.8,1.1,0.8,0.4,,2.6,4.6)
(1975,40,Don Chaney,SG,28,BOS,82,,26.9,3.9,9.1,.428,,,,3.9,9.1,.428,.428,1.6,2.0,.806,2.1,2.4,4.5,2.2,1.5,0.8,,3.0,9.5)
(1975,43,Jim Chones,C,25,CLE,72,,33.7,6.2,12.7,.487,,,,6.2,12.7,.487,.487,2.1,3.1,.679,2.2,7.2,9.4,1.8,0.7,1.7,,3.4,14.5)
(1975,47,Ben Clyde,SF,23,BOS,25,,6.3,1.2,2.9,.431,,,,1.2,2.9,.431,.431,0.3,0.4,.778,0.6,1.0,1.6,0.2,0.2,0.1,,1.4,2.8)
(1975,51,Dave Cowens*,C,26,BOS,65,,40.5,8.8,18.4,.475,,,,8.8,18.4,.475,.475,2.9,3.8,.783,3.5,11.2,14.7,4.6,1.3,1.1,,3.7,20.4)
(1975,55,Bob Dandridge,SF,27,MIL,80,,37.9,8.6,18.3,.473,,,,8.6,18.3,.473,.473,2.6,3.3,.805,1.8,5.1,6.9,3.0,1.5,0.6,,4.1,19.9)
(1975,59,Mel Davis,PF,24,NYK,62,,14.6,2.5,6.4,.390,,,,2.5,6.4,.390,.390,0.8,1.1,.686,1.1,4.0,5.2,0.9,0.3,0.1,,1.7,5.7)
(1975,62,Derrek Dickey,PF,23,GSW,80,,23.2,3.4,7.1,.482,,,,3.4,7.1,.482,.482,0.8,1.2,.667,2.4,4.5,6.9,1.6,0.7,0.2,,2.5,7.7)
(1975,66,Terry Driscoll,PF,27,MIL,11,,4.7,0.3,1.2,.231,,,,0.3,1.2,.231,.231,0.1,0.2,.500,0.6,0.8,1.5,0.3,0.1,0.0,,0.6,0.6)
(1975,70,Al Eberhard,SF,22,DET,34,,8.1,0.9,2.5,.365,,,,0.9,2.5,.365,.365,0.5,0.6,.810,0.5,0.9,1.4,0.5,0.4,0.0,,1.0,2.3)
(1975,74,Chris Ford,SG,26,DET,80,,24.5,2.6,5.4,.474,,,,2.6,5.4,.474,.474,0.8,1.2,.663,1.2,2.2,3.4,2.9,1.4,0.3,,2.3,5.9)
(1975,78,Bernie Fryer,SG,25,NOJ,31,,13.9,1.5,3.4,.443,,,,1.5,3.4,.443,.443,1.1,1.4,.767,0.5,1.0,1.5,1.7,0.7,0.0,,1.7,4.1)
(1975,81,Dick Gibbs,SF,26,WSB,59,,7.2,1.3,3.2,.389,,,,1.3,3.2,.389,.389,0.8,1.1,.750,0.4,0.6,1.0,0.3,0.2,0.1,,1.0,3.3)
(1975,85,Lamar Green,C,27,NOJ,15,,18.7,1.6,4.7,.343,,,,1.6,4.7,.343,.343,0.6,1.3,.450,1.9,5.4,7.3,1.1,0.3,0.3,,2.5,3.8)
(1975,89,Bernie Harris,PF,24,BUF,11,,2.3,0.2,1.0,.182,,,,0.2,1.0,.182,.182,0.1,0.2,.500,0.2,0.5,0.7,0.1,0.0,0.1,,0.0,0.5)
(1975,93,Connie Hawkins*,PF,32,LAL,43,,23.9,3.2,7.5,.429,,,,3.2,7.5,.429,.429,1.6,2.3,.687,1.3,3.3,4.6,2.8,1.2,0.5,,2.7,8.0)
(1975,97,Gar Heard,PF,26,BUF,67,,32.1,4.7,12.2,.388,,,,4.7,12.2,.388,.388,1.6,2.8,.564,2.8,7.2,9.9,2.8,1.6,1.8,,3.6,11.1)
(1975,Rk,Player,Pos,Age,Tm,G,GS,MP,FG,FGA,FG%,3P,3PA,3P%,2P,2PA,2P%,eFG%,FT,FTA,FT%,ORB,DRB,TRB,AST,STL,BLK,TOV,PF,PTS)
(1975,104,Wardell Jackson,SF,23,SEA,56,,16.8,1.7,4.3,.397,,,,1.7,4.3,.397,.397,0.9,1.3,.718,0.9,1.4,2.4,0.5,0.5,0.1,,2.3,4.3)
(1975,108,John Johnson,SF,27,POR,80,,31.8,6.6,13.5,.487,,,,6.6,13.5,.487,.487,3.0,3.8,.784,2.0,4.2,6.3,3.0,0.9,0.5,,3.1,16.1)
(1975,112,Jimmy Jones,PG,30,WSB,73,,19.5,2.8,5.5,.518,,,,2.8,5.5,.518,.518,1.4,1.9,.725,0.5,1.4,1.9,2.2,1.0,0.1,,2.6,7.1)
(1975,116,Don Kojis,SF,36,KCO,21,,11.0,2.2,4.7,.469,,,,2.2,4.7,.469,.469,1.0,1.4,.667,0.7,1.2,1.9,0.5,0.6,0.0,,1.5,5.3)
(1975,120,Kevin Kunnert,C,23,HOU,75,,24.0,4.6,9.0,.512,,,,4.6,9.0,.512,.512,1.5,2.3,.686,2.9,5.6,8.4,1.4,0.5,1.1,,3.0,10.8)
(1975,123,Stu Lantz,SG,28,TOT,75,,23.8,3.0,7.5,.406,,,,3.0,7.5,.406,.406,2.6,3.1,.838,1.2,1.4,2.6,2.5,0.7,0.2,,2.2,8.6)
(1975,127,Bob Love,PF,32,CHI,61,,39.4,8.8,20.6,.429,,,,8.8,20.6,.429,.429,4.3,5.2,.830,1.6,4.7,6.3,1.7,1.0,0.2,,3.4,22.0)
(1975,131,Jack Marin,SF,30,BUF,81,,26.5,4.7,10.3,.455,,,,4.7,10.3,.455,.455,2.4,2.7,.869,1.3,3.2,4.5,1.6,0.6,0.2,,2.9,11.8)
(1975,135,Glenn McDonald,SF,22,BOS,62,,6.4,1.1,2.9,.385,,,,1.1,2.9,.385,.385,0.5,0.6,.757,0.3,0.8,1.1,0.4,0.1,0.1,,0.9,2.7)
(1975,139,Larry McNeill,PF,24,KCO,80,,21.9,3.7,8.1,.459,,,,3.7,8.1,.459,.459,2.4,3.0,.784,1.9,4.4,6.2,0.9,0.9,0.3,,2.9,9.8)
(1975,142,Dean Meminger,PG,26,ATL,80,,27.2,2.9,6.3,.466,,,,2.9,6.3,.466,.466,2.1,3.3,.639,1.1,1.6,2.7,5.0,1.5,0.1,,2.0,7.9)
(1975,146,Earl Monroe*,SG,30,NYK,78,,36.1,8.6,18.7,.457,,,,8.6,18.7,.457,.457,3.8,4.6,.827,0.7,3.5,4.2,3.5,1.4,0.4,,2.6,20.9)
(1975,150,Lloyd Neal,PF,24,POR,82,,27.8,5.0,10.6,.471,,,,5.0,10.6,.471,.471,2.3,3.6,.641,2.3,6.1,8.4,1.7,0.5,1.1,,2.9,12.3)
(1975,154,Connie Norman,SG,21,PHI,12,,6.0,1.9,3.7,.523,,,,1.9,3.7,.523,.523,0.2,0.3,.667,0.3,0.8,1.0,0.3,0.3,0.1,,0.8,4.0)
(1975,158,Curtis Perry,PF,26,PHO,79,,34.0,5.5,11.6,.477,,,,5.5,11.6,.477,.477,2.3,3.2,.719,4.4,7.5,11.9,2.4,1.4,1.0,,3.6,13.4)
(1975,161,Kevin Porter,PG,24,WSB,81,,32.0,5.0,10.2,.491,,,,5.0,10.2,.491,.491,1.6,2.3,.704,0.7,1.2,1.9,8.0,1.9,0.1,,4.0,11.6)
(1975,165,Kevin Restani,PF,23,MIL,76,,23.1,2.5,5.6,.440,,,,2.5,5.6,.440,.440,0.5,0.6,.714,1.7,3.6,5.3,1.6,0.5,0.3,,2.3,5.4)
(1975,169,Mike Riordan,SF,29,WSB,74,,29.6,7.0,14.3,.492,,,,7.0,14.3,.492,.492,1.3,1.6,.838,1.2,2.6,3.8,2.7,1.0,0.1,,3.2,15.4)
(1975,173,Paul Ruffner,C,26,BUF,22,,4.7,1.0,2.1,.468,,,,1.0,2.1,.468,.468,0.0,0.2,.200,0.5,0.5,1.0,0.3,0.1,0.1,,1.0,2.0)
(1975,177,Fred Saunders,SF,23,PHO,69,,15.3,2.6,5.9,.433,,,,2.6,5.9,.433,.433,1.0,1.4,.695,1.2,2.5,3.7,1.2,0.6,0.2,,2.2,6.1)
(1975,Rk,Player,Pos,Age,Tm,G,GS,MP,FG,FGA,FG%,3P,3PA,3P%,2P,2PA,2P%,eFG%,FT,FTA,FT%,ORB,DRB,TRB,AST,STL,BLK,TOV,PF,PTS)
(1975,184,Don Smith,SG,23,PHI,54,,10.0,2.4,5.9,.408,,,,2.4,5.9,.408,.408,0.4,0.4,1.000,0.3,0.3,0.6,0.9,0.4,0.1,,0.8,5.2)
(1975,188,Randy Smith,SG,26,BUF,82,,36.6,7.4,15.4,.484,,,,7.4,15.4,.484,.484,2.9,3.6,.800,1.2,3.0,4.2,6.5,1.7,0.0,,3.0,17.8)
(1975,192,Bud Stallworth,SF,25,NOJ,73,,22.8,4.1,9.7,.420,,,,4.1,9.7,.420,.420,1.7,2.5,.687,1.1,2.3,3.4,0.6,0.8,0.2,,2.8,9.9)
(1975,196,Nate Thurmond*,C,33,CHI,80,,34.5,3.1,8.6,.364,,,,3.1,8.6,.364,.364,1.7,2.8,.589,3.2,8.1,11.3,4.1,0.6,2.4,,3.4,7.9)
(1975,200,John Tschogl,SF,24,PHI,39,,16.0,1.4,3.8,.358,,,,1.4,3.8,.358,.358,0.3,0.6,.591,1.3,1.5,2.8,0.8,0.6,0.6,,2.1,3.1)
(1975,203,Tom Van Arsdale,SF,31,TOT,82,,34.7,7.2,16.9,.428,,,,7.2,16.9,.428,.428,3.9,5.2,.759,0.9,2.5,3.4,2.7,1.1,0.0,,3.1,18.4)
(1975,207,Foots Walker,PG,23,CLE,72,,14.9,1.5,3.8,.404,,,,1.5,3.8,.404,.404,1.1,1.6,.684,0.7,1.4,2.0,2.7,1.1,0.1,,1.8,4.2)
(1975,211,Cornell Warner,PF,26,MIL,79,,31.9,3.1,6.8,.458,,,,3.1,6.8,.458,.458,1.3,2.0,.684,3.0,7.3,10.3,1.6,0.6,0.7,,3.4,7.6)
(1975,215,Slick Watts,PG,23,SEA,82,,25.1,2.8,6.7,.421,,,,2.8,6.7,.421,.421,1.1,1.9,.608,1.2,2.0,3.2,6.1,2.3,0.1,,3.1,6.8)
(1975,219,Owen Wells,SF,24,HOU,33,,6.5,1.3,3.0,.420,,,,1.3,3.0,.420,.420,0.5,0.7,.682,0.4,0.7,1.1,0.7,0.3,0.1,,1.2,3.0)
(1975,222,John Wetzel,SG,30,ATL,63,,12.5,1.4,3.2,.426,,,,1.4,3.2,.426,.426,1.1,1.2,.883,0.5,1.3,1.8,1.2,0.8,0.1,,1.7,3.8)
(1975,226,Jamaal Wilkes*,SF,21,GSW,82,,30.7,6.1,13.8,.442,,,,6.1,13.8,.442,.442,2.0,2.7,.734,2.5,5.7,8.2,2.2,1.3,0.3,,2.7,14.2)
(1975,230,Bobby Wilson,SG,24,CHI,48,,8.9,2.4,4.7,.511,,,,2.4,4.7,.511,.511,1.0,1.2,.793,0.4,0.7,1.1,0.8,0.5,0.0,,1.1,5.8)
(1975,234,Luke Witte,C,24,CLE,39,,6.9,0.8,2.5,.344,,,,0.8,2.5,.344,.344,0.5,0.8,.613,1.0,1.4,2.4,0.4,0.1,0.6,,1.1,2.2)
