(1975,Rk,Player,Pos,Age,Tm,G,GS,MP,FG,FGA,FG%,3P,3PA,3P%,2P,2PA,2P%,eFG%,FT,FTA,FT%,ORB,DRB,TRB,AST,STL,BLK,TOV,PF,PTS)
(1975,4,Rick Adelman,PG,28,TOT,58,,18.5,2.1,5.0,.423,,,,2.1,5.0,.423,.423,1.3,1.8,.709,0.4,1.2,1.6,1.9,1.2,0.1,,1.7,5.5)
(1975,8,Jim Ard,C,26,BOS,59,,12.2,1.5,4.5,.335,,,,1.5,4.5,.335,.335,0.8,1.1,.738,1.0,2.4,3.4,0.7,0.2,0.5,,1.6,3.8)
(1975,12,Jim Barnett,SG,30,TOT,73,,24.3,3.9,8.9,.437,,,,3.9,8.9,.437,.437,2.7,3.3,.836,0.8,1.6,2.5,2.4,0.6,0.2,,2.2,10.5)
(1975,16,Ron Behagen,PF,24,KCO,81,,27.2,4.1,10.3,.399,,,,4.1,10.3,.399,.399,2.5,3.3,.754,1.8,5.5,7.3,1.9,0.7,0.5,,3.7,10.7)
(1975,20,Henry Bibby,PG,25,TOT,75,,18.7,3.6,8.3,.436,,,,3.6,8.3,.436,.436,1.8,2.5,.725,0.6,1.2,1.8,2.4,0.7,0.0,,2.1,9.0)
(1975,23,Tom Boerwinkle,C,29,CHI,80,,14.7,1.7,3.4,.487,,,,1.7,3.4,.487,.487,0.9,1.2,.768,1.3,3.4,4.8,3.4,0.3,0.6,,2.0,4.2)
(1975,27,Bill Bradley*,SF,31,NYK,79,,35.3,5.7,13.1,.436,,,,5.7,13.1,.436,.436,1.8,2.1,.873,0.8,2.4,3.2,3.1,0.9,0.2,,3.6,13.3)
(1975,31,Allan Bristow,SF,23,PHI,72,,15.3,2.3,5.5,.415,,,,2.3,5.5,.415,.415,1.7,2.1,.791,1.5,2.0,3.5,1.4,0.3,0.0,,1.4,6.2)
(1975,35,Tom Burleson,C,22,SEA,82,,23.0,3.9,9.4,.417,,,,3.9,9.4,.417,.417,2.2,3.2,.687,1.9,5.1,7.0,1.4,0.8,1.9,,2.7,10.1)
(1975,39,Harvey Catchings,C,23,PHI,37,,14.3,1.1,2.0,.554,,,,1.1,2.0,.554,.554,0.4,0.7,.640,1.3,2.8,4.1,0.6,0.3,1.6,,2.2,2.6)
(1975,42,Phil Chenier,SG,24,WSB,77,,37.3,9.0,19.9,.450,,,,9.0,19.9,.450,.450,3.9,4.7,.825,1.0,2.8,3.8,3.2,2.3,0.8,,2.1,21.8)
(1975,46,Barry Clemens,SF,31,POR,77,,12.4,2.2,4.6,.473,,,,2.2,4.6,.473,.473,0.6,0.8,.750,0.4,1.7,2.1,1.0,0.9,0.0,,1.8,4.9)
(1975,50,Mel Counts,C,33,NOJ,75,,18.9,2.9,6.6,.438,,,,2.9,6.6,.438,.438,1.1,1.5,.761,1.4,4.5,5.9,2.4,0.7,0.6,,2.6,6.9)
(1975,54,Mike D'Antoni,SG,23,KCO,67,,11.3,1.0,2.6,.399,,,,1.0,2.6,.399,.399,0.4,0.5,.778,0.2,1.0,1.1,1.6,1.0,0.2,,1.6,2.5)
(1975,58,Jim Davis,C,33,DET,79,,13.6,1.5,3.3,.454,,,,1.5,3.3,.454,.454,1.1,1.5,.726,1.2,2.4,3.6,1.1,0.6,0.5,,1.6,4.1)
(1975,61,Rod Derline,SG,22,SEA,58,,11.5,2.4,5.7,.428,,,,2.4,5.7,.428,.428,0.7,1.0,.768,0.2,0.8,1.0,0.8,0.4,0.1,,0.8,5.6)
(1975,65,John Drew,PF,20,ATL,78,,29.3,6.8,15.8,.428,,,,6.8,15.8,.428,.428,5.0,7.0,.713,4.6,6.1,10.7,1.8,1.5,0.5,,3.5,18.5)
(1975,69,Dennis DuVal,PG,22,WSB,37,,3.7,0.6,1.8,.369,,,,0.6,1.8,.369,.369,0.3,0.5,.667,0.2,0.4,0.6,0.4,0.4,0.1,,0.9,1.6)
(1975,73,Hank Finkel,C,32,BOS,62,,8.4,0.8,2.1,.403,,,,0.8,2.1,.403,.403,0.4,0.7,.535,0.5,1.3,1.8,0.5,0.1,0.0,,1.2,2.0)
(1975,77,Walt Frazier*,PG,29,NYK,78,,41.1,8.6,17.8,.483,,,,8.6,17.8,.483,.483,4.2,5.1,.828,1.2,4.8,6.0,6.1,2.4,0.2,,2.6,21.5)
(1975,Rk,Player,Pos,Age,Tm,G,GS,MP,FG,FGA,FG%,3P,3PA,3P%,2P,2PA,2P%,eFG%,FT,FTA,FT%,ORB,DRB,TRB,AST,STL,BLK,TOV,PF,PTS)
(1975,84,Leonard Gray,PF,23,SEA,75,,30.4,5.0,10.3,.489,,,,5.0,10.3,.489,.489,1.4,1.9,.722,1.8,4.6,6.4,2.2,0.8,0.3,,3.9,11.5)
(1975,88,Phil Hankinson,SF,23,BOS,3,,8.0,2.0,3.7,.545,,,,2.0,3.7,.545,.545,0.0,0.0,,0.3,2.0,2.3,0.7,0.3,0.0,,1.0,4.0)
(1975,92,Steve Hawes,C,24,HOU,55,,16.3,2.5,5.1,.502,,,,2.5,5.1,.502,.502,0.8,1.0,.818,1.5,3.5,5.0,1.6,0.7,0.7,,1.8,5.9)
(1975,96,Spencer Haywood*,PF,25,SEA,68,,37.2,8.9,19.5,.459,,,,8.9,19.5,.459,.459,4.5,5.6,.811,2.9,6.4,9.3,2.0,0.8,1.6,,2.5,22.4)
(1975,100,Lou Hudson,SG,30,ATL,11,,34.5,8.8,20.5,.431,,,,8.8,20.5,.431,.431,4.4,5.2,.842,1.3,3.0,4.3,3.6,1.2,0.2,,3.0,22.0)
(1975,103,Phil Jackson*,PF,29,NYK,78,,29.3,4.2,9.1,.455,,,,4.2,9.1,.455,.455,2.5,3.2,.763,1.8,5.9,7.7,1.7,1.1,0.7,,4.2,10.8)
(1975,107,George Johnson,C,26,GSW,82,,17.5,1.9,3.9,.476,,,,1.9,3.9,.476,.476,0.7,1.1,.659,2.6,4.4,7.0,0.8,0.4,1.7,,2.5,4.4)
(1975,111,Dwight Jones,C,22,ATL,75,,27.8,4.3,10.0,.430,,,,4.3,10.0,.430,.430,1.8,2.4,.721,3.1,6.1,9.3,2.0,0.7,0.7,,3.0,10.4)
(1975,115,Toby Kimball,PF,32,NOJ,3,,30.0,2.3,7.7,.304,,,,2.3,7.7,.304,.304,2.0,2.3,.857,2.7,6.0,8.7,1.3,0.7,0.0,,4.0,6.7)
(1975,119,Steve Kuberski,SF,27,MIL,59,,8.8,1.1,2.7,.390,,,,1.1,2.7,.390,.390,0.7,0.9,.786,0.9,1.2,2.1,0.6,0.2,0.1,,1.0,2.8)
(1975,122,Bob Lanier*,C,26,DET,76,,39.3,9.6,18.9,.510,,,,9.6,18.9,.510,.510,4.8,5.9,.802,3.0,9.1,12.0,4.6,1.0,2.3,,3.1,24.0)
(1975,126,Bill Ligon,SG,22,DET,38,,7.2,1.4,3.8,.385,,,,1.4,3.8,.385,.385,0.4,0.7,.640,0.4,0.3,0.7,0.7,0.2,0.2,,0.8,3.3)
(1975,130,Pete Maravich*,SG,27,NOJ,79,,36.1,8.3,19.8,.419,,,,8.3,19.8,.419,.419,4.9,6.1,.811,1.2,4.2,5.3,6.2,1.5,0.2,,2.9,21.5)
(1975,134,Bob McAdoo*,C,23,BUF,82,,43.2,13.4,26.1,.512,,,,13.4,26.1,.512,.512,7.8,9.7,.805,3.7,10.3,14.1,2.2,1.1,2.1,,3.4,34.5)
(1975,138,Jim McMillian,SF,26,BUF,62,,34.4,5.6,11.2,.499,,,,5.6,11.2,.499,.499,3.1,3.7,.840,2.0,4.2,6.2,2.5,1.1,0.2,,2.1,14.3)
(1975,141,Gary Melchionni,SG,24,PHO,68,,22.5,3.4,7.9,.430,,,,3.4,7.9,.430,.430,1.7,2.1,.809,0.7,2.1,2.8,2.3,0.7,0.2,,1.7,8.5)
(1975,145,Eric Money,SG,19,DET,66,,13.5,2.2,4.8,.451,,,,2.2,4.8,.451,.451,0.5,0.7,.689,0.4,0.9,1.3,1.5,0.5,0.0,,1.8,4.8)
(1975,149,Calvin Murphy*,PG,26,HOU,78,,32.2,7.1,14.8,.484,,,,7.1,14.8,.484,.484,4.4,4.9,.883,0.7,1.6,2.2,4.9,1.6,0.1,,3.6,18.7)
(1975,153,Mike Newlin,SG,26,HOU,79,,34.3,5.5,11.5,.482,,,,5.5,11.5,.482,.482,3.4,3.9,.869,0.7,2.6,3.3,5.1,1.4,0.1,,3.6,14.4)
(1975,157,Steve Patterson,C,26,CLE,81,,15.7,2.0,4.8,.416,,,,2.0,4.8,.416,.416,0.6,0.9,.658,1.4,2.7,4.1,1.1,0.3,0.2,,1.6,4.6)
(1975,Rk,Player,Pos,Age,Tm,G,GS,MP,FG,FGA,FG%,3P,3PA,3P%,2P,2PA,2P%,eFG%,FT,FTA,FT%,ORB,DRB,TRB,AST,STL,BLK,TOV,PF,PTS)
(1975,164,Clifford Ray,C,26,GSW,82,,30.7,3.6,7.0,.522,,,,3.6,7.0,.522,.522,2.1,3.5,.602,3.2,7.5,10.6,2.2,1.2,1.4,,3.7,9.4)
(1975,168,Ron Riley,PF,24,HOU,77,,20.5,2.5,6.1,.417,,,,2.5,6.1,.417,.417,0.9,1.3,.732,1.8,3.2,4.9,1.7,0.7,0.3,,2.6,6.0)
(1975,172,Curtis Rowe,PF,25,DET,82,,34.0,5.1,10.7,.483,,,,5.1,10.7,.483,.483,2.1,2.8,.753,2.1,5.0,7.1,1.5,0.6,0.5,,2.3,12.4)
(1975,176,Cazzie Russell,SF,30,LAL,40,,26.4,6.6,14.5,.455,,,,6.6,14.5,.455,.455,2.5,2.8,.894,0.9,2.0,2.9,2.7,0.7,0.1,,1.4,15.7)
(1975,180,Paul Silas,PF,31,BOS,82,,32.5,3.8,9.1,.417,,,,3.8,9.1,.417,.417,3.0,4.2,.709,4.2,8.3,12.5,2.7,0.7,0.3,,2.8,10.6)
(1975,183,Bingo Smith,SF,28,CLE,82,,32.1,7.1,14.8,.483,,,,7.1,14.8,.483,.483,1.6,2.0,.825,1.3,3.6,5.0,2.8,1.0,0.3,,2.8,15.9)
(1975,187,Phil Smith,SG,22,GSW,74,,14.3,3.0,6.3,.476,,,,3.0,6.3,.476,.476,1.7,2.1,.804,0.7,1.2,1.9,1.8,0.8,0.0,,1.9,7.7)
(1975,191,Kevin Stacom,SG,23,BOS,61,,7.3,1.2,2.6,.453,,,,1.2,2.6,.453,.453,0.5,0.5,.879,0.5,0.4,0.9,0.8,0.2,0.0,,1.1,2.8)
(1975,195,George Thompson,SG,27,MIL,73,,27.2,4.2,9.5,.443,,,,4.2,9.5,.443,.443,2.3,2.9,.785,0.7,1.8,2.5,3.1,0.9,0.1,,2.8,10.7)
(1975,199,George Trapp,PF,26,DET,78,,18.9,3.7,8.4,.442,,,,3.7,8.4,.442,.442,1.3,1.7,.756,0.9,2.6,3.5,0.8,0.5,0.2,,2.7,8.7)
(1975,202,Dick Van Arsdale,SG,31,PHO,70,,34.6,6.0,12.8,.470,,,,6.0,12.8,.470,.470,4.0,4.8,.832,0.7,2.0,2.7,2.8,1.2,0.2,,2.5,16.1)
(1975,206,Chet Walker*,SF,34,CHI,76,,32.3,6.9,14.2,.487,,,,6.9,14.2,.487,.487,5.4,6.3,.860,1.5,4.2,5.7,2.2,0.6,0.1,,2.4,19.2)
(1975,210,Perry Warbington,PG,22,PHI,5,,14.0,0.8,4.2,.190,,,,0.8,4.2,.190,.190,0.4,0.4,1.000,0.4,1.2,1.6,3.2,0.0,0.0,,3.2,2.0)
(1975,214,Stan Washington,SG,23,WSB,1,,4.0,0.0,1.0,.000,,,,0.0,1.0,.000,.000,0.0,0.0,,0.0,0.0,0.0,0.0,0.0,0.0,,1.0,0.0)
(1975,218,Bob Weiss,PG,32,BUF,76,,17.6,1.3,3.4,.391,,,,1.3,3.4,.391,.391,0.7,0.9,.806,0.3,1.1,1.4,3.4,1.1,0.3,,1.9,3.4)
(1975,221,Paul Westphal,SG,24,BOS,82,,19.3,4.2,8.2,.510,,,,4.2,8.2,.510,.510,1.5,1.9,.763,0.5,1.5,2.0,2.9,1.0,0.4,,2.3,9.8)
(1975,225,Lenny Wilkens*,PG,37,POR,65,,17.9,2.1,4.7,.439,,,,2.1,4.7,.439,.439,2.3,3.0,.768,0.6,1.3,1.8,3.6,1.2,0.1,,1.5,6.5)
(1975,229,Ron Williams,PG,30,MIL,46,,11.4,1.3,3.6,.376,,,,1.3,3.6,.376,.376,0.5,0.6,.828,0.2,0.7,0.9,1.5,0.5,0.0,,1.5,3.2)
(1975,233,Brian Winters,SG,22,LAL,68,,22.3,5.3,11.9,.443,,,,5.3,11.9,.443,.443,1.1,1.4,.826,0.6,1.5,2.0,2.9,1.1,0.3,,2.5,11.7)
