(2006,1,Shareef Abdur-Rahim,PF,29,SAC,72,30,27.2,4.6,8.8,.525,0.1,0.3,.227,4.5,8.5,.536,.529,3.0,3.9,.784,1.5,3.5,5.0,2.1,0.7,0.6,1.5,3.2,12.3)
(2006,5,Tony Allen,PG,24,BOS,51,9,19.2,2.5,5.4,.471,0.2,0.7,.324,2.3,4.7,.492,.491,2.0,2.6,.746,0.6,1.5,2.2,1.3,1.0,0.4,1.3,2.5,7.2)
(2006,9,Derek Anderson,SG,31,TOT,43,11,24.3,2.5,7.0,.356,0.9,3.1,.299,1.6,3.9,.402,.422,2.2,2.6,.838,0.5,2.8,3.3,2.3,0.5,0.1,1.3,2.3,8.1)
(2006,13,Rafael Araujo,C,25,TOR,52,34,11.6,1.0,2.8,.366,0.0,0.0,.000,1.0,2.8,.368,.366,0.3,0.5,.536,0.8,1.9,2.8,0.3,0.5,0.1,0.8,2.0,2.3)
(2006,17,Carlos Arroyo,PG-SG,26,TOT,77,0,15.5,2.2,4.9,.444,0.1,0.3,.350,2.1,4.6,.450,.454,1.4,1.8,.774,0.4,1.3,1.7,3.0,0.5,0.1,1.1,1.5,5.8)
(2006,Rk,Player,Pos,Age,Tm,G,GS,MP,FG,FGA,FG%,3P,3PA,3P,2P,2PA,2P,eFG%,FT,FTA,FT%,ORB,DRB,TRB,AST,STL,BLK,TOV,PF,PTS)
(2006,24,Andre Barrett,PG,23,TOT,19,0,14.8,2.0,5.5,.365,0.1,0.7,.143,1.9,4.7,.400,.375,0.5,0.6,.750,0.5,0.8,1.3,2.7,0.5,0.0,0.8,0.7,4.6)
(2006,28,Eddie Basden,SF,22,CHI,19,0,7.4,0.8,1.9,.405,0.1,0.4,.143,0.7,1.6,.467,.419,0.4,0.5,.800,0.4,1.1,1.5,0.4,0.5,0.1,0.5,0.9,2.1)
(2006,32,Shane Battier,SF,27,MEM,81,81,35.0,3.7,7.7,.488,0.8,2.0,.394,2.9,5.6,.522,.540,1.8,2.6,.707,2.0,3.3,5.3,1.7,1.1,1.4,1.1,2.8,10.1)
(2006,36,Jonathan Bender,SF,25,IND,2,0,10.5,2.0,2.5,.800,0.0,0.0,,2.0,2.5,.800,.800,1.0,1.0,1.000,0.0,2.0,2.0,1.0,0.0,0.5,0.0,1.0,5.0)
(2006,40,Steve Blake,PG,25,POR,68,57,26.2,3.0,6.9,.438,1.1,2.7,.413,1.9,4.2,.455,.519,1.1,1.3,.791,0.4,1.8,2.1,4.5,0.6,0.1,1.2,1.6,8.2)
(2006,43,Keith Bogans,SG-SF,25,TOT,72,31,26.6,3.0,7.6,.395,0.9,2.8,.325,2.1,4.8,.436,.455,1.8,2.6,.683,0.8,2.8,3.5,1.8,1.0,0.1,1.3,2.3,8.6)
(2006,47,Carlos Boozer,PF,24,UTA,33,19,31.1,6.6,12.1,.549,0.0,0.0,,6.6,12.1,.549,.549,3.0,4.2,.723,2.2,6.4,8.6,2.7,0.9,0.2,2.1,3.2,16.3)
(2006,51,Earl Boykins,PG,29,DEN,60,0,25.7,4.5,11.0,.410,1.0,3.0,.346,3.5,8.0,.434,.457,2.5,2.9,.874,0.4,1.0,1.4,3.8,0.8,0.1,1.4,1.2,12.6)
(2006,55,Devin Brown,SG,27,UTA,81,14,21.1,2.6,6.5,.393,0.5,1.5,.331,2.1,5.0,.411,.430,2.0,2.6,.745,0.9,1.7,2.6,1.3,0.5,0.2,1.2,1.9,7.5)
(2006,59,Kobe Bryant,SG,27,LAL,80,80,41.0,12.2,27.2,.450,2.3,6.5,.347,10.0,20.7,.482,.491,8.7,10.2,.850,0.9,4.4,5.3,4.5,1.8,0.4,3.1,2.9,35.4)
(2006,62,Antonio Burks,PG,25,MEM,57,1,10.0,0.9,2.5,.354,0.0,0.1,.167,0.9,2.4,.362,.358,0.2,0.4,.435,0.1,0.6,0.6,1.3,0.4,0.0,0.6,0.8,2.0)
(2006,66,Rasual Butler,SF,26,NOK,79,20,23.7,3.3,8.0,.406,1.2,3.1,.380,2.1,4.9,.422,.479,1.0,1.4,.693,0.6,2.3,2.9,0.5,0.4,0.6,0.8,1.8,8.7)
(2006,70,Jose Calderon,SG,24,TOR,64,11,23.2,2.1,4.9,.423,0.1,0.7,.163,2.0,4.2,.465,.434,1.2,1.4,.848,0.5,1.7,2.2,4.5,0.7,0.1,1.6,1.5,5.5)
(2006,74,Anthony Carter,PG,30,MIN,45,8,13.1,1.2,3.0,.387,0.1,0.3,.267,1.1,2.7,.402,.401,0.9,1.2,.727,0.2,1.2,1.4,2.2,0.5,0.2,0.9,1.6,3.3)
(2006,78,Tyson Chandler,C,23,CHI,79,50,26.8,2.0,3.6,.565,0.0,0.0,.000,2.0,3.6,.567,.565,1.2,2.4,.503,3.4,5.7,9.0,1.0,0.5,1.3,1.6,3.8,5.3)
(2006,81,Doug Christie,SG,35,DAL,7,7,26.4,1.3,3.7,.346,0.0,0.1,.000,1.3,3.6,.360,.346,1.1,1.7,.667,0.3,1.6,1.9,2.0,1.3,0.1,0.9,1.4,3.7)
(2006,85,Jason Collins,C,27,NJN,71,70,26.7,1.5,3.7,.397,0.0,0.2,.250,1.4,3.5,.404,.403,0.6,1.2,.512,1.3,3.5,4.8,1.0,0.6,0.6,0.9,3.5,3.6)
(2006,89,Austin Croshere,PF,30,IND,50,26,23.0,2.6,5.7,.463,1.1,2.8,.386,1.6,2.9,.538,.558,1.8,2.0,.882,1.2,4.1,5.3,1.2,0.4,0.1,1.0,2.1,8.2)
(2006,93,Antonio Daniels,SG,30,WAS,80,17,28.5,2.9,6.9,.418,0.3,1.3,.228,2.6,5.6,.461,.439,3.6,4.2,.845,0.2,1.9,2.2,3.6,0.7,0.1,1.1,1.2,9.6)
(2006,97,Dale Davis,C,36,DET,28,2,6.4,0.3,0.9,.375,0.0,0.0,.000,0.3,0.8,.391,.375,0.3,0.5,.533,0.8,1.1,1.9,0.2,0.0,0.3,0.1,0.8,0.9)
(2006,Rk,Player,Pos,Age,Tm,G,GS,MP,FG,FGA,FG%,3P,3PA,3P,2P,2PA,2P,eFG%,FT,FTA,FT%,ORB,DRB,TRB,AST,STL,BLK,TOV,PF,PTS)
(2006,104,Dan Dickau,PG,27,BOS,19,0,12.3,0.9,2.4,.370,0.5,1.1,.500,0.4,1.4,.269,.478,0.9,0.9,1.000,0.3,0.6,0.8,2.1,0.6,0.1,0.9,2.1,3.3)
(2006,108,Juan Dixon,SG,27,POR,76,42,25.3,4.7,10.8,.435,0.9,2.2,.382,3.8,8.6,.449,.474,2.1,2.6,.804,0.4,1.9,2.3,2.0,0.8,0.1,1.5,2.1,12.3)
(2006,112,Tim Duncan,PF,29,SAS,80,80,34.8,7.2,14.8,.484,0.0,0.1,.400,7.2,14.8,.485,.485,4.2,6.7,.629,2.9,8.1,11.0,3.2,0.9,2.0,2.5,2.7,18.6)
(2006,116,Howard Eisley,PG,33,TOT,32,0,12.3,1.1,3.2,.330,0.4,1.3,.310,0.7,1.9,.344,.393,0.6,0.8,.833,0.1,0.9,1.0,2.2,0.3,0.1,0.7,1.1,3.2)
(2006,120,Maurice Evans,SG,27,DET,80,1,14.2,1.9,4.3,.452,0.5,1.5,.371,1.4,2.8,.493,.515,0.7,0.8,.800,1.0,1.1,2.0,0.8,0.5,0.2,0.5,1.5,5.0)
(2006,123,Noel Felix,SF,24,SEA,12,0,6.8,0.5,2.1,.240,0.1,0.3,.333,0.4,1.8,.227,.260,0.4,0.7,.625,0.3,0.8,1.1,0.2,0.2,0.3,0.7,1.1,1.5)
(2006,127,Gerald Fitch,PG,23,MIA,18,1,13.3,1.7,4.9,.337,0.4,1.4,.269,1.3,3.5,.365,.376,0.9,1.3,.739,0.4,1.3,1.7,1.8,0.4,0.3,0.8,1.6,4.7)
(2006,131,Danny Fortson,C,29,SEA,23,1,12.0,1.2,2.2,.529,0.0,0.0,,1.2,2.2,.529,.529,1.4,1.9,.767,1.3,2.0,3.4,0.1,0.2,0.1,1.1,3.3,3.8)
(2006,135,Steve Francis,PG-SG,28,TOT,70,60,34.2,4.8,10.9,.435,0.4,1.2,.301,4.4,9.7,.452,.452,4.5,5.7,.787,1.1,3.1,4.1,4.9,1.1,0.2,3.1,2.9,14.4)
(2006,139,Reece Gaines,PG,25,MIL,12,0,4.5,0.5,1.0,.500,0.0,0.2,.000,0.5,0.8,.600,.500,0.1,0.3,.250,0.0,0.0,0.0,0.3,0.1,0.0,0.1,0.1,1.1)
(2006,142,Pat Garrity,PF,29,ORL,57,0,16.5,1.8,4.2,.417,0.9,2.3,.388,0.9,2.0,.451,.521,0.5,0.6,.811,0.5,1.4,1.9,0.7,0.2,0.2,0.7,1.9,4.9)
(2006,146,Manu Ginobili,SG,28,SAS,65,56,27.9,4.8,10.3,.462,1.3,3.3,.382,3.5,7.0,.500,.524,4.3,5.5,.778,0.6,2.9,3.5,3.6,1.6,0.4,1.9,2.4,15.1)
(2006,150,Drew Gooden,PF,24,CLE,79,79,27.5,4.2,8.3,.512,0.0,0.0,.333,4.2,8.2,.513,.513,2.2,3.3,.682,3.0,5.4,8.4,0.7,0.7,0.6,1.3,2.4,10.7)
(2006,154,Danny Granger,SF,22,IND,78,17,22.6,2.8,6.1,.462,0.4,1.2,.323,2.4,4.9,.496,.494,1.5,1.9,.777,1.7,3.2,4.9,1.2,0.7,0.8,1.0,2.7,7.5)
(2006,158,Willie Green,SG,24,PHI,10,2,15.3,2.8,6.6,.424,1.0,1.9,.526,1.8,4.7,.383,.500,0.4,0.5,.800,0.1,1.4,1.5,0.5,0.2,0.0,1.2,1.3,7.0)
(2006,161,Eddie Griffin,C,23,MIN,70,27,19.4,1.9,5.3,.351,0.2,1.2,.195,1.6,4.1,.396,.373,0.6,1.1,.595,1.5,4.0,5.6,0.6,0.2,2.1,0.6,1.8,4.6)
(2006,165,Anfernee Hardaway,SF,34,NYK,4,0,18.0,1.0,3.5,.286,0.0,0.3,.000,1.0,3.3,.308,.286,0.5,0.5,1.000,0.0,2.5,2.5,2.0,0.5,0.0,1.5,1.8,2.5)
(2006,169,Devin Harris,PG,22,DAL,56,4,22.8,3.4,7.2,.469,0.1,0.4,.238,3.3,6.9,.482,.475,3.0,4.2,.716,0.5,1.8,2.2,3.2,0.9,0.3,1.5,2.2,9.9)
(2006,173,Trenton Hassell,SG,26,MIN,77,67,32.6,3.7,8.0,.464,0.1,0.3,.304,3.6,7.7,.470,.470,1.7,2.3,.744,1.1,1.7,2.8,2.6,0.6,0.4,1.6,2.6,9.2)
(2006,177,Luther Head,SG,23,HOU,80,27,28.9,3.2,7.9,.403,1.4,3.9,.361,1.8,4.0,.445,.493,1.1,1.5,.699,0.4,2.9,3.3,2.7,1.1,0.1,1.5,2.1,8.8)
(2006,Rk,Player,Pos,Age,Tm,G,GS,MP,FG,FGA,FG%,3P,3PA,3P,2P,2PA,2P,eFG%,FT,FTA,FT%,ORB,DRB,TRB,AST,STL,BLK,TOV,PF,PTS)
(2006,184,Robert Horry,PF,35,SAS,63,3,18.8,1.8,4.6,.384,0.8,2.3,.368,0.9,2.3,.399,.474,0.7,1.1,.647,1.1,2.7,3.8,1.3,0.7,0.8,0.7,1.8,5.1)
(2006,188,Juwan Howard,PF,32,HOU,80,80,31.7,4.9,10.7,.459,0.0,0.1,.000,4.9,10.7,.461,.459,1.9,2.4,.806,2.1,4.6,6.7,1.4,0.6,0.1,1.7,2.9,11.8)
(2006,192,Lindsey Hunter,PG,35,DET,30,1,11.8,1.2,3.3,.370,0.4,1.4,.256,0.9,1.9,.456,.425,0.1,0.1,.500,0.3,1.0,1.3,2.1,0.6,0.0,0.7,1.5,2.9)
(2006,196,Didier Ilunga-Mbenga,C,25,DAL,43,1,5.5,0.7,1.4,.533,0.0,0.0,.000,0.7,1.4,.542,.533,0.2,0.5,.500,0.4,0.9,1.3,0.0,0.1,0.6,0.4,1.1,1.7)
(2006,200,Bobby Jackson,PG,32,MEM,71,15,25.0,4.0,10.5,.382,1.8,4.7,.389,2.2,5.9,.377,.469,1.5,2.1,.733,0.6,2.5,3.1,2.7,0.9,0.0,1.4,2.2,11.4)
(2006,203,Luke Jackson,SF,24,CLE,36,0,8.8,0.8,2.4,.341,0.3,1.0,.333,0.5,1.4,.347,.412,0.7,0.9,.788,0.4,0.7,1.1,0.7,0.3,0.1,0.9,0.8,2.7)
(2006,207,LeBron James,SF,21,CLE,79,79,42.5,11.1,23.1,.480,1.6,4.8,.335,9.5,18.3,.518,.515,7.6,10.3,.738,0.9,6.1,7.0,6.6,1.6,0.8,3.3,2.3,31.4)
(2006,211,Sarunas Jasikevicius,PG,29,IND,75,15,20.8,2.3,5.7,.396,1.1,3.1,.364,1.1,2.6,.435,.497,1.6,1.8,.910,0.3,1.8,2.0,3.0,0.5,0.1,1.5,1.4,7.3)
(2006,215,Amir Johnson,SF,18,DET,3,0,13.0,2.3,3.3,.700,0.7,1.0,.667,1.7,2.3,.714,.800,1.3,1.3,1.000,1.0,0.3,1.3,1.0,0.0,0.7,1.3,2.3,6.7)
(2006,219,Joe Johnson,SG,24,ATL,82,82,40.7,7.7,17.0,.453,1.6,4.4,.356,6.1,12.6,.487,.499,3.2,4.0,.791,1.2,2.9,4.1,6.5,1.3,0.4,3.3,2.3,20.2)
(2006,222,Damon Jones,PG,29,CLE,82,7,25.5,2.3,6.0,.387,1.7,4.5,.377,0.6,1.5,.417,.530,0.4,0.6,.640,0.2,1.5,1.6,2.1,0.5,0.0,0.7,1.4,6.7)
(2006,226,James Jones,SF,25,PHO,75,24,23.6,3.2,7.7,.418,1.5,3.8,.386,1.8,3.9,.449,.513,1.4,1.6,.851,0.6,2.8,3.4,0.8,0.5,0.7,0.5,1.9,9.3)
(2006,230,Mario Kasun,C,25,ORL,28,0,7.6,1.1,2.5,.449,0.0,0.0,,1.1,2.5,.449,.449,0.6,0.8,.783,0.9,1.3,2.1,0.1,0.1,0.1,0.5,2.5,2.9)
(2006,231,Viktor Khryapa,SF,23,POR,69,53,21.6,2.3,5.0,.462,0.1,0.4,.333,2.1,4.5,.474,.477,1.1,1.6,.694,1.7,2.8,4.4,1.3,0.7,0.4,1.2,3.0,5.8)
(2006,235,Brevin Knight,PG,30,CHA,69,67,34.1,4.5,11.2,.399,0.0,0.2,.231,4.4,11.0,.402,.401,3.7,4.6,.803,0.5,2.7,3.2,8.8,2.3,0.1,2.4,2.9,12.6)
(2006,239,Toni Kukoc,PF,37,MIL,65,0,15.7,1.8,4.6,.389,0.7,2.3,.306,1.1,2.3,.470,.465,0.6,0.9,.714,0.4,1.9,2.3,2.1,0.5,0.3,1.0,1.3,4.9)
(2006,242,David Lee,SF,22,NYK,67,14,16.9,2.0,3.4,.596,0.0,0.0,,2.0,3.4,.596,.596,1.1,1.8,.577,1.6,2.9,4.5,0.6,0.4,0.3,0.8,1.9,5.1)
(2006,246,Shaun Livingston,PG,20,LAC,61,14,25.0,2.4,5.7,.427,0.0,0.1,.125,2.4,5.6,.434,.428,0.9,1.3,.688,0.7,2.3,3.0,4.5,0.8,0.5,1.8,2.6,5.8)
(2006,250,Mark Madsen,C,30,MIN,62,7,10.9,0.4,1.1,.409,0.0,0.1,.000,0.4,1.0,.458,.409,0.3,0.8,.426,0.8,1.5,2.3,0.2,0.4,0.3,0.4,1.8,1.2)
(2006,254,Shawn Marion,PF,27,PHO,81,81,40.3,8.8,16.9,.525,1.2,3.6,.331,7.7,13.3,.577,.560,3.0,3.7,.809,3.1,8.8,11.8,1.8,2.0,1.7,1.5,2.8,21.8)
(2006,258,Darrick Martin,PG,34,TOR,40,0,8.5,0.9,2.4,.351,0.4,1.0,.400,0.5,1.4,.316,.433,0.5,0.6,.750,0.1,0.5,0.5,1.4,0.4,0.0,0.4,1.1,2.6)
(2006,261,Desmond Mason,SF,28,NOK,70,55,30.0,3.9,9.9,.399,0.0,0.1,.167,3.9,9.8,.401,.399,2.9,4.3,.682,0.9,3.3,4.3,0.9,0.6,0.2,1.6,1.9,10.8)
(2006,265,Walter McCarty,SF,31,LAC,36,1,9.8,0.9,2.8,.333,0.3,1.3,.222,0.6,1.5,.426,.384,0.3,0.6,.571,0.4,1.5,1.9,0.6,0.2,0.1,0.5,1.4,2.4)
(2006,269,Aaron McKie,PG,33,LAL,14,0,8.6,0.2,0.9,.250,0.0,0.1,.000,0.2,0.7,.300,.250,0.1,0.1,.500,0.2,1.2,1.4,0.8,0.4,0.0,0.1,0.5,0.5)
(2006,273,Aaron Miles,PG,22,GSW,19,0,6.2,0.3,0.9,.333,0.0,0.0,,0.3,0.9,.333,.333,0.2,0.2,1.000,0.0,0.7,0.7,1.3,0.2,0.1,0.6,0.7,0.8)
(2006,277,Andre Miller,PG,29,DEN,82,82,35.8,4.9,10.6,.463,0.1,0.3,.185,4.9,10.3,.472,.466,3.8,5.2,.738,1.1,3.2,4.3,8.2,1.3,0.2,3.1,2.6,13.7)
(2006,Rk,Player,Pos,Age,Tm,G,GS,MP,FG,FGA,FG%,3P,3PA,3P,2P,2PA,2P,eFG%,FT,FTA,FT%,ORB,DRB,TRB,AST,STL,BLK,TOV,PF,PTS)
(2006,284,Mikki Moore,C,30,SEA,47,1,12.4,1.1,2.6,.435,0.0,0.0,.000,1.1,2.6,.443,.435,1.0,1.3,.742,0.9,1.8,2.8,0.6,0.1,0.3,0.9,2.0,3.3)
(2006,288,Lamond Murray,SF,32,NJN,57,1,10.1,1.3,3.2,.398,0.5,1.4,.346,0.8,1.8,.437,.472,0.4,0.7,.625,0.5,1.8,2.3,0.2,0.3,0.1,0.4,1.2,3.4)
(2006,292,Bostjan Nachbar,PF-SF,25,TOT,36,13,13.9,1.5,4.3,.346,0.5,2.0,.268,1.0,2.4,.412,.407,0.8,1.2,.682,0.2,1.4,1.7,0.8,0.4,0.1,0.7,1.8,4.4)
(2006,296,Jameer Nelson,PG,23,ORL,62,33,28.8,5.6,11.6,.483,1.1,2.7,.424,4.5,8.9,.500,.531,2.3,2.9,.779,0.6,2.3,2.9,4.9,1.1,0.1,2.4,2.8,14.6)
(2006,300,Moochie Norris,PG,32,TOT,45,0,9.4,1.0,2.5,.411,0.1,0.3,.286,0.9,2.2,.429,.429,0.6,0.9,.690,0.3,0.9,1.2,1.1,0.4,0.0,0.7,1.1,2.8)
(2006,303,Shaquille O'Neal,C,33,MIA,59,58,30.6,8.1,13.6,.600,0.0,0.0,,8.1,13.6,.600,.600,3.7,8.0,.469,2.9,6.3,9.2,1.9,0.4,1.8,2.8,3.9,20.0)
(2006,307,Mehmet Okur,PF,26,UTA,82,82,35.9,6.3,13.8,.460,1.0,2.9,.342,5.4,10.9,.491,.496,4.3,5.5,.780,2.6,6.5,9.1,2.4,0.5,0.9,2.0,3.5,18.0)
(2006,311,Bo Outlaw,PF,34,ORL,32,0,11.1,1.1,1.8,.603,0.0,0.0,,1.1,1.8,.603,.603,0.2,0.3,.625,1.0,1.4,2.4,0.4,0.3,0.4,0.5,1.6,2.3)
(2006,315,Scott Padgett,PF,29,NJN,62,1,11.6,1.1,3.2,.353,0.7,2.0,.347,0.5,1.3,.363,.458,0.4,0.5,.794,0.9,1.8,2.7,0.7,0.5,0.2,0.3,1.5,3.4)
(2006,319,Tony Parker,PG,23,SAS,80,80,33.9,7.8,14.2,.548,0.1,0.5,.306,7.7,13.8,.556,.553,3.2,4.5,.707,0.5,2.8,3.3,5.8,1.0,0.1,3.1,2.0,18.9)
(2006,322,Sasha Pavlovic,SG,22,CLE,53,19,15.3,1.6,4.0,.410,0.7,1.8,.365,1.0,2.2,.448,.493,0.6,0.9,.653,0.3,1.2,1.5,0.5,0.4,0.1,0.8,1.9,4.5)
(2006,326,Johan Petro,C,20,SEA,68,41,18.9,2.3,4.4,.510,0.0,0.0,,2.3,4.4,.510,.510,0.7,1.1,.627,1.6,2.8,4.4,0.2,0.4,0.8,0.9,3.1,5.2)
(2006,330,Zoran Planinic,PG,23,NJN,56,1,10.6,1.2,3.3,.361,0.2,1.0,.232,0.9,2.3,.417,.396,0.8,1.2,.697,0.3,1.1,1.3,0.9,0.4,0.1,0.8,1.6,3.4)
(2006,334,Vitaly Potapenko,C,30,TOT,33,12,10.7,1.1,2.2,.521,0.0,0.0,,1.1,2.2,.521,.521,0.3,0.5,.588,0.8,1.1,1.9,0.3,0.1,0.1,0.5,1.5,2.5)
(2006,338,Laron Profit,SG,28,LAL,25,1,11.2,1.6,3.4,.476,0.1,0.7,.167,1.5,2.6,.561,.494,0.8,1.0,.875,0.3,1.4,1.7,0.6,0.4,0.2,1.0,1.0,4.2)
(2006,341,Shavlik Randolph,PF,22,PHI,57,1,8.5,0.8,1.7,.454,0.0,0.0,,0.8,1.7,.454,.454,0.8,1.2,.606,1.0,1.4,2.3,0.3,0.3,0.2,0.4,1.5,2.3)
(2006,345,Michael Redd,SG,26,MIL,80,80,39.1,8.5,19.0,.450,2.0,5.2,.395,6.5,13.8,.471,.504,6.3,7.1,.877,1.0,3.3,4.3,2.9,1.2,0.1,2.1,2.0,25.4)
(2006,349,Luke Ridnour,PG,24,SEA,79,77,33.2,4.2,10.1,.418,0.5,1.9,.289,3.7,8.2,.448,.445,2.5,2.9,.877,0.6,2.4,3.0,7.0,1.6,0.3,2.1,2.3,11.5)
(2006,353,Clifford Robinson,PF,39,NJN,80,13,23.3,2.7,6.4,.427,0.8,2.2,.343,2.0,4.2,.470,.485,0.7,1.0,.658,0.7,2.7,3.3,1.1,0.6,0.5,0.8,2.6,6.9)
(2006,357,Quinton Ross,SG,24,LAC,67,45,22.6,1.9,4.6,.422,0.0,0.1,.000,1.9,4.5,.432,.422,0.9,1.1,.760,0.6,2.0,2.5,1.2,0.8,0.2,0.7,2.3,4.7)
(2006,Rk,Player,Pos,Age,Tm,G,GS,MP,FG,FGA,FG%,3P,3PA,3P,2P,2PA,2P,eFG%,FT,FTA,FT%,ORB,DRB,TRB,AST,STL,BLK,TOV,PF,PTS)
(2006,364,Brian Scalabrine,PF,27,BOS,71,1,13.2,1.0,2.7,.383,0.4,1.2,.356,0.6,1.5,.406,.464,0.4,0.5,.722,0.4,1.2,1.6,0.7,0.3,0.3,0.7,1.8,2.9)
(2006,368,Wayne Simien,PF,22,MIA,43,2,9.6,1.3,2.8,.483,0.0,0.0,,1.3,2.8,.483,.483,0.7,0.8,.882,0.9,1.2,2.0,0.2,0.3,0.0,0.6,1.6,3.4)
(2006,372,Charles Smith,SG,30,TOT,22,4,9.5,1.4,3.3,.417,0.7,1.7,.395,0.7,1.5,.441,.521,0.2,0.4,.625,0.1,0.6,0.7,0.4,0.2,0.3,0.2,1.3,3.6)
(2006,376,Josh Smith,SF,20,ATL,80,73,32.0,4.1,9.7,.425,0.4,1.4,.309,3.7,8.3,.444,.447,2.6,3.7,.719,2.2,4.4,6.6,2.4,0.8,2.6,2.0,3.3,11.3)
(2006,380,Pape Sow,C,24,TOR,42,25,14.0,1.3,2.9,.431,0.0,0.0,,1.3,2.9,.431,.431,1.0,1.4,.719,1.3,2.2,3.5,0.2,0.5,0.5,0.7,2.8,3.5)
(2006,383,Peja Stojakovic,SF,28,TOT,71,71,36.6,6.3,14.3,.437,2.3,5.7,.401,4.0,8.6,.461,.517,3.4,3.7,.915,1.1,4.7,5.8,1.9,0.6,0.1,1.5,2.4,18.2)
(2006,387,Amar'e Stoudemire,C,23,PHO,3,3,16.7,3.0,9.0,.333,0.0,0.3,.000,3.0,8.7,.346,.333,2.7,3.0,.889,2.0,3.3,5.3,0.7,0.3,1.0,0.3,1.3,8.7)
(2006,391,Wally Szczerbiak,SF,28,TOT,72,71,37.9,6.8,14.1,.487,1.4,3.5,.400,5.4,10.5,.517,.538,3.9,4.3,.897,1.1,3.3,4.3,3.0,0.6,0.3,1.9,2.1,19.0)
(2006,395,Sebastian Telfair,PG,20,POR,68,30,24.1,3.4,8.5,.394,0.8,2.4,.352,2.5,6.1,.411,.444,1.9,2.6,.743,0.3,1.5,1.8,3.6,1.0,0.1,1.7,2.5,9.5)
(2006,399,James Thomas,PF,25,TOT,22,0,6.8,0.5,0.9,.526,0.0,0.0,,0.5,0.9,.526,.526,0.4,0.6,.571,0.5,1.2,1.8,0.0,0.0,0.1,0.3,1.6,1.3)
(2006,402,Kurt Thomas,C,33,PHO,53,50,26.6,3.6,7.4,.486,0.0,0.0,,3.6,7.4,.486,.486,1.4,1.7,.815,1.9,5.9,7.8,1.1,0.4,1.0,1.1,3.6,8.6)
(2006,406,Jake Tsakalidis,C,26,MEM,51,19,14.4,2.0,3.2,.606,0.0,0.0,,2.0,3.2,.606,.606,1.1,1.7,.655,1.5,2.6,4.2,0.3,0.3,0.6,0.8,2.1,5.0)
(2006,410,Ime Udoka,SF,28,NYK,8,0,14.3,1.1,3.0,.375,0.1,0.4,.333,1.0,2.6,.381,.396,0.4,0.8,.500,0.4,1.8,2.1,0.8,0.1,0.0,0.3,1.0,2.8)
(2006,414,Anderson Varejao,C,23,CLE,48,4,15.8,1.6,3.1,.527,0.0,0.0,.000,1.6,3.1,.530,.527,1.3,2.5,.513,1.6,3.3,4.9,0.4,0.6,0.4,0.6,2.5,4.6)
(2006,418,Jackson Vroman,PF,24,NOK,41,2,9.9,0.6,1.6,.394,0.0,0.0,,0.6,1.6,.394,.394,0.5,1.1,.477,0.8,1.3,2.1,0.3,0.3,0.3,0.5,1.9,1.8)
(2006,421,Von Wafer,SG,20,LAL,16,0,4.6,0.4,2.4,.158,0.1,1.1,.118,0.3,1.3,.190,.184,0.4,0.5,.750,0.3,0.2,0.5,0.3,0.2,0.0,0.1,0.8,1.3)
(2006,425,Gerald Wallace,SF,23,CHA,55,52,34.5,5.8,10.7,.538,0.3,0.9,.280,5.5,9.8,.562,.550,3.4,5.6,.614,2.2,5.3,7.5,1.7,2.5,2.1,1.8,2.7,15.2)
(2006,429,Hakim Warrick,PF,23,MEM,68,2,10.6,1.5,3.4,.443,0.0,0.0,,1.5,3.4,.443,.443,1.1,1.7,.661,0.6,1.5,2.1,0.4,0.2,0.3,0.8,1.7,4.1)
(2006,433,Bonzi Wells,SG,29,SAC,52,41,32.4,5.5,11.8,.463,0.2,0.9,.222,5.3,10.9,.482,.471,2.5,3.7,.679,2.7,5.0,7.7,2.8,1.8,0.5,2.4,3.0,13.6)
(2006,437,Delonte West,PG,22,BOS,71,71,34.1,4.7,9.6,.487,1.2,3.1,.385,3.5,6.6,.534,.548,1.2,1.4,.851,0.8,3.3,4.1,4.6,1.2,0.6,1.9,2.8,11.8)
(2006,Rk,Player,Pos,Age,Tm,G,GS,MP,FG,FGA,FG%,3P,3PA,3P,2P,2PA,2P,eFG%,FT,FTA,FT%,ORB,DRB,TRB,AST,STL,BLK,TOV,PF,PTS)
(2006,444,Deron Williams,PG,21,UTA,80,47,28.8,4.2,10.1,.421,1.1,2.7,.416,3.1,7.3,.423,.478,1.2,1.7,.704,0.4,2.0,2.4,4.5,0.8,0.2,1.8,2.9,10.8)
(2006,448,Marvin Williams,PF,19,ATL,79,7,24.7,3.0,6.7,.443,0.2,0.7,.245,2.8,6.1,.464,.455,2.4,3.2,.747,1.5,3.3,4.8,0.8,0.6,0.3,1.1,2.9,8.5)
(2006,452,Qyntel Woods,SF,24,NYK,49,16,20.7,2.6,5.2,.508,0.4,1.2,.367,2.2,4.0,.552,.551,1.0,1.6,.645,0.9,3.0,3.9,1.0,0.7,0.3,1.2,2.0,6.7)
(2006,456,Dorell Wright,SF,20,MIA,20,2,6.6,1.0,2.2,.465,0.2,0.3,.500,0.9,1.9,.459,.500,0.8,0.9,.882,0.1,1.5,1.6,0.4,0.2,0.1,0.7,0.6,2.9)
