(2006,Rk,Player,Pos,Age,Tm,G,GS,MP,FG,FGA,FG%,3P,3PA,3P,2P,2PA,2P,eFG%,FT,FTA,FT%,ORB,DRB,TRB,AST,STL,BLK,TOV,PF,PTS)
(2006,4,Ray Allen,SG,30,SEA,78,78,38.7,8.7,19.2,.454,3.4,8.4,.412,5.3,10.9,.486,.544,4.2,4.6,.903,0.9,3.3,4.3,3.7,1.3,0.2,2.4,1.9,25.1)
(2006,8,Alan Anderson,SF,23,CHA,36,7,15.7,2.1,5.0,.414,0.7,1.6,.414,1.4,3.4,.415,.481,0.9,1.1,.805,0.6,1.3,1.9,0.9,0.3,0.1,0.9,1.3,5.8)
(2006,12,Carmelo Anthony,SF,21,DEN,80,80,36.8,9.5,19.7,.481,0.5,1.9,.243,9.0,17.8,.506,.493,7.2,8.9,.808,1.5,3.4,4.9,2.7,1.1,0.5,2.7,2.9,26.5)
(2006,16,Darrell Armstrong,PG,37,DAL,62,2,10.0,0.7,2.1,.336,0.2,0.8,.229,0.5,1.3,.400,.379,0.5,0.7,.786,0.3,1.0,1.3,1.4,0.4,0.0,0.9,1.1,2.1)
(2006,20,Vin Baker,C,34,LAC,8,1,10.6,0.9,1.9,.467,0.0,0.0,,0.9,1.9,.467,.467,1.6,2.3,.722,0.3,2.1,2.4,0.5,0.5,0.5,1.1,1.6,3.4)
(2006,23,Matt Barnes,PF-SF,25,TOT,56,5,11.3,1.3,2.5,.500,0.1,0.3,.200,1.2,2.2,.536,.511,0.6,0.8,.681,0.9,1.3,2.2,0.5,0.4,0.1,0.5,1.8,3.1)
(2006,27,Jon Barry,SG,36,HOU,20,0,17.1,1.3,3.3,.385,0.6,1.6,.375,0.7,1.7,.394,.477,1.2,1.5,.828,0.1,1.5,1.6,1.3,0.7,0.1,1.1,1.3,4.3)
(2006,31,Tony Battie,C,29,ORL,82,82,27.0,3.4,6.7,.507,0.0,0.1,.000,3.4,6.7,.513,.507,1.1,1.6,.664,1.8,3.8,5.6,0.6,0.6,0.8,1.1,3.0,7.9)
(2006,35,Raja Bell,SG,29,PHO,79,79,37.5,5.4,11.8,.457,2.5,5.6,.442,2.9,6.1,.471,.563,1.5,1.8,.788,0.6,2.6,3.2,2.6,1.0,0.3,1.1,3.1,14.7)
(2006,39,Chauncey Billups,PG,29,DET,81,81,36.1,5.2,12.5,.418,2.3,5.2,.433,3.0,7.2,.407,.509,5.7,6.4,.894,0.5,2.6,3.1,8.6,0.9,0.1,2.1,2.0,18.5)
(2006,42,Mark Blount,C,30,TOT,81,55,27.7,4.6,9.1,.508,0.0,0.0,,4.6,9.1,.508,.508,2.1,2.7,.757,1.2,3.3,4.5,1.2,0.5,0.9,2.4,3.1,11.3)
(2006,46,Calvin Booth,C,29,WAS,33,2,7.6,0.6,1.4,.426,0.0,0.1,.500,0.6,1.4,.422,.436,0.2,0.3,.556,0.6,1.0,1.6,0.4,0.3,0.3,0.2,1.3,1.4)
(2006,50,Ryan Bowen,SF,30,HOU,68,19,9.6,0.5,1.8,.298,0.0,0.3,.136,0.5,1.5,.333,.310,0.2,0.2,.786,0.5,0.8,1.3,0.4,0.3,0.1,0.2,1.3,1.3)
(2006,54,Primoz Brezec,C,26,CHA,79,79,27.4,5.2,10.0,.517,0.0,0.0,.000,5.2,10.0,.518,.517,2.1,2.8,.732,2.3,3.3,5.6,0.6,0.2,0.4,1.1,2.9,12.4)
(2006,58,Rick Brunson,PG,33,TOT,27,0,9.1,0.8,2.0,.389,0.2,0.5,.385,0.6,1.5,.390,.435,0.3,0.4,.583,0.0,0.8,0.8,1.3,0.3,0.0,0.8,0.8,2.0)
(2006,61,Pat Burke,C,32,PHO,42,0,8.2,1.5,3.0,.496,0.0,0.2,.286,1.5,2.9,.508,.504,0.3,0.5,.619,0.5,1.2,1.7,0.4,0.1,0.3,0.8,1.5,3.4)
(2006,65,Jackie Butler,C,20,NYK,55,0,13.5,2.1,3.9,.544,0.0,0.0,,2.1,3.9,.544,.544,1.1,1.4,.753,1.2,2.1,3.3,0.5,0.3,0.6,1.1,2.3,5.3)
(2006,69,Zarko Cabarkapa,PF,24,GSW,61,0,8.3,1.1,2.9,.385,0.1,0.3,.250,1.0,2.5,.403,.399,1.0,1.4,.714,0.6,1.2,1.8,0.3,0.2,0.1,0.6,1.4,3.3)
(2006,73,Matt Carroll,SG,25,CHA,78,6,16.3,2.5,6.1,.403,0.9,2.4,.389,1.5,3.7,.412,.479,1.8,2.2,.821,0.4,1.6,2.0,0.4,0.6,0.1,0.6,1.5,7.6)
(2006,77,Kelvin Cato,C,31,TOT,27,0,12.3,1.3,3.1,.429,0.0,0.0,,1.3,3.1,.429,.429,1.0,1.3,.743,0.7,1.9,2.6,0.1,0.2,0.4,0.7,1.9,3.6)
(2006,Rk,Player,Pos,Age,Tm,G,GS,MP,FG,FGA,FG%,3P,3PA,3P,2P,2PA,2P,eFG%,FT,FTA,FT%,ORB,DRB,TRB,AST,STL,BLK,TOV,PF,PTS)
(2006,84,Jarron Collins,C,27,UTA,79,41,21.9,1.6,3.5,.461,0.0,0.0,,1.6,3.5,.461,.461,2.0,2.8,.717,1.7,2.5,4.2,1.2,0.5,0.3,0.8,3.2,5.3)
(2006,88,Jamal Crawford,SG,25,NYK,79,27,32.3,4.6,11.1,.416,1.3,3.7,.345,3.4,7.4,.452,.474,3.7,4.5,.826,0.5,2.7,3.1,3.8,1.1,0.2,2.2,1.9,14.3)
(2006,92,Erick Dampier,C,30,DAL,82,36,23.6,2.1,4.2,.493,0.0,0.0,,2.1,4.2,.493,.493,1.5,2.6,.591,3.3,4.5,7.8,0.6,0.3,1.3,1.4,3.2,5.7)
(2006,96,Baron Davis,PG,26,GSW,54,48,36.5,6.2,15.9,.389,1.9,6.0,.315,4.3,9.9,.434,.448,3.6,5.4,.675,0.8,3.5,4.4,8.9,1.6,0.3,2.9,3.1,17.9)
(2006,100,Carlos Delfino,SG,23,DET,68,1,10.7,1.3,3.3,.403,0.3,0.9,.333,1.0,2.4,.428,.447,0.7,1.0,.672,0.4,1.3,1.7,0.6,0.3,0.2,0.5,1.3,3.6)
(2006,103,Boris Diaw,PF,23,PHO,81,70,35.5,5.5,10.5,.526,0.1,0.4,.267,5.4,10.2,.536,.531,2.1,2.9,.731,2.0,4.9,6.9,6.2,0.7,1.0,2.3,3.2,13.3)
(2006,107,DeSagana Diop,C,24,DAL,81,45,18.6,0.9,1.9,.487,0.0,0.0,.500,0.9,1.9,.487,.490,0.5,0.9,.542,1.8,2.8,4.6,0.3,0.5,1.8,0.4,3.1,2.3)
(2006,111,Chris Duhon,PG,23,CHI,74,38,29.1,2.9,7.3,.400,1.4,3.8,.360,1.6,3.5,.442,.493,1.6,1.9,.818,0.4,2.6,3.0,5.0,0.9,0.0,1.6,2.1,8.7)
(2006,115,John Edwards,C,24,ATL,40,4,7.4,0.8,1.6,.484,0.0,0.0,,0.8,1.6,.484,.484,0.2,0.3,.727,0.5,0.8,1.2,0.1,0.1,0.4,0.3,1.9,1.8)
(2006,119,Melvin Ely,PF,27,CHA,57,22,23.6,3.8,7.5,.508,0.0,0.0,.000,3.8,7.4,.511,.508,2.2,3.4,.667,1.6,3.2,4.9,1.3,0.5,0.8,1.8,2.8,9.8)
(2006,122,Daniel Ewing,SG,22,LAC,66,5,14.7,1.5,3.9,.380,0.3,1.2,.282,1.1,2.7,.424,.424,0.5,0.7,.783,0.3,0.9,1.3,1.3,0.6,0.1,0.9,1.3,3.8)
(2006,126,Derek Fisher,PG,31,GSW,82,36,31.6,4.4,10.8,.410,1.4,3.6,.397,3.0,7.2,.417,.476,3.0,3.6,.833,0.4,2.1,2.6,4.3,1.5,0.1,1.9,2.9,13.3)
(2006,130,T.J. Ford,PG,22,MIL,72,70,35.5,4.6,11.0,.416,0.5,1.4,.337,4.1,9.5,.428,.438,2.6,3.4,.754,0.9,3.4,4.3,6.6,1.4,0.1,3.0,2.7,12.2)
(2006,134,Richie Frahm,SG,28,TOT,33,0,10.4,1.2,3.0,.390,0.7,2.1,.329,0.5,0.9,.533,.505,0.2,0.3,.700,0.1,0.9,1.0,0.6,0.1,0.1,0.2,0.9,3.3)
(2006,138,Deng Gai,C,23,PHI,2,0,2.5,0.0,0.0,,0.0,0.0,,0.0,0.0,,,0.0,0.0,,0.0,0.0,0.0,0.0,0.0,0.0,0.0,0.0,0.0)
(2006,141,Kevin Garnett,PF,29,MIN,76,76,38.9,8.2,15.7,.526,0.1,0.4,.267,8.1,15.3,.532,.529,5.2,6.4,.810,2.8,9.9,12.7,4.1,1.4,1.4,2.4,2.7,21.8)
(2006,145,Eddie Gill,PG,27,IND,41,0,3.0,0.2,1.1,.222,0.2,0.6,.304,0.1,0.5,.136,.300,0.4,0.6,.783,0.0,0.4,0.4,0.3,0.3,0.0,0.2,0.3,1.1)
(2006,149,Ryan Gomes,PF,23,BOS,61,33,22.6,2.8,5.8,.487,0.0,0.1,.333,2.8,5.7,.491,.492,1.8,2.4,.752,1.7,3.2,4.9,1.0,0.6,0.1,0.9,1.4,7.6)
(2006,153,Stephen Graham,SG,23,TOT,22,0,8.0,1.0,2.5,.389,0.1,0.5,.200,0.9,2.0,.432,.407,0.6,0.7,.933,0.2,1.0,1.2,0.3,0.2,0.1,0.6,1.4,2.6)
(2006,157,Gerald Green,SG,20,BOS,32,3,11.7,2.1,4.3,.478,0.2,0.6,.300,1.9,3.7,.508,.500,0.9,1.2,.784,0.3,1.0,1.3,0.6,0.4,0.1,0.7,1.3,5.2)
(2006,Rk,Player,Pos,Age,Tm,G,GS,MP,FG,FGA,FG%,3P,3PA,3P,2P,2PA,2P,eFG%,FT,FTA,FT%,ORB,DRB,TRB,AST,STL,BLK,TOV,PF,PTS)
(2006,164,Zendon Hamilton,C,30,TOT,12,0,4.1,0.6,1.2,.500,0.0,0.0,,0.6,1.2,.500,.500,1.0,1.5,.667,0.3,0.7,0.9,0.0,0.3,0.0,0.5,0.4,2.2)
(2006,168,Othella Harrington,C,32,CHI,72,23,11.4,1.9,3.8,.495,0.0,0.0,,1.9,3.8,.495,.495,1.1,1.7,.626,0.8,1.4,2.1,0.5,0.1,0.2,0.8,1.8,4.8)
(2006,172,Udonis Haslem,PF,25,MIA,81,80,30.8,3.7,7.3,.508,0.0,0.0,.000,3.7,7.3,.509,.508,1.9,2.5,.789,2.1,5.8,7.8,1.2,0.6,0.2,1.0,2.7,9.3)
(2006,176,Brendan Haywood,C,26,WAS,79,70,23.8,2.8,5.5,.514,0.0,0.0,,2.8,5.5,.514,.514,1.7,2.8,.585,2.5,3.4,5.9,0.6,0.4,1.3,1.2,2.9,7.3)
(2006,180,Grant Hill,SF,33,ORL,21,17,29.2,5.7,11.6,.490,0.1,0.4,.250,5.6,11.2,.498,.494,3.7,4.9,.765,0.7,3.1,3.8,2.3,1.1,0.3,1.7,2.4,15.1)
(2006,183,Randy Holcomb,SF,26,CHI,4,0,2.8,0.3,0.3,1.000,0.0,0.0,,0.3,0.3,1.000,1.000,0.0,0.0,,0.3,0.0,0.3,0.0,0.0,0.0,0.0,0.5,0.5)
(2006,187,Josh Howard,SF,25,DAL,59,58,32.5,5.9,12.6,.471,0.5,1.1,.429,5.5,11.5,.475,.489,3.3,4.5,.734,2.1,4.2,6.3,1.9,1.2,0.4,1.3,2.8,15.6)
(2006,191,Kris Humphries,PF,20,UTA,62,2,10.0,1.2,3.3,.379,0.0,0.1,.000,1.2,3.2,.389,.379,0.5,1.0,.523,0.9,1.6,2.5,0.5,0.4,0.3,0.5,1.3,3.0)
(2006,195,Zydrunas Ilgauskas,C,30,CLE,78,78,29.3,5.8,11.4,.506,0.0,0.1,.000,5.8,11.3,.509,.506,4.1,4.9,.834,3.1,4.4,7.6,1.2,0.5,1.7,2.0,3.6,15.6)
(2006,199,Jarrett Jack,SG,22,POR,79,4,20.2,2.4,5.4,.442,0.3,1.0,.263,2.1,4.5,.480,.465,1.6,2.0,.800,0.2,1.8,2.0,2.8,0.5,0.0,1.3,1.7,6.7)
(2006,202,Jim Jackson,SF,35,TOT,40,1,12.8,1.2,4.0,.294,0.5,1.9,.243,0.7,2.2,.337,.350,0.2,0.3,.692,0.3,1.6,1.9,0.9,0.3,0.2,0.9,1.3,3.0)
(2006,206,Jerome James,C,30,NYK,45,9,9.0,1.2,2.7,.463,0.0,0.0,,1.2,2.7,.463,.463,0.6,0.9,.625,0.9,1.2,2.0,0.3,0.1,0.5,1.1,2.3,3.0)
(2006,210,Marko Jaric,PG,27,MIN,75,49,28.0,3.0,7.5,.399,0.5,1.8,.301,2.5,5.8,.430,.435,1.3,1.8,.688,0.8,2.3,3.1,3.9,1.4,0.3,1.7,2.5,7.8)
(2006,214,Jared Jeffries,PF,24,WAS,77,77,25.3,2.4,5.4,.451,0.2,0.6,.320,2.2,4.7,.468,.470,1.3,2.2,.589,2.1,2.8,4.9,1.9,0.8,0.6,1.3,2.9,6.4)
(2006,218,Ervin Johnson,C,38,MIL,18,0,4.5,0.4,0.9,.412,0.0,0.0,,0.4,0.9,.412,.412,0.1,0.1,.500,0.3,1.1,1.3,0.1,0.1,0.1,0.3,1.3,0.8)
(2006,221,Dahntay Jones,SF,25,MEM,71,4,13.6,1.5,3.7,.414,0.0,0.3,.143,1.5,3.4,.438,.420,0.8,1.3,.645,0.3,1.2,1.5,0.5,0.5,0.2,0.7,1.5,4.0)
(2006,225,Fred Jones,SG,26,IND,68,2,27.0,3.4,8.2,.417,0.9,2.8,.337,2.5,5.5,.457,.473,1.8,2.4,.763,0.3,2.2,2.5,2.3,0.8,0.3,1.6,2.1,9.6)
(2006,229,Jason Kapono,SF,24,MIA,51,2,13.0,1.5,3.5,.446,0.4,1.0,.396,1.1,2.4,.468,.506,0.5,0.6,.848,0.2,1.2,1.4,0.7,0.1,0.1,0.4,1.7,4.1)
(2006,234,Linas Kleiza,PF,21,DEN,61,2,8.5,1.3,2.8,.445,0.0,0.2,.154,1.2,2.6,.469,.451,0.9,1.3,.704,0.6,1.3,1.9,0.2,0.2,0.2,0.3,1.4,3.5)
(2006,238,Nenad Krstic,PF,22,NJN,80,80,30.9,5.6,11.0,.507,0.0,0.1,.250,5.6,11.0,.509,.508,2.3,3.3,.698,2.3,4.1,6.4,1.1,0.4,0.8,1.7,3.7,13.5)
(2006,241,Maciej Lampe,C,20,TOT,6,0,4.7,0.3,1.8,.182,0.0,0.0,,0.3,1.8,.182,.182,0.0,0.3,.000,0.7,0.8,1.5,0.3,0.0,0.0,0.5,0.3,0.7)
(2006,245,Randy Livingston,PG,30,CHI,5,0,4.4,0.0,0.4,.000,0.0,0.0,,0.0,0.4,.000,.000,0.0,0.0,,0.2,0.6,0.8,0.2,0.2,0.0,0.2,1.2,0.0)
(2006,249,Arvydas Macijauskas,SG,26,NOK,19,0,7.1,0.7,2.2,.341,0.2,0.6,.250,0.6,1.5,.379,.378,0.7,0.8,.867,0.2,0.4,0.5,0.3,0.4,0.0,0.4,0.5,2.3)
(2006,253,Stephon Marbury,PG,28,NYK,60,60,36.6,5.8,12.9,.451,0.6,1.7,.317,5.3,11.2,.472,.472,4.1,5.4,.755,0.4,2.5,2.9,6.4,1.1,0.1,2.6,2.4,16.3)
(2006,257,Rawle Marshall,SF,23,DAL,23,9,10.5,1.0,2.6,.400,0.0,0.1,.333,1.0,2.5,.404,.408,1.0,1.3,.759,0.3,1.0,1.3,0.4,0.3,0.3,0.7,0.7,3.1)
(2006,Rk,Player,Pos,Age,Tm,G,GS,MP,FG,FGA,FG%,3P,3PA,3P,2P,2PA,2P,eFG%,FT,FTA,FT%,ORB,DRB,TRB,AST,STL,BLK,TOV,PF,PTS)
(2006,264,Rashad McCants,SG,21,MIN,79,12,17.2,3.1,6.8,.450,0.8,2.3,.372,2.2,4.5,.490,.513,1.0,1.3,.736,0.4,1.4,1.8,0.8,0.6,0.3,1.1,2.2,7.9)
(2006,268,Jeff McInnis,SG,31,NJN,28,1,17.4,2.3,5.1,.441,0.1,0.6,.188,2.1,4.5,.472,.451,0.7,1.0,.690,0.4,1.4,1.8,1.9,0.4,0.1,1.0,1.3,5.3)
(2006,272,Chris Mihm,C,26,LAL,59,56,26.1,3.9,7.8,.501,0.0,0.0,,3.9,7.8,.501,.501,2.4,3.4,.716,2.3,4.0,6.3,1.0,0.3,1.2,1.4,3.6,10.2)
(2006,276,Darko Milicic,C,20,TOT,55,1,13.9,2.2,4.3,.509,0.0,0.0,.000,2.2,4.2,.513,.509,0.5,0.9,.560,0.8,1.9,2.7,0.7,0.3,1.4,0.9,1.7,4.8)
(2006,280,Yao Ming,C,25,HOU,57,57,34.2,8.2,15.8,.519,0.0,0.0,.000,8.2,15.8,.519,.519,5.9,6.9,.853,2.6,7.6,10.2,1.5,0.5,1.6,2.6,3.4,22.3)
(2006,283,Sergei Monia,SF,22,TOT,26,15,13.2,1.1,3.3,.333,0.3,1.3,.265,0.8,2.0,.377,.385,0.4,0.5,.714,0.4,1.6,2.0,0.7,0.3,0.2,0.5,1.6,3.0)
(2006,287,Troy Murphy,PF,25,GSW,74,74,34.0,4.9,11.3,.433,0.8,2.4,.320,4.1,8.9,.464,.468,3.4,4.3,.787,2.6,7.4,10.0,1.4,0.6,0.4,1.5,2.6,14.0)
(2006,291,Boniface N'Dong,C,28,LAC,23,1,6.6,1.0,2.3,.415,0.0,0.0,.000,1.0,2.3,.423,.415,0.3,0.4,.667,0.7,1.0,1.6,0.3,0.1,0.2,0.3,1.0,2.2)
(2006,295,Steve Nash,PG,31,PHO,79,79,35.4,6.8,13.4,.512,1.9,4.3,.439,4.9,9.0,.548,.583,3.3,3.5,.921,0.6,3.6,4.2,10.5,0.8,0.2,3.5,1.5,18.8)
(2006,299,Andres Nocioni,PF,26,CHI,82,43,27.3,4.7,10.1,.461,1.1,2.9,.391,3.5,7.2,.489,.517,2.5,3.0,.843,1.1,5.0,6.1,1.4,0.5,0.6,1.5,3.1,13.0)
(2006,302,Jermaine O'Neal,PF,27,IND,51,47,35.3,7.5,15.8,.472,0.1,0.2,.300,7.4,15.6,.474,.474,5.1,7.2,.709,2.0,7.3,9.3,2.6,0.5,2.3,3.0,3.5,20.1)
(2006,306,Emeka Okafor,PF,23,CHA,26,25,33.6,5.0,12.2,.415,0.0,0.0,,5.0,12.2,.415,.415,3.2,4.8,.656,3.6,6.4,10.0,1.2,0.8,1.9,2.0,3.4,13.2)
(2006,310,Greg Ostertag,C,32,UTA,60,22,13.5,1.0,2.1,.492,0.0,0.0,,1.0,2.1,.492,.492,0.4,0.8,.500,1.4,2.4,3.8,1.0,0.1,1.1,0.8,2.2,2.4)
(2006,314,Zaza Pachulia,C,21,ATL,78,78,31.4,3.9,8.7,.451,0.0,0.0,.000,3.9,8.7,.452,.451,3.8,5.2,.735,3.4,4.5,7.9,1.7,1.1,0.5,2.3,3.7,11.7)
(2006,318,Smush Parker,PG,24,LAL,82,82,33.8,4.2,9.5,.447,1.5,4.0,.366,2.8,5.5,.506,.524,1.5,2.2,.694,0.5,2.9,3.3,3.7,1.7,0.2,1.8,2.6,11.5)
(2006,321,Chris Paul,PG,20,NOK,78,78,36.0,5.2,12.1,.430,0.6,2.3,.282,4.6,9.9,.464,.456,5.1,6.0,.847,0.8,4.3,5.1,7.8,2.2,0.1,2.3,2.8,16.1)
(2006,325,Morris Peterson,SG,28,TOR,82,77,38.3,5.8,13.4,.436,2.2,5.5,.395,3.7,7.9,.465,.517,2.9,3.6,.820,0.8,3.9,4.6,2.3,1.3,0.2,1.5,2.7,16.8)
(2006,329,Mickael Pietrus,SF,23,GSW,52,18,22.7,3.3,8.0,.404,1.1,3.4,.318,2.2,4.7,.467,.471,1.7,2.8,.608,1.1,2.0,3.1,0.8,0.6,0.2,1.5,2.5,9.3)
(2006,333,James Posey,SF,29,MIA,67,63,28.6,2.4,5.9,.403,1.7,4.3,.403,0.6,1.6,.400,.551,0.7,0.9,.787,0.5,4.3,4.8,1.3,0.8,0.3,0.9,2.9,7.2)
(2006,337,Tayshaun Prince,SF,25,DET,82,82,35.3,5.5,12.2,.455,0.8,2.2,.350,4.8,10.0,.479,.487,2.2,2.9,.765,1.3,3.0,4.2,2.3,0.8,0.5,1.1,1.2,14.1)
(2006,Rk,Player,Pos,Age,Tm,G,GS,MP,FG,FGA,FG%,3P,3PA,3P,2P,2PA,2P,eFG%,FT,FTA,FT%,ORB,DRB,TRB,AST,STL,BLK,TOV,PF,PTS)
(2006,344,Zeljko Rebraca,C,33,LAC,29,2,14.2,1.8,3.3,.542,0.0,0.0,,1.8,3.3,.542,.542,1.1,1.4,.756,0.4,1.8,2.2,0.3,0.2,0.7,0.8,2.0,4.7)
(2006,348,Quentin Richardson,SF,25,NYK,55,43,26.2,3.0,8.3,.355,1.2,3.4,.340,1.8,4.9,.365,.425,1.1,1.7,.670,1.2,3.0,4.2,1.6,0.7,0.1,1.0,2.4,8.2)
(2006,352,Bernard Robinson,SF,25,CHA,66,18,19.7,2.4,5.5,.430,0.0,0.3,.095,2.3,5.2,.451,.433,1.6,2.0,.791,0.9,2.4,3.3,1.2,1.2,0.2,1.1,2.1,6.4)
(2006,356,Malik Rose,PF,31,NYK,72,35,15.5,1.5,3.9,.374,0.0,0.0,1.000,1.4,3.9,.371,.375,1.5,1.9,.781,1.2,2.4,3.6,0.9,0.6,0.2,1.1,2.0,4.4)
(2006,360,Bryon Russell,SF,35,DEN,1,0,3.0,0.0,0.0,,0.0,0.0,,0.0,0.0,,,0.0,0.0,,0.0,1.0,1.0,1.0,0.0,0.0,0.0,0.0,0.0)
(2006,363,Melvin Sanders,SG,25,SAS,16,0,7.1,1.0,2.1,.485,0.1,0.2,.667,0.9,1.9,.467,.515,0.4,0.6,.700,0.3,1.2,1.4,0.2,0.3,0.0,0.5,1.3,2.6)
(2006,367,Ha Seung-Jin,C,20,POR,27,4,7.9,0.7,1.1,.581,0.0,0.0,,0.7,1.1,.581,.581,0.3,0.6,.471,0.5,1.3,1.8,0.0,0.1,0.3,0.5,1.5,1.6)
(2006,371,Brian Skinner,PF-C,29,TOT,65,5,14.5,1.3,2.5,.513,0.0,0.0,,1.3,2.5,.513,.513,0.4,0.9,.482,1.2,2.3,3.5,0.5,0.4,0.7,0.7,1.8,2.9)
(2006,375,Joe Smith,PF,30,MIL,44,5,20.2,3.3,6.9,.475,0.0,0.0,.000,3.3,6.9,.479,.475,2.0,2.6,.774,1.9,3.3,5.2,0.7,0.5,0.3,0.9,2.7,8.6)
(2006,379,Darius Songaila,PF,27,CHI,62,7,21.4,3.8,7.9,.481,0.0,0.1,.400,3.8,7.8,.481,.483,1.5,1.9,.817,1.2,2.7,4.0,1.4,0.6,0.3,1.4,2.5,9.2)
(2006,382,DeShawn Stevenson,SG,24,ORL,82,82,32.3,4.4,9.5,.460,0.0,0.2,.133,4.4,9.3,.466,.461,2.2,3.0,.744,0.7,2.2,2.9,2.0,0.7,0.2,1.5,2.2,11.0)
(2006,386,Salim Stoudamire,SG,23,ATL,61,1,20.3,3.3,8.1,.415,1.3,3.5,.380,2.0,4.5,.442,.498,1.6,1.8,.900,0.2,1.7,1.9,1.2,0.4,0.0,1.3,1.9,9.7)
(2006,390,Stromile Swift,C,26,HOU,66,5,20.4,3.4,6.9,.491,0.0,0.0,.000,3.4,6.9,.493,.491,2.1,3.2,.651,1.6,2.8,4.4,0.4,0.6,0.8,1.4,3.0,8.9)
(2006,394,Maurice Taylor,PF,29,NYK,67,13,18.1,2.7,5.8,.468,0.0,0.0,.000,2.7,5.8,.469,.468,0.9,1.2,.699,1.0,2.4,3.4,0.8,0.3,0.2,1.5,2.6,6.3)
(2006,398,Etan Thomas,C,27,WAS,71,9,15.8,1.8,3.5,.533,0.0,0.0,,1.8,3.5,.533,.533,1.1,1.8,.600,1.4,2.5,3.9,0.2,0.3,1.0,0.7,2.1,4.7)
(2006,401,Kenny Thomas,PF,28,SAC,82,55,28.0,3.7,7.4,.505,0.0,0.0,.000,3.7,7.4,.506,.505,1.7,2.5,.676,2.4,5.1,7.5,2.0,0.9,0.5,1.6,2.4,9.1)
(2006,405,Jamaal Tinsley,PG,27,IND,42,27,26.7,3.8,9.2,.409,0.4,1.7,.229,3.4,7.5,.449,.430,1.4,2.2,.637,0.8,2.3,3.2,5.0,1.2,0.1,2.6,2.3,9.3)
(2006,409,Hedo Turkoglu,SF,26,ORL,78,59,33.5,5.1,11.2,.454,1.5,3.6,.403,3.6,7.6,.478,.519,3.3,3.8,.861,0.9,3.4,4.3,2.8,0.9,0.3,1.7,3.0,14.9)
(2006,413,Keith Van Horn,SF,30,DAL,53,0,20.6,3.1,7.3,.424,0.9,2.6,.368,2.2,4.7,.454,.488,1.8,2.1,.832,1.0,2.6,3.6,0.7,0.6,0.2,1.3,2.3,8.9)
(2006,417,Jake Voskuhl,C,28,CHA,51,2,16.0,2.2,5.1,.437,0.0,0.1,.333,2.2,5.1,.438,.439,0.8,1.2,.683,1.2,2.4,3.6,0.8,0.5,0.5,0.6,3.1,5.3)
(2006,Rk,Player,Pos,Age,Tm,G,GS,MP,FG,FGA,FG%,3P,3PA,3P,2P,2PA,2P,eFG%,FT,FTA,FT%,ORB,DRB,TRB,AST,STL,BLK,TOV,PF,PTS)
(2006,424,Ben Wallace,C,31,DET,82,82,35.2,2.9,5.7,.510,0.0,0.0,.000,2.9,5.6,.514,.510,1.5,3.6,.416,3.7,7.6,11.3,1.9,1.8,2.2,1.1,2.0,7.3)
(2006,428,Luke Walton,SF,25,LAL,69,6,19.3,2.0,4.8,.412,0.3,0.8,.327,1.7,4.0,.429,.439,0.8,1.1,.750,1.3,2.3,3.6,2.3,0.6,0.2,1.1,1.7,5.0)
(2006,432,Martell Webster,SF,19,POR,61,18,17.5,2.3,5.7,.399,1.1,3.0,.357,1.2,2.7,.446,.493,1.0,1.2,.859,0.5,1.7,2.1,0.6,0.3,0.2,0.7,1.5,6.6)
(2006,436,David West,PF,25,NOK,74,74,34.1,7.2,14.0,.512,0.0,0.1,.273,7.1,13.9,.514,.513,2.7,3.2,.843,2.3,5.1,7.4,1.2,0.8,0.9,1.4,2.9,17.1)
(2006,440,Damien Wilkins,SF,26,SEA,82,12,18.6,2.4,5.3,.444,0.2,0.7,.250,2.2,4.6,.472,.460,1.7,2.0,.840,1.0,1.4,2.3,1.3,0.9,0.1,1.0,1.8,6.5)
(2006,443,Alvin Williams,PG,31,TOR,1,0,10.0,0.0,3.0,.000,0.0,2.0,.000,0.0,1.0,.000,.000,1.0,2.0,.500,0.0,3.0,3.0,0.0,0.0,0.0,0.0,0.0,1.0)
(2006,447,Louis Williams,PG,19,PHI,30,0,4.8,0.8,1.7,.442,0.1,0.3,.222,0.7,1.4,.488,.462,0.3,0.4,.615,0.1,0.5,0.6,0.3,0.2,0.0,0.4,0.4,1.9)
(2006,451,Loren Woods,C,27,TOR,27,4,12.0,1.0,2.2,.475,0.0,0.0,.000,1.0,2.1,.483,.475,0.2,0.5,.429,1.6,2.4,4.1,0.1,0.3,0.9,0.6,1.8,2.3)
(2006,455,Bracey Wright,SG,21,MIN,7,0,19.3,3.0,7.3,.412,0.9,2.4,.353,2.1,4.9,.441,.471,2.0,2.3,.875,0.4,2.1,2.6,0.7,0.1,0.0,1.1,1.1,8.9)
