(2006,2,Alex Acker,SG,23,DET,5,0,7.0,0.8,3.2,.250,0.2,1.0,.200,0.6,2.2,.273,.281,0.0,0.0,,0.2,0.8,1.0,0.8,0.2,0.0,0.8,0.8,1.8)
(2006,6,Rafer Alston,PG,29,HOU,63,63,38.6,4.4,11.7,.379,1.6,5.0,.327,2.8,6.8,.418,.449,1.6,2.3,.692,0.6,3.5,4.0,6.7,1.6,0.2,2.5,3.1,12.1)
(2006,10,Shandon Anderson,SF,32,MIA,48,1,13.3,1.1,2.6,.429,0.1,0.4,.263,1.0,2.2,.458,.448,0.3,0.4,.722,0.4,1.3,1.7,0.6,0.4,0.1,0.5,1.6,2.6)
(2006,14,Gilbert Arenas,PG,24,WAS,80,80,42.3,9.3,20.9,.447,2.5,6.8,.369,6.8,14.1,.485,.507,8.2,10.0,.820,0.7,2.8,3.5,6.1,2.0,0.3,3.7,3.6,29.3)
(2006,18,Chucky Atkins,PG-SG,31,TOT,71,41,24.1,3.2,8.1,.394,1.4,3.9,.354,1.8,4.2,.431,.479,1.8,2.3,.791,0.3,1.4,1.7,2.8,0.6,0.0,1.2,2.1,9.5)
(2006,21,Marcus Banks,PG,24,TOT,58,29,25.8,3.8,8.1,.468,0.4,1.1,.349,3.4,7.0,.486,.491,2.0,2.5,.803,0.4,1.9,2.3,3.8,0.9,0.2,2.1,2.8,10.0)
(2006,25,Earl Barron,C,24,MIA,8,0,5.6,0.6,2.0,.313,0.0,0.0,,0.6,2.0,.313,.313,0.4,0.5,.750,0.3,1.0,1.3,0.0,0.0,0.0,0.6,1.3,1.6)
(2006,29,Brandon Bass,PF,20,NOK,29,1,9.2,1.0,2.4,.400,0.0,0.0,,1.0,2.4,.400,.400,0.4,0.7,.632,0.6,1.7,2.3,0.1,0.1,0.2,0.4,0.6,2.3)
(2006,33,Lonny Baxter,C-PF,27,TOT,41,0,9.8,1.1,2.5,.433,0.0,0.0,,1.1,2.5,.433,.433,0.7,0.9,.800,1.1,1.8,2.9,0.1,0.3,0.2,0.5,1.4,2.9)
(2006,37,Mike Bibby,PG,27,SAC,82,82,38.6,7.3,16.9,.432,2.3,6.1,.386,4.9,10.8,.458,.501,4.2,4.9,.849,0.4,2.6,2.9,5.4,1.0,0.1,2.4,2.1,21.1)
(2006,Rk,Player,Pos,Age,Tm,G,GS,MP,FG,FGA,FG%,3P,3PA,3P,2P,2PA,2P,eFG%,FT,FTA,FT%,ORB,DRB,TRB,AST,STL,BLK,TOV,PF,PTS)
(2006,44,Andrew Bogut,PF,21,MIL,82,77,28.6,3.9,7.4,.533,0.0,0.0,.000,3.9,7.4,.536,.533,1.5,2.4,.629,2.3,4.7,7.0,2.3,0.6,0.8,1.5,3.2,9.4)
(2006,48,Chris Bosh,C,21,TOR,70,70,39.3,7.8,15.5,.505,0.0,0.2,.000,7.8,15.3,.511,.505,6.8,8.3,.816,2.9,6.3,9.2,2.6,0.7,1.1,2.2,3.0,22.5)
(2006,52,Michael Bradley,PF,26,PHI,46,1,8.0,0.7,1.7,.405,0.0,0.1,.200,0.7,1.6,.419,.411,0.0,0.1,.667,0.9,1.5,2.3,0.4,0.1,0.2,0.4,0.8,1.5)
(2006,56,Kwame Brown,C,23,LAL,72,49,27.5,2.8,5.4,.526,0.0,0.0,.000,2.8,5.4,.527,.526,1.8,3.3,.545,2.5,4.0,6.6,1.0,0.4,0.6,1.4,2.7,7.4)
(2006,60,Greg Buckner,SG,29,DEN,73,27,24.1,2.5,5.7,.434,1.2,3.3,.354,1.3,2.4,.546,.537,0.6,0.8,.782,0.4,2.4,2.9,1.7,1.2,0.3,0.7,2.5,6.7)
(2006,63,Kevin Burleson,PG,26,CHA,39,1,8.7,0.6,2.3,.250,0.3,1.4,.185,0.3,0.9,.353,.307,0.4,0.4,.941,0.1,0.6,0.7,1.2,0.7,0.1,0.6,1.6,1.8)
(2006,67,Andrew Bynum,C,18,LAL,46,0,7.3,0.7,1.8,.402,0.0,0.0,,0.7,1.8,.402,.402,0.2,0.6,.296,0.7,1.0,1.7,0.2,0.1,0.5,0.4,1.2,1.6)
(2006,71,Marcus Camby,C,31,DEN,56,54,33.2,5.4,11.6,.465,0.0,0.2,.091,5.4,11.4,.472,.466,2.0,2.8,.712,2.4,9.6,11.9,2.1,1.4,3.3,1.6,2.8,12.8)
(2006,75,Vince Carter,SG,29,NJN,79,79,36.8,8.3,19.2,.430,1.6,4.6,.341,6.7,14.6,.459,.471,6.1,7.6,.799,1.7,4.1,5.8,4.3,1.2,0.7,2.7,3.0,24.2)
(2006,79,Calbert Cheaney,SF,34,GSW,42,0,10.7,1.0,2.6,.389,0.0,0.2,.000,1.0,2.4,.420,.389,0.2,0.2,1.000,0.5,1.0,1.5,0.5,0.3,0.0,0.4,0.9,2.2)
(2006,82,Speedy Claxton,PG,27,NOK,71,3,28.4,4.3,10.4,.413,0.2,0.9,.270,4.0,9.5,.426,.425,3.5,4.5,.769,0.5,2.2,2.7,4.8,1.5,0.1,2.2,2.5,12.3)
(2006,86,Nick Collison,PF,25,SEA,66,27,21.9,3.1,6.0,.525,0.0,0.0,.000,3.1,5.9,.529,.525,1.2,1.7,.699,2.2,3.4,5.6,1.1,0.3,0.5,1.2,3.2,7.5)
(2006,90,Eddy Curry,C,23,NYK,72,69,25.9,4.7,8.3,.563,0.0,0.0,,4.7,8.3,.563,.563,4.3,6.8,.632,2.0,4.0,6.0,0.3,0.4,0.8,2.5,3.3,13.6)
(2006,94,Marquis Daniels,SG,25,DAL,62,29,28.5,4.0,8.3,.480,0.1,0.3,.211,3.9,8.0,.491,.484,2.2,3.0,.754,1.3,2.3,3.6,2.8,1.1,0.2,1.6,2.3,10.2)
(2006,98,Josh Davis,PF,25,TOT,6,0,2.8,0.3,1.2,.286,0.0,0.3,.000,0.3,0.8,.400,.286,0.3,0.5,.667,0.5,0.2,0.7,0.2,0.3,0.0,0.2,0.5,1.0)
(2006,101,Tony Delk,PG-SG,32,TOT,24,0,16.0,3.0,6.7,.441,0.8,2.0,.426,2.1,4.8,.447,.503,0.8,1.1,.741,0.6,1.6,2.2,1.4,0.5,0.0,0.8,1.2,7.6)
(2006,105,Travis Diener,PG,23,ORL,23,0,10.7,1.3,3.0,.420,1.1,2.5,.439,0.2,0.5,.333,.601,0.2,0.3,.833,0.2,0.7,0.9,0.7,0.3,0.0,0.4,1.0,3.8)
(2006,109,Michael Doleac,C,28,MIA,31,3,12.0,1.2,2.8,.420,0.0,0.0,,1.2,2.8,.420,.420,0.8,1.0,.800,0.7,2.0,2.7,0.3,0.3,0.2,0.5,1.5,3.2)
(2006,113,Mike Dunleavy,SF,25,GSW,81,68,31.8,4.1,10.1,.406,0.9,3.2,.285,3.2,6.9,.462,.451,2.4,3.1,.778,1.0,4.0,4.9,2.9,0.7,0.4,1.5,2.5,11.5)
(2006,117,Monta Ellis,SG,20,GSW,49,3,18.1,2.7,6.5,.415,0.6,1.7,.341,2.1,4.8,.441,.459,0.9,1.2,.712,0.4,1.7,2.1,1.6,0.7,0.2,1.2,1.4,6.8)
(2006,Rk,Player,Pos,Age,Tm,G,GS,MP,FG,FGA,FG%,3P,3PA,3P,2P,2PA,2P,eFG%,FT,FTA,FT%,ORB,DRB,TRB,AST,STL,BLK,TOV,PF,PTS)
(2006,124,Raymond Felton,PG,21,CHA,80,54,30.1,4.3,11.0,.391,1.2,3.4,.358,3.1,7.7,.405,.446,2.0,2.8,.725,1.0,2.4,3.3,5.6,1.3,0.1,2.3,2.3,11.9)
(2006,128,Marcus Fizer,PF,27,NOK,3,0,13.0,3.0,5.7,.529,0.3,0.3,1.000,2.7,5.3,.500,.559,0.3,0.7,.500,0.3,2.0,2.3,0.3,0.0,0.0,0.7,1.7,6.7)
(2006,132,Jeff Foster,C,29,IND,63,37,25.1,2.2,4.0,.552,0.0,0.1,.000,2.2,3.9,.561,.552,1.5,2.5,.604,3.6,5.6,9.1,0.8,0.7,0.4,1.0,3.0,5.9)
(2006,136,Channing Frye,C,22,NYK,65,14,24.2,4.7,9.8,.477,0.0,0.1,.333,4.6,9.7,.479,.479,2.9,3.5,.825,2.1,3.6,5.8,0.8,0.5,0.7,1.5,3.1,12.3)
(2006,140,Francisco Garcia,SF,24,SAC,67,11,19.4,1.9,4.9,.400,0.6,2.0,.285,1.4,2.8,.484,.460,1.2,1.5,.772,0.6,2.2,2.8,1.4,0.6,0.7,1.1,2.0,5.6)
(2006,143,Pau Gasol,PF,25,MEM,80,80,39.2,7.5,14.9,.503,0.0,0.2,.250,7.5,14.8,.505,.504,5.3,7.7,.689,2.4,6.5,8.9,4.6,0.6,1.9,2.9,2.3,20.4)
(2006,147,Gordan Giricek,SG,28,UTA,37,36,25.8,4.5,10.4,.433,0.5,1.6,.305,4.0,8.8,.457,.457,1.2,1.5,.754,0.4,1.5,1.9,1.7,0.4,0.1,1.7,2.4,10.6)
(2006,151,Ben Gordon,SG,22,CHI,80,47,31.0,6.1,14.4,.422,2.1,4.8,.435,4.0,9.6,.416,.494,2.6,3.4,.787,0.5,2.2,2.7,3.0,0.9,0.1,2.3,3.0,16.9)
(2006,155,Brian Grant,C,33,PHO,21,2,11.8,1.3,3.1,.415,0.0,0.0,,1.3,3.1,.415,.415,0.3,0.4,.875,0.5,2.2,2.7,0.3,0.2,0.1,0.3,2.1,2.9)
(2006,159,Orien Greene,PG,23,BOS,80,5,15.4,1.3,3.2,.395,0.1,0.5,.225,1.1,2.7,.427,.413,0.6,0.9,.662,0.5,1.4,1.8,1.6,1.0,0.1,1.4,2.3,3.2)
(2006,162,Anthony Grundy,SG,26,ATL,12,0,9.0,1.6,3.2,.500,0.4,1.3,.333,1.2,1.9,.609,.566,0.8,1.2,.643,0.1,1.3,1.4,0.8,0.6,0.0,0.8,1.2,4.3)
(2006,166,Matt Harpring,SF,29,UTA,71,32,27.4,4.5,9.5,.475,0.2,0.5,.359,4.3,9.0,.482,.485,3.2,4.4,.725,2.2,3.0,5.2,1.4,0.8,0.2,1.5,2.8,12.5)
(2006,170,David Harrison,C,23,IND,67,17,15.4,2.2,4.4,.503,0.0,0.0,,2.2,4.4,.503,.503,1.3,2.6,.511,1.3,2.5,3.8,0.2,0.3,0.9,1.2,2.9,5.7)
(2006,174,Chuck Hayes,PF,22,HOU,40,0,13.4,1.5,2.6,.562,0.0,0.0,.000,1.5,2.6,.567,.562,0.7,1.1,.644,1.7,2.8,4.5,0.4,0.7,0.4,0.3,1.9,3.7)
(2006,178,Alan Henderson,C,33,CLE,51,3,10.4,0.9,1.8,.516,0.0,0.0,,0.9,1.8,.516,.516,0.6,1.0,.673,1.2,1.5,2.7,0.2,0.2,0.2,0.4,1.1,2.5)
(2006,181,Kirk Hinrich,PG,25,CHI,81,81,36.5,5.6,13.3,.418,1.6,4.2,.370,4.0,9.1,.441,.477,3.2,3.9,.815,0.4,3.2,3.6,6.3,1.2,0.3,2.3,3.1,15.9)
(2006,185,Eddie House,PG,27,PHO,81,0,17.5,4.0,9.4,.422,1.5,3.9,.389,2.4,5.5,.445,.503,0.4,0.5,.805,0.2,1.4,1.6,1.8,0.5,0.1,0.9,1.2,9.8)
(2006,189,Troy Hudson,PG,29,MIN,36,0,22.2,3.5,9.3,.381,1.1,2.8,.396,2.4,6.4,.375,.441,1.3,1.4,.923,0.2,1.0,1.2,2.9,0.3,0.1,1.1,1.5,9.5)
(2006,193,Steven Hunter,C,24,PHI,69,35,19.0,2.5,4.2,.601,0.0,0.0,,2.5,4.2,.601,.601,1.0,2.0,.514,1.6,2.3,3.9,0.2,0.2,1.1,0.9,1.7,6.1)
(2006,197,Allen Iverson,PG,30,PHI,72,72,43.1,11.3,25.3,.447,1.0,3.1,.323,10.3,22.2,.465,.467,9.4,11.5,.814,0.6,2.6,3.2,7.4,1.9,0.1,3.4,1.7,33.0)
(2006,Rk,Player,Pos,Age,Tm,G,GS,MP,FG,FGA,FG%,3P,3PA,3P,2P,2PA,2P,eFG%,FT,FTA,FT%,ORB,DRB,TRB,AST,STL,BLK,TOV,PF,PTS)
(2006,204,Marc Jackson,C,31,TOT,64,10,16.0,2.7,5.8,.472,0.0,0.0,.500,2.7,5.7,.471,.473,1.0,1.3,.805,1.3,2.0,3.4,0.7,0.2,0.1,1.0,2.0,6.5)
(2006,208,Mike James,PG,30,TOR,79,79,37.0,7.3,15.5,.469,2.1,4.8,.442,5.2,10.7,.481,.538,3.6,4.3,.837,0.6,2.7,3.3,5.8,0.9,0.0,2.6,2.7,20.3)
(2006,212,Al Jefferson,PF,21,BOS,59,7,18.0,3.2,6.4,.499,0.0,0.1,.000,3.2,6.4,.504,.499,1.5,2.3,.642,1.6,3.4,5.1,0.5,0.5,0.8,1.1,2.8,7.9)
(2006,216,Anthony Johnson,PG,31,IND,75,53,26.4,3.6,8.0,.443,0.7,2.1,.329,2.9,6.0,.482,.485,1.4,1.9,.752,0.4,1.8,2.2,4.3,0.8,0.3,1.5,1.8,9.2)
(2006,220,Linton Johnson,SF,25,TOT,36,7,14.6,1.7,4.1,.409,0.4,1.0,.361,1.3,3.1,.425,.453,0.5,0.8,.667,1.1,2.3,3.4,0.4,0.3,0.3,0.8,1.7,4.3)
(2006,223,Dwayne Jones,PF,22,BOS,14,0,6.2,0.3,0.7,.400,0.0,0.0,,0.3,0.7,.400,.400,0.4,0.9,.462,0.7,1.5,2.2,0.1,0.1,0.2,0.2,1.0,1.0)
(2006,227,Jumaine Jones,PF,26,CHA,76,42,27.5,3.9,9.7,.405,1.5,4.4,.343,2.4,5.3,.456,.483,1.2,1.6,.727,1.4,3.6,4.9,0.8,0.9,0.3,1.0,2.6,10.5)
(2006,232,Jason Kidd,PG,32,NJN,80,80,37.2,4.6,11.3,.404,1.7,4.9,.352,2.8,6.4,.445,.481,2.4,3.1,.795,1.1,6.2,7.3,8.4,1.9,0.4,2.4,2.0,13.3)
(2006,236,Yaroslav Korolev,SF,18,LAC,24,0,5.3,0.4,1.3,.300,0.1,0.3,.286,0.3,1.0,.304,.333,0.3,0.4,.700,0.2,0.3,0.5,0.4,0.1,0.0,0.3,0.5,1.1)
(2006,240,Raef LaFrentz,PF,29,BOS,82,63,24.8,2.9,6.7,.431,1.4,3.5,.392,1.5,3.2,.474,.533,0.6,0.9,.680,1.0,4.0,5.0,1.4,0.4,0.9,0.8,3.3,7.8)
(2006,243,Voshon Lenard,SG,32,TOT,26,6,17.6,2.9,7.3,.393,1.0,3.0,.321,1.9,4.3,.442,.458,0.6,1.2,.516,0.2,1.6,1.8,1.6,0.8,0.2,1.2,1.5,7.3)
(2006,247,John Lucas,PG,23,HOU,13,0,8.2,1.1,2.8,.389,0.2,0.7,.222,0.9,2.1,.444,.417,0.0,0.0,,0.2,0.2,0.4,0.9,0.4,0.0,0.5,0.5,2.3)
(2006,251,Corey Maggette,SF,26,LAC,32,13,29.5,5.2,11.7,.445,0.8,2.2,.338,4.5,9.5,.470,.477,6.6,8.0,.828,0.9,4.4,5.3,2.1,0.6,0.1,2.4,3.0,17.8)
(2006,255,Sean Marks,PF,30,SAS,25,0,7.2,1.5,2.8,.521,0.0,0.1,.000,1.5,2.7,.544,.521,0.3,0.5,.583,0.5,1.2,1.7,0.3,0.2,0.3,0.3,0.8,3.2)
(2006,259,Kenyon Martin,PF,28,DEN,56,49,27.6,5.3,10.7,.495,0.1,0.4,.227,5.2,10.3,.505,.499,2.2,3.0,.712,1.7,4.6,6.3,1.4,0.8,0.9,1.3,3.1,12.9)
(2006,262,Jason Maxiell,PF,22,DET,26,0,6.1,0.9,2.1,.426,0.0,0.0,,0.9,2.1,.426,.426,0.5,1.6,.333,0.5,0.6,1.1,0.1,0.2,0.2,0.4,0.5,2.3)
(2006,266,Antonio McDyess,PF,31,DET,82,0,21.1,3.5,6.8,.509,0.0,0.0,.000,3.5,6.8,.511,.509,0.8,1.5,.557,1.9,3.4,5.3,1.1,0.6,0.6,0.9,2.7,7.8)
(2006,270,Keith McLeod,PG,26,UTA,66,32,18.7,1.8,5.2,.353,0.4,1.2,.293,1.5,3.9,.372,.388,1.6,2.0,.797,0.2,1.0,1.2,2.3,0.6,0.1,1.2,2.0,5.6)
(2006,274,C.J. Miles,PG,18,UTA,23,0,8.8,1.2,3.3,.368,0.2,0.9,.250,1.0,2.4,.411,.401,0.8,1.0,.750,0.8,0.9,1.7,0.7,0.3,0.1,0.4,0.9,3.4)
(2006,278,Brad Miller,C,29,SAC,79,79,37.0,5.5,11.1,.495,0.4,1.1,.386,5.1,10.0,.507,.514,3.5,4.3,.828,1.5,6.2,7.8,4.7,0.8,0.8,2.3,3.0,15.0)
(2006,281,Cuttino Mobley,SF,30,LAC,79,74,37.7,5.4,12.8,.426,1.1,3.1,.339,4.4,9.7,.453,.467,2.9,3.5,.839,0.6,3.7,4.3,3.0,1.2,0.5,1.8,2.6,14.8)
(2006,285,Terence Morris,SF,27,ORL,22,0,8.7,0.7,2.2,.327,0.0,0.1,.000,0.7,2.1,.340,.327,0.1,0.1,1.000,0.3,1.5,1.7,0.2,0.3,0.2,0.3,0.9,1.6)
(2006,289,Ronald Murray,SG,26,TOT,76,27,27.8,4.2,10.1,.418,0.5,1.9,.262,3.7,8.3,.453,.442,2.3,3.2,.711,0.4,1.6,2.0,2.6,0.9,0.1,1.8,1.8,11.2)
(2006,293,Lee Nailon,PF,30,PHI,22,0,10.8,1.8,3.6,.500,0.0,0.0,,1.8,3.6,.500,.500,0.6,0.7,.867,1.0,0.9,1.9,0.3,0.4,0.2,0.5,1.5,4.2)
(2006,297,Rasho Nesterovic,C,29,SAS,80,51,18.9,2.2,4.2,.515,0.0,0.0,.000,2.2,4.2,.518,.515,0.2,0.4,.600,1.4,2.4,3.9,0.4,0.3,1.1,0.7,2.6,4.5)
(2006,Rk,Player,Pos,Age,Tm,G,GS,MP,FG,FGA,FG%,3P,3PA,3P,2P,2PA,2P,eFG%,FT,FTA,FT%,ORB,DRB,TRB,AST,STL,BLK,TOV,PF,PTS)
(2006,304,Fabricio Oberto,C,30,SAS,59,0,8.3,0.7,1.6,.473,0.0,0.0,.000,0.7,1.5,.484,.473,0.3,0.5,.556,1.0,1.1,2.1,0.5,0.2,0.2,0.5,1.5,1.7)
(2006,308,Kevin Ollie,SG,33,PHI,70,23,15.3,1.1,2.5,.431,0.0,0.0,.333,1.1,2.4,.433,.434,0.6,0.7,.837,0.2,1.2,1.4,1.4,0.5,0.0,0.4,1.5,2.7)
(2006,312,Travis Outlaw,PF,21,POR,69,11,16.7,2.3,5.3,.440,0.2,0.8,.264,2.1,4.6,.470,.459,0.9,1.3,.697,0.7,2.0,2.7,0.5,0.4,0.7,0.5,1.6,5.8)
(2006,316,Milt Palacio,PG,27,UTA,71,18,19.4,2.4,5.7,.424,0.0,0.2,.063,2.4,5.5,.439,.426,1.4,2.1,.653,0.2,1.6,1.9,2.7,0.7,0.2,1.5,1.8,6.2)
(2006,320,Ruben Patterson,SF-SG,30,TOT,71,22,25.2,4.6,8.9,.515,0.0,0.2,.077,4.6,8.8,.524,.516,2.9,4.8,.601,1.7,1.8,3.4,1.8,1.1,0.3,2.1,2.1,12.1)
(2006,323,Gary Payton*,PG,37,MIA,81,25,28.5,2.8,6.8,.420,0.8,2.8,.287,2.0,3.9,.517,.481,1.2,1.6,.794,0.4,2.5,2.9,3.2,0.9,0.1,1.3,2.1,7.7)
(2006,327,Eric Piatkowski,SG,35,CHI,29,1,7.9,0.8,2.1,.393,0.3,1.1,.273,0.5,1.0,.536,.467,0.1,0.2,.400,0.1,0.7,0.8,0.4,0.2,0.0,0.4,0.7,2.0)
(2006,331,Pavel Podkolzin,C,21,DAL,1,0,18.0,0.0,2.0,.000,0.0,0.0,,0.0,2.0,.000,.000,3.0,6.0,.500,0.0,7.0,7.0,0.0,0.0,1.0,2.0,0.0,3.0)
(2006,335,Josh Powell,PF,23,DAL,37,2,11.6,1.0,2.2,.457,0.0,0.0,,1.0,2.2,.457,.457,1.0,1.2,.800,0.8,1.4,2.2,0.2,0.2,0.1,0.6,1.4,3.0)
(2006,339,Joel Przybilla,C,26,POR,56,52,24.9,2.3,4.3,.548,0.0,0.0,,2.3,4.3,.548,.548,1.5,2.8,.532,2.6,4.4,7.0,0.8,0.4,2.3,1.4,2.7,6.1)
(2006,342,Zach Randolph,PF,24,POR,74,71,34.4,7.2,16.6,.436,0.2,0.7,.291,7.0,15.9,.443,.443,3.3,4.6,.714,2.6,5.4,8.0,1.9,0.8,0.2,2.2,2.5,18.0)
(2006,346,Justin Reed,SF,24,TOT,72,6,13.8,1.7,4.1,.403,0.0,0.0,.000,1.7,4.1,.405,.403,1.2,1.7,.725,0.7,1.0,1.7,0.6,0.3,0.2,0.7,2.3,4.5)
(2006,350,Anthony Roberson,PG,22,MEM,16,0,5.5,0.9,1.9,.452,0.3,0.6,.500,0.6,1.3,.429,.532,0.1,0.1,1.000,0.0,0.4,0.4,0.3,0.1,0.0,0.2,0.4,2.2)
(2006,354,Nate Robinson,PG,21,NYK,72,26,21.4,3.2,7.8,.407,0.8,2.0,.397,2.4,5.8,.411,.458,2.1,2.8,.752,0.8,1.5,2.3,2.0,0.8,0.0,1.6,2.8,9.3)
(2006,358,Michael Ruffin,C,29,WAS,76,4,13.3,0.4,1.0,.442,0.0,0.0,.000,0.4,1.0,.453,.442,0.5,1.0,.500,1.6,2.0,3.6,0.4,0.4,0.4,0.5,2.4,1.4)
(2006,361,John Salmons,SG,26,PHI,82,24,25.1,2.7,6.4,.420,0.3,1.1,.299,2.4,5.3,.445,.445,1.9,2.4,.775,0.6,2.1,2.7,2.7,0.9,0.2,1.5,2.2,7.5)
(2006,365,Alex Scales,SG,27,SAS,1,0,0.0,0.0,0.0,,0.0,0.0,,0.0,0.0,,,0.0,0.0,,0.0,0.0,0.0,0.0,0.0,0.0,0.0,0.0,0.0)
(2006,369,Bobby Simmons,SF,25,MIL,75,74,33.8,4.9,10.8,.453,1.4,3.3,.420,3.5,7.4,.468,.518,2.2,2.7,.825,1.2,3.2,4.4,2.3,1.1,0.3,1.6,3.4,13.4)
(2006,373,Donta Smith,SG,22,ATL,23,0,5.5,0.7,1.2,.556,0.1,0.2,.500,0.6,1.0,.565,.593,0.3,0.5,.500,0.1,0.5,0.6,0.4,0.3,0.0,0.2,0.9,1.7)
(2006,377,Eric Snow,PG,32,CLE,82,82,28.7,2.0,4.9,.409,0.0,0.1,.100,2.0,4.7,.416,.410,0.8,1.1,.688,0.5,2.0,2.4,4.2,0.9,0.2,1.4,2.7,4.8)
(2006,Rk,Player,Pos,Age,Tm,G,GS,MP,FG,FGA,FG%,3P,3PA,3P,2P,2PA,2P,eFG%,FT,FTA,FT%,ORB,DRB,TRB,AST,STL,BLK,TOV,PF,PTS)
(2006,384,Awvee Storey,SF,28,WAS,25,1,4.6,0.6,1.6,.390,0.1,0.3,.429,0.5,1.4,.382,.427,0.3,0.6,.571,0.3,0.6,0.9,0.2,0.1,0.0,0.2,0.9,1.7)
(2006,388,Mike Sweetney,C,23,CHI,66,44,18.5,3.0,6.7,.450,0.0,0.0,,3.0,6.7,.450,.450,2.0,3.1,.652,1.8,3.5,5.3,0.9,0.3,0.8,1.4,3.2,8.1)
(2006,392,Chris Taft,C,20,GSW,17,0,8.5,1.4,2.2,.605,0.0,0.0,,1.4,2.2,.605,.605,0.1,0.4,.167,1.1,1.0,2.1,0.1,0.1,0.4,0.1,1.5,2.8)
(2006,396,Jason Terry,PG,28,DAL,80,80,35.0,6.5,13.7,.470,2.1,5.2,.411,4.3,8.5,.505,.547,2.1,2.6,.800,0.4,1.6,2.0,3.8,1.3,0.3,1.7,2.5,17.1)
(2006,400,John Thomas,C,30,TOT,16,0,7.9,0.4,0.9,.400,0.0,0.0,,0.4,0.9,.400,.400,0.2,0.3,.750,0.6,0.6,1.3,0.1,0.2,0.1,0.5,1.1,0.9)
(2006,403,Tim Thomas,PF-SF,28,TOT,29,10,23.0,3.9,9.0,.431,1.6,3.8,.414,2.3,5.2,.444,.519,1.0,1.4,.667,0.8,3.8,4.5,0.7,0.6,0.2,1.1,2.7,10.3)
(2006,407,Nikoloz Tskitishvili,SF-PF,22,TOT,17,0,5.8,0.8,2.2,.351,0.1,0.2,.333,0.7,2.0,.353,.365,0.5,0.8,.643,0.5,0.8,1.3,0.2,0.1,0.1,0.4,0.5,2.1)
(2006,411,Beno Udrih,PG,23,SAS,54,3,10.9,2.0,4.3,.455,0.4,1.3,.343,1.5,3.0,.503,.506,0.7,0.9,.780,0.3,0.6,1.0,1.7,0.3,0.0,1.0,1.0,5.1)
(2006,415,Jacque Vaughn,SG,30,NJN,80,6,15.4,1.3,3.1,.437,0.0,0.1,.167,1.3,3.0,.444,.439,0.7,1.0,.728,0.2,0.9,1.1,1.5,0.5,0.0,0.7,1.8,3.4)
(2006,419,Sasha Vujacic,PG,21,LAL,82,4,17.7,1.3,3.8,.346,0.7,2.1,.343,0.6,1.7,.350,.441,0.6,0.6,.885,0.4,1.5,1.9,1.7,0.6,0.0,0.6,1.8,3.9)
(2006,422,Antoine Walker,PF,29,MIA,82,19,26.8,4.8,11.0,.435,1.7,4.7,.358,3.1,6.3,.493,.512,1.0,1.6,.628,1.3,3.9,5.1,2.0,0.6,0.4,1.8,2.3,12.2)
(2006,426,Rasheed Wallace,PF,31,DET,80,80,34.8,5.7,13.3,.430,1.9,5.4,.357,3.8,7.9,.480,.503,1.7,2.3,.743,1.1,5.7,6.8,2.3,1.0,1.6,1.1,2.9,15.1)
(2006,430,Earl Watson,PG,26,TOT,70,10,22.5,3.1,7.3,.430,1.6,3.9,.404,1.6,3.4,.460,.538,1.1,1.6,.676,0.3,1.9,2.3,4.1,1.0,0.1,1.9,2.3,8.9)
(2006,434,Jiri Welsch,SF,26,MIL,58,2,14.9,1.5,3.8,.387,0.2,0.8,.286,1.2,3.0,.416,.419,1.1,1.5,.747,0.4,1.5,1.9,1.1,0.6,0.0,0.7,1.1,4.3)
(2006,438,Robert Whaley,C,23,UTA,23,0,9.2,1.0,2.5,.404,0.0,0.0,,1.0,2.5,.404,.404,0.1,0.3,.500,0.7,1.2,1.9,0.7,0.3,0.3,0.6,1.8,2.1)
(2006,441,Mike Wilks,PG,26,TOT,47,0,7.4,0.6,1.9,.322,0.1,0.4,.158,0.6,1.5,.366,.339,0.5,0.9,.610,0.2,0.6,0.8,0.7,0.3,0.0,0.5,0.7,1.8)
(2006,445,Eric Williams,SF,33,TOR,28,11,12.6,1.0,2.7,.387,0.2,0.6,.278,0.9,2.0,.421,.420,1.0,1.4,.737,0.4,1.4,1.8,0.5,0.3,0.1,0.5,2.0,3.3)
(2006,449,Mo Williams,PG,23,MIL,58,12,26.4,4.6,10.8,.424,1.3,3.3,.382,3.3,7.6,.443,.483,1.7,1.9,.850,0.5,1.9,2.5,4.0,0.9,0.1,1.8,2.5,12.1)
(2006,453,Metta World Peace,SF,26,TOT,56,56,39.4,6.3,15.5,.404,1.4,4.5,.308,4.9,11.0,.443,.449,3.7,5.4,.675,1.3,3.8,5.1,3.6,2.2,0.7,2.3,2.9,17.6)
(2006,457,Lorenzen Wright,C,30,MEM,78,58,21.7,2.5,5.2,.478,0.0,0.0,.000,2.5,5.2,.480,.478,0.8,1.5,.564,1.8,3.2,5.1,0.6,0.7,0.6,0.9,2.6,5.8)
