(2006,3,Malik Allen,PF,27,CHI,54,20,13.0,2.2,4.6,.490,0.0,0.0,1.000,2.2,4.6,.488,.492,0.4,0.7,.605,0.8,1.8,2.6,0.4,0.3,0.3,0.6,1.7,4.9)
(2006,7,Chris Andersen,C,27,NOK,32,2,17.8,1.8,3.1,.571,0.0,0.0,,1.8,3.1,.571,.571,1.5,3.2,.476,1.9,2.9,4.8,0.2,0.3,1.3,0.8,2.6,5.0)
(2006,11,Martynas Andriuskevicius,C,19,CLE,6,0,1.5,0.0,0.2,.000,0.0,0.0,,0.0,0.2,.000,.000,0.0,0.0,,0.2,0.5,0.7,0.0,0.3,0.0,0.0,0.2,0.0)
(2006,15,Trevor Ariza,SF,20,TOT,57,10,17.5,1.6,4.0,.412,0.0,0.1,.200,1.6,3.9,.416,.414,1.4,2.2,.606,1.4,2.5,3.8,1.1,1.0,0.2,1.1,1.8,4.6)
(2006,19,Stacey Augmon,SF,37,ORL,36,3,10.7,0.7,2.0,.342,0.0,0.0,,0.7,2.0,.342,.342,0.6,0.8,.700,0.5,1.0,1.5,0.6,0.3,0.2,0.3,1.1,2.0)
(2006,22,Leandro Barbosa,SG,23,PHO,57,11,27.9,4.8,9.9,.481,1.5,3.4,.444,3.3,6.5,.501,.558,1.9,2.6,.755,0.5,2.1,2.6,2.8,0.8,0.1,1.6,2.5,13.1)
(2006,26,Brent Barry,SG,34,SAS,74,5,17.0,2.1,4.7,.452,1.1,2.7,.396,1.0,1.9,.531,.568,0.5,0.8,.661,0.4,1.8,2.1,1.7,0.5,0.4,0.7,1.3,5.8)
(2006,30,Esteban Batista,PF,22,ATL,57,3,8.7,0.6,1.4,.425,0.0,0.0,.000,0.6,1.4,.430,.425,0.6,0.9,.623,1.1,1.5,2.5,0.1,0.3,0.2,0.7,1.9,1.8)
(2006,34,Charlie Bell,SG,26,MIL,59,6,21.7,3.1,6.9,.439,1.2,2.8,.423,1.8,4.1,.450,.526,1.1,1.5,.708,0.4,1.7,2.0,2.2,1.0,0.1,0.7,2.1,8.4)
(2006,38,Andris Biedrins,C,19,GSW,68,2,14.7,1.7,2.7,.638,0.0,0.0,,1.7,2.7,.638,.638,0.3,1.1,.306,1.8,2.3,4.2,0.4,0.3,0.7,0.5,2.8,3.8)
(2006,41,Andray Blatche,PF,19,WAS,29,0,6.0,0.9,2.3,.388,0.1,0.4,.231,0.8,1.9,.426,.410,0.3,0.4,.833,0.4,0.9,1.3,0.3,0.2,0.2,0.4,1.2,2.2)
(2006,45,Matt Bonner,PF,25,TOR,78,6,21.9,2.7,6.0,.448,1.3,3.1,.420,1.4,2.9,.478,.557,0.8,1.0,.829,1.1,2.5,3.6,0.7,0.6,0.4,0.4,2.8,7.5)
(2006,49,Bruce Bowen,SF,34,SAS,82,82,33.6,2.8,6.5,.433,1.3,3.0,.424,1.6,3.5,.440,.530,0.6,1.0,.607,0.4,3.5,3.9,1.5,1.0,0.4,0.8,2.3,7.5)
(2006,53,Elton Brand,PF,26,LAC,79,79,39.2,9.6,18.2,.527,0.0,0.0,.333,9.6,18.1,.527,.527,5.6,7.2,.775,3.0,7.0,10.0,2.6,1.0,2.5,2.2,2.9,24.7)
(2006,57,P.J. Brown,C,36,NOK,75,73,31.7,3.6,7.8,.461,0.0,0.0,,3.6,7.8,.461,.461,1.9,2.2,.827,2.4,4.9,7.3,1.2,0.6,0.7,1.2,2.9,9.0)
(2006,Rk,Player,Pos,Age,Tm,G,GS,MP,FG,FGA,FG%,3P,3PA,3P,2P,2PA,2P,eFG%,FT,FTA,FT%,ORB,DRB,TRB,AST,STL,BLK,TOV,PF,PTS)
(2006,64,Caron Butler,SF,25,WAS,75,54,36.1,6.6,14.5,.455,0.5,1.6,.342,6.0,12.9,.469,.474,3.9,4.4,.870,1.5,4.7,6.2,2.5,1.7,0.2,2.3,3.2,17.6)
(2006,68,Will Bynum,PG,23,GSW,15,0,10.8,1.4,3.5,.404,0.1,0.6,.222,1.3,2.9,.442,.423,0.7,1.1,.625,0.2,0.6,0.8,1.3,0.5,0.0,0.9,0.7,3.6)
(2006,72,Brian Cardinal,PF,28,MEM,36,0,11.2,1.3,3.1,.414,0.4,0.8,.448,0.9,2.3,.402,.473,0.5,0.8,.704,0.3,1.2,1.5,0.9,0.6,0.0,0.8,1.8,3.4)
(2006,76,Sam Cassell,PG,36,LAC,78,75,34.0,6.3,14.3,.443,0.9,2.4,.368,5.4,11.8,.459,.475,3.7,4.3,.863,0.5,3.2,3.7,6.3,0.9,0.1,2.2,2.9,17.2)
(2006,80,Josh Childress,SF,22,ATL,74,10,30.4,3.8,6.8,.552,0.4,0.9,.492,3.3,5.9,.560,.583,2.1,2.7,.766,1.8,3.4,5.2,1.8,1.2,0.5,1.4,2.5,10.0)
(2006,83,Mateen Cleaves,PG,28,SEA,27,0,8.5,0.9,2.6,.352,0.1,0.6,.250,0.8,2.0,.382,.380,0.7,0.9,.792,0.1,0.4,0.5,1.6,0.1,0.1,0.5,1.1,2.7)
(2006,87,Brian Cook,PF,25,LAL,81,46,19.0,3.2,6.3,.511,0.4,1.0,.429,2.8,5.3,.527,.546,1.0,1.2,.832,1.1,2.3,3.4,0.9,0.5,0.4,0.8,2.5,7.9)
(2006,91,Samuel Dalembert,C,24,PHI,66,52,26.7,3.0,5.6,.531,0.0,0.0,.000,3.0,5.6,.533,.531,1.4,2.0,.705,2.4,5.8,8.2,0.4,0.5,2.4,1.6,3.7,7.3)
(2006,95,Antonio Davis,PF-C,37,TOT,44,39,21.4,1.9,4.3,.432,0.0,0.0,.000,1.9,4.3,.434,.432,1.2,1.8,.642,2.0,2.7,4.7,0.5,0.5,0.2,1.2,2.8,4.9)
(2006,99,Ricky Davis,SG-SF,26,TOT,78,78,41.1,7.5,16.7,.448,0.9,3.1,.302,6.6,13.6,.481,.476,3.5,4.4,.797,0.8,3.7,4.5,5.1,1.2,0.2,2.7,2.4,19.4)
(2006,102,Luol Deng,SF,20,CHI,78,56,33.4,5.7,12.2,.463,0.3,1.0,.269,5.4,11.2,.481,.474,2.7,3.5,.750,1.6,5.0,6.6,1.9,0.9,0.6,1.3,1.6,14.3)
(2006,106,Ike Diogu,PF,22,GSW,69,14,14.9,2.5,4.8,.524,0.0,0.0,,2.5,4.8,.524,.524,2.0,2.4,.810,1.4,1.9,3.3,0.4,0.2,0.4,1.1,2.4,7.0)
(2006,110,Keyon Dooling,PG,25,ORL,50,7,22.7,3.6,8.1,.440,0.3,0.9,.302,3.3,7.2,.456,.456,2.0,2.4,.835,0.2,1.3,1.6,2.2,1.0,0.1,1.6,2.3,9.4)
(2006,114,Ronald Dupree,SF,25,MIN,36,0,7.4,0.9,1.8,.524,0.0,0.0,.000,0.9,1.7,.532,.524,0.4,1.1,.341,0.6,0.8,1.4,0.4,0.3,0.0,0.4,1.2,2.2)
(2006,118,Francisco Elson,C,29,DEN,72,54,21.9,2.1,3.9,.532,0.0,0.1,.200,2.1,3.9,.538,.533,0.7,1.0,.662,1.4,3.3,4.7,0.7,0.8,0.6,0.9,2.9,4.9)
(2006,121,Reggie Evans,PF,25,TOT,67,25,20.8,2.0,4.0,.489,0.0,0.0,.000,2.0,4.0,.491,.489,1.7,3.2,.530,2.6,4.9,7.5,0.6,0.6,0.1,1.3,2.5,5.6)
(2006,125,Michael Finley,SG,32,SAS,77,18,26.5,3.7,9.0,.412,1.4,3.6,.394,2.3,5.4,.423,.491,1.3,1.5,.852,0.4,2.8,3.2,1.5,0.5,0.1,0.8,1.3,10.1)
(2006,129,Sharrod Ford,PF,24,PHO,3,0,4.3,0.7,1.0,.667,0.0,0.0,,0.7,1.0,.667,.667,0.0,0.0,,0.3,0.7,1.0,0.0,0.0,0.3,0.7,2.3,1.3)
(2006,133,Adonal Foyle,C,30,GSW,77,72,23.7,2.0,3.9,.507,0.0,0.0,,2.0,3.9,.507,.507,0.5,0.9,.612,1.9,3.6,5.5,0.4,0.6,1.6,1.0,2.8,4.5)
(2006,137,Dan Gadzuric,C,27,MIL,74,0,12.0,2.3,4.2,.553,0.0,0.0,.000,2.3,4.2,.555,.553,0.6,1.2,.461,1.2,1.9,3.1,0.3,0.3,0.6,0.5,2.3,5.2)
(2006,Rk,Player,Pos,Age,Tm,G,GS,MP,FG,FGA,FG%,3P,3PA,3P,2P,2PA,2P,eFG%,FT,FTA,FT%,ORB,DRB,TRB,AST,STL,BLK,TOV,PF,PTS)
(2006,144,Devean George,SF,28,LAL,71,5,21.7,2.4,6.0,.400,0.7,2.3,.313,1.7,3.7,.453,.459,0.8,1.2,.674,1.2,2.7,3.9,1.0,0.9,0.5,0.8,2.2,6.3)
(2006,148,Anthony Goldwire,PG,34,LAC,3,0,7.3,0.3,2.3,.143,0.0,0.7,.000,0.3,1.7,.200,.143,0.0,0.0,,0.0,0.3,0.3,0.7,0.0,0.0,0.3,0.0,0.7)
(2006,152,Joey Graham,SF,23,TOR,80,24,19.8,2.5,5.2,.478,0.4,1.1,.333,2.1,4.1,.517,.513,1.4,1.7,.812,0.7,2.3,3.1,0.8,0.5,0.2,1.2,2.9,6.7)
(2006,156,Devin Green,SG,23,LAL,27,0,5.0,0.2,1.0,.214,0.0,0.1,.000,0.2,1.0,.231,.214,0.5,0.8,.619,0.4,0.5,0.9,0.3,0.1,0.0,0.2,0.5,0.9)
(2006,160,Adrian Griffin,SG,31,DAL,52,45,23.9,1.9,3.9,.480,0.0,0.0,.000,1.9,3.9,.485,.480,0.8,1.0,.774,1.4,2.9,4.4,1.7,1.0,0.2,0.8,2.2,4.6)
(2006,163,Richard Hamilton,SG,27,DET,80,80,35.3,8.1,16.5,.491,0.7,1.5,.458,7.4,15.0,.494,.512,3.2,3.8,.845,1.1,2.2,3.2,3.4,0.7,0.2,2.2,2.6,20.1)
(2006,167,Al Harrington,PF,25,ATL,76,76,36.6,7.3,16.1,.452,0.9,2.5,.346,6.4,13.5,.471,.479,3.2,4.6,.694,1.7,5.1,6.9,3.1,1.1,0.2,2.6,4.0,18.6)
(2006,171,Jason Hart,PG,27,SAC,66,0,12.4,1.3,3.3,.389,0.1,0.5,.290,1.2,2.9,.405,.410,0.6,0.8,.661,0.2,0.9,1.1,1.1,0.5,0.1,0.7,1.3,3.3)
(2006,175,Jarvis Hayes,SG,24,WAS,21,13,24.6,3.7,8.7,.421,0.8,2.2,.362,2.9,6.5,.441,.467,1.2,1.4,.833,0.9,2.7,3.6,1.3,0.8,0.0,1.0,1.8,9.3)
(2006,179,Nene Hilario,PF,23,DEN,1,0,3.0,0.0,1.0,.000,0.0,0.0,,0.0,1.0,.000,.000,0.0,0.0,,0.0,0.0,0.0,0.0,0.0,0.0,2.0,1.0,0.0)
(2006,182,Julius Hodge,SG,22,DEN,14,0,2.4,0.4,0.9,.385,0.0,0.0,,0.4,0.9,.385,.385,0.2,0.6,.375,0.4,0.1,0.5,0.4,0.1,0.0,0.6,0.5,0.9)
(2006,186,Dwight Howard,PF,20,ORL,82,81,36.8,5.7,10.7,.531,0.0,0.0,.000,5.7,10.7,.532,.531,4.3,7.3,.595,3.5,9.0,12.5,1.5,0.8,1.4,2.6,3.4,15.8)
(2006,190,Larry Hughes,SG,27,CLE,36,31,35.6,5.3,13.0,.409,0.8,2.1,.368,4.6,10.9,.417,.439,4.1,5.4,.756,0.7,3.8,4.5,3.6,1.5,0.6,2.8,3.3,15.5)
(2006,194,Andre Iguodala,SF,22,PHI,82,82,37.6,4.2,8.4,.500,0.7,1.9,.354,3.5,6.5,.543,.541,3.2,4.3,.754,1.4,4.4,5.9,3.1,1.6,0.3,1.9,2.4,12.3)
(2006,198,Royal Ivey,PG,24,ATL,73,66,13.4,1.6,3.6,.439,0.1,0.1,.400,1.5,3.5,.441,.447,0.3,0.5,.727,0.4,0.9,1.3,1.0,0.3,0.1,0.3,2.0,3.6)
(2006,201,Jermaine Jackson,PG,29,MIL,30,2,6.7,0.4,0.9,.423,0.0,0.1,.250,0.3,0.7,.455,.442,0.4,0.5,.857,0.3,0.6,0.9,0.8,0.1,0.0,0.4,0.6,1.2)
(2006,205,Stephen Jackson,SG,27,IND,81,81,35.9,5.8,14.2,.411,1.4,4.2,.345,4.4,10.0,.439,.462,3.3,4.2,.786,0.6,3.3,3.9,2.8,1.3,0.5,2.5,2.4,16.4)
(2006,209,Antawn Jamison,SF,29,WAS,82,80,40.1,8.0,18.2,.442,1.8,4.5,.394,6.3,13.7,.458,.491,2.6,3.6,.731,2.0,7.3,9.3,1.9,1.1,0.1,1.7,2.3,20.5)
(2006,213,Richard Jefferson,SF,25,NJN,78,78,39.2,6.3,12.9,.493,0.8,2.4,.319,5.6,10.5,.532,.522,6.0,7.4,.812,1.2,5.6,6.8,3.8,0.8,0.2,2.2,2.5,19.5)
(2006,217,DerMarr Johnson,SG,25,DEN,58,21,15.9,2.3,5.3,.431,1.0,2.8,.350,1.3,2.5,.521,.523,0.6,0.7,.810,0.3,1.3,1.7,0.9,0.4,0.4,0.8,1.5,6.1)
(2006,Rk,Player,Pos,Age,Tm,G,GS,MP,FG,FGA,FG%,3P,3PA,3P,2P,2PA,2P,eFG%,FT,FTA,FT%,ORB,DRB,TRB,AST,STL,BLK,TOV,PF,PTS)
(2006,224,Eddie Jones,SG,34,MEM,75,75,32.5,3.9,9.6,.404,1.8,5.0,.356,2.1,4.6,.457,.497,2.2,2.9,.781,0.5,3.3,3.7,2.4,1.7,0.4,1.2,2.7,11.8)
(2006,228,Chris Kaman,C,23,LAC,78,78,32.8,4.7,9.1,.523,0.0,0.0,.000,4.7,9.0,.524,.523,2.5,3.2,.770,2.4,7.2,9.6,1.0,0.6,1.4,2.3,3.4,11.9)
(2006,233,Andrei Kirilenko,SF,24,UTA,69,63,37.7,4.9,10.6,.460,0.5,1.7,.308,4.3,8.9,.489,.485,5.0,7.2,.699,2.3,5.7,8.0,4.3,1.5,3.2,2.9,2.3,15.3)
(2006,237,Kyle Korver,SF,24,PHI,82,43,31.3,4.0,9.3,.430,2.2,5.3,.420,1.7,3.9,.443,.551,1.2,1.5,.849,0.3,3.0,3.3,2.0,0.8,0.3,1.2,2.7,11.5)
(2006,Rk,Player,Pos,Age,Tm,G,GS,MP,FG,FGA,FG%,3P,3PA,3P,2P,2PA,2P,eFG%,FT,FTA,FT%,ORB,DRB,TRB,AST,STL,BLK,TOV,PF,PTS)
(2006,244,Rashard Lewis,SF,26,SEA,78,77,36.9,6.9,14.8,.467,1.8,4.7,.384,5.1,10.0,.507,.529,4.5,5.5,.818,1.4,3.6,5.0,2.3,1.3,0.6,1.8,2.4,20.1)
(2006,248,Tyronn Lue,PG,28,ATL,51,10,24.2,3.8,8.2,.459,1.1,2.5,.457,2.6,5.7,.460,.529,2.3,2.7,.855,0.3,1.4,1.6,3.1,0.5,0.1,1.5,2.2,11.0)
(2006,252,Jamaal Magloire,C,27,MIL,82,82,30.1,3.5,7.5,.467,0.0,0.0,,3.5,7.5,.467,.467,2.2,4.1,.535,2.7,6.8,9.5,0.7,0.4,1.0,2.0,3.4,9.2)
(2006,256,Donyell Marshall,PF,32,CLE,81,0,25.6,3.3,8.3,.395,1.6,4.9,.324,1.7,3.4,.496,.490,1.1,1.5,.748,1.3,4.8,6.1,0.7,0.7,0.5,1.1,2.0,9.3)
(2006,260,Kevin Martin,SG,22,SAC,72,41,26.6,3.6,7.6,.480,0.9,2.5,.369,2.7,5.1,.534,.540,2.6,3.1,.847,0.8,2.8,3.6,1.3,0.8,0.1,1.1,1.9,10.8)
(2006,263,Sean May,PF,21,CHA,23,1,17.3,3.0,7.4,.409,0.0,0.2,.000,3.0,7.2,.422,.409,2.1,2.8,.766,1.8,2.9,4.7,1.0,0.7,0.5,1.4,2.5,8.2)
(2006,267,Tracy McGrady,SF,26,HOU,47,47,37.1,8.7,21.5,.406,1.6,5.0,.312,7.2,16.5,.434,.442,5.4,7.2,.747,1.0,5.6,6.5,4.8,1.3,0.9,2.6,1.9,24.4)
(2006,271,Stanislav Medvedenko,PF,26,LAL,2,0,3.0,0.5,1.0,.500,0.0,0.0,,0.5,1.0,.500,.500,0.0,0.0,,0.0,0.0,0.0,0.5,0.0,0.0,0.0,0.5,1.0)
(2006,275,Darius Miles,SF,24,POR,40,23,32.2,5.9,12.8,.461,0.1,0.3,.200,5.8,12.5,.466,.463,2.2,4.1,.534,0.6,4.0,4.6,1.8,1.1,1.0,2.5,2.5,14.0)
(2006,279,Mike Miller,SG,25,MEM,74,9,30.6,4.8,10.3,.466,1.9,4.6,.407,2.9,5.7,.513,.557,2.3,2.8,.800,0.6,4.8,5.4,2.7,0.7,0.4,1.9,2.3,13.7)
(2006,282,Nazr Mohammed,C,28,SAS,80,30,17.4,2.4,4.7,.504,0.0,0.0,,2.4,4.7,.504,.504,1.4,1.8,.785,2.0,3.2,5.2,0.5,0.3,0.6,1.1,2.8,6.2)
(2006,286,Alonzo Mourning*,C,35,MIA,65,20,20.0,2.9,4.8,.597,0.0,0.0,.000,2.9,4.8,.599,.597,2.0,3.4,.594,1.9,3.6,5.5,0.2,0.2,2.7,1.2,2.7,7.8)
(2006,290,Dikembe Mutombo*,C,39,HOU,64,23,14.9,0.8,1.5,.526,0.0,0.0,,0.8,1.5,.526,.526,1.1,1.4,.758,1.6,3.2,4.8,0.1,0.3,0.9,0.5,2.0,2.6)
(2006,294,Eduardo Najera,PF,29,DEN,64,3,22.6,2.0,4.7,.422,0.1,0.2,.333,1.9,4.5,.426,.429,1.4,1.8,.781,2.0,3.1,5.1,0.8,0.8,0.5,0.8,2.6,5.4)
(2006,298,Ira Newble,SG,31,CLE,36,3,9.8,0.5,1.6,.298,0.1,0.4,.231,0.4,1.2,.318,.325,0.3,0.4,.688,0.6,1.0,1.6,0.3,0.1,0.3,0.3,1.3,1.3)
(2006,301,Dirk Nowitzki,PF,27,DAL,81,81,38.1,9.3,19.3,.480,1.4,3.3,.406,7.9,16.0,.496,.515,6.7,7.4,.901,1.4,7.6,9.0,2.8,0.7,1.0,1.9,2.0,26.6)
(2006,305,Lamar Odom,PF,26,LAL,80,80,40.3,5.6,11.6,.481,1.0,2.7,.372,4.6,8.9,.514,.524,2.7,3.9,.690,2.3,7.0,9.2,5.5,0.9,0.8,2.7,3.2,14.8)
(2006,309,Michael Olowokandi,C,30,TOT,48,24,19.1,2.2,5.0,.446,0.0,0.0,,2.2,5.0,.446,.446,0.5,1.0,.511,1.0,3.5,4.6,0.5,0.5,0.7,1.1,2.5,5.0)
(2006,313,Andre Owens,PG,25,UTA,23,2,9.1,1.2,3.2,.365,0.1,0.7,.188,1.0,2.5,.414,.385,0.5,0.8,.667,0.5,0.4,0.9,0.3,0.2,0.0,0.6,1.1,3.0)
(2006,317,Jannero Pargo,PG,26,CHI,57,0,11.3,1.9,5.1,.373,0.7,1.8,.379,1.2,3.3,.370,.440,0.3,0.4,.810,0.1,0.9,1.1,1.6,0.4,0.0,1.1,1.0,4.8)
(2006,Rk,Player,Pos,Age,Tm,G,GS,MP,FG,FGA,FG%,3P,3PA,3P,2P,2PA,2P,eFG%,FT,FTA,FT%,ORB,DRB,TRB,AST,STL,BLK,TOV,PF,PTS)
(2006,324,Kendrick Perkins,C,21,BOS,68,40,19.6,2.0,3.9,.515,0.0,0.0,.000,2.0,3.9,.519,.515,1.2,1.9,.615,2.1,3.9,5.9,1.0,0.3,1.5,1.6,2.9,5.2)
(2006,328,Paul Pierce,SF,28,BOS,79,79,39.0,8.7,18.5,.471,1.4,4.0,.354,7.3,14.5,.503,.509,7.9,10.3,.772,1.0,5.7,6.7,4.7,1.4,0.4,3.5,2.8,26.8)
(2006,332,Scot Pollard,C,30,IND,45,32,17.1,1.6,3.4,.455,0.0,0.0,,1.6,3.4,.455,.455,0.6,0.8,.763,1.6,3.2,4.8,0.5,0.8,0.4,0.6,2.6,3.8)
(2006,336,Ronnie Price,PG,22,SAC,29,0,5.2,0.7,2.0,.362,0.2,0.9,.222,0.5,1.1,.484,.414,0.4,0.4,1.000,0.2,0.3,0.5,0.4,0.2,0.0,0.3,0.3,2.1)
(2006,340,Vladimir Radmanovic,PF,25,TOT,77,27,25.6,3.4,8.4,.407,1.8,4.6,.390,1.6,3.8,.429,.515,1.2,1.5,.816,0.8,3.8,4.6,1.8,0.8,0.4,1.2,2.7,9.8)
(2006,343,Theo Ratliff,C,32,POR,55,19,23.7,2.0,3.4,.571,0.0,0.0,,2.0,3.4,.571,.571,1.0,1.5,.651,1.6,3.5,5.1,0.5,0.3,1.6,0.9,2.6,4.9)
(2006,347,Jason Richardson,SG,25,GSW,75,75,38.4,8.5,19.2,.446,2.4,6.4,.384,6.1,12.8,.477,.509,3.7,5.5,.673,1.4,4.4,5.8,3.1,1.3,0.5,2.2,2.7,23.2)
(2006,351,Lawrence Roberts,C,23,MEM,33,0,5.5,0.6,1.3,.455,0.0,0.1,.000,0.6,1.3,.476,.455,0.3,0.7,.478,0.8,0.7,1.5,0.2,0.2,0.1,0.2,0.9,1.5)
(2006,355,Jalen Rose,SF-SG,33,TOT,72,45,27.5,4.0,9.5,.423,0.8,2.4,.343,3.2,7.1,.450,.466,3.4,4.4,.780,0.4,2.5,2.9,2.5,0.4,0.2,1.6,2.2,12.3)
(2006,359,Kareem Rush,SG,25,CHA,47,25,23.6,3.9,10.0,.386,1.2,3.5,.348,2.6,6.5,.407,.447,1.2,1.6,.714,0.4,1.8,2.2,1.1,0.8,0.3,1.4,1.7,10.1)
(2006,362,Jamal Sampson,PF,22,SAC,12,0,3.3,0.4,0.6,.714,0.0,0.0,,0.4,0.6,.714,.714,0.0,0.2,.000,0.4,1.1,1.5,0.4,0.0,0.3,0.0,0.4,0.8)
(2006,366,Luke Schenscher,C,23,CHI,20,0,7.5,0.8,1.3,.615,0.0,0.0,,0.8,1.3,.615,.615,0.2,0.7,.308,0.4,1.1,1.5,0.4,0.1,0.2,0.3,1.1,1.8)
(2006,370,James Singleton,SF,24,LAC,59,10,12.8,1.3,2.6,.510,0.2,0.3,.500,1.1,2.2,.511,.543,0.7,0.8,.780,1.1,2.3,3.3,0.5,0.3,0.4,0.5,1.6,3.4)
(2006,374,J.R. Smith,SG,20,NOK,55,25,18.0,2.6,6.7,.393,0.9,2.5,.371,1.7,4.1,.407,.464,1.5,1.8,.822,0.3,1.7,2.0,1.1,0.7,0.1,1.0,1.6,7.7)
(2006,378,Kirk Snyder,SG,22,NOK,68,45,19.3,3.0,6.7,.453,0.7,1.9,.357,2.3,4.8,.491,.503,1.3,1.7,.735,0.8,1.6,2.4,1.5,0.4,0.3,1.0,1.6,8.0)
(2006,381,Jerry Stackhouse,SG,31,DAL,55,11,27.7,4.4,11.0,.401,0.7,2.4,.277,3.7,8.6,.436,.431,3.5,4.0,.882,0.6,2.2,2.8,2.9,0.7,0.2,2.2,1.7,13.0)
(2006,385,Damon Stoudamire,PG,32,MEM,27,27,31.9,4.2,10.6,.397,1.3,3.9,.346,2.9,6.8,.426,.460,2.0,2.3,.855,0.9,2.7,3.5,4.7,0.7,0.0,2.0,1.8,11.7)
(2006,389,Robert Swift,C,20,SEA,47,20,21.0,2.6,5.1,.515,0.0,0.0,,2.6,5.1,.515,.515,1.1,1.9,.582,2.0,3.6,5.6,0.2,0.3,1.2,1.0,3.0,6.4)
(2006,393,Donell Taylor,SG,23,WAS,51,1,9.1,1.0,2.7,.390,0.1,0.3,.235,1.0,2.3,.412,.404,0.6,0.8,.698,0.3,0.7,1.0,0.9,0.6,0.1,0.7,0.9,2.7)
(2006,397,Billy Thomas,SG,30,WAS,17,0,7.7,0.8,2.4,.325,0.6,1.8,.333,0.2,0.6,.300,.450,0.1,0.1,1.000,0.3,0.5,0.8,0.5,0.6,0.1,0.4,1.1,2.2)
(2006,Rk,Player,Pos,Age,Tm,G,GS,MP,FG,FGA,FG%,3P,3PA,3P,2P,2PA,2P,eFG%,FT,FTA,FT%,ORB,DRB,TRB,AST,STL,BLK,TOV,PF,PTS)
(2006,404,Dijon Thompson,SG,22,PHO,10,0,4.3,1.1,2.5,.440,0.4,1.1,.364,0.7,1.4,.500,.520,0.2,0.2,1.000,0.4,0.7,1.1,0.1,0.3,0.1,0.2,0.6,2.8)
(2006,408,Ronny Turiaf,C,23,LAL,23,1,7.0,0.7,1.3,.500,0.0,0.0,,0.7,1.3,.500,.500,0.7,1.2,.556,0.5,1.1,1.6,0.3,0.1,0.4,0.3,1.3,2.0)
(2006,412,Nick Van Exel,PG,34,SAS,65,2,15.2,2.1,5.3,.397,0.8,2.4,.357,1.2,2.9,.429,.477,0.4,0.6,.683,0.1,1.3,1.4,1.9,0.2,0.0,0.9,0.9,5.5)
(2006,416,Charlie Villanueva,PF,21,TOR,81,36,29.1,5.4,11.6,.463,0.9,2.6,.327,4.5,9.0,.503,.500,1.4,2.0,.706,2.2,4.2,6.4,1.1,0.7,0.8,1.2,3.0,13.0)
(2006,420,Dwyane Wade,SG,24,MIA,75,75,38.6,9.3,18.8,.495,0.2,1.0,.171,9.1,17.8,.513,.499,8.4,10.7,.783,1.4,4.3,5.7,6.7,1.9,0.8,3.6,2.9,27.2)
(2006,423,Samaki Walker,PF,29,IND,7,0,3.1,0.0,0.3,.000,0.0,0.0,,0.0,0.3,.000,.000,0.3,0.3,1.000,0.0,0.4,0.4,0.0,0.0,0.1,0.3,1.0,0.3)
(2006,427,Matt Walsh,SG,23,MIA,2,0,1.5,0.5,0.5,1.000,0.0,0.0,,0.5,0.5,1.000,1.000,0.0,1.0,.000,0.0,0.0,0.0,0.0,0.0,0.0,0.5,0.0,1.0)
(2006,431,Chris Webber,PF,32,PHI,75,75,38.6,8.2,19.0,.434,0.3,1.0,.273,7.9,17.9,.443,.441,3.5,4.6,.756,2.5,7.4,9.9,3.4,1.4,0.8,2.4,2.9,20.2)
(2006,435,David Wesley,SG,35,HOU,71,59,33.4,3.2,7.9,.403,1.4,3.8,.365,1.8,4.1,.438,.491,2.1,2.6,.807,0.3,2.2,2.5,2.9,0.8,0.1,1.7,3.0,9.9)
(2006,439,Chris Wilcox,C-PF,23,TOT,77,24,19.9,3.3,5.8,.571,0.0,0.0,.000,3.3,5.8,.574,.571,1.5,2.0,.732,1.5,3.8,5.3,0.7,0.4,0.4,0.9,2.4,8.1)
(2006,442,Aaron Williams,C,34,TOT,48,5,16.5,1.9,3.7,.517,0.0,0.0,,1.9,3.7,.517,.517,0.8,1.2,.690,1.3,2.4,3.8,0.4,0.4,0.4,0.6,2.9,4.6)
(2006,446,Jason Williams,PG,30,MIA,59,56,31.8,4.5,10.3,.442,1.8,4.9,.372,2.7,5.4,.506,.531,1.4,1.7,.867,0.1,2.3,2.4,4.9,0.9,0.1,1.7,1.7,12.3)
(2006,450,Corliss Williamson,SF,32,SAC,37,0,9.8,1.2,2.8,.417,0.1,0.1,1.000,1.1,2.7,.406,.427,1.0,1.3,.776,0.6,1.2,1.8,0.4,0.2,0.1,0.8,1.5,3.4)
(2006,454,Antoine Wright,SG,21,NJN,39,0,9.5,0.7,2.1,.358,0.0,0.4,.067,0.7,1.7,.424,.364,0.3,0.6,.500,0.2,0.6,0.8,0.3,0.1,0.1,0.5,1.1,1.8)
(2006,458,Derrick Zimmerman,PG,24,NJN,2,0,16.0,1.0,1.5,.667,0.0,0.0,,1.0,1.5,.667,.667,0.0,0.0,,0.5,1.5,2.0,3.5,0.0,0.0,2.0,2.0,2.0)
