(1972,3,Mahdi Abdul-Rahman,PG,29,BUF,72,,33.2,6.3,13.9,.451,,,,6.3,13.9,.451,.451,3.3,4.2,.782,,,3.0,5.6,,,,3.2,15.8)
(1972,7,Odis Allison,SF,22,GSW,36,,4.6,0.5,2.2,.218,,,,0.5,2.2,.218,.218,0.9,1.7,.541,,,1.3,0.3,,,,0.9,1.9)
(1972,11,Jim Barnett,PG,27,GSW,80,,27.5,4.7,11.4,.409,,,,4.7,11.4,.409,.409,3.1,3.7,.836,,,3.1,3.9,,,,2.4,12.4)
(1972,15,Walt Bellamy*,C,32,ATL,82,,38.9,7.2,13.3,.545,,,,7.2,13.3,.545,.545,4.1,7.1,.585,,,12.8,3.2,,,,3.1,18.6)
(1972,19,Bill Bradley*,SF,28,NYK,78,,35.6,6.5,13.9,.465,,,,6.5,13.9,.465,.465,2.2,2.6,.849,,,3.2,4.0,,,,3.3,15.1)
(1972,22,Em Bryant,PG,33,BUF,54,,22.6,1.9,4.1,.459,,,,1.9,4.1,.459,.459,1.4,2.3,.600,,,2.4,3.8,,,,3.1,5.1)
(1972,26,Wilt Chamberlain*,C,35,LAL,82,,42.3,6.0,9.3,.649,,,,6.0,9.3,.649,.649,2.7,6.4,.422,,,19.2,4.0,,,,2.4,14.8)
(1972,30,Bob Christian,C,25,ATL,56,,8.7,1.2,2.5,.465,,,,1.2,2.5,.465,.465,0.8,1.1,.721,,,3.2,0.5,,,,1.4,3.1)
(1972,34,Jimmy Collins,SG,25,CHI,19,,7.1,1.4,3.7,.366,,,,1.4,3.7,.366,.366,0.5,0.6,.909,,,0.6,0.5,,,,0.6,3.3)
(1972,38,Billy Cunningham*,SF,28,PHI,75,,38.7,8.8,19.0,.461,,,,8.8,19.0,.461,.461,5.7,8.0,.712,,,12.2,5.9,,,,3.9,23.3)
(1972,41,Charlie Davis,SG,22,CLE,61,,18.8,3.8,9.3,.402,,,,3.8,9.3,.402,.402,2.3,2.8,.840,,,1.5,2.0,,,,2.3,9.8)
(1972,45,Jackie Dinkins,SF,22,CHI,18,,4.9,0.9,2.3,.415,,,,0.9,2.3,.415,.415,0.6,1.1,.550,,,1.1,0.4,,,,0.6,2.5)
(1972,49,Ken Durrett,SF,23,CIN,19,,12.3,1.6,4.2,.392,,,,1.6,4.2,.392,.392,1.1,1.5,.750,,,2.1,0.7,,,,2.2,4.4)
(1972,53,Keith Erickson,SF,27,LAL,15,,17.5,2.7,5.5,.482,,,,2.7,5.5,.482,.482,0.4,0.5,.857,,,2.6,2.3,,,,1.7,5.7)
(1972,57,Fred Foster,SF,25,PHI,74,,23.0,4.7,11.3,.415,,,,4.7,11.3,.415,.415,2.5,3.3,.761,,,3.7,1.2,,,,2.5,11.9)
(1972,Rk,Player,Pos,Age,Tm,G,GS,MP,FG,FGA,FG%,3P,3PA,3P%,2P,2PA,2P%,eFG%,FT,FTA,FT%,ORB,DRB,TRB,AST,STL,BLK,TOV,PF,PTS)
(1972,64,Gail Goodrich*,SG,28,LAL,82,,37.1,10.1,20.7,.487,,,,10.1,20.7,.487,.487,5.8,6.8,.850,,,3.6,4.5,,,,2.6,25.9)
(1972,68,Gary Gregor,SF,26,POR,82,,28.9,4.9,10.8,.451,,,,4.9,10.8,.451,.451,1.4,1.8,.755,,,7.2,2.3,,,,2.5,11.1)
(1972,72,Jeff Halliburton,SG,22,ATL,37,,7.8,1.6,3.6,.459,,,,1.6,3.6,.459,.459,0.7,0.8,.833,,,1.0,0.5,,,,1.4,4.0)
(1972,76,Connie Hawkins*,SF,29,PHO,76,,36.8,7.5,16.4,.459,,,,7.5,16.4,.459,.459,6.0,7.4,.807,,,8.3,3.9,,,,3.1,21.0)
(1972,80,Al Henry,C,22,PHI,43,,9.8,1.6,3.6,.436,,,,1.6,3.6,.436,.436,1.2,1.7,.699,,,3.2,0.2,,,,1.0,4.3)
(1972,83,Bill Hosket,PF,25,BUF,44,,13.5,2.0,4.1,.492,,,,2.0,4.1,.492,.492,1.0,1.2,.808,,,2.8,0.9,,,,1.8,5.0)
(1972,87,Darrall Imhoff,C,33,TOT,49,,9.8,1.1,2.7,.394,,,,1.1,2.7,.394,.394,0.5,0.9,.558,,,2.7,1.1,,,,2.0,2.6)
(1972,91,John Johnson,SF,24,CLE,82,,37.1,6.8,15.7,.433,,,,6.8,15.7,.433,.433,3.4,4.3,.785,,,7.7,5.1,,,,3.3,17.0)
(1972,95,Bob Kauffman,PF,25,BUF,77,,41.6,7.2,14.6,.497,,,,7.2,14.6,.497,.497,4.4,5.6,.795,,,10.2,3.9,,,,3.5,18.9)
(1972,99,Don Kojis,SF,33,SEA,73,,25.4,4.4,9.4,.469,,,,4.4,9.4,.469,.469,2.6,3.2,.793,,,4.6,1.1,,,,2.3,11.4)
(1972,102,Sam Lacey,C,23,CIN,81,,35.0,5.1,12.0,.422,,,,5.1,12.0,.422,.422,1.5,2.1,.704,,,12.0,2.1,,,,3.5,11.6)
(1972,106,Clyde Lee,PF,27,GSW,78,,34.3,3.3,7.0,.471,,,,3.3,7.0,.471,.471,1.5,2.8,.541,,,14.5,1.1,,,,3.1,8.1)
(1972,111,Jerry Lucas*,C,31,NYK,77,,38.0,7.1,13.8,.512,,,,7.1,13.8,.512,.512,2.6,3.2,.791,,,13.1,4.1,,,,2.8,16.7)
(1972,115,Jim Marsh,SF,25,POR,39,,9.6,1.0,3.0,.333,,,,1.0,3.0,.333,.333,1.1,1.5,.695,,,2.2,0.8,,,,1.3,3.1)
(1972,119,Jim McDaniels,C,23,SEA,12,,19.6,4.3,10.3,.415,,,,4.3,10.3,.415,.415,0.9,1.5,.611,,,6.8,0.8,,,,2.2,9.4)
(1972,122,Kenny McIntosh,SF,23,CHI,43,,9.4,1.3,3.9,.339,,,,1.3,3.9,.339,.339,0.5,1.0,.477,,,2.1,0.4,,,,1.0,3.1)
(1972,126,Cliff Meely,PF,24,HOU,77,,23.6,4.1,10.1,.406,,,,4.1,10.1,.406,.406,1.7,2.6,.675,,,6.6,1.5,,,,3.3,9.9)
(1972,130,Steve Mix,SF,24,DET,8,,13.0,1.9,5.9,.319,,,,1.9,5.9,.319,.319,0.9,1.5,.583,,,2.9,0.5,,,,0.9,4.6)
(1972,134,Erwin Mueller,PF,27,DET,42,,14.4,1.6,4.7,.345,,,,1.6,4.7,.345,.345,1.0,1.8,.581,,,3.5,1.4,,,,1.5,4.3)
(1972,138,Barry Nelson,C,22,MIL,28,,3.6,0.5,1.3,.417,,,,0.5,1.3,.417,.417,0.2,0.4,.500,,,0.7,0.3,,,,0.8,1.3)
(1972,141,Willie Norwood,SF,24,DET,78,,16.3,2.8,5.6,.505,,,,2.8,5.6,.505,.505,1.8,2.8,.651,,,4.1,0.6,,,,2.9,7.5)
(1972,145,Curtis Perry,C,23,TOT,75,,24.3,2.4,6.5,.372,,,,2.4,6.5,.372,.372,1.0,1.6,.639,,,7.9,1.3,,,,3.5,5.8)
(1972,149,Mike Price,SG,23,NYK,6,,6.7,0.8,2.3,.357,,,,0.8,2.3,.357,.357,1.5,1.8,.818,,,1.0,1.0,,,,1.7,3.2)
(1972,153,Willis Reed*,C,29,NYK,11,,33.0,5.5,12.5,.438,,,,5.5,12.5,.438,.438,2.5,3.5,.692,,,8.7,2.0,,,,2.7,13.4)
(1972,157,Mike Riordan,SF,26,TOT,58,,23.7,4.0,8.6,.467,,,,4.0,8.6,.467,.467,1.4,2.1,.677,,,2.2,2.2,,,,2.2,9.5)
(1972,Rk,Player,Pos,Age,Tm,G,GS,MP,FG,FGA,FG%,3P,3PA,3P%,2P,2PA,2P%,eFG%,FT,FTA,FT%,ORB,DRB,TRB,AST,STL,BLK,TOV,PF,PTS)
(1972,164,Tom Sanders*,SF,33,BOS,82,,19.9,2.6,6.4,.410,,,,2.6,6.4,.410,.410,1.4,1.7,.816,,,4.3,1.2,,,,3.1,6.6)
(1972,168,Paul Silas,PF,28,PHO,80,,38.5,6.1,12.9,.470,,,,6.1,12.9,.470,.470,5.4,7.0,.773,,,11.9,4.3,,,,2.5,17.5)
(1972,172,Garfield Smith,PF,26,BOS,26,,5.2,1.1,2.5,.424,,,,1.1,2.5,.424,.424,0.2,1.2,.194,,,1.4,0.3,,,,0.8,2.4)
(1972,176,Dick Snyder,SG,27,SEA,73,,34.7,6.8,12.8,.529,,,,6.8,12.8,.529,.529,3.0,3.5,.842,,,3.1,3.9,,,,2.7,16.6)
(1972,180,Fred Taylor,SG,23,TOT,34,,8.3,1.1,3.4,.308,,,,1.1,3.4,.308,.308,0.4,0.9,.469,,,1.6,0.5,,,,1.2,2.6)
(1972,183,George Trapp,PF,23,ATL,60,,14.8,2.4,6.5,.371,,,,2.4,6.5,.371,.371,1.8,2.3,.755,,,3.1,0.9,,,,2.4,6.6)
(1972,187,Wes Unseld*,C,25,BAL,76,,41.7,5.4,10.8,.498,,,,5.4,10.8,.498,.498,2.3,3.6,.629,,,17.6,3.7,,,,2.9,13.0)
(1972,191,Norm Van Lier,PG,24,TOT,79,,30.6,4.2,9.6,.439,,,,4.2,9.6,.439,.439,3.0,3.8,.790,,,4.5,6.9,,,,3.0,11.5)
(1972,195,Cornell Warner,PF,23,BUF,62,,20.0,2.6,5.9,.443,,,,2.6,5.9,.443,.443,0.9,1.3,.744,,,6.1,0.9,,,,2.0,6.2)
(1972,199,Jeff Webb,SG,23,TOT,46,,5.2,0.9,2.2,.400,,,,0.9,2.2,.400,.400,0.3,0.5,.696,,,0.8,0.5,,,,0.6,2.1)
(1972,202,Jerry West*,PG,33,LAL,77,,38.6,9.5,20.0,.477,,,,9.5,20.0,.477,.477,6.7,8.2,.814,,,4.2,9.7,,,,2.7,25.8)
(1972,206,Lenny Wilkens*,PG,34,SEA,80,,37.4,6.0,12.8,.466,,,,6.0,12.8,.466,.466,6.0,7.8,.774,,,4.2,9.6,,,,2.6,18.0)
(1972,210,Ron Williams,PG,27,GSW,80,,24.2,3.6,7.7,.474,,,,3.6,7.7,.474,.474,2.4,2.9,.833,,,1.8,3.9,,,,2.9,9.7)
(1972,214,Barry Yates,PF,26,PHI,24,,6.0,1.3,3.5,.373,,,,1.3,3.5,.373,.373,0.3,0.5,.636,,,1.7,0.3,,,,0.6,2.9)
