(1972,Rk,Player,Pos,Age,Tm,G,GS,MP,FG,FGA,FG%,3P,3PA,3P%,2P,2PA,2P%,eFG%,FT,FTA,FT%,ORB,DRB,TRB,AST,STL,BLK,TOV,PF,PTS)
(1972,4,Don Adams,SF,24,TOT,73,,28.4,4.3,10.9,.392,,,,4.3,10.9,.392,.392,2.8,3.8,.745,,,6.9,1.9,,,,3.6,11.4)
(1972,8,Tiny Archibald*,PG,23,CIN,76,,43.1,9.7,19.9,.486,,,,9.7,19.9,.486,.486,8.9,10.8,.822,,,2.9,9.2,,,,2.6,28.2)
(1972,12,Vic Bartolome,C,23,GSW,38,,4.3,0.4,1.6,.254,,,,0.4,1.6,.254,.254,0.1,0.1,.800,,,1.6,0.1,,,,0.6,0.9)
(1972,16,Dave Bing*,PG,28,DET,45,,43.0,8.2,19.8,.414,,,,8.2,19.8,.414,.414,6.2,7.9,.785,,,4.1,7.0,,,,3.1,22.6)
(1972,20,Bill Bridges,PF,32,TOT,78,,35.3,4.9,10.0,.487,,,,4.9,10.0,.487,.487,2.8,4.1,.703,,,13.5,2.5,,,,3.4,12.6)
(1972,23,Austin Carr,SG,23,CLE,43,,35.8,8.9,20.8,.426,,,,8.9,20.8,.426,.426,3.5,4.6,.760,,,3.5,3.4,,,,2.3,21.2)
(1972,27,Jerry Chambers,SF,28,BUF,26,,14.2,3.0,6.9,.433,,,,3.0,6.9,.433,.433,0.8,1.2,.688,,,2.6,0.9,,,,1.5,6.8)
(1972,31,Archie Clark,PG,30,TOT,77,,42.7,9.2,19.7,.470,,,,9.2,19.7,.470,.470,6.7,8.7,.771,,,3.5,8.0,,,,2.5,25.2)
(1972,35,Mel Counts,C,30,PHO,76,,11.9,1.9,4.5,.427,,,,1.9,4.5,.427,.427,1.3,1.8,.721,,,3.4,1.3,,,,2.1,5.2)
(1972,39,Dick Cunningham,C,25,HOU,63,,11.4,1.1,2.8,.385,,,,1.1,2.8,.385,.385,0.6,0.8,.698,,,3.9,0.9,,,,1.2,2.7)
(1972,42,Jim Davis,C,30,TOT,75,,13.1,2.0,4.5,.435,,,,2.0,4.5,.435,.435,1.3,2.1,.649,,,3.7,0.7,,,,1.8,5.3)
(1972,46,Bill Dinwiddie,PF,28,MIL,23,,6.3,0.7,2.5,.281,,,,0.7,2.5,.281,.281,0.2,0.4,.556,,,1.4,0.4,,,,1.0,1.6)
(1972,50,Johnny Egan,PG,33,HOU,38,,11.5,1.1,2.7,.404,,,,1.1,2.7,.404,.404,0.7,0.8,.813,,,0.7,1.3,,,,1.4,2.9)
(1972,54,Greg Fillmore,C,24,NYK,10,,6.7,0.7,2.7,.259,,,,0.7,2.7,.259,.259,0.1,0.3,.333,,,1.5,0.3,,,,1.7,1.5)
(1972,58,Jim Fox,C,28,TOT,81,,26.9,4.4,9.7,.449,,,,4.4,9.7,.449,.449,2.8,3.7,.764,,,8.8,1.1,,,,3.2,11.5)
(1972,61,Dick Gibbs,SF,23,HOU,64,,11.8,1.4,4.1,.340,,,,1.4,4.1,.340,.340,0.9,1.0,.833,,,2.2,0.8,,,,2.0,3.7)
(1972,65,Johnny Green,PF,38,CIN,82,,23.3,4.0,7.1,.569,,,,4.0,7.1,.569,.569,1.7,3.0,.564,,,6.8,1.5,,,,2.9,9.8)
(1972,69,Matt Guokas,SG,27,CIN,61,,32.4,3.1,6.3,.496,,,,3.1,6.3,.496,.496,1.0,1.4,.771,,,2.3,5.3,,,,2.5,7.3)
(1972,73,Art Harris,SG,25,PHO,21,,6.9,1.1,3.3,.329,,,,1.1,3.3,.329,.329,0.4,1.0,.429,,,0.6,0.9,,,,1.2,2.6)
(1972,77,Elvin Hayes*,C,26,HOU,82,,42.2,10.1,23.4,.434,,,,10.1,23.4,.434,.434,4.9,7.5,.649,,,14.6,3.3,,,,2.8,25.2)
(1972,Rk,Player,Pos,Age,Tm,G,GS,MP,FG,FGA,FG%,3P,3PA,3P%,2P,2PA,2P%,eFG%,FT,FTA,FT%,ORB,DRB,TRB,AST,STL,BLK,TOV,PF,PTS)
(1972,84,Greg Howard,PF,24,CLE,48,,8.9,1.0,2.7,.382,,,,1.0,2.7,.382,.382,0.8,1.1,.765,,,2.3,0.6,,,,1.0,2.9)
(1972,88,Luke Jackson,PF,30,PHI,63,,17.2,2.2,5.5,.396,,,,2.2,5.5,.396,.396,1.5,2.1,.692,,,4.9,1.4,,,,2.2,5.8)
(1972,92,Jake Jones,SG,22,TOT,17,,11.9,1.6,4.2,.389,,,,1.6,4.2,.389,.389,1.2,1.8,.645,,,1.5,0.7,,,,1.3,4.5)
(1972,96,Toby Kimball,PF,29,MIL,74,,13.1,1.4,3.1,.467,,,,1.4,3.1,.467,.467,0.6,1.1,.543,,,4.2,0.8,,,,1.9,3.5)
(1972,100,Howard Komives,PG,30,DET,79,,26.2,3.3,8.9,.373,,,,3.3,8.9,.373,.373,2.1,2.6,.808,,,2.2,3.7,,,,2.5,8.7)
(1972,103,Bob Lanier*,C,23,DET,80,,38.7,10.4,21.1,.493,,,,10.4,21.1,.493,.493,4.9,6.3,.768,,,14.2,3.1,,,,3.7,25.7)
(1972,107,Kevin Loughery,SG,31,TOT,76,,23.3,4.5,10.6,.422,,,,4.5,10.6,.422,.422,3.5,4.2,.822,,,2.4,2.6,,,,2.8,12.4)
(1972,112,Pete Maravich*,SG,24,ATL,66,,34.9,7.0,16.3,.427,,,,7.0,16.3,.427,.427,5.4,6.6,.811,,,3.9,6.0,,,,3.1,19.3)
(1972,116,Eddie Mast,PF,23,NYK,40,,6.8,1.0,2.8,.348,,,,1.0,2.8,.348,.348,0.6,1.0,.610,,,1.8,0.3,,,,1.0,2.6)
(1972,120,Jon McGlocklin,SG,28,MIL,80,,27.7,4.7,9.2,.510,,,,4.7,9.2,.510,.510,1.4,1.6,.865,,,2.3,2.9,,,,1.8,10.7)
(1972,123,Stan McKenzie,SF,27,POR,82,,24.8,5.0,10.2,.492,,,,5.0,10.2,.492,.492,3.8,4.6,.831,,,3.3,1.8,,,,2.9,13.8)
(1972,127,Dean Meminger,SG,23,NYK,78,,15.0,1.8,3.8,.474,,,,1.8,3.8,.474,.474,1.0,1.8,.564,,,2.4,1.3,,,,1.8,4.6)
(1972,131,Earl Monroe*,SG-PG,27,TOT,63,,21.2,4.6,10.5,.434,,,,4.6,10.5,.434,.434,2.8,3.6,.781,,,1.6,2.3,,,,2.2,11.9)
(1972,135,Jeff Mullins,SG,29,GSW,80,,40.2,8.6,18.3,.467,,,,8.6,18.3,.467,.467,4.4,5.5,.794,,,5.6,5.9,,,,3.3,21.5)
(1972,139,Don Nelson*,PF,31,BOS,82,,25.4,4.7,9.9,.480,,,,4.7,9.9,.480,.480,4.3,5.5,.788,,,5.5,2.3,,,,2.7,13.8)
(1972,142,Steve Patterson,C,23,CLE,65,,11.9,1.4,4.0,.357,,,,1.4,4.0,.357,.357,0.4,0.7,.500,,,3.5,0.8,,,,1.2,3.2)
(1972,146,Geoff Petrie,SG,23,POR,60,,35.9,7.8,18.6,.417,,,,7.8,18.6,.417,.417,3.4,4.3,.789,,,2.2,4.1,,,,1.8,18.9)
(1972,150,Bob Quick,SF,25,DET,18,,11.3,2.2,4.6,.476,,,,2.2,4.6,.476,.476,1.9,2.5,.756,,,2.8,0.6,,,,1.6,6.2)
(1972,154,Jackie Ridgle,SG,23,CLE,32,,3.3,0.6,1.4,.432,,,,0.6,1.4,.432,.432,0.6,0.8,.731,,,0.5,0.2,,,,0.5,1.8)
(1972,158,Rick Roberson,PF,24,CLE,63,,35.0,4.8,10.9,.442,,,,4.8,10.9,.442,.442,3.4,5.8,.587,,,12.7,1.7,,,,4.0,13.1)
(1972,161,Curtis Rowe,PF,22,DET,82,,32.5,4.5,9.8,.460,,,,4.5,9.8,.460,.460,2.3,3.5,.669,,,8.5,1.2,,,,2.1,11.3)
(1972,165,Dale Schlueter,C,26,POR,81,,33.2,4.4,8.3,.525,,,,4.4,8.3,.525,.525,3.0,4.0,.739,,,10.6,3.5,,,,3.4,11.7)
(1972,169,Jerry Sloan*,SG,29,CHI,82,,37.0,6.5,14.7,.444,,,,6.5,14.7,.444,.444,3.1,4.8,.660,,,8.4,2.6,,,,3.8,16.2)
(1972,173,Greg Smith,SF,25,TOT,82,,27.5,3.8,8.2,.461,,,,3.8,8.2,.461,.461,1.4,2.0,.661,,,5.9,2.7,,,,3.2,8.9)
(1972,177,Dave Sorenson,PF,23,CLE,76,,15.3,2.8,6.3,.448,,,,2.8,6.3,.448,.448,1.4,1.8,.779,,,4.0,1.1,,,,1.6,7.0)
(1972,Rk,Player,Pos,Age,Tm,G,GS,MP,FG,FGA,FG%,3P,3PA,3P%,2P,2PA,2P%,eFG%,FT,FTA,FT%,ORB,DRB,TRB,AST,STL,BLK,TOV,PF,PTS)
(1972,184,John Trapp,SF,26,LAL,58,,13.1,2.4,5.4,.443,,,,2.4,5.4,.443,.443,0.9,1.3,.699,,,3.1,0.7,,,,2.2,5.7)
(1972,188,John Vallely,SG,23,TOT,49,,7.5,1.4,3.5,.404,,,,1.4,3.5,.404,.404,0.6,0.9,.667,,,0.7,0.8,,,,1.0,3.4)
(1972,192,Neal Walk,C,23,PHO,81,,26.4,6.2,13.0,.479,,,,6.2,13.0,.479,.479,3.2,4.2,.744,,,8.2,1.9,,,,3.6,15.7)
(1972,196,John Warren,SG,24,CLE,68,,14.3,2.1,5.1,.417,,,,2.1,5.1,.417,.417,0.7,0.9,.845,,,2.0,1.3,,,,1.4,5.0)
(1972,200,Bob Weiss,PG,29,CHI,82,,29.9,4.4,10.1,.430,,,,4.4,10.1,.430,.430,2.6,3.1,.835,,,2.1,4.6,,,,2.6,11.3)
(1972,203,John Wetzel,SG,27,PHO,51,,8.2,0.6,1.6,.378,,,,0.6,1.6,.378,.378,0.5,0.6,.800,,,1.3,1.1,,,,1.4,1.7)
(1972,207,Art Williams,PG,32,BOS,81,,16.4,2.0,4.2,.475,,,,2.0,4.2,.475,.475,1.1,1.5,.756,,,3.2,4.0,,,,2.5,5.1)
(1972,211,Isaiah Wilson,SG,23,DET,48,,6.7,1.3,3.7,.356,,,,1.3,3.7,.356,.356,0.9,1.2,.732,,,1.0,0.9,,,,0.7,3.5)
(1972,215,Charlie Yelverton,SG,23,POR,69,,17.8,3.0,7.7,.389,,,,3.0,7.7,.389,.389,1.9,2.7,.707,,,2.9,1.2,,,,2.1,7.9)
