(1972,2,Kareem Abdul-Jabbar*,C,24,MIL,81,,44.2,14.3,24.9,.574,,,,14.3,24.9,.574,.574,6.2,9.0,.689,,,16.6,4.6,,,,2.9,34.8)
(1972,6,Lucius Allen,PG,24,MIL,80,,29.0,5.5,10.9,.505,,,,5.5,10.9,.505,.505,2.5,3.2,.764,,,3.2,4.2,,,,2.7,13.5)
(1972,10,Dick Barnett,SG,35,NYK,79,,28.6,5.1,11.6,.437,,,,5.1,11.6,.437,.437,2.1,2.7,.753,,,1.9,2.5,,,,2.9,12.2)
(1972,14,Butch Beard,PG,24,CLE,68,,35.8,5.8,12.5,.464,,,,5.8,12.5,.464,.464,3.8,5.0,.760,,,4.1,6.7,,,,3.1,15.4)
(1972,18,Tom Boerwinkle,C,26,CHI,80,,25.3,2.7,6.3,.438,,,,2.7,6.3,.438,.438,1.5,2.3,.656,,,11.2,3.5,,,,3.2,7.0)
(1972,21,Fred Brown,SG,23,SEA,33,,10.9,1.8,5.5,.328,,,,1.8,5.5,.328,.328,0.7,0.9,.759,,,1.1,1.8,,,,1.3,4.2)
(1972,25,Sid Catlett,SF,23,CIN,9,,4.4,0.2,1.0,.222,,,,0.2,1.0,.222,.222,0.2,1.0,.222,,,0.4,0.1,,,,0.3,0.7)
(1972,29,Phil Chenier,SG,21,BAL,81,,30.6,5.0,12.1,.415,,,,5.0,12.1,.415,.415,2.2,3.0,.737,,,3.3,2.5,,,,2.4,12.3)
(1972,33,Barry Clemens,SF,28,SEA,82,,17.6,3.1,5.9,.521,,,,3.1,5.9,.521,.521,0.9,1.1,.844,,,3.5,0.8,,,,2.4,7.1)
(1972,37,Pete Cross,C,23,SEA,74,,19.2,2.1,4.8,.428,,,,2.1,4.8,.428,.428,1.4,1.9,.736,,,6.9,0.9,,,,1.8,5.5)
(1972,Rk,Player,Pos,Age,Tm,G,GS,MP,FG,FGA,FG%,3P,3PA,3P%,2P,2PA,2P%,eFG%,FT,FTA,FT%,ORB,DRB,TRB,AST,STL,BLK,TOV,PF,PTS)
(1972,44,Dave DeBusschere*,PF,31,NYK,80,,38.4,6.5,15.2,.427,,,,6.5,15.2,.427,.427,2.4,3.3,.728,,,11.3,3.6,,,,2.7,15.4)
(1972,48,Terry Driscoll,PF,24,BAL,40,,7.8,1.0,2.6,.385,,,,1.0,2.6,.385,.385,0.7,1.0,.692,,,2.7,0.6,,,,1.3,2.7)
(1972,52,Leroy Ellis,C,31,LAL,74,,14.6,1.9,4.1,.460,,,,1.9,4.1,.460,.460,0.9,1.3,.695,,,4.2,0.6,,,,1.6,4.6)
(1972,56,Jake Ford,PG,25,SEA,26,,7.0,1.3,2.5,.500,,,,1.3,2.5,.500,.500,1.0,1.3,.788,,,0.4,1.0,,,,0.8,3.5)
(1972,60,Dick Garrett,SG,25,BUF,73,,26.1,4.5,10.1,.442,,,,4.5,10.1,.442,.442,1.9,2.2,.866,,,3.1,2.3,,,,3.1,10.8)
(1972,63,Clarence Glover,PF,24,BOS,25,,4.8,1.0,2.2,.455,,,,1.0,2.2,.455,.455,0.6,1.3,.469,,,1.8,0.2,,,,1.0,2.6)
(1972,67,Hal Greer*,PG,35,PHI,81,,29.8,4.8,10.7,.449,,,,4.8,10.7,.449,.449,2.2,2.9,.774,,,3.3,3.9,,,,3.3,11.8)
(1972,71,Shaler Halimon,SF,26,ATL,1,,4.0,0.0,0.0,,,,,0.0,0.0,,,0.0,0.0,,,,0.0,0.0,,,,1.0,0.0)
(1972,75,John Havlicek*,SF,31,BOS,82,,45.1,10.9,23.9,.458,,,,10.9,23.9,.458,.458,5.6,6.7,.834,,,8.2,7.5,,,,2.2,27.5)
(1972,79,Gar Heard,PF,23,SEA,58,,25.8,3.3,8.2,.401,,,,3.3,8.2,.401,.401,1.4,2.2,.617,,,7.6,0.9,,,,2.2,7.9)
(1972,82,Fred Hilton,SG,24,BUF,61,,22.1,5.1,13.0,.389,,,,5.1,13.0,.389,.389,1.5,2.0,.738,,,2.6,1.9,,,,2.4,11.6)
(1972,86,John Hummer,PF,23,BUF,55,,21.6,2.1,5.3,.390,,,,2.1,5.3,.390,.390,1.1,2.3,.468,,,4.2,1.3,,,,3.2,5.2)
(1972,90,Gus Johnson*,PF,33,BAL,39,,17.1,2.6,6.9,.383,,,,2.6,6.9,.383,.383,1.1,1.6,.683,,,5.8,1.3,,,,2.3,6.4)
(1972,94,Wali Jones,PG,29,MIL,48,,21.5,3.0,7.4,.407,,,,3.0,7.4,.407,.407,1.5,1.9,.822,,,1.6,2.9,,,,2.3,7.5)
(1972,98,Ron Knight,SF,24,POR,49,,9.9,2.3,5.2,.436,,,,2.3,5.2,.436,.436,0.6,1.3,.500,,,2.4,0.7,,,,1.1,5.2)
(1972,101,Steve Kuberski,PF,24,BOS,71,,15.9,2.6,6.3,.417,,,,2.6,6.3,.417,.417,1.1,1.4,.784,,,4.5,0.6,,,,1.8,6.3)
(1972,105,Mo Layton,PG,23,PHO,80,,23.1,3.8,9.0,.424,,,,3.8,9.0,.424,.424,1.5,2.1,.739,,,2.1,3.1,,,,2.7,9.1)
(1972,110,Charlie Lowery,PG,22,MIL,20,,6.7,0.9,1.9,.447,,,,0.9,1.9,.447,.447,0.6,0.9,.611,,,1.0,0.7,,,,0.8,2.3)
(1972,114,Harvey Marlatt,SG,23,DET,31,,16.3,1.9,4.8,.403,,,,1.9,4.8,.403,.403,1.2,1.4,.857,,,2.0,1.9,,,,2.1,5.0)
(1972,118,Willie McCarter,SG,25,POR,39,,15.7,2.6,6.6,.401,,,,2.6,6.6,.401,.401,0.9,1.4,.673,,,1.1,2.2,,,,1.5,6.2)
(1972,121,Gil McGregor,PF,22,CIN,42,,12.7,1.6,4.3,.363,,,,1.6,4.3,.363,.363,0.9,1.3,.696,,,3.5,0.4,,,,2.9,4.1)
(1972,125,Jim McMillian,SF,23,LAL,80,,38.1,8.0,16.6,.482,,,,8.0,16.6,.482,.482,2.7,3.5,.791,,,6.5,2.6,,,,2.6,18.8)
(1972,129,Eddie Miles,SG,31,NYK,42,,4.7,0.5,1.5,.359,,,,0.5,1.5,.359,.359,0.4,0.4,.889,,,0.4,0.4,,,,1.1,1.5)
(1972,133,Rex Morgan,SG,23,BOS,28,,5.4,0.6,1.8,.320,,,,0.6,1.8,.320,.320,0.8,1.1,.742,,,1.1,0.6,,,,1.2,2.0)
(1972,137,Dorie Murrey,PF,28,BAL,51,,8.3,0.8,2.2,.381,,,,0.8,2.2,.381,.381,0.5,0.8,.615,,,2.5,0.3,,,,1.5,2.2)
(1972,Rk,Player,Pos,Age,Tm,G,GS,MP,FG,FGA,FG%,3P,3PA,3P%,2P,2PA,2P%,eFG%,FT,FTA,FT%,ORB,DRB,TRB,AST,STL,BLK,TOV,PF,PTS)
(1972,144,Tom Payne,C,21,ATL,29,,7.8,1.6,3.6,.437,,,,1.6,3.6,.437,.437,1.0,1.6,.630,,,2.4,0.5,,,,1.4,4.1)
(1972,148,Bob Portman,SG,24,GSW,61,,9.1,1.5,3.6,.403,,,,1.5,3.6,.403,.403,0.9,1.0,.883,,,2.2,0.4,,,,1.1,3.8)
(1972,152,Clifford Ray,C,23,CHI,82,,22.8,2.7,5.4,.499,,,,2.7,5.4,.499,.499,1.6,2.7,.615,,,10.6,3.1,,,,3.6,7.0)
(1972,156,Rich Rinaldi,SG,22,BAL,39,,4.1,1.1,2.7,.404,,,,1.1,2.7,.404,.404,0.5,0.8,.667,,,0.5,0.4,,,,0.6,2.7)
(1972,160,Flynn Robinson,SG,30,LAL,64,,15.7,4.1,8.4,.490,,,,4.1,8.4,.490,.490,1.7,2.0,.860,,,1.8,2.2,,,,2.2,9.9)
(1972,163,Cazzie Russell,SF,27,GSW,79,,36.7,8.7,19.2,.455,,,,8.7,19.2,.455,.455,4.0,4.8,.833,,,5.4,3.1,,,,2.2,21.4)
(1972,167,Larry Siegfried,PG,32,TOT,31,,18.0,1.4,4.0,.350,,,,1.4,4.0,.350,.350,1.0,1.2,.865,,,1.4,2.3,,,,1.7,3.8)
(1972,171,Elmore Smith,C,22,BUF,78,,40.8,7.4,16.3,.454,,,,7.4,16.3,.454,.454,2.5,4.7,.534,,,15.2,1.4,,,,3.9,17.3)
(1972,175,William Smith,C,22,POR,22,,20.4,3.3,7.9,.416,,,,3.3,7.9,.416,.416,1.7,2.9,.594,,,6.1,0.9,,,,3.3,8.3)
(1972,179,Larry Steele,SG,22,POR,72,,18.2,2.1,4.3,.481,,,,2.1,4.3,.481,.481,1.0,1.3,.722,,,3.9,2.2,,,,2.8,5.1)
(1972,182,Rudy Tomjanovich,PF,23,HOU,78,,34.5,6.4,12.9,.495,,,,6.4,12.9,.495,.495,2.2,3.1,.723,,,11.8,1.5,,,,2.5,15.0)
(1972,186,Bill Turner,PF,27,GSW,62,,9.6,1.1,2.9,.392,,,,1.1,2.9,.392,.392,0.6,0.9,.755,,,2.1,0.4,,,,1.1,2.9)
(1972,190,Tom Van Arsdale,SF,28,CIN,73,,35.6,7.5,16.5,.456,,,,7.5,16.5,.456,.456,4.1,5.4,.755,,,4.8,2.7,,,,3.3,19.2)
(1972,194,Jimmy Walker,SG,27,DET,78,,39.5,8.1,17.8,.457,,,,8.1,17.8,.457,.457,5.1,6.2,.827,,,3.0,4.0,,,,2.5,21.3)
(1972,198,Jim Washington,PF,28,TOT,84,,35.3,4.7,10.5,.444,,,,4.7,10.5,.444,.444,3.0,3.8,.793,,,8.8,1.7,,,,3.3,12.4)
(1972,201,Walt Wesley,C,27,CLE,82,,26.6,5.0,12.3,.410,,,,5.0,12.3,.410,.410,2.4,3.5,.674,,,8.7,0.9,,,,3.0,12.4)
(1972,205,Sidney Wicks,PF,22,POR,82,,39.6,9.6,22.4,.427,,,,9.6,22.4,.427,.427,5.4,7.6,.710,,,11.5,4.3,,,,2.3,24.5)
(1972,209,Nate Williams,SG,21,CIN,81,,26.8,5.2,12.0,.432,,,,5.2,12.0,.432,.432,1.6,2.1,.738,,,4.6,2.1,,,,3.7,11.9)
(1972,213,Dave Wohl,PG,22,PHI,79,,20.6,3.1,7.2,.429,,,,3.1,7.2,.429,.429,2.0,2.6,.757,,,1.9,2.9,,,,2.9,8.1)
