(1972,1,Zaid Abdul-Aziz,C,25,SEA,58,,30.7,5.6,12.9,.429,,,,5.6,12.9,.429,.429,2.7,3.7,.720,,,11.3,2.1,,,,3.1,13.8)
(1972,5,Rick Adelman,PG,25,POR,80,,30.6,4.1,9.4,.437,,,,4.1,9.4,.437,.437,1.9,2.5,.751,,,2.9,5.2,,,,2.6,10.1)
(1972,9,Dennis Awtrey,C,23,PHI,58,,13.7,1.7,3.8,.441,,,,1.7,3.8,.441,.441,0.8,1.3,.645,,,4.3,0.9,,,,2.4,4.2)
(1972,13,Elgin Baylor*,SF,37,LAL,9,,26.6,4.7,10.8,.433,,,,4.7,10.8,.433,.433,2.4,3.0,.815,,,6.3,2.0,,,,2.2,11.8)
(1972,17,John Block,PF,27,MIL,79,,19.3,2.9,6.7,.440,,,,2.9,6.7,.440,.440,2.6,3.5,.749,,,5.2,1.2,,,,2.7,8.5)
(1972,Rk,Player,Pos,Age,Tm,G,GS,MP,FG,FGA,FG%,3P,3PA,3P%,2P,2PA,2P%,eFG%,FT,FTA,FT%,ORB,DRB,TRB,AST,STL,BLK,TOV,PF,PTS)
(1972,24,Fred Carter,SG,26,TOT,79,,28.0,5.6,12.9,.438,,,,5.6,12.9,.438,.438,2.3,3.7,.621,,,4.1,2.7,,,,3.1,13.6)
(1972,28,Don Chaney,SG,25,BOS,79,,28.8,4.7,9.9,.475,,,,4.7,9.9,.475,.475,2.5,3.2,.773,,,5.0,2.6,,,,3.7,11.9)
(1972,32,Jim Cleamons,PG,22,LAL,38,,5.3,0.9,2.6,.350,,,,0.9,2.6,.350,.350,0.7,0.9,.778,,,1.0,0.9,,,,0.6,2.6)
(1972,36,Dave Cowens*,C,23,BOS,79,,40.3,8.3,17.2,.484,,,,8.3,17.2,.484,.484,2.2,3.1,.720,,,15.2,3.1,,,,4.0,18.8)
(1972,40,Bob Dandridge,SF,24,MIL,80,,37.0,7.9,15.8,.498,,,,7.9,15.8,.498,.498,2.7,3.6,.739,,,7.7,3.1,,,,3.7,18.4)
(1972,43,Mike Davis,SG,25,BUF,62,,17.2,3.4,8.1,.425,,,,3.4,8.1,.425,.425,2.2,2.9,.767,,,1.9,1.3,,,,2.3,9.1)
(1972,47,Terry Dischinger,SF,31,DET,79,,26.1,3.7,7.3,.514,,,,3.7,7.3,.514,.514,2.0,2.5,.780,,,4.3,1.2,,,,3.7,9.4)
(1972,51,Joe Ellis,SF,27,GSW,78,,18.7,3.6,8.7,.411,,,,3.6,8.7,.411,.411,1.2,1.7,.720,,,5.0,1.2,,,,2.9,8.4)
(1972,55,Hank Finkel,C,29,BOS,78,,9.4,1.3,3.3,.406,,,,1.3,3.3,.406,.406,0.6,0.9,.581,,,3.2,0.8,,,,1.5,3.2)
(1972,59,Walt Frazier*,PG,26,NYK,77,,40.6,8.7,17.0,.512,,,,8.7,17.0,.512,.512,5.8,7.2,.808,,,6.7,5.8,,,,2.4,23.2)
(1972,62,Herm Gilliam,PG,25,ATL,82,,28.5,4.2,9.4,.446,,,,4.2,9.4,.446,.446,1.8,2.1,.838,,,4.1,4.6,,,,2.8,10.2)
(1972,66,Lamar Green,PF,24,PHO,67,,14.8,2.0,4.4,.446,,,,2.0,4.4,.446,.446,1.0,1.3,.733,,,5.2,0.7,,,,2.0,5.0)
(1972,70,Happy Hairston,PF,29,LAL,80,,34.4,4.6,10.0,.461,,,,4.6,10.0,.461,.461,3.9,5.0,.779,,,13.1,2.4,,,,3.1,13.1)
(1972,74,Clem Haskins,PG,28,PHO,79,,31.1,6.4,13.3,.483,,,,6.4,13.3,.483,.483,2.8,3.3,.853,,,3.4,3.7,,,,2.5,15.7)
(1972,78,Spencer Haywood*,PF,22,SEA,73,,43.4,9.8,21.3,.461,,,,9.8,21.3,.461,.461,6.6,8.0,.819,,,12.7,2.0,,,,2.8,26.2)
(1972,81,Bill Hewitt,PF,27,DET,68,,17.7,1.9,4.1,.473,,,,1.9,4.1,.473,.473,0.6,1.2,.500,,,5.4,1.0,,,,2.0,4.5)
(1972,85,Lou Hudson,SG,27,ATL,77,,39.5,10.1,20.0,.503,,,,10.1,20.0,.503,.503,4.5,5.6,.812,,,5.0,4.0,,,,2.9,24.7)
(1972,89,Phil Jackson*,PF,26,NYK,80,,15.9,2.6,5.8,.440,,,,2.6,5.8,.440,.440,2.1,2.9,.732,,,4.1,0.9,,,,2.8,7.2)
(1972,93,Nick Jones,SG,26,GSW,65,,7.4,1.3,3.0,.418,,,,1.3,3.0,.418,.418,0.8,0.9,.836,,,0.6,0.7,,,,1.7,3.3)
(1972,97,Jim King,SG,30,CHI,73,,13.9,2.2,4.9,.455,,,,2.2,4.9,.455,.455,1.2,1.5,.788,,,1.1,1.4,,,,1.4,5.7)
(1972,Rk,Player,Pos,Age,Tm,G,GS,MP,FG,FGA,FG%,3P,3PA,3P%,2P,2PA,2P%,eFG%,FT,FTA,FT%,ORB,DRB,TRB,AST,STL,BLK,TOV,PF,PTS)
(1972,104,Stu Lantz,SG,25,HOU,81,,38.2,6.9,15.8,.435,,,,6.9,15.8,.435,.435,4.8,5.7,.838,,,4.3,4.2,,,,2.6,18.5)
(1972,108,Bob Love,PF,29,CHI,79,,39.3,10.4,23.5,.442,,,,10.4,23.5,.442,.442,5.1,6.4,.784,,,6.6,1.6,,,,3.0,25.8)
(1972,109,Stan Love,PF,22,BAL,74,,17.9,3.3,7.2,.451,,,,3.3,7.2,.451,.451,1.4,1.9,.736,,,4.6,0.7,,,,2.7,7.9)
(1972,113,Jack Marin,SF,27,BAL,78,,37.5,8.8,18.5,.478,,,,8.8,18.5,.478,.478,4.6,5.1,.894,,,6.8,2.2,,,,3.1,22.3)
(1972,117,Don May,SF,26,ATL,75,,17.1,3.1,6.3,.492,,,,3.1,6.3,.492,.492,1.7,2.2,.768,,,2.9,0.7,,,,1.8,7.9)
(1972,Rk,Player,Pos,Age,Tm,G,GS,MP,FG,FGA,FG%,3P,3PA,3P%,2P,2PA,2P%,eFG%,FT,FTA,FT%,ORB,DRB,TRB,AST,STL,BLK,TOV,PF,PTS)
(1972,124,McCoy McLemore,SF,29,TOT,27,,9.1,1.0,2.6,.394,,,,1.0,2.6,.394,.394,0.7,0.9,.833,,,2.7,0.8,,,,1.2,2.8)
(1972,128,John Mengelt,SG,22,CIN,78,,18.4,3.7,7.8,.474,,,,3.7,7.8,.474,.474,2.7,3.2,.825,,,1.9,1.9,,,,2.1,10.0)
(1972,132,Otto Moore,C,25,PHO,81,,20.0,3.2,7.4,.436,,,,3.2,7.4,.436,.436,1.2,1.9,.603,,,6.7,1.1,,,,2.6,7.6)
(1972,136,Calvin Murphy*,PG,23,HOU,82,,31.0,7.0,15.3,.455,,,,7.0,15.3,.455,.455,4.3,4.8,.890,,,3.1,4.8,,,,3.6,18.2)
(1972,140,Mike Newlin,SG,23,HOU,82,,18.2,3.1,7.5,.414,,,,3.1,7.5,.414,.414,1.3,1.8,.750,,,2.8,1.6,,,,2.8,7.6)
(1972,143,Charlie Paulk,PF,25,TOT,35,,6.0,0.7,2.5,.273,,,,0.7,2.5,.273,.273,0.4,0.6,.714,,,1.8,0.3,,,,0.9,1.8)
(1972,147,Howard Porter,SF,23,CHI,67,,10.9,2.6,6.0,.424,,,,2.6,6.0,.424,.424,0.9,1.1,.766,,,2.7,0.4,,,,1.3,6.0)
(1972,151,Luther Rackley,C,25,TOT,71,,9.6,1.5,3.4,.429,,,,1.5,3.4,.429,.429,0.7,1.2,.568,,,2.9,0.3,,,,1.5,3.6)
(1972,155,Pat Riley*,SG,26,LAL,67,,13.8,2.9,6.6,.447,,,,2.9,6.6,.447,.447,0.8,1.1,.743,,,1.9,1.1,,,,1.6,6.7)
(1972,159,Oscar Robertson*,PG,33,MIL,64,,37.3,6.5,13.9,.472,,,,6.5,13.9,.472,.472,4.3,5.2,.836,,,5.0,7.7,,,,1.8,17.4)
(1972,162,Bob Rule,C,27,TOT,76,,29.3,6.1,13.9,.436,,,,6.1,13.9,.436,.436,3.0,4.4,.675,,,7.0,1.5,,,,2.5,15.1)
(1972,166,Charlie Scott,PG,23,PHO,6,,29.5,8.0,18.8,.425,,,,8.0,18.8,.425,.425,2.8,3.5,.810,,,3.8,4.3,,,,3.2,18.8)
(1972,170,Bingo Smith,SF,25,CLE,82,,33.3,6.4,14.5,.443,,,,6.4,14.5,.443,.443,2.2,2.7,.795,,,6.1,3.0,,,,2.7,15.0)
(1972,174,Randy Smith,SF,23,BUF,76,,27.6,5.7,11.8,.482,,,,5.7,11.8,.482,.482,2.1,3.3,.622,,,4.8,2.5,,,,2.7,13.4)
(1972,178,Dave Stallworth,SF,30,TOT,78,,26.2,4.3,10.0,.432,,,,4.3,10.0,.432,.432,1.9,2.4,.809,,,5.6,2.0,,,,2.8,10.6)
(1972,181,Nate Thurmond*,C,30,GSW,78,,43.1,8.1,18.6,.432,,,,8.1,18.6,.432,.432,5.3,7.2,.743,,,16.1,2.9,,,,2.7,21.4)
(1972,185,John Tresvant,PF,32,BAL,65,,18.9,2.5,5.5,.450,,,,2.5,5.5,.450,.450,1.9,2.3,.818,,,5.0,1.3,,,,2.7,6.8)
(1972,189,Dick Van Arsdale,SG,28,PHO,82,,37.8,6.6,14.4,.463,,,,6.6,14.4,.463,.463,6.5,7.6,.845,,,4.1,3.6,,,,2.8,19.7)
(1972,193,Chet Walker*,SF,31,CHI,78,,33.2,7.9,15.7,.505,,,,7.9,15.7,.505,.505,6.2,7.3,.847,,,6.1,2.3,,,,2.2,22.0)
(1972,197,Bobby Washington,PG,24,CLE,69,,14.0,1.8,4.5,.398,,,,1.8,4.5,.398,.398,1.5,1.9,.813,,,1.9,3.2,,,,2.0,5.1)
(1972,Rk,Player,Pos,Age,Tm,G,GS,MP,FG,FGA,FG%,3P,3PA,3P%,2P,2PA,2P%,eFG%,FT,FTA,FT%,ORB,DRB,TRB,AST,STL,BLK,TOV,PF,PTS)
(1972,204,Jo Jo White*,PG,25,BOS,79,,41.3,9.7,22.6,.431,,,,9.7,22.6,.431,.431,3.6,4.3,.831,,,5.6,5.3,,,,2.9,23.1)
(1972,208,Milt Williams,PG,26,ATL,10,,12.7,2.3,5.3,.434,,,,2.3,5.3,.434,.434,2.1,2.9,.724,,,0.4,2.0,,,,1.8,6.7)
(1972,212,Lee Winfield,PG,24,SEA,81,,25.2,4.2,8.5,.496,,,,4.2,8.5,.496,.496,2.2,3.2,.668,,,2.7,3.6,,,,2.4,10.6)
(1972,216,Gary Zeller,SG,24,BAL,28,,16.8,3.0,8.2,.362,,,,3.0,8.2,.362,.362,0.8,1.3,.629,,,2.3,1.1,,,,2.2,6.7)
