(1995,1,Alaa Abdelnaby,PF,26,TOT,54,0,9.4,2.2,4.3,.511,0.0,0.0,.000,2.2,4.2,.515,.511,0.4,0.6,.571,0.7,1.4,2.1,0.2,0.3,0.2,0.8,1.9,4.7)
(1995,5,Danny Ainge,SG,35,PHO,74,1,18.6,2.6,5.7,.460,1.1,2.9,.364,1.6,2.8,.558,.552,1.4,1.8,.808,0.3,1.1,1.5,2.8,0.6,0.1,1.1,2.1,7.7)
(1995,9,Kenny Anderson,PG,24,NJN,72,70,37.3,5.7,14.3,.399,1.3,4.1,.330,4.4,10.2,.426,.446,4.8,5.8,.841,1.0,2.5,3.5,9.4,1.4,0.2,3.1,2.6,17.6)
(1995,13,B.J. Armstrong,PG,27,CHI,82,82,31.4,5.1,10.9,.468,1.3,3.1,.427,3.8,7.8,.484,.528,2.5,2.8,.884,0.3,2.0,2.3,3.0,1.0,0.1,1.3,1.9,14.0)
(1995,17,Stacey Augmon,SG,26,ATL,76,76,31.1,5.2,11.5,.453,0.1,0.3,.269,5.1,11.2,.459,.457,3.3,4.6,.728,2.1,2.8,4.8,2.6,1.3,0.6,2.0,2.1,13.9)
(1995,Rk,Player,Pos,Age,Tm,G,GS,MP,FG,FGA,FG%,3P,3PA,3P%,2P,2PA,2P%,eFG%,FT,FTA,FT%,ORB,DRB,TRB,AST,STL,BLK,TOV,PF,PTS)
(1995,24,Sergei Bazarevich,PG,29,ATL,10,0,7.4,1.1,2.2,.500,0.1,0.6,.167,1.0,1.6,.625,.523,0.7,0.9,.778,0.1,0.6,0.7,1.4,0.1,0.1,0.7,1.0,3.0)
(1995,28,David Benoit,SF,26,UTA,71,67,25.9,4.0,8.3,.486,0.5,1.6,.330,3.5,6.6,.523,.518,1.9,2.2,.841,1.4,3.8,5.2,0.8,0.6,0.7,1.1,2.6,10.4)
(1995,32,Muggsy Bogues,PG,30,CHH,78,78,33.7,4.5,9.4,.477,0.1,0.4,.200,4.4,9.0,.489,.481,2.1,2.3,.889,0.7,2.6,3.3,8.7,1.3,0.0,1.7,1.9,11.1)
(1995,36,Anthony Bowie,SG,31,ORL,77,4,16.4,2.3,4.8,.480,0.2,0.5,.300,2.1,4.3,.502,.496,0.8,0.9,.836,0.7,1.1,1.8,2.1,0.6,0.3,1.1,1.8,5.5)
(1995,40,Tim Breaux,SF,24,HOU,42,2,8.1,1.1,2.9,.372,0.1,0.6,.240,0.9,2.3,.406,.397,0.8,1.2,.653,0.4,0.4,0.8,0.4,0.3,0.1,0.4,0.6,3.0)
(1995,43,Dee Brown,SG,26,BOS,79,69,35.3,5.5,12.4,.447,1.6,4.1,.385,3.9,8.2,.478,.512,3.0,3.5,.852,0.8,2.4,3.2,3.8,1.4,0.6,1.8,2.3,15.6)
(1995,47,Mark Bryant,PF,29,POR,49,0,13.4,2.1,3.9,.526,0.0,0.0,.500,2.0,3.9,.526,.529,0.8,1.3,.651,1.1,2.2,3.3,0.6,0.4,0.3,0.8,2.2,5.0)
(1995,51,Mitchell Butler,SG,24,WSB,76,5,20.4,2.8,6.7,.421,0.6,1.9,.326,2.2,4.8,.458,.467,1.6,2.4,.665,0.6,1.7,2.2,1.2,0.8,0.1,1.4,2.0,7.9)
(1995,55,Tony Campbell,SF,32,CLE,78,0,14.5,2.1,5.0,.411,0.2,0.5,.357,1.9,4.5,.417,.430,1.7,2.0,.830,0.8,1.2,2.0,0.9,0.4,0.1,0.8,1.6,6.0)
(1995,59,Duane Causwell,C,26,SAC,58,24,14.1,1.3,2.5,.517,0.0,0.0,.000,1.3,2.5,.521,.517,1.0,1.7,.582,1.0,2.0,3.0,0.3,0.2,1.4,0.6,2.5,3.6)
(1995,62,Rex Chapman,SG,27,WSB,45,29,32.6,5.6,14.2,.397,1.9,6.1,.314,3.7,8.1,.460,.465,3.0,3.5,.862,0.5,2.0,2.5,2.8,1.5,0.3,1.4,1.9,16.2)
(1995,66,Doug Christie,SG,24,NYK,12,0,6.6,0.4,1.8,.227,0.1,0.6,.143,0.3,1.3,.267,.250,0.3,0.4,.800,0.3,0.8,1.1,0.7,0.2,0.1,1.1,1.5,1.3)
(1995,70,Marty Conlon,C,27,MIL,82,3,25.2,4.2,7.9,.532,0.1,0.4,.276,4.1,7.5,.544,.538,1.5,2.4,.613,2.0,3.2,5.2,1.3,0.5,0.2,1.5,2.7,9.9)
(1995,74,Corey Crowder,SF,25,SAS,7,0,4.1,0.3,1.4,.200,0.0,0.6,.000,0.3,0.9,.333,.200,0.3,0.9,.333,0.1,0.3,0.4,0.1,0.1,0.0,0.3,0.1,0.9)
(1995,78,Lloyd Daniels,SG,27,TOT,30,14,20.1,2.7,7.0,.383,0.9,3.3,.260,1.8,3.6,.495,.445,0.7,0.9,.815,1.0,1.1,2.1,1.3,0.7,0.3,1.0,1.6,6.9)
(1995,81,Dale Davis,PF,25,IND,74,70,31.7,4.4,7.8,.563,0.0,0.0,.000,4.4,7.8,.563,.563,1.9,3.5,.533,3.5,5.9,9.4,0.8,1.0,1.6,1.7,3.0,10.6)
(1995,85,Tony Dawson,SF,27,BOS,2,0,6.5,1.5,4.0,.375,0.5,1.5,.333,1.0,2.5,.400,.438,0.5,0.5,1.000,0.0,1.5,1.5,0.5,0.0,0.0,1.0,2.0,4.0)
(1995,89,Bison Dele,C,25,DEN,63,10,20.0,3.1,5.3,.589,0.0,0.0,,3.1,5.3,.589,.589,1.7,2.6,.654,1.6,3.2,4.7,0.8,0.6,0.7,1.8,3.3,7.9)
(1995,93,Greg Dreiling,C,32,CLE,58,3,8.3,0.7,1.8,.412,0.0,0.0,,0.7,1.8,.412,.412,0.4,0.7,.634,0.6,1.4,2.0,0.4,0.1,0.4,0.4,1.9,1.9)
(1995,97,Joe Dumars*,SG,31,DET,67,67,38.0,6.2,14.5,.430,1.5,5.0,.305,4.7,9.4,.497,.483,4.1,5.1,.805,0.7,1.7,2.4,5.5,1.1,0.1,3.3,2.3,18.1)
(1995,Rk,Player,Pos,Age,Tm,G,GS,MP,FG,FGA,FG%,3P,3PA,3P%,2P,2PA,2P%,eFG%,FT,FTA,FT%,ORB,DRB,TRB,AST,STL,BLK,TOV,PF,PTS)
(1995,104,Doug Edwards,PF,24,ATL,38,0,5.6,0.6,1.3,.458,0.0,0.0,.000,0.6,1.2,.468,.458,0.6,0.8,.719,0.5,0.8,1.3,0.3,0.1,0.1,0.6,0.8,1.8)
(1995,108,Howard Eisley,PG,22,TOT,49,4,11.3,0.8,2.5,.328,0.2,0.8,.243,0.6,1.7,.365,.365,0.6,0.8,.775,0.2,0.7,1.0,1.9,0.4,0.1,1.0,1.7,2.4)
(1995,112,Harold Ellis,SF,24,LAC,69,7,9.5,1.3,2.7,.481,0.0,0.2,.077,1.3,2.6,.511,.484,1.0,1.7,.590,0.8,0.5,1.3,0.6,1.0,0.2,0.7,1.5,3.7)
(1995,116,Patrick Ewing*,C,32,NYK,79,79,37.0,9.2,18.4,.503,0.1,0.3,.286,9.2,18.1,.506,.505,5.3,7.1,.750,2.0,9.0,11.0,2.7,0.9,2.0,3.2,3.4,23.9)
(1995,120,Vern Fleming,PG,32,IND,55,1,12.5,1.7,3.4,.495,0.0,0.1,.000,1.7,3.3,.514,.495,1.2,1.6,.722,0.4,1.2,1.6,2.0,0.5,0.0,0.8,1.5,4.6)
(1995,123,Greg Foster,PF,26,TOT,78,3,14.7,1.9,4.1,.472,0.1,0.3,.304,1.8,3.8,.485,.483,1.0,1.4,.703,1.1,2.2,3.3,0.5,0.2,0.4,0.9,2.3,4.9)
(1995,127,Winston Garland,PG,30,MIN,73,58,26.5,2.3,5.6,.415,0.3,1.0,.253,2.1,4.6,.451,.438,1.2,1.5,.795,0.7,1.6,2.3,4.4,1.0,0.2,1.4,2.5,6.1)
(1995,131,Tate George,SG,26,MIL,3,0,2.7,0.3,1.0,.333,0.0,0.3,.000,0.3,0.7,.500,.333,0.7,0.7,1.000,0.3,0.0,0.3,0.0,0.0,0.0,0.7,0.3,1.3)
(1995,135,Ron Grandison,PF,30,NYK,2,0,4.0,0.5,2.0,.250,0.0,0.0,,0.5,2.0,.250,.250,0.0,0.0,,1.5,1.0,2.5,1.0,0.0,0.0,0.0,1.0,1.0)
(1995,139,Harvey Grant,PF,29,POR,75,14,23.6,3.8,8.3,.461,0.1,0.3,.308,3.7,7.9,.467,.467,1.4,1.9,.705,1.4,2.4,3.8,1.1,0.7,0.7,0.8,2.2,9.1)
(1995,142,A.C. Green,SF,31,PHO,82,52,32.8,3.8,7.5,.504,0.5,1.5,.339,3.3,6.0,.547,.539,3.1,4.2,.732,2.4,5.8,8.2,1.5,0.7,0.4,1.4,1.8,11.2)
(1995,146,Geert Hammink,C,25,ORL,1,0,7.0,1.0,3.0,.333,0.0,0.0,,1.0,3.0,.333,.333,2.0,2.0,1.000,0.0,2.0,2.0,1.0,0.0,0.0,0.0,1.0,4.0)
(1995,150,Tim Hardaway,PG,28,GSW,62,62,37.4,6.9,16.2,.427,2.7,7.2,.378,4.2,9.1,.465,.510,3.5,4.6,.760,0.7,2.3,3.1,9.3,1.4,0.2,3.5,2.5,20.1)
(1995,154,Lucious Harris,SG,24,DAL,79,31,21.5,3.5,7.7,.459,0.7,1.8,.387,2.8,5.9,.481,.504,1.7,2.2,.800,1.1,1.7,2.8,1.7,0.7,0.2,1.0,1.3,9.5)
(1995,158,Steve Henson,PG,26,POR,37,0,10.3,1.0,2.3,.430,0.6,1.4,.442,0.4,0.9,.412,.564,0.6,0.7,.880,0.1,0.6,0.7,2.3,0.2,0.0,0.8,1.4,3.2)
(1995,161,Sean Higgins,SF,26,NJN,57,7,12.9,1.8,4.8,.385,0.4,1.4,.295,1.4,3.4,.421,.427,0.6,0.7,.875,0.4,0.9,1.4,0.5,0.2,0.2,0.6,1.6,4.7)
(1995,165,Jeff Hornacek,SG,31,UTA,81,81,33.3,6.0,11.6,.514,1.1,2.7,.406,4.9,8.9,.547,.562,3.5,4.0,.882,0.7,1.9,2.6,4.3,1.6,0.2,1.8,2.2,16.5)
(1995,169,Tom Hovasse,SF,28,ATL,2,0,2.0,0.0,0.5,.000,0.0,0.5,.000,0.0,0.0,,.000,0.0,0.0,,0.0,0.0,0.0,0.0,0.5,0.0,0.0,0.5,0.0)
(1995,173,Bobby Hurley,PG,23,SAC,68,6,16.3,1.5,4.2,.363,0.3,1.1,.276,1.2,3.1,.394,.400,0.9,1.1,.763,0.2,0.8,1.0,3.3,0.4,0.0,1.6,1.2,4.2)
(1995,177,Keith Jennings,PG,26,GSW,80,24,21.5,2.4,5.3,.447,0.9,2.6,.368,1.4,2.8,.520,.535,1.7,1.9,.876,0.3,1.5,1.9,4.7,1.2,0.0,1.5,1.7,7.4)
(1995,Rk,Player,Pos,Age,Tm,G,GS,MP,FG,FGA,FG%,3P,3PA,3P%,2P,2PA,2P%,eFG%,FT,FTA,FT%,ORB,DRB,TRB,AST,STL,BLK,TOV,PF,PTS)
(1995,184,Eddie Jones,SG,23,LAL,64,58,31.0,5.3,11.6,.460,1.4,3.8,.370,3.9,7.8,.504,.521,1.9,2.6,.722,1.2,2.7,3.9,2.0,2.0,0.6,1.2,2.7,14.0)
(1995,188,Shawn Kemp,PF,25,SEA,82,79,32.7,6.6,12.2,.547,0.0,0.1,.286,6.6,12.1,.548,.548,5.3,7.1,.749,3.9,7.0,10.9,1.8,1.2,1.5,3.2,4.1,18.7)
(1995,192,Jason Kidd,PG,21,DAL,79,79,33.8,4.2,10.8,.385,0.9,3.3,.272,3.3,7.6,.433,.426,2.4,3.5,.698,1.9,3.5,5.4,7.7,1.9,0.3,3.2,1.8,11.7)
(1995,196,Joe Kleine,C,33,PHO,75,42,12.9,1.6,3.5,.449,0.0,0.0,.000,1.6,3.5,.452,.449,0.6,0.7,.857,1.1,2.4,3.5,0.5,0.2,0.2,0.5,2.3,3.7)
(1995,200,Toni Kukoc,SF,26,CHI,81,55,31.9,6.0,11.9,.504,0.8,2.4,.313,5.2,9.5,.553,.536,2.9,3.9,.748,1.9,3.5,5.4,4.6,1.3,0.2,2.0,2.0,15.7)
(1995,203,Antonio Lang,SF,22,PHO,12,0,4.4,0.3,0.8,.400,0.0,0.0,,0.3,0.8,.400,.400,0.3,0.3,.750,0.3,0.1,0.3,0.1,0.0,0.2,0.4,0.9,0.9)
(1995,205,Doug Lee,SG,30,SAC,22,0,3.4,0.4,1.1,.360,0.3,0.8,.389,0.1,0.3,.286,.500,0.8,1.0,.857,0.0,0.2,0.2,0.2,0.3,0.1,0.2,0.8,2.0)
(1995,209,Alton Lister,C,36,MIL,60,32,12.9,1.1,2.2,.493,0.0,0.0,.000,1.1,2.2,.496,.493,0.6,1.2,.500,1.1,2.8,3.9,0.2,0.3,1.0,0.6,2.4,2.8)
(1995,213,Ryan Lorthridge,SG,22,GSW,37,2,18.2,2.9,6.0,.475,0.1,0.4,.214,2.8,5.6,.493,.482,1.5,2.4,.648,0.6,1.3,1.9,2.7,0.8,0.0,1.5,1.1,7.4)
(1995,217,Gerald Madkins,SG,25,CLE,7,0,4.0,0.3,0.9,.333,0.1,0.3,.500,0.1,0.6,.250,.417,0.4,0.6,.750,0.0,0.0,0.0,0.1,0.3,0.0,0.4,0.3,1.1)
(1995,Rk,Player,Pos,Age,Tm,G,GS,MP,FG,FGA,FG%,3P,3PA,3P%,2P,2PA,2P%,eFG%,FT,FTA,FT%,ORB,DRB,TRB,AST,STL,BLK,TOV,PF,PTS)
(1995,224,Sarunas Marciulionis*,SG,30,SEA,66,4,18.1,3.3,6.9,.473,0.5,1.3,.402,2.7,5.6,.489,.511,2.2,3.0,.732,0.3,0.8,1.0,1.7,1.1,0.0,1.5,1.9,9.3)
(1995,228,Jamal Mashburn,SF,22,DAL,80,80,37.3,8.5,19.6,.436,1.4,4.3,.328,7.1,15.3,.466,.472,5.6,7.6,.739,1.5,2.7,4.1,3.7,1.0,0.1,2.9,2.4,24.1)
(1995,232,Lee Mayberry,PG,24,MIL,82,50,21.3,2.1,5.0,.422,0.9,2.2,.407,1.2,2.8,.433,.510,0.7,1.0,.699,0.3,0.7,1.0,3.4,0.6,0.0,1.3,1.5,5.8)
(1995,236,Derrick McKey,SF,28,IND,81,81,34.6,5.1,10.3,.493,0.4,1.1,.360,4.7,9.2,.509,.513,2.7,3.7,.744,1.5,3.3,4.9,3.4,1.5,0.6,2.1,3.2,13.3)
(1995,240,Anthony Miller,PF,23,LAL,46,1,11.5,1.5,2.9,.530,0.0,0.1,.400,1.5,2.8,.535,.538,1.0,1.7,.618,1.5,1.8,3.3,0.8,0.4,0.2,0.8,1.7,4.1)
(1995,243,Chris Mills,SF,25,CLE,80,79,35.2,4.5,10.7,.420,1.2,3.0,.392,3.3,7.7,.431,.475,2.2,2.7,.817,1.2,3.3,4.6,1.9,0.7,0.4,1.5,3.0,12.3)
(1995,247,Sam Mitchell,SF,31,IND,81,12,17.0,2.5,5.1,.487,0.0,0.1,.100,2.5,5.0,.496,.488,1.6,2.1,.724,1.2,1.8,3.0,0.8,0.5,0.2,0.7,2.5,6.5)
(1995,251,Dwayne Morton,PG,23,GSW,41,6,9.6,1.2,3.1,.388,0.2,0.6,.360,1.0,2.5,.394,.422,1.4,2.1,.682,0.5,0.9,1.4,0.4,0.3,0.4,0.7,1.1,4.1)
(1995,255,Gheorghe Muresan,C,23,WSB,73,58,23.6,4.2,7.4,.560,0.0,0.0,,4.2,7.4,.560,.560,1.7,2.4,.709,2.5,4.2,6.7,0.5,0.7,1.7,1.6,3.5,10.0)
(1995,259,Pete Myers,SG,31,CHI,71,14,17.9,1.7,4.0,.415,0.1,0.5,.256,1.5,3.5,.440,.432,1.0,1.6,.614,0.8,1.2,2.0,2.1,0.8,0.2,1.2,1.8,4.5)
(1995,262,Ken Norman,SF,30,ATL,74,27,25.4,5.2,11.6,.453,1.3,3.9,.344,3.9,7.7,.508,.511,0.9,1.9,.457,1.4,3.5,4.9,1.3,0.5,0.3,1.3,2.1,12.7)
(1995,266,Hakeem Olajuwon*,C,32,HOU,72,72,39.6,11.1,21.5,.517,0.0,0.2,.188,11.0,21.2,.520,.517,5.6,7.5,.756,2.4,8.4,10.8,3.5,1.8,3.4,3.3,3.5,27.8)
(1995,270,Billy Owens,SG,25,MIA,70,60,32.8,5.8,11.7,.491,0.0,0.3,.091,5.7,11.4,.503,.493,2.8,4.5,.620,2.9,4.3,7.2,3.5,1.1,0.4,2.9,2.9,14.3)
(1995,274,Anthony Peeler,SG,25,LAL,73,24,21.4,3.9,9.0,.432,1.2,3.0,.389,2.8,6.1,.454,.496,1.4,1.8,.797,0.8,1.5,2.3,1.7,0.7,0.2,1.1,2.0,10.4)
(1995,278,Elliot Perry,PG,25,PHO,82,51,24.1,3.7,7.2,.520,0.3,0.7,.417,3.4,6.4,.532,.542,1.9,2.4,.810,0.6,1.2,1.8,4.8,1.9,0.0,2.0,1.7,9.7)
(1995,281,Wesley Person,SG,23,PHO,78,56,23.1,4.0,8.2,.484,1.5,3.4,.436,2.5,4.8,.519,.575,1.0,1.3,.792,0.9,1.7,2.6,1.3,0.6,0.3,1.0,1.9,10.4)
(1995,285,Ricky Pierce,PG,35,GSW,27,6,24.9,4.1,9.4,.437,0.9,2.6,.329,3.3,6.8,.478,.482,3.4,3.9,.877,0.4,1.9,2.4,1.5,0.8,0.1,0.9,1.4,12.5)
(1995,289,Terry Porter,PG,31,POR,35,9,22.0,3.0,7.6,.393,1.3,3.3,.386,1.7,4.4,.399,.476,1.7,2.3,.707,0.5,1.8,2.3,3.8,0.9,0.1,1.7,1.7,8.9)
(1995,293,Kurt Rambis,PF,36,LAL,26,1,7.5,0.7,1.3,.514,0.0,0.0,,0.7,1.3,.514,.514,0.3,0.5,.667,0.4,0.9,1.3,0.6,0.1,0.3,0.3,1.3,1.7)
(1995,297,J.R. Reid,PF,26,SAS,81,37,19.3,2.5,4.9,.508,0.0,0.0,.500,2.5,4.9,.508,.509,2.0,2.9,.687,1.5,3.4,4.9,0.7,0.7,0.4,1.4,2.8,7.0)
(1995,Rk,Player,Pos,Age,Tm,G,GS,MP,FG,FGA,FG%,3P,3PA,3P%,2P,2PA,2P%,eFG%,FT,FTA,FT%,ORB,DRB,TRB,AST,STL,BLK,TOV,PF,PTS)
(1995,304,Fred Roberts,SF,34,CLE,21,0,10.6,1.3,3.4,.389,0.2,0.5,.364,1.1,2.9,.393,.417,1.0,1.2,.769,0.6,1.0,1.6,0.4,0.3,0.1,0.3,1.2,3.8)
(1995,308,James Robinson,PG,24,POR,71,25,21.7,3.6,8.8,.409,1.1,3.1,.341,2.5,5.6,.446,.470,0.9,1.5,.591,0.6,1.3,1.9,2.5,0.7,0.2,1.8,2.0,9.2)
(1995,312,Tree Rollins,C,39,ORL,51,3,9.4,0.4,0.8,.476,0.0,0.0,,0.4,0.8,.476,.476,0.4,0.6,.677,0.6,1.3,1.9,0.2,0.1,0.7,0.5,1.2,1.2)
(1995,316,Clifford Rozier,C,22,GSW,66,34,22.6,2.9,5.9,.485,0.0,0.1,.286,2.8,5.8,.488,.487,1.0,2.3,.447,3.0,4.3,7.4,0.7,0.5,0.6,1.3,3.0,6.8)
(1995,320,Danny Schayes,C,35,PHO,69,27,11.9,1.8,3.6,.508,0.0,0.0,1.000,1.8,3.6,.506,.510,0.7,1.0,.725,0.8,2.2,3.0,1.3,0.3,0.5,0.9,2.5,4.4)
(1995,323,Detlef Schrempf,SF,32,SEA,82,82,35.2,6.4,12.2,.523,1.1,2.2,.514,5.2,10.0,.525,.569,5.3,6.4,.839,1.6,4.5,6.2,3.8,1.1,0.4,2.1,3.1,19.2)
(1995,327,Rony Seikaly,C,29,GSW,36,35,28.8,4.5,8.7,.516,0.0,0.0,,4.5,8.7,.516,.516,3.1,4.4,.694,2.1,5.3,7.4,1.3,0.6,1.0,2.9,3.4,12.1)
(1995,331,Dickey Simpkins,PF,22,CHI,59,5,9.9,1.3,3.1,.424,0.0,0.0,,1.3,3.1,.424,.424,0.8,1.2,.694,1.0,1.5,2.6,0.6,0.2,0.1,0.8,1.2,3.5)
(1995,335,Chris Smith,SG,24,MIN,64,17,16.8,1.8,4.1,.439,0.7,1.7,.435,1.1,2.4,.442,.528,0.6,1.0,.651,0.2,0.9,1.1,2.3,0.5,0.3,0.8,1.9,5.0)
(1995,339,Michael Smith,PF,22,SAC,82,0,21.2,2.7,5.0,.542,0.0,0.0,.000,2.7,4.9,.545,.542,1.5,3.2,.485,2.1,3.8,5.9,0.8,0.7,0.6,1.3,2.9,6.9)
(1995,342,Rik Smits,C,28,IND,78,78,30.5,7.2,13.6,.526,0.0,0.0,.000,7.2,13.6,.527,.526,3.6,4.8,.753,2.5,5.2,7.7,1.4,0.5,1.0,2.4,3.6,17.9)
(1995,346,John Starks,SG,29,NYK,80,78,34.1,5.2,13.3,.395,2.7,7.6,.355,2.5,5.6,.448,.497,2.1,2.9,.737,0.4,2.3,2.7,5.1,1.2,0.1,2.0,3.2,15.3)
(1995,350,Mark Strickland,PF,24,IND,4,0,2.3,0.3,0.8,.333,0.0,0.0,,0.3,0.8,.333,.333,0.3,0.5,.500,0.5,0.5,1.0,0.0,0.0,0.3,0.3,0.0,0.8)
(1995,354,Aaron Swinson,SF,24,PHO,9,0,5.7,1.1,2.0,.556,0.0,0.0,,1.1,2.0,.556,.556,0.4,0.6,.800,0.3,0.6,0.9,0.3,0.1,0.0,0.6,0.9,2.7)
(1995,358,LaSalle Thompson,C,33,IND,38,3,11.9,1.3,3.1,.415,0.0,0.0,,1.3,3.1,.415,.415,0.4,0.4,.875,0.7,1.6,2.3,0.5,0.5,0.3,0.9,2.0,2.9)
(1995,361,Wayman Tisdale,PF,30,PHO,65,13,19.6,4.3,8.8,.484,0.0,0.0,,4.3,8.8,.484,.484,1.4,1.9,.770,1.3,2.5,3.8,0.7,0.4,0.4,1.0,2.9,10.0)
(1995,365,Henry Turner,PF,28,SAC,30,0,5.0,0.8,1.9,.404,0.1,0.2,.400,0.7,1.7,.404,.421,0.7,1.2,.571,0.6,0.4,0.9,0.2,0.3,0.0,0.4,0.7,2.3)
(1995,369,Loy Vaught,PF,26,LAC,80,79,37.1,7.6,14.8,.514,0.1,0.4,.212,7.5,14.4,.523,.517,2.2,3.1,.710,3.3,6.4,9.7,1.7,1.3,0.4,2.1,3.0,17.5)
(1995,373,Charlie Ward,PG,24,NYK,10,0,4.4,0.4,1.9,.211,0.1,1.0,.100,0.3,0.9,.333,.237,0.7,1.0,.700,0.1,0.5,0.6,0.4,0.2,0.0,0.8,0.7,1.6)
(1995,377,Chris Webber,PF,21,WSB,54,52,38.3,8.6,17.4,.495,0.7,2.7,.276,7.9,14.7,.535,.516,2.2,4.3,.502,3.7,5.9,9.6,4.7,1.5,1.6,3.1,3.4,20.1)
(1995,Rk,Player,Pos,Age,Tm,G,GS,MP,FG,FGA,FG%,3P,3PA,3P%,2P,2PA,2P%,eFG%,FT,FTA,FT%,ORB,DRB,TRB,AST,STL,BLK,TOV,PF,PTS)
(1995,384,Morlon Wiley,PG,28,TOT,43,2,9.9,1.2,2.7,.427,0.7,1.8,.380,0.5,0.9,.526,.556,0.2,0.2,.700,0.1,0.9,1.0,1.7,0.5,0.0,0.5,1.0,3.2)
(1995,388,Herb Williams,C,36,NYK,56,3,13.3,1.5,3.2,.456,0.0,0.0,,1.5,3.2,.456,.456,0.4,0.7,.622,0.4,1.9,2.4,0.5,0.2,0.8,0.7,1.9,3.3)
(1995,392,Lorenzo Williams,C,25,DAL,82,81,29.1,1.8,3.7,.477,0.0,0.0,,1.8,3.7,.477,.477,0.5,1.2,.376,3.5,4.9,8.4,1.5,0.6,1.8,1.3,3.7,4.0)
(1995,396,Scott Williams,PF,26,PHI,77,43,23.1,2.7,5.6,.475,0.0,0.1,.000,2.7,5.5,.482,.475,1.0,1.4,.738,2.2,4.1,6.3,0.8,0.9,0.5,1.1,3.1,6.4)
(1995,400,David Wingate,SG,31,CHH,52,9,9.9,1.0,2.3,.410,0.1,0.4,.182,0.9,1.9,.460,.426,0.3,0.5,.750,0.2,0.9,1.2,1.1,0.4,0.1,0.5,1.2,2.3)
(1995,403,David Wood,PF,30,GSW,78,13,17.1,2.0,4.2,.469,0.4,1.2,.341,1.6,3.0,.519,.517,1.2,1.5,.778,1.1,2.0,3.1,0.8,0.4,0.2,0.7,2.8,5.5)
(1995,407,Danny Young,PG,32,MIL,7,0,11.0,1.3,2.4,.529,0.7,1.7,.417,0.6,0.7,.800,.676,0.1,0.1,1.000,0.1,0.6,0.7,1.7,0.6,0.0,0.6,1.1,3.4)
