(1995,2,Mahmoud Abdul-Rauf,PG,25,DEN,73,43,28.5,6.5,13.8,.470,1.1,2.9,.386,5.3,10.8,.492,.511,1.9,2.1,.885,0.4,1.4,1.9,3.6,1.1,0.1,1.6,1.7,16.0)
(1995,6,Victor Alexander,C,25,GSW,50,29,24.7,4.6,8.9,.515,0.1,0.5,.240,4.5,8.4,.531,.521,0.7,1.2,.600,1.7,4.1,5.8,1.2,0.6,0.6,1.5,2.9,10.0)
(1995,10,Nick Anderson,SG,27,ORL,76,76,34.1,5.8,12.1,.476,2.4,5.7,.415,3.4,6.5,.528,.573,1.9,2.7,.704,1.1,3.3,4.4,4.1,1.6,0.3,1.9,1.6,15.8)
(1995,14,Darrell Armstrong,PG,26,ORL,3,0,2.7,1.0,2.7,.375,0.7,2.0,.333,0.3,0.7,.500,.500,0.7,0.7,1.000,0.3,0.0,0.3,1.0,0.3,0.0,0.3,1.0,3.3)
(1995,18,Anthony Avent,PF,25,ORL,71,3,15.0,1.5,3.4,.430,0.0,0.0,,1.5,3.4,.430,.430,0.7,1.1,.640,1.4,2.8,4.1,0.6,0.4,0.7,0.7,2.4,3.6)
(1995,21,Dana Barros,PG,27,PHI,82,82,40.5,7.0,14.2,.490,2.4,5.2,.464,4.6,9.0,.505,.575,4.2,4.7,.899,0.3,3.0,3.3,7.5,1.8,0.0,3.0,1.9,20.6)
(1995,25,Benoit Benjamin,C,30,NJN,61,57,26.2,4.4,8.7,.510,0.0,0.0,,4.4,8.7,.510,.510,2.2,2.9,.760,1.5,5.7,7.2,0.6,0.4,1.0,2.0,2.5,11.1)
(1995,29,James Blackwell,PG,26,TOT,13,0,6.2,0.6,1.0,.615,0.0,0.0,,0.6,1.0,.615,.615,0.2,0.2,.667,0.2,0.7,0.8,0.8,0.3,0.0,0.4,0.6,1.4)
(1995,33,Manute Bol,C,32,GSW,5,2,16.2,1.2,2.0,.600,0.6,1.0,.600,0.6,1.0,.600,.750,0.0,0.0,,0.2,2.2,2.4,0.0,0.0,1.8,0.2,2.0,3.0)
(1995,37,Sam Bowie,C,33,LAL,67,10,18.3,1.8,4.0,.442,0.0,0.2,.182,1.7,3.8,.453,.446,1.0,1.3,.764,1.1,3.2,4.3,1.8,0.3,1.2,1.4,2.7,4.6)
(1995,Rk,Player,Pos,Age,Tm,G,GS,MP,FG,FGA,FG%,3P,3PA,3P%,2P,2PA,2P%,eFG%,FT,FTA,FT%,ORB,DRB,TRB,AST,STL,BLK,TOV,PF,PTS)
(1995,44,Mike Brown,C,31,MIN,27,0,7.9,0.4,1.5,.250,0.0,0.0,.000,0.4,1.4,.256,.250,0.6,1.0,.556,0.3,1.3,1.7,0.4,0.3,0.0,0.6,1.3,1.3)
(1995,48,Jud Buechler,SF,26,CHI,57,0,10.6,1.6,3.2,.492,0.3,0.8,.313,1.3,2.4,.556,.533,0.4,0.7,.564,0.6,1.1,1.7,0.9,0.4,0.2,0.5,1.1,3.8)
(1995,52,Michael Cage,C,33,CLE,82,21,24.9,2.2,4.1,.521,0.0,0.0,.000,2.2,4.1,.524,.521,0.6,1.1,.602,2.5,4.4,6.9,0.7,0.7,0.8,0.7,1.8,5.0)
(1995,56,Antoine Carr,C,33,UTA,78,4,21.5,3.7,7.0,.531,0.0,0.1,.250,3.7,6.9,.533,.532,2.1,2.6,.821,1.0,2.4,3.4,0.9,0.3,0.9,1.1,3.2,9.6)
(1995,60,Cedric Ceballos,SF,25,LAL,58,54,35.0,8.6,16.8,.509,1.0,2.5,.397,7.6,14.3,.528,.538,3.6,5.0,.716,2.9,5.1,8.0,1.8,1.0,0.3,2.5,2.3,21.7)
(1995,63,Calbert Cheaney,SG,23,WSB,78,71,34.0,6.6,14.5,.453,1.2,3.6,.339,5.3,10.8,.492,.496,2.2,2.7,.812,1.3,2.8,4.1,2.3,1.0,0.3,1.9,2.8,16.6)
(1995,67,Derrick Coleman,PF,27,NJN,56,54,37.6,6.6,15.6,.424,0.5,2.1,.233,6.1,13.5,.454,.440,6.7,8.8,.767,3.0,7.6,10.6,3.3,0.6,1.7,3.1,2.9,20.5)
(1995,71,Lester Conner,SG,35,LAL,2,0,2.5,0.0,0.0,,0.0,0.0,,0.0,0.0,,,1.0,1.0,1.000,0.0,0.0,0.0,0.0,0.5,0.0,0.0,1.5,1.0)
(1995,75,Terry Cummings,PF,33,SAS,76,20,16.8,2.9,6.1,.483,0.0,0.0,,2.9,6.1,.483,.483,0.9,1.6,.585,1.8,3.2,5.0,0.8,0.5,0.3,1.3,2.5,6.8)
(1995,79,Yinka Dare,C,22,NJN,1,0,3.0,0.0,1.0,.000,0.0,0.0,,0.0,1.0,.000,.000,0.0,0.0,,0.0,1.0,1.0,0.0,0.0,0.0,1.0,2.0,0.0)
(1995,82,Hubert Davis,SG,24,NYK,82,4,20.7,3.6,7.5,.480,1.6,3.5,.455,2.0,4.0,.502,.586,1.2,1.5,.808,0.4,1.0,1.3,1.8,0.4,0.1,1.1,1.8,10.0)
(1995,86,Todd Day,SG,25,MIL,82,81,33.1,5.4,12.8,.424,2.0,5.1,.390,3.4,7.7,.447,.502,3.1,4.2,.754,1.2,2.8,3.9,1.6,1.3,0.8,1.9,3.5,16.0)
(1995,90,Vlade Divac,C,26,LAL,80,80,35.1,6.1,12.0,.507,0.1,0.7,.189,5.9,11.3,.525,.512,3.7,4.8,.777,3.3,7.1,10.4,4.1,1.4,2.2,2.6,3.8,16.0)
(1995,94,Clyde Drexler*,SG,32,TOT,76,75,35.9,7.5,16.3,.461,1.9,5.4,.360,5.6,10.9,.511,.521,4.8,5.8,.824,2.0,4.3,6.3,4.8,1.8,0.6,2.4,2.7,21.8)
(1995,98,Richard Dumas,SF,25,PHO,15,1,11.1,2.5,4.9,.507,0.0,0.1,.000,2.5,4.8,.514,.507,0.5,1.1,.500,1.2,0.7,1.9,0.5,0.7,0.1,0.6,1.5,5.5)
(1995,101,Ledell Eackles,SG,28,MIA,54,6,16.6,2.6,6.0,.439,0.3,0.8,.439,2.3,5.3,.439,.466,1.7,2.3,.722,0.6,1.1,1.8,1.3,0.4,0.0,1.0,1.6,7.3)
(1995,105,James Edwards,C,39,POR,28,0,9.5,1.1,3.0,.386,0.0,0.0,,1.1,3.0,.386,.386,0.4,0.6,.647,0.4,1.2,1.5,0.3,0.2,0.3,0.5,1.6,2.7)
(1995,109,Mario Elie,SF,31,HOU,81,13,23.4,3.0,6.0,.499,1.0,2.5,.398,2.0,3.5,.570,.581,1.8,2.1,.842,0.6,1.8,2.4,2.3,0.8,0.1,1.3,2.0,8.8)
(1995,113,LaPhonso Ellis,PF,24,DEN,6,0,9.7,1.5,4.2,.360,0.0,0.0,,1.5,4.2,.360,.360,1.0,1.0,1.000,1.2,1.7,2.8,0.7,0.2,0.8,0.8,2.0,4.0)
(1995,117,Duane Ferrell,SF,29,IND,56,1,10.8,1.5,3.1,.480,0.0,0.1,.167,1.5,3.0,.491,.483,1.1,1.5,.753,0.9,0.7,1.6,0.6,0.5,0.1,0.8,1.4,4.1)
(1995,Rk,Player,Pos,Age,Tm,G,GS,MP,FG,FGA,FG%,3P,3PA,3P%,2P,2PA,2P%,eFG%,FT,FTA,FT%,ORB,DRB,TRB,AST,STL,BLK,TOV,PF,PTS)
(1995,124,Rick Fox,SF,25,BOS,53,7,19.6,3.2,6.6,.481,0.6,1.4,.413,2.6,5.2,.500,.526,1.8,2.3,.772,1.2,1.8,2.9,2.6,1.0,0.4,1.5,2.9,8.8)
(1995,128,Chris Gatling,PF,27,GSW,58,22,25.3,5.6,8.8,.633,0.0,0.0,.000,5.6,8.8,.634,.633,2.6,4.3,.592,2.5,5.2,7.6,0.9,0.7,0.9,2.0,3.2,13.7)
(1995,132,Kendall Gill,SG,26,SEA,73,58,29.1,5.4,11.8,.457,0.9,2.3,.368,4.5,9.4,.479,.494,2.1,2.9,.742,1.4,2.6,4.0,2.6,1.6,0.4,1.9,2.5,13.7)
(1995,136,Brian Grant,PF,22,SAC,80,59,28.6,5.2,10.1,.511,0.0,0.1,.250,5.2,10.1,.512,.511,2.9,4.5,.636,2.6,4.9,7.5,1.2,0.6,1.5,2.0,3.5,13.2)
(1995,140,Horace Grant,PF,29,ORL,74,74,36.4,5.4,9.6,.567,0.0,0.1,.000,5.4,9.4,.574,.567,2.0,2.9,.692,3.0,6.6,9.7,2.3,1.0,1.2,1.1,2.7,12.8)
(1995,143,Tom Gugliotta,SF-PF,25,TOT,77,63,33.4,4.8,10.9,.443,0.8,2.4,.323,4.0,8.5,.478,.479,2.3,3.3,.690,2.1,5.3,7.4,3.6,1.7,0.8,2.5,2.6,12.7)
(1995,147,Tom Hammonds,PF,27,DEN,70,5,13.7,2.0,3.7,.535,0.0,0.0,.000,2.0,3.7,.537,.535,1.9,2.5,.746,0.8,2.4,3.2,0.5,0.2,0.2,0.8,1.9,5.9)
(1995,151,Jerome Harmon,SG,25,PHI,10,0,15.8,2.1,5.3,.396,0.1,0.1,1.000,2.0,5.2,.385,.406,0.3,0.6,.500,0.9,1.4,2.3,1.2,0.9,0.0,0.7,1.2,4.6)
(1995,155,Tony Harris,SG,27,BOS,3,0,6.0,1.0,2.7,.375,0.0,0.3,.000,1.0,2.3,.429,.375,2.7,3.0,.889,0.0,0.0,0.0,0.0,0.0,0.0,0.3,0.7,4.7)
(1995,159,Carl Herrera,PF,28,HOU,61,26,21.8,2.8,5.4,.523,0.0,0.0,.000,2.8,5.3,.526,.523,1.2,1.9,.624,1.6,3.0,4.6,0.7,0.7,0.6,1.2,2.2,6.8)
(1995,162,Grant Hill,SF,22,DET,70,69,38.3,7.3,15.2,.477,0.1,0.4,.148,7.2,14.8,.486,.479,5.3,7.3,.732,1.8,4.6,6.4,5.0,1.8,0.9,2.9,2.9,19.9)
(1995,166,Robert Horry,PF,24,HOU,64,61,32.4,3.8,8.4,.447,1.3,3.5,.379,2.4,4.8,.497,.527,1.3,1.8,.761,1.3,3.8,5.1,3.4,1.5,1.2,1.9,2.5,10.2)
(1995,170,Juwan Howard,PF,21,WSB,65,52,36.1,7.0,14.3,.489,0.0,0.1,.000,7.0,14.2,.492,.489,3.0,4.5,.664,2.8,5.6,8.4,2.5,0.8,0.2,2.6,3.6,17.0)
(1995,174,Jaren Jackson,SG,27,PHI,21,1,12.2,1.2,3.2,.368,0.2,0.7,.267,1.0,2.5,.396,.397,0.8,1.1,.667,0.9,1.1,2.0,0.9,0.4,0.2,0.8,1.6,3.3)
(1995,178,Avery Johnson,PG,29,SAS,82,82,36.7,5.5,10.5,.519,0.0,0.3,.136,5.4,10.3,.529,.521,2.5,3.6,.685,0.6,1.9,2.5,8.2,1.4,0.2,2.5,1.9,13.4)
(1995,181,Larry Johnson,PF,25,CHH,81,81,39.9,7.2,15.0,.480,1.0,2.6,.386,6.2,12.5,.500,.513,3.4,4.4,.774,2.3,4.9,7.2,4.6,1.0,0.3,2.6,2.1,18.8)
(1995,185,Popeye Jones,PF,24,DAL,80,80,29.8,4.7,10.5,.443,0.0,0.2,.083,4.6,10.3,.449,.444,1.0,1.6,.645,4.1,6.4,10.6,2.0,0.4,0.3,1.6,3.3,10.3)
(1995,189,Steve Kerr,PG,29,CHI,82,0,22.4,3.2,6.0,.527,1.1,2.1,.524,2.1,4.0,.529,.617,0.8,1.0,.778,0.2,1.2,1.5,1.8,0.5,0.0,0.6,1.4,8.2)
(1995,193,Rich King,C,25,SEA,2,0,3.0,0.0,1.0,.000,0.0,0.0,,0.0,1.0,.000,.000,0.0,1.0,.000,0.0,0.0,0.0,0.0,0.0,0.0,0.0,0.5,0.0)
(1995,197,Negele Knight,PG,27,TOT,47,17,15.1,1.8,4.6,.397,0.2,0.6,.393,1.6,4.0,.398,.423,0.4,0.5,.720,0.4,0.9,1.3,2.7,0.4,0.1,1.0,1.5,4.2)
(1995,Rk,Player,Pos,Age,Tm,G,GS,MP,FG,FGA,FG%,3P,3PA,3P%,2P,2PA,2P%,eFG%,FT,FTA,FT%,ORB,DRB,TRB,AST,STL,BLK,TOV,PF,PTS)
(1995,204,Eric Leckner,C,28,DET,57,11,10.9,1.5,2.9,.527,0.0,0.0,.000,1.5,2.9,.534,.527,0.9,1.3,.708,0.8,2.2,3.1,0.2,0.3,0.3,0.7,2.1,3.9)
(1995,206,Tim Legler,SG,28,GSW,24,0,15.5,2.5,4.8,.522,1.1,2.1,.520,1.4,2.7,.523,.635,1.3,1.4,.882,0.5,1.2,1.7,1.1,0.5,0.0,0.8,1.4,7.3)
(1995,210,Brad Lohaus,PF,30,MIA,61,1,12.0,1.6,3.8,.420,1.0,2.5,.406,0.6,1.2,.447,.556,0.2,0.2,.667,0.5,1.2,1.7,0.7,0.3,0.4,0.5,1.4,4.4)
(1995,214,George Lynch,SF,24,LAL,56,15,17.0,2.5,5.3,.468,0.1,0.4,.143,2.4,4.9,.493,.473,1.1,1.5,.721,1.3,1.9,3.3,1.1,0.9,0.2,1.3,1.5,6.1)
(1995,218,Rick Mahorn,PF,36,NJN,58,7,10.9,1.4,2.6,.523,0.0,0.1,.333,1.3,2.6,.527,.526,0.7,0.8,.796,0.8,2.0,2.8,0.4,0.2,0.2,0.6,1.6,3.4)
(1995,221,Karl Malone*,PF,31,UTA,82,82,38.1,10.1,18.9,.536,0.1,0.5,.268,10.0,18.4,.543,.540,6.3,8.5,.742,1.9,8.7,10.6,3.5,1.6,1.0,2.9,3.3,26.7)
(1995,225,Donyell Marshall,SF,21,TOT,72,31,29.0,4.8,12.2,.394,1.0,3.4,.284,3.8,8.8,.436,.433,2.0,3.1,.662,1.9,3.7,5.6,1.5,0.6,1.2,1.6,2.2,12.6)
(1995,229,Anthony Mason,PF,28,NYK,77,11,32.4,3.7,6.6,.566,0.0,0.0,.000,3.7,6.6,.567,.566,2.5,3.9,.641,2.4,6.1,8.4,3.1,0.9,0.3,1.6,3.3,9.9)
(1995,233,George McCloud,SF,27,DAL,42,3,19.1,3.4,7.8,.439,0.8,2.1,.382,2.6,5.7,.460,.491,1.9,2.3,.833,2.0,1.5,3.5,1.3,0.5,0.2,1.0,1.7,9.6)
(1995,237,Aaron McKie,SG,22,POR,45,20,18.4,2.6,5.8,.444,0.2,0.6,.393,2.3,5.2,.451,.466,1.1,1.6,.685,0.8,2.1,2.9,2.0,0.8,0.4,0.9,2.2,6.5)
(1995,Rk,Player,Pos,Age,Tm,G,GS,MP,FG,FGA,FG%,3P,3PA,3P%,2P,2PA,2P%,eFG%,FT,FTA,FT%,ORB,DRB,TRB,AST,STL,BLK,TOV,PF,PTS)
(1995,244,Terry Mills,PF,27,DET,72,69,34.9,5.8,13.0,.447,1.5,4.0,.382,4.3,9.0,.475,.505,2.4,3.0,.799,1.7,6.0,7.8,2.2,0.9,0.5,2.0,3.5,15.5)
(1995,248,Eric Mobley,C,24,MIL,46,26,12.8,1.7,2.9,.591,0.0,0.0,1.000,1.7,2.8,.585,.598,0.5,1.0,.489,1.2,2.1,3.3,0.5,0.2,0.6,0.5,1.4,3.9)
(1995,252,Alonzo Mourning*,C,24,CHH,77,77,38.2,7.4,14.3,.519,0.1,0.4,.324,7.3,13.9,.525,.524,6.4,8.4,.761,2.6,7.3,9.9,1.4,0.6,2.9,3.1,3.6,21.3)
(1995,256,Lamond Murray,SF,21,LAC,81,61,31.6,5.4,13.5,.402,0.8,2.7,.298,4.6,10.8,.427,.431,2.5,3.3,.754,1.6,2.7,4.4,1.6,0.9,0.7,2.0,2.2,14.1)
(1995,260,Ivano Newbill,SF,24,DET,34,0,9.7,0.5,1.3,.356,0.0,0.0,,0.5,1.3,.356,.356,0.2,0.6,.364,1.2,1.2,2.4,0.5,0.4,0.3,0.4,1.8,1.2)
(1995,263,Julius Nwosu,C,23,SAS,23,0,3.7,0.4,1.2,.321,0.0,0.0,,0.4,1.2,.321,.321,0.6,0.7,.765,0.5,0.6,1.0,0.1,0.0,0.1,0.4,0.9,1.3)
(1995,267,Brian Oliver,SG,26,WSB,6,0,7.0,0.7,1.5,.444,0.0,0.0,,0.7,1.5,.444,.444,1.0,1.3,.750,0.0,0.7,0.7,0.7,0.0,0.0,0.5,1.3,2.3)
(1995,271,Robert Pack,PG,25,DEN,42,32,27.2,4.0,9.4,.430,0.7,1.7,.417,3.3,7.7,.433,.468,3.3,4.2,.783,0.5,2.2,2.7,6.9,1.5,0.1,3.2,2.4,12.1)
(1995,275,Mike Peplowski,C,24,DET,6,0,3.5,0.8,0.8,1.000,0.0,0.0,,0.8,0.8,1.000,1.000,0.2,0.3,.500,0.2,0.3,0.5,0.2,0.2,0.0,0.3,1.7,1.8)
(1995,279,Tim Perry,PF,29,PHI,42,1,10.6,0.6,1.9,.346,0.0,0.3,.000,0.6,1.5,.422,.346,0.5,1.0,.550,0.9,1.2,2.1,0.3,0.2,0.4,0.5,1.2,1.8)
(1995,282,Derrick Phelps,PG,22,SAC,3,0,1.7,0.0,0.3,.000,0.0,0.0,,0.0,0.3,.000,.000,0.0,0.7,.000,0.0,0.0,0.0,0.3,0.0,0.0,0.0,1.0,0.0)
(1995,286,Ed Pinckney,PF,31,MIL,62,17,13.5,0.8,1.6,.495,0.0,0.0,,0.8,1.6,.495,.495,0.7,1.0,.710,1.0,2.4,3.4,0.3,0.5,0.3,0.4,1.0,2.3)
(1995,290,Mark Price,PG,30,CLE,48,34,28.6,5.3,12.8,.413,2.1,5.3,.407,3.1,7.5,.418,.498,3.1,3.4,.914,0.5,1.8,2.3,7.0,0.7,0.1,3.0,1.0,15.8)
(1995,294,Mark Randall,PF,27,DEN,8,0,4.9,0.4,1.3,.300,0.0,0.1,.000,0.4,1.1,.333,.300,0.0,0.0,,0.5,1.0,1.5,0.1,0.0,0.0,0.1,0.6,0.8)
(1995,298,Glen Rice,SF,27,MIA,82,82,36.8,8.1,17.1,.475,2.3,5.5,.410,5.9,11.6,.506,.541,3.8,4.5,.855,1.2,3.4,4.6,2.3,1.4,0.2,1.9,2.5,22.3)
(1995,301,Isaiah Rider,SG,23,MIN,75,67,35.3,7.4,16.7,.447,1.9,5.3,.351,5.6,11.4,.491,.502,3.7,4.5,.817,1.2,2.1,3.3,3.3,0.9,0.3,3.1,2.6,20.4)
(1995,305,Clifford Robinson,SF,28,POR,75,73,36.3,8.0,17.6,.452,1.9,5.1,.371,6.1,12.5,.486,.506,3.5,5.1,.694,2.0,3.6,5.6,2.6,1.1,1.1,2.1,3.2,21.3)
(1995,309,Dennis Rodman*,PF,33,SAS,49,26,32.0,2.8,4.9,.571,0.0,0.0,.000,2.8,4.9,.576,.571,1.5,2.3,.676,5.6,11.2,16.8,2.0,0.6,0.5,2.0,3.2,7.1)
(1995,313,Sean Rooks,C,25,MIN,80,70,30.1,3.6,7.7,.470,0.0,0.1,.000,3.6,7.6,.474,.470,3.6,4.8,.761,2.1,4.0,6.1,1.2,0.4,0.9,1.8,2.6,10.9)
(1995,317,Trevor Ruffin,PG,24,PHO,49,1,6.5,1.7,4.0,.426,0.8,2.0,.384,0.9,2.0,.469,.523,0.6,0.8,.711,0.2,0.3,0.5,1.0,0.3,0.0,1.0,1.1,4.8)
(1995,Rk,Player,Pos,Age,Tm,G,GS,MP,FG,FGA,FG%,3P,3PA,3P%,2P,2PA,2P%,eFG%,FT,FTA,FT%,ORB,DRB,TRB,AST,STL,BLK,TOV,PF,PTS)
(1995,324,Byron Scott,PG,33,IND,80,1,19.1,3.3,7.3,.455,1.0,2.5,.389,2.3,4.8,.489,.522,2.4,2.8,.850,0.2,1.7,1.9,1.4,0.8,0.2,1.5,1.5,10.0)
(1995,328,Charles Shackleford,PF,28,MIN,21,2,11.4,1.9,3.1,.600,0.0,0.0,,1.9,3.1,.600,.600,0.8,1.0,.800,0.8,2.4,3.2,0.4,0.4,0.3,0.4,2.2,4.5)
(1995,332,Scott Skiles,PG,30,WSB,62,62,33.5,4.3,9.4,.455,1.5,3.7,.421,2.7,5.7,.476,.537,2.9,3.3,.886,0.4,2.1,2.6,7.3,1.1,0.1,2.8,2.2,13.0)
(1995,336,Doug Smith,PF,25,DAL,63,0,13.1,2.1,5.0,.417,0.0,0.2,.083,2.1,4.8,.430,.419,0.9,1.2,.760,0.7,1.6,2.3,0.7,0.5,0.4,0.6,2.1,5.1)
(1995,340,Steve Smith,SG,25,TOT,80,61,33.3,5.4,12.6,.426,1.7,5.2,.329,3.6,7.4,.494,.494,3.9,4.6,.841,1.3,2.2,3.5,3.4,0.8,0.4,1.9,2.8,16.3)
(1995,343,Elmore Spencer,C,25,LAC,19,8,19.4,2.7,6.2,.441,0.0,0.1,.000,2.7,6.2,.444,.441,1.5,2.6,.560,0.6,2.8,3.4,1.3,0.7,1.2,2.5,3.3,6.9)
(1995,347,Larry Stewart,SF,26,WSB,40,0,8.7,1.0,2.2,.461,0.0,0.1,.000,1.0,2.2,.471,.461,0.5,0.8,.667,0.7,1.0,1.7,0.5,0.4,0.2,0.4,1.3,2.6)
(1995,351,Rod Strickland,PG,28,POR,64,61,35.4,6.9,14.8,.466,0.7,1.9,.374,6.2,12.9,.480,.490,4.4,5.9,.745,1.1,3.8,5.0,8.8,1.9,0.1,3.3,1.8,18.9)
(1995,355,Zan Tabak,C,24,HOU,37,0,4.9,0.6,1.4,.453,0.0,0.0,.000,0.6,1.4,.462,.453,0.7,1.2,.614,0.6,0.9,1.5,0.1,0.1,0.2,0.5,1.0,2.0)
(1995,359,Otis Thorpe,PF,32,TOT,70,35,29.9,5.5,9.7,.565,0.0,0.1,.000,5.5,9.6,.571,.565,2.4,4.0,.594,2.9,5.1,8.0,1.6,0.6,0.4,1.9,3.2,13.4)
(1995,362,Tom Tolbert,PF,29,CHH,10,0,5.7,0.6,1.8,.333,0.0,0.4,.000,0.6,1.4,.429,.333,0.2,0.2,1.000,0.7,1.0,1.7,0.2,0.0,0.0,0.3,0.9,1.4)
(1995,366,Jeff Turner,PF,32,ORL,49,5,11.8,1.5,3.6,.410,0.6,1.5,.360,0.9,2.1,.447,.486,0.5,0.6,.897,0.5,1.5,2.0,0.8,0.2,0.1,0.4,2.1,4.1)
(1995,370,Fred Vinson,SG,24,ATL,5,0,5.4,0.2,1.4,.143,0.2,1.2,.167,0.0,0.2,.000,.214,0.2,0.2,1.000,0.0,0.0,0.0,0.2,0.0,0.0,0.4,0.8,0.8)
(1995,374,Jamie Watson,SF,22,UTA,60,1,11.2,1.3,2.5,.500,0.1,0.3,.263,1.2,2.2,.534,.516,0.6,0.9,.679,0.3,1.0,1.2,1.0,0.6,0.2,0.9,1.4,3.3)
(1995,378,Bill Wennington,C,31,CHI,73,1,13.1,2.1,4.3,.492,0.0,0.1,.000,2.1,4.3,.498,.492,0.7,0.9,.810,0.9,1.7,2.6,0.5,0.3,0.2,0.5,2.7,5.0)
(1995,381,Mark West,C,34,DET,67,58,23.0,3.2,5.8,.556,0.0,0.0,,3.2,5.8,.556,.556,1.0,2.1,.478,2.4,3.7,6.1,0.3,0.4,1.5,1.3,3.7,7.5)
(1995,385,Dominique Wilkins*,SF,35,BOS,77,64,31.5,6.4,15.2,.424,1.5,3.8,.388,5.0,11.4,.436,.472,3.5,4.4,.782,2.0,3.2,5.2,2.2,0.8,0.2,2.2,1.7,17.8)
(1995,389,Hot Rod Williams,PF,32,CLE,74,73,35.7,4.9,10.9,.452,0.0,0.1,.200,4.9,10.9,.453,.452,2.6,3.9,.685,2.3,4.5,6.9,2.6,1.1,1.4,2.0,2.9,12.6)
(1995,393,Micheal Williams,PG,28,MIN,1,1,28.0,1.0,4.0,.250,0.0,0.0,,1.0,4.0,.250,.250,4.0,5.0,.800,0.0,1.0,1.0,3.0,2.0,0.0,3.0,3.0,6.0)
(1995,397,Walt Williams,SF,24,SAC,77,77,35.6,5.8,13.0,.446,1.3,3.8,.348,4.4,9.1,.487,.497,3.5,4.7,.731,1.3,3.2,4.5,4.1,1.6,0.8,3.2,3.4,16.4)
(1995,Rk,Player,Pos,Age,Tm,G,GS,MP,FG,FGA,FG%,3P,3PA,3P%,2P,2PA,2P%,eFG%,FT,FTA,FT%,ORB,DRB,TRB,AST,STL,BLK,TOV,PF,PTS)
(1995,404,Randy Woods,PG,24,LAC,62,3,8.0,0.6,1.9,.316,0.4,1.2,.297,0.2,0.7,.349,.410,0.5,0.6,.737,0.2,0.5,0.7,2.2,0.7,0.0,0.9,1.4,2.0)
