(1995,3,Michael Adams,PG,32,CHH,29,0,15.3,2.3,5.1,.453,1.0,2.8,.358,1.3,2.3,.567,.551,0.9,1.0,.833,0.2,0.8,1.0,3.3,0.8,0.0,0.9,1.4,6.5)
(1995,7,Derrick Alston,C,22,PHI,64,1,16.1,1.9,4.0,.465,0.0,0.1,.000,1.9,4.0,.472,.465,0.9,1.9,.492,1.5,1.9,3.4,0.5,0.6,0.5,0.8,1.7,4.7)
(1995,11,Willie Anderson,SG,28,SAS,38,11,14.6,2.0,4.3,.469,0.1,0.5,.158,1.9,3.8,.510,.478,0.8,1.1,.732,0.4,1.1,1.4,1.4,0.7,0.3,1.0,1.9,4.9)
(1995,15,Vincent Askew,SG,28,SEA,71,1,24.2,3.5,7.1,.492,0.4,1.3,.330,3.1,5.8,.529,.523,2.5,3.4,.739,0.9,1.6,2.5,2.5,0.7,0.2,1.2,2.7,9.9)
(1995,19,Vin Baker,PF,23,MIL,82,82,41.0,7.2,15.0,.483,0.1,0.3,.292,7.2,14.7,.487,.486,3.1,5.3,.593,3.5,6.8,10.3,3.6,1.0,1.4,2.7,3.4,17.7)
(1995,22,Jon Barry,SG,25,MIL,52,0,11.6,1.1,2.6,.425,0.3,0.9,.333,0.8,1.7,.477,.485,1.2,1.5,.763,0.3,0.7,0.9,1.6,0.6,0.1,0.8,1.0,3.7)
(1995,26,Elmer Bennett,PG,24,CLE,4,0,4.5,1.5,2.8,.545,0.0,0.5,.000,1.5,2.3,.667,.545,0.8,1.0,.750,0.0,0.3,0.3,0.8,1.0,0.0,0.8,0.8,3.8)
(1995,30,Mookie Blaylock,PG,27,ATL,80,80,38.4,6.4,15.0,.425,2.5,6.9,.359,3.9,8.0,.482,.508,2.0,2.7,.729,1.5,3.5,4.9,7.7,2.5,0.3,3.0,2.1,17.2)
(1995,34,Walter Bond,SG,25,TOT,23,0,12.6,1.7,3.7,.464,0.7,1.8,.366,1.0,1.9,.558,.554,0.6,0.9,.700,0.3,1.0,1.4,1.0,0.3,0.2,0.7,2.0,4.7)
(1995,38,Shawn Bradley,C,22,PHI,82,59,28.8,3.8,8.5,.455,0.0,0.0,.000,3.8,8.4,.457,.455,1.8,2.8,.638,3.0,5.1,8.0,0.6,0.7,3.3,1.7,4.1,9.5)
(1995,41,Scott Brooks,PG,29,TOT,59,0,13.7,2.1,4.7,.458,0.4,1.2,.362,1.7,3.5,.490,.504,1.1,1.3,.810,0.2,0.9,1.1,2.0,0.6,0.1,0.8,0.9,5.8)
(1995,45,P.J. Brown,C,25,NJN,80,63,30.8,3.2,7.1,.446,0.1,0.3,.167,3.1,6.8,.458,.449,1.7,2.6,.671,2.2,3.9,6.1,1.7,0.9,1.7,1.0,3.3,8.1)
(1995,49,Scott Burrell,SF,24,CHH,65,62,31.0,4.3,9.1,.467,1.5,3.6,.409,2.8,5.5,.506,.548,1.5,2.2,.694,1.5,4.2,5.7,2.5,1.2,0.6,1.3,2.9,11.5)
(1995,53,Adrian Caldwell,PF,28,HOU,7,0,4.3,0.1,0.6,.250,0.0,0.0,,0.1,0.6,.250,.250,0.4,0.9,.500,0.1,1.3,1.4,0.0,0.1,0.0,0.1,0.9,0.7)
(1995,57,Bill Cartwright,C,37,SEA,29,19,14.8,0.9,2.4,.391,0.0,0.0,,0.9,2.4,.391,.391,0.5,0.8,.625,0.9,2.1,3.0,0.3,0.2,0.1,0.6,2.4,2.4)
(1995,Rk,Player,Pos,Age,Tm,G,GS,MP,FG,FGA,FG%,3P,3PA,3P%,2P,2PA,2P%,eFG%,FT,FTA,FT%,ORB,DRB,TRB,AST,STL,BLK,TOV,PF,PTS)
(1995,64,Pete Chilcutt,PF,26,HOU,68,17,19.8,2.1,4.8,.445,0.5,1.3,.407,1.6,3.6,.459,.498,0.5,0.6,.738,1.6,3.1,4.7,1.0,0.4,0.6,0.9,1.7,5.3)
(1995,68,Bimbo Coles,PG,26,MIA,68,65,32.5,3.8,8.9,.430,0.2,1.1,.211,3.6,7.8,.461,.443,2.1,2.6,.810,0.7,2.1,2.8,6.1,1.5,0.2,2.3,2.7,10.0)
(1995,72,Tyrone Corbin,SF,32,ATL,81,4,17.1,2.5,5.7,.442,0.2,0.7,.250,2.4,5.0,.468,.457,1.0,1.4,.684,1.2,2.0,3.2,0.8,0.7,0.2,0.9,2.0,6.2)
(1995,76,Bill Curley,PF,22,DET,53,1,11.2,1.1,2.5,.433,0.0,0.0,,1.1,2.5,.433,.433,0.5,0.7,.750,1.0,1.3,2.3,0.5,0.4,0.4,0.5,2.4,2.7)
(1995,80,Antonio Davis,PF,26,IND,44,1,23.4,2.5,5.6,.445,0.0,0.0,,2.5,5.6,.445,.445,2.7,4.0,.672,2.4,4.0,6.4,0.6,0.4,0.7,1.5,3.0,7.6)
(1995,83,Terry Davis,PF,27,DAL,46,2,12.6,1.1,2.5,.434,0.0,0.0,.000,1.1,2.4,.441,.434,0.9,1.4,.636,1.4,2.0,3.4,0.2,0.1,0.1,0.7,1.7,3.0)
(1995,87,Terry Dehere,PG,23,LAC,80,28,22.2,3.5,8.6,.407,0.6,2.0,.294,2.9,6.5,.443,.442,2.9,3.7,.784,0.4,1.5,1.9,2.8,0.6,0.1,2.0,2.5,10.4)
(1995,91,James Donaldson,C,37,UTA,43,40,14.3,1.0,1.7,.595,0.0,0.0,,1.0,1.7,.595,.595,0.5,0.7,.710,0.4,2.0,2.5,0.3,0.1,0.7,0.5,1.5,2.6)
(1995,95,Kevin Duckworth,C,30,WSB,40,22,20.5,3.0,6.7,.442,0.1,0.3,.200,2.9,6.4,.451,.446,1.1,1.8,.643,1.6,3.3,4.9,0.5,0.5,0.6,1.5,2.8,7.1)
(1995,99,Tony Dumas,SG,22,DAL,58,0,10.6,1.7,4.3,.384,0.4,1.3,.301,1.3,3.1,.418,.428,0.9,1.3,.649,0.6,0.5,1.1,1.0,0.2,0.1,0.9,1.3,4.6)
(1995,102,Acie Earl,C,24,BOS,30,3,6.9,0.9,2.3,.382,0.0,0.0,,0.9,2.3,.382,.382,0.5,1.0,.483,0.6,0.9,1.5,0.1,0.2,0.3,0.5,1.3,2.2)
(1995,106,Kevin Edwards,SG,29,NJN,14,14,33.3,4.9,11.0,.448,1.3,3.2,.400,3.6,7.8,.468,.506,2.9,3.0,.952,0.7,1.9,2.6,1.9,1.4,0.4,2.5,3.0,14.0)
(1995,110,Sean Elliott,SF,26,SAS,81,81,35.3,6.2,13.2,.468,1.7,4.1,.408,4.5,9.1,.495,.532,4.0,5.0,.807,0.8,2.8,3.5,2.5,1.0,0.5,1.9,2.7,18.1)
(1995,114,Pervis Ellison,C,27,BOS,55,11,19.7,2.8,5.5,.507,0.0,0.0,.000,2.8,5.4,.510,.507,1.3,1.8,.717,2.3,3.4,5.6,0.6,0.4,1.0,1.4,3.3,6.8)
(1995,118,Danny Ferry,PF,28,CLE,82,6,15.7,2.7,6.1,.446,1.1,2.8,.403,1.6,3.3,.483,.540,0.9,1.0,.881,0.4,1.4,1.7,1.2,0.3,0.3,0.7,1.6,7.5)
(1995,121,Sleepy Floyd,SG,34,NJN,48,1,17.3,1.5,4.4,.335,0.5,1.8,.284,1.0,2.6,.371,.394,0.6,0.9,.698,0.2,1.0,1.1,2.6,0.3,0.1,1.1,1.5,4.1)
(1995,125,Corey Gaines,SG,29,PHI,11,8,25.5,2.2,4.6,.471,0.2,1.4,.133,2.0,3.3,.611,.490,0.5,1.0,.455,0.1,1.5,1.6,3.0,0.7,0.1,1.3,2.1,5.0)
(1995,129,Kenny Gattison,PF,30,CHH,21,0,19.5,2.2,4.8,.470,0.0,0.0,.000,2.2,4.7,.475,.470,1.5,2.4,.608,1.0,2.6,3.6,0.8,0.3,0.7,1.0,3.0,6.0)
(1995,133,Armen Gilliam,PF,30,NJN,82,30,30.1,5.5,11.0,.503,0.0,0.0,.000,5.5,11.0,.504,.503,3.7,4.8,.770,2.3,5.1,7.5,1.2,0.8,1.1,1.9,2.1,14.8)
(1995,137,Gary Grant,PG,29,LAC,33,2,14.2,2.4,5.0,.470,0.1,0.5,.250,2.2,4.5,.493,.482,1.4,1.7,.818,0.2,0.8,1.1,2.8,0.9,0.1,1.3,2.0,6.2)
(1995,Rk,Player,Pos,Age,Tm,G,GS,MP,FG,FGA,FG%,3P,3PA,3P%,2P,2PA,2P%,eFG%,FT,FTA,FT%,ORB,DRB,TRB,AST,STL,BLK,TOV,PF,PTS)
(1995,144,Andres Guibert,PF,26,MIN,17,0,9.8,0.9,2.8,.340,0.0,0.2,.000,0.9,2.5,.372,.340,0.8,1.1,.684,0.9,1.7,2.6,0.6,0.5,0.1,0.7,1.7,2.6)
(1995,148,Darrin Hancock,SF,23,CHH,46,7,9.2,1.5,2.6,.562,0.0,0.1,.333,1.5,2.6,.568,.566,0.3,0.8,.410,0.3,0.8,1.2,0.7,0.4,0.1,0.7,1.0,3.3)
(1995,152,Derek Harper,PG,33,NYK,80,80,34.0,4.2,9.5,.446,1.3,3.7,.363,2.9,5.8,.498,.516,1.7,2.4,.724,0.4,2.0,2.4,5.7,1.0,0.1,1.9,2.7,11.5)
(1995,156,Antonio Harvey,PF,24,LAL,59,8,9.7,1.3,3.0,.438,0.0,0.0,1.000,1.3,3.0,.434,.440,0.4,0.8,.533,0.7,1.1,1.7,0.4,0.3,0.7,0.4,1.5,3.0)
(1995,160,Rod Higgins,SF,35,GSW,5,2,9.2,0.6,2.4,.250,0.2,1.2,.167,0.4,1.2,.333,.292,0.6,0.8,.750,0.8,0.6,1.4,0.6,0.2,0.2,0.2,1.4,2.0)
(1995,163,Tyrone Hill,C,26,CLE,70,67,34.2,5.0,9.9,.504,0.0,0.0,.000,5.0,9.9,.505,.504,3.8,5.7,.662,3.8,7.1,10.9,0.8,0.8,0.6,2.2,3.5,13.8)
(1995,167,Allan Houston,SG,23,DET,76,39,26.3,5.2,11.3,.463,2.1,4.9,.424,3.2,6.4,.494,.555,1.9,2.3,.860,0.4,1.8,2.2,2.2,0.8,0.2,1.5,2.4,14.5)
(1995,171,Jay Humphries,SG-PG,32,TOT,18,0,11.2,0.4,1.9,.235,0.1,0.2,.500,0.3,1.7,.200,.265,0.1,0.2,.500,0.2,0.5,0.7,1.1,0.5,0.0,0.9,1.9,1.1)
(1995,175,Jim Jackson,SG,24,DAL,51,51,38.9,9.5,20.1,.472,0.7,2.2,.318,8.8,18.0,.490,.489,6.0,7.5,.805,2.4,2.7,5.1,3.7,0.5,0.2,3.1,1.8,25.7)
(1995,179,Ervin Johnson,C,27,SEA,64,30,14.2,1.3,3.0,.443,0.0,0.0,.000,1.3,3.0,.445,.443,0.5,0.7,.630,1.6,2.9,4.5,0.3,0.3,1.0,0.8,2.5,3.1)
(1995,182,Askia Jones,SG,23,MIN,11,0,12.6,1.4,4.0,.341,0.2,1.1,.167,1.2,2.9,.406,.364,1.2,1.5,.813,0.5,0.5,1.0,1.5,0.5,0.0,0.8,1.7,4.1)
(1995,186,Michael Jordan*,SG,31,CHI,17,17,39.3,9.8,23.8,.411,0.9,1.9,.500,8.8,21.9,.403,.431,6.4,8.0,.801,1.5,5.4,6.9,5.3,1.8,0.8,2.1,2.8,26.9)
(1995,190,Jerome Kersey,SF,32,POR,63,0,18.1,3.2,7.8,.415,0.1,0.4,.259,3.1,7.3,.424,.422,1.5,2.0,.766,1.5,2.6,4.1,1.3,0.8,0.6,1.0,2.7,8.1)
(1995,194,Stacey King,PF,28,MIN,50,10,15.8,2.0,4.2,.467,0.0,0.0,.000,2.0,4.2,.469,.467,1.4,2.0,.667,1.1,2.2,3.3,0.5,0.5,0.4,1.3,2.5,5.3)
(1995,198,Jon Koncak,C,31,ATL,62,20,15.2,1.2,3.0,.412,0.2,0.6,.333,1.0,2.4,.430,.444,0.2,0.4,.542,0.4,2.6,3.0,0.8,0.6,0.7,0.3,2.2,2.9)
(1995,201,Christian Laettner,C,25,MIN,81,80,34.2,5.6,11.4,.489,0.2,0.5,.325,5.4,10.9,.497,.496,5.0,6.2,.818,2.0,5.5,7.6,2.9,1.2,1.1,2.8,3.7,16.3)
(1995,207,Jim Les,PG,31,ATL,24,0,7.8,0.5,1.6,.289,0.2,1.0,.217,0.3,0.6,.400,.355,1.0,1.1,.852,0.3,0.8,1.1,1.8,0.2,0.0,0.9,1.2,2.1)
(1995,211,Grant Long,PF,28,TOT,81,79,32.6,4.2,8.8,.478,0.1,0.4,.355,4.1,8.5,.483,.485,3.0,4.0,.751,2.4,5.1,7.5,1.6,1.3,0.4,1.9,3.0,11.6)
(1995,215,Don MacLean,PF,25,WSB,39,20,27.0,4.1,9.3,.438,0.3,1.0,.250,3.8,8.2,.461,.452,2.7,3.5,.765,1.2,3.1,4.2,1.3,0.4,0.1,1.1,2.5,11.0)
(1995,219,Dan Majerle,SF,29,PHO,82,46,37.7,5.3,12.6,.425,2.4,6.7,.363,2.9,5.9,.495,.521,2.5,3.4,.730,1.3,3.3,4.6,4.1,1.2,0.5,1.3,1.9,15.6)
(1995,222,Moses Malone*,C,39,SAS,17,0,8.8,0.8,2.1,.371,0.1,0.1,.500,0.7,1.9,.364,.386,1.3,1.9,.688,1.2,1.5,2.7,0.4,0.1,0.2,0.6,0.9,2.9)
(1995,226,Bob Martin,C,25,LAC,1,0,14.0,1.0,5.0,.200,0.0,0.0,,1.0,5.0,.200,.200,0.0,0.0,,2.0,0.0,2.0,1.0,0.0,1.0,0.0,2.0,2.0)
(1995,230,Tony Massenburg,C,27,LAC,80,50,26.6,3.5,7.5,.469,0.0,0.0,.000,3.5,7.5,.472,.469,2.2,2.9,.753,2.0,3.7,5.7,0.8,0.6,0.7,1.5,3.2,9.3)
(1995,234,Xavier McDaniel,SF,31,BOS,68,15,21.0,3.6,8.0,.451,0.1,0.3,.286,3.5,7.7,.457,.456,1.3,1.8,.712,1.4,3.0,4.4,1.6,0.4,0.3,1.3,2.1,8.6)
(1995,238,Nate McMillan,PG,30,SEA,80,18,25.9,2.1,5.0,.418,0.7,1.9,.342,1.4,3.0,.467,.485,0.4,0.7,.586,0.8,3.0,3.8,5.3,2.1,0.7,1.6,3.4,5.2)
(1995,241,Oliver Miller,PF,24,DET,64,22,24.3,3.6,6.5,.555,0.0,0.2,.231,3.6,6.3,.565,.559,1.2,1.9,.629,2.5,4.9,7.4,1.5,0.9,1.8,1.8,3.4,8.5)
(1995,245,Harold Miner,PG,23,MIA,45,16,19.4,2.7,6.8,.403,0.3,1.1,.286,2.4,5.7,.426,.426,1.5,2.1,.726,0.8,1.8,2.6,1.5,0.3,0.1,1.7,1.9,7.3)
(1995,249,Eric Montross,C,23,BOS,78,75,29.7,3.9,7.4,.534,0.0,0.0,.000,3.9,7.4,.535,.534,2.1,3.4,.635,2.5,4.7,7.3,0.5,0.4,0.8,1.4,3.8,10.0)
(1995,253,Chris Mullin*,SF,31,GSW,25,23,35.6,6.8,13.9,.489,1.7,3.7,.452,5.1,10.2,.502,.549,3.8,4.3,.879,1.0,3.6,4.6,5.0,1.5,0.8,3.7,2.1,19.0)
(1995,257,Tracy Murray,SF,23,TOT,54,3,9.6,1.8,4.3,.408,0.6,1.6,.407,1.1,2.7,.408,.483,0.6,0.8,.786,0.4,0.7,1.1,0.4,0.3,0.1,0.6,1.4,4.8)
(1995,Rk,Player,Pos,Age,Tm,G,GS,MP,FG,FGA,FG%,3P,3PA,3P%,2P,2PA,2P%,eFG%,FT,FTA,FT%,ORB,DRB,TRB,AST,STL,BLK,TOV,PF,PTS)
(1995,264,Shaquille O'Neal,C,22,ORL,79,79,37.0,11.8,20.2,.583,0.0,0.1,.000,11.8,20.1,.585,.583,5.8,10.8,.533,4.2,7.3,11.4,2.7,0.9,2.4,2.6,3.3,29.3)
(1995,268,Bo Outlaw,PF,23,LAC,81,31,20.4,2.1,4.0,.523,0.0,0.1,.000,2.1,4.0,.531,.523,1.0,2.3,.441,1.5,2.4,3.9,1.0,1.1,1.9,1.0,2.8,5.2)
(1995,272,Robert Parish*,C,41,CHH,81,4,16.7,2.0,4.6,.427,0.0,0.0,,2.0,4.6,.427,.427,0.9,1.2,.703,1.1,3.2,4.3,0.5,0.3,0.4,0.8,1.6,4.8)
(1995,276,Will Perdue,C,29,CHI,78,78,20.4,3.3,5.9,.553,0.0,0.0,.000,3.3,5.9,.555,.553,1.4,2.5,.582,2.7,4.0,6.7,1.2,0.3,0.7,1.5,2.8,8.0)
(1995,280,Chuck Person,SF,30,SAS,81,1,25.1,3.9,9.3,.423,2.1,5.5,.387,1.8,3.8,.475,.537,0.8,1.3,.647,0.6,2.6,3.2,1.3,0.6,0.1,1.3,2.4,10.8)
(1995,283,Bobby Phills,SG,25,CLE,80,79,31.3,4.2,10.2,.414,0.2,0.7,.345,4.0,9.5,.419,.426,2.3,2.9,.779,1.1,2.2,3.3,2.3,1.4,0.3,1.4,2.6,11.0)
(1995,287,Scottie Pippen*,SF,29,CHI,79,79,38.2,8.0,16.7,.480,1.4,4.0,.345,6.6,12.7,.523,.522,4.0,5.6,.716,2.2,5.9,8.1,5.2,2.9,1.1,3.4,3.0,21.4)
(1995,291,Kevin Pritchard,PG,27,TOT,19,0,10.2,0.7,1.7,.406,0.1,0.4,.250,0.6,1.3,.458,.438,0.8,1.1,.762,0.0,0.6,0.6,1.8,0.1,0.1,0.6,1.2,2.3)
(1995,295,Eldridge Recasner,SG,27,DEN,3,0,4.3,0.3,2.0,.167,0.0,0.3,.000,0.3,1.7,.200,.167,1.3,1.3,1.000,0.0,0.7,0.7,0.3,1.0,0.0,0.7,0.0,2.0)
(1995,299,Pooh Richardson,PG,28,LAC,80,77,35.8,4.4,11.2,.394,1.1,3.1,.357,3.3,8.2,.407,.442,1.0,1.6,.648,0.5,2.8,3.3,7.9,1.6,0.2,2.1,2.7,10.9)
(1995,302,Eric Riley,C,24,LAC,40,4,10.9,1.6,3.6,.448,0.0,0.0,.000,1.6,3.6,.451,.448,1.2,1.6,.734,1.1,1.7,2.8,0.3,0.4,0.9,0.8,2.0,4.4)
(1995,306,David Robinson*,C,29,SAS,81,81,38.0,9.7,18.4,.530,0.1,0.2,.300,9.7,18.1,.533,.532,8.1,10.5,.774,2.9,7.9,10.8,2.9,1.7,3.2,2.9,2.8,27.6)
(1995,310,Carlos Rogers,C,23,GSW,49,18,20.8,3.7,6.9,.529,0.0,0.3,.143,3.6,6.7,.546,.532,1.6,3.0,.521,2.2,3.5,5.7,0.8,0.4,1.1,1.7,2.5,8.9)
(1995,314,Jalen Rose,SF,22,DEN,81,37,22.2,2.8,6.2,.454,0.4,1.4,.316,2.4,4.8,.495,.490,2.1,2.9,.739,0.7,2.0,2.7,4.8,0.8,0.3,2.0,2.5,8.2)
(1995,318,Bryon Russell,SF,24,UTA,63,15,13.7,1.7,3.8,.437,0.2,0.7,.295,1.4,3.1,.469,.464,1.0,1.5,.667,0.7,1.5,2.2,0.5,0.8,0.2,0.7,1.6,4.5)
(1995,321,Steve Scheffler,C,27,SEA,18,0,5.7,0.7,1.3,.522,0.0,0.0,,0.7,1.3,.522,.522,0.8,1.0,.833,0.4,0.8,1.3,0.2,0.1,0.1,0.2,0.5,2.2)
(1995,325,Dennis Scott,SF,26,ORL,62,10,24.2,4.6,10.4,.439,2.4,5.7,.426,2.1,4.7,.454,.555,1.4,1.8,.754,0.4,2.0,2.4,2.1,0.7,0.2,0.9,1.9,12.9)
(1995,329,Brian Shaw,PG,28,ORL,78,9,23.5,2.5,6.3,.389,0.6,2.4,.261,1.8,4.0,.465,.437,0.9,1.2,.737,0.7,2.4,3.1,5.2,0.9,0.2,2.4,2.4,6.4)
(1995,333,Reggie Slater,PF,24,DEN,25,0,9.4,1.6,3.2,.494,0.0,0.0,,1.6,3.2,.494,.494,1.6,2.2,.727,0.8,1.4,2.3,0.5,0.3,0.1,1.0,1.9,4.8)
(1995,337,Kenny Smith,PG,29,HOU,81,81,25.1,3.5,7.3,.484,1.8,4.1,.429,1.8,3.2,.553,.604,1.6,1.8,.851,0.3,1.6,1.9,4.0,0.9,0.1,1.5,1.3,10.4)
(1995,Rk,Player,Pos,Age,Tm,G,GS,MP,FG,FGA,FG%,3P,3PA,3P%,2P,2PA,2P%,eFG%,FT,FTA,FT%,ORB,DRB,TRB,AST,STL,BLK,TOV,PF,PTS)
(1995,344,Felton Spencer,C,27,UTA,34,34,26.6,3.1,6.3,.488,0.0,0.0,,3.1,6.3,.488,.488,3.1,4.0,.793,2.6,5.0,7.6,0.5,0.4,0.9,2.0,3.9,9.3)
(1995,348,Bryant Stith,SG,24,DEN,81,51,28.8,3.9,8.2,.472,0.2,0.8,.294,3.6,7.3,.492,.487,3.3,4.0,.824,1.2,2.1,3.3,1.9,1.1,0.2,1.4,1.8,11.2)
(1995,352,Derek Strong,PF,26,BOS,70,24,19.2,2.1,4.7,.453,0.0,0.1,.286,2.1,4.6,.457,.456,2.0,2.5,.820,1.9,3.4,5.4,0.6,0.3,0.2,1.1,2.0,6.3)
(1995,356,Roy Tarpley,C,30,DAL,55,1,24.6,5.3,11.1,.479,0.1,0.3,.278,5.2,10.8,.485,.483,1.9,2.2,.836,2.6,5.6,8.2,1.1,0.8,1.0,2.0,2.8,12.6)
(1995,360,Sedale Threatt,PG,33,LAL,59,2,23.5,3.7,7.4,.497,0.6,1.6,.379,3.1,5.8,.529,.538,1.5,1.9,.793,0.4,1.7,2.1,4.2,0.9,0.2,1.2,2.4,9.5)
(1995,363,Keith Tower,C,24,ORL,3,0,2.3,0.0,0.7,.000,0.0,0.0,,0.0,0.7,.000,.000,0.3,0.7,.500,0.3,0.7,1.0,0.0,0.0,0.0,0.3,0.3,0.3)
(1995,367,B.J. Tyler,PG,23,PHI,55,8,14.7,1.3,3.4,.381,0.3,0.9,.314,1.0,2.5,.406,.423,0.6,0.9,.700,0.2,0.9,1.1,3.2,0.7,0.0,1.8,1.1,3.5)
(1995,371,Kenny Walker,SF,30,WSB,24,0,11.1,0.8,1.8,.429,0.0,0.0,,0.8,1.8,.429,.429,0.9,1.2,.750,0.8,1.2,2.0,0.3,0.2,0.2,0.6,1.8,2.4)
(1995,375,Clarence Weatherspoon,SF,24,PHI,76,76,39.4,7.1,16.3,.439,0.1,0.3,.190,7.1,16.0,.443,.440,3.7,5.0,.751,1.9,5.0,6.9,2.8,1.5,0.9,2.5,2.6,18.1)
(1995,379,David Wesley,PG,24,BOS,51,36,27.1,2.5,6.1,.409,1.0,2.3,.429,1.5,3.8,.397,.490,1.4,1.8,.755,0.6,1.7,2.3,5.2,1.6,0.2,1.7,2.8,7.4)
(1995,382,Ennis Whatley,PG,32,ATL,27,2,10.8,0.9,2.0,.453,0.1,0.3,.250,0.8,1.7,.489,.472,0.7,1.2,.625,0.3,0.8,1.1,2.0,0.7,0.0,0.7,1.4,2.6)
(1995,386,Aaron Williams,PF,23,MIL,15,0,4.8,0.5,1.6,.333,0.0,0.1,.000,0.5,1.5,.348,.333,0.5,0.8,.667,0.3,0.9,1.3,0.0,0.1,0.4,0.5,0.9,1.6)
(1995,390,Jayson Williams,PF,26,NJN,75,6,13.1,2.0,4.3,.461,0.0,0.1,.000,2.0,4.2,.469,.461,0.9,1.6,.533,2.4,3.3,5.7,0.5,0.3,0.4,0.8,2.1,4.8)
(1995,394,Monty Williams,SF,23,NYK,41,23,12.3,1.5,3.2,.451,0.0,0.2,.000,1.5,3.0,.480,.451,0.4,0.9,.447,1.0,1.4,2.4,1.2,0.5,0.1,1.0,2.1,3.3)
(1995,398,Kevin Willis,PF,32,TOT,67,63,35.7,7.1,15.1,.466,0.0,0.2,.200,7.0,14.9,.470,.467,3.1,4.4,.690,3.4,7.5,10.9,1.3,0.9,0.5,2.4,3.2,17.2)
(1995,401,Dontonio Wingfield,SF,20,SEA,20,0,4.1,0.9,2.6,.353,0.1,0.6,.167,0.8,2.0,.410,.373,0.4,0.5,.800,0.6,1.0,1.5,0.2,0.3,0.2,0.4,0.8,2.3)
(1995,405,Haywoode Workman,PG,29,IND,69,14,14.9,1.5,3.9,.375,0.5,1.4,.357,1.0,2.5,.386,.441,0.8,1.1,.743,0.3,1.3,1.6,2.8,0.9,0.1,1.1,1.7,4.2)
