(1995,Rk,Player,Pos,Age,Tm,G,GS,MP,FG,FGA,FG%,3P,3PA,3P%,2P,2PA,2P%,eFG%,FT,FTA,FT%,ORB,DRB,TRB,AST,STL,BLK,TOV,PF,PTS)
(1995,4,Rafael Addison,SF,30,DET,79,16,22.5,3.5,7.4,.476,0.3,1.1,.289,3.2,6.4,.507,.497,0.9,1.3,.747,0.8,2.2,3.1,1.4,0.7,0.3,1.0,3.0,8.3)
(1995,8,Greg Anderson,PF,30,ATL,51,0,12.2,1.1,2.0,.548,0.0,0.0,,1.1,2.0,.548,.548,0.7,1.4,.479,1.2,2.5,3.7,0.3,0.5,0.6,0.6,2.0,2.9)
(1995,12,Greg Anthony,PG,27,NYK,61,2,15.5,2.1,4.8,.437,0.9,2.5,.361,1.2,2.3,.522,.532,1.0,1.2,.789,0.1,0.9,1.0,2.6,0.8,0.1,0.9,1.6,6.1)
(1995,16,Keith Askins,SF,27,MIA,50,5,17.1,1.6,4.1,.391,0.4,1.6,.269,1.2,2.6,.465,.442,0.9,1.1,.807,1.7,2.2,4.0,0.8,0.7,0.3,0.5,2.2,4.6)
(1995,20,Charles Barkley*,PF,31,PHO,68,66,35.0,8.1,16.8,.486,1.1,3.2,.338,7.1,13.6,.521,.518,5.6,7.5,.748,3.0,8.1,11.1,4.1,1.6,0.7,2.2,3.0,23.0)
(1995,23,John Battle,SG,32,CLE,28,0,10.0,1.5,4.1,.377,0.4,1.1,.355,1.1,3.0,.386,.425,0.7,0.9,.731,0.1,0.3,0.4,1.3,0.3,0.0,0.6,1.0,4.1)
(1995,27,Tony Bennett,PG,25,CHH,3,0,15.3,2.0,4.3,.462,0.7,3.0,.222,1.3,1.3,1.000,.538,0.0,0.0,,0.0,0.7,0.7,1.3,0.0,0.0,1.0,2.0,4.7)
(1995,31,Corie Blount,PF,26,CHI,68,9,13.1,1.5,3.1,.476,0.0,0.0,.000,1.5,3.1,.481,.476,0.6,1.0,.567,1.6,2.0,3.5,0.9,0.4,0.5,0.9,2.1,3.5)
(1995,35,Anthony Bonner,PF,26,NYK,58,23,19.4,1.5,3.3,.456,0.0,0.1,.200,1.5,3.2,.463,.459,0.8,1.2,.657,1.9,2.6,4.5,1.4,0.8,0.4,1.4,2.7,3.8)
(1995,39,Terrell Brandon,PG,24,CLE,67,41,29.3,5.1,11.4,.448,0.7,1.8,.397,4.4,9.6,.457,.479,2.4,2.8,.855,0.5,2.3,2.8,5.4,1.6,0.2,2.1,1.8,13.3)
(1995,42,Chucky Brown,SF,26,HOU,41,14,19.9,2.6,4.2,.603,0.0,0.1,.333,2.5,4.2,.608,.606,0.9,1.5,.613,1.6,3.0,4.6,0.7,0.3,0.3,0.7,2.6,6.1)
(1995,46,Randy Brown,PG,26,SAC,67,2,16.2,1.9,4.3,.432,0.2,0.7,.298,1.6,3.6,.458,.456,0.8,1.2,.671,0.4,1.3,1.6,2.0,1.5,0.3,1.2,2.3,4.7)
(1995,50,Willie Burton,SF,26,PHI,53,31,29.5,4.6,11.4,.401,2.0,5.2,.385,2.6,6.2,.414,.488,4.2,5.0,.824,0.9,2.2,3.1,1.8,0.6,0.4,2.3,3.2,15.3)
(1995,54,Elden Campbell,PF,26,LAL,73,59,28.4,4.9,10.8,.459,0.0,0.0,.000,4.9,10.7,.459,.459,2.6,4.0,.666,2.3,3.8,6.1,1.3,0.9,1.8,1.3,3.4,12.5)
(1995,58,Sam Cassell,PG,25,HOU,82,1,23.0,3.1,7.2,.427,0.8,2.3,.330,2.3,4.9,.473,.480,2.6,3.1,.843,0.5,2.1,2.6,4.9,1.1,0.2,2.0,2.5,9.5)
(1995,61,Tom Chambers,PF,35,UTA,81,4,15.3,2.4,5.3,.457,0.0,0.3,.167,2.4,5.0,.474,.461,1.3,1.7,.807,0.8,1.8,2.6,0.9,0.3,0.4,0.6,2.1,6.2)
(1995,65,Chris Childs,PG,27,NJN,53,11,19.3,2.0,5.3,.380,0.8,2.4,.328,1.2,2.9,.422,.453,1.0,1.4,.753,0.3,1.0,1.3,4.1,0.8,0.1,1.4,2.2,5.8)
(1995,69,Steve Colter,PG,32,CLE,57,7,13.2,1.2,3.0,.396,0.1,0.6,.229,1.0,2.4,.440,.420,0.9,1.2,.761,0.2,0.8,1.0,1.8,0.5,0.1,0.6,0.9,3.4)
(1995,73,John Crotty,PG,25,UTA,80,0,12.7,1.2,2.9,.403,0.1,0.5,.306,1.0,2.4,.421,.426,1.2,1.5,.810,0.3,0.9,1.2,2.6,0.5,0.1,0.9,1.3,3.7)
(1995,77,Dell Curry,SG,30,CHH,69,0,24.9,5.0,11.3,.441,2.2,5.2,.427,2.7,6.0,.453,.540,1.4,1.6,.856,0.6,1.8,2.4,1.6,0.8,0.3,1.4,2.1,13.6)
(1995,Rk,Player,Pos,Age,Tm,G,GS,MP,FG,FGA,FG%,3P,3PA,3P%,2P,2PA,2P%,eFG%,FT,FTA,FT%,ORB,DRB,TRB,AST,STL,BLK,TOV,PF,PTS)
(1995,84,Johnny Dawkins,PG,31,DET,50,9,23.4,2.5,5.4,.463,0.5,1.5,.342,2.0,3.9,.508,.509,1.0,1.1,.909,0.6,1.7,2.3,4.1,1.0,0.0,1.7,1.5,6.5)
(1995,88,Vinny Del Negro,SG,28,SAS,75,71,31.5,5.0,10.2,.486,0.9,2.2,.407,4.1,8.1,.507,.529,1.7,2.2,.790,0.4,2.2,2.6,3.0,0.8,0.2,0.7,2.4,12.5)
(1995,92,Sherman Douglas,PG,28,BOS,65,43,31.5,5.6,11.8,.475,0.3,1.3,.244,5.3,10.6,.502,.488,3.1,4.6,.689,0.7,1.9,2.6,6.9,1.2,0.0,2.5,2.3,14.7)
(1995,96,Chris Dudley,C,29,POR,82,82,27.4,2.2,5.4,.406,0.0,0.0,.000,2.2,5.4,.407,.406,1.0,2.2,.464,4.0,5.4,9.3,0.4,0.5,1.5,1.0,3.5,5.5)
(1995,100,Pat Durham,SF,27,MIN,59,2,14.4,2.0,4.0,.494,0.1,0.4,.192,1.9,3.6,.531,.504,1.1,1.6,.656,0.6,1.0,1.6,0.9,0.6,0.5,0.8,1.9,5.1)
(1995,103,Blue Edwards,SF,29,TOT,67,7,16.6,2.7,5.9,.461,0.3,1.1,.293,2.4,4.7,.500,.489,1.1,1.3,.833,0.7,1.2,1.9,1.1,0.6,0.2,1.2,2.1,6.9)
(1995,107,Craig Ehlo,SG,33,ATL,49,0,23.8,3.9,8.6,.453,1.0,2.7,.381,2.9,5.9,.486,.513,0.9,1.4,.620,1.1,1.9,3.0,2.3,0.9,0.1,1.5,1.8,9.7)
(1995,111,Dale Ellis,SF,34,DEN,81,3,24.6,4.3,9.6,.453,1.3,3.2,.403,3.0,6.3,.479,.522,1.4,1.6,.866,0.7,2.0,2.7,0.7,0.5,0.1,1.0,1.8,11.3)
(1995,115,Jo Jo English,SG,24,CHI,8,0,15.9,1.9,4.9,.385,0.4,1.5,.250,1.5,3.4,.444,.423,1.3,1.6,.769,0.1,0.3,0.4,0.9,0.9,0.1,0.8,2.4,5.4)
(1995,119,Matt Fish,C,25,LAC,26,8,14.2,1.9,4.0,.476,0.0,0.0,.000,1.9,3.9,.480,.476,1.0,1.4,.676,1.2,2.0,3.2,0.7,0.6,0.3,1.1,2.7,4.7)
(1995,122,Alphonso Ford,SG,23,PHI,5,0,19.6,1.8,7.8,.231,0.0,1.8,.000,1.8,6.0,.300,.231,0.2,0.4,.500,1.6,2.4,4.0,1.8,0.2,0.0,1.6,1.0,3.8)
(1995,126,Kevin Gamble,SF,29,MIA,77,0,15.9,2.9,5.8,.489,0.5,1.3,.398,2.4,4.6,.514,.532,1.1,1.4,.784,0.4,1.2,1.6,1.5,0.7,0.1,0.6,1.7,7.4)
(1995,130,Matt Geiger,C,25,MIA,74,43,23.1,3.5,6.6,.536,0.1,0.1,.400,3.5,6.4,.539,.540,1.3,1.9,.650,2.0,3.6,5.6,0.7,0.6,0.7,1.5,3.3,8.3)
(1995,134,Greg Graham,SG,24,PHI,50,7,15.5,1.9,4.5,.426,0.1,0.6,.214,1.8,3.9,.456,.439,1.1,1.5,.753,0.4,0.9,1.2,1.3,0.6,0.1,1.0,1.5,5.0)
(1995,138,Greg Grant,PG,28,DEN,14,0,10.8,0.7,2.4,.303,0.1,0.5,.286,0.6,1.9,.308,.333,0.6,0.9,.750,0.1,0.5,0.6,3.1,0.4,0.1,1.0,1.4,2.2)
(1995,141,Jeff Grayer,SG,29,PHI,47,25,23.4,3.5,8.1,.428,0.1,0.3,.333,3.4,7.8,.432,.434,1.2,1.8,.699,1.2,1.9,3.2,1.6,0.6,0.1,1.2,1.7,8.3)
(1995,145,Jack Haley,PF,31,SAS,31,0,3.8,0.8,2.0,.426,0.0,0.0,.000,0.8,1.9,.433,.426,0.7,1.0,.656,0.3,0.6,0.9,0.1,0.1,0.2,0.4,1.0,2.4)
(1995,149,Anfernee Hardaway,PG,23,ORL,77,77,37.7,7.6,14.8,.512,1.1,3.2,.349,6.5,11.6,.558,.550,4.6,6.0,.769,1.8,2.6,4.4,7.2,1.7,0.3,3.4,2.1,20.9)
(1995,153,Ron Harper,SG,31,CHI,77,53,19.9,2.7,6.4,.426,0.4,1.4,.282,2.3,4.9,.467,.457,1.1,1.7,.618,0.7,1.7,2.3,2.0,1.3,0.4,1.3,1.7,6.9)
(1995,157,Hersey Hawkins,SG,28,CHH,82,82,33.3,4.8,9.9,.482,1.6,3.6,.440,3.2,6.2,.507,.563,3.2,3.7,.867,0.7,3.1,3.8,3.2,1.5,0.2,1.8,2.2,14.3)
(1995,Rk,Player,Pos,Age,Tm,G,GS,MP,FG,FGA,FG%,3P,3PA,3P%,2P,2PA,2P%,eFG%,FT,FTA,FT%,ORB,DRB,TRB,AST,STL,BLK,TOV,PF,PTS)
(1995,164,Donald Hodge,C,25,DAL,54,0,11.7,1.5,3.8,.407,0.1,0.3,.286,1.5,3.5,.416,.417,0.7,0.9,.765,0.7,1.5,2.3,0.8,0.2,0.3,0.7,2.0,3.9)
(1995,168,Byron Houston,SF,25,SEA,39,0,6.6,1.3,2.7,.458,0.2,0.6,.273,1.1,2.2,.506,.486,0.7,1.0,.737,0.5,0.9,1.4,0.2,0.3,0.1,0.5,1.3,3.4)
(1995,172,Lindsey Hunter,PG,24,DET,42,26,22.5,2.8,7.6,.374,0.9,2.6,.333,2.0,5.0,.395,.431,1.0,1.3,.727,0.6,1.2,1.8,3.8,1.2,0.2,1.9,2.2,7.5)
(1995,176,Mark Jackson,PG,29,IND,82,67,29.3,2.9,6.9,.422,0.3,1.1,.310,2.6,5.8,.443,.446,1.5,1.9,.778,0.9,2.8,3.7,7.5,1.3,0.2,2.6,1.8,7.6)
(1995,180,Kevin Johnson,PG,28,PHO,47,35,28.8,5.2,11.1,.470,0.1,0.6,.154,5.1,10.6,.487,.474,5.0,6.1,.810,0.7,1.8,2.4,7.7,1.0,0.4,2.2,1.9,15.5)
(1995,183,Charles Jones,PF,37,HOU,3,0,12.0,0.3,1.0,.333,0.0,0.0,,0.3,1.0,.333,.333,0.3,0.7,.500,0.7,1.7,2.3,0.0,0.0,0.3,0.0,2.7,1.0)
(1995,187,Adam Keefe,SF,24,UTA,75,0,16.9,2.3,4.0,.577,0.0,0.0,,2.3,4.0,.577,.577,1.6,2.3,.676,1.8,2.6,4.4,0.4,0.5,0.3,0.8,1.9,6.1)
(1995,191,Randolph Keys,SF,28,LAL,6,0,13.8,1.5,4.3,.346,0.0,1.5,.000,1.5,2.8,.529,.346,0.3,0.3,1.000,1.0,1.8,2.8,0.3,0.2,0.3,0.3,2.7,3.3)
(1995,195,Greg Kite,C,33,TOT,11,0,7.0,0.3,1.5,.176,0.0,0.0,,0.3,1.5,.176,.176,0.2,0.9,.200,1.1,0.9,2.0,0.1,0.0,0.0,0.5,1.4,0.7)
(1995,199,Larry Krystkowiak,PF,30,CHI,19,14,15.1,1.5,3.8,.389,0.0,0.0,,1.5,3.8,.389,.389,1.4,1.6,.900,1.0,2.1,3.1,1.4,0.5,0.1,1.3,1.8,4.4)
(1995,202,Andrew Lang,C,28,ATL,82,63,28.5,3.9,8.3,.473,0.0,0.0,.667,3.9,8.2,.472,.474,1.9,2.3,.809,1.9,3.7,5.6,0.9,0.5,1.8,1.3,3.3,9.7)
(1995,208,Cliff Levingston,PF,34,DEN,57,0,8.2,1.0,2.3,.423,0.0,0.0,.000,1.0,2.3,.426,.423,0.3,0.8,.422,0.9,1.3,2.2,0.5,0.2,0.4,0.4,1.6,2.3)
(1995,212,Luc Longley,C,26,CHI,55,0,18.2,2.5,5.5,.447,0.0,0.0,.000,2.5,5.5,.450,.447,1.6,1.9,.822,1.5,3.3,4.8,1.3,0.4,0.8,1.6,3.2,6.5)
(1995,216,Mark Macon,SG,25,DET,55,6,13.1,1.8,4.8,.381,0.4,1.1,.323,1.5,3.7,.399,.419,1.0,1.2,.794,0.5,0.9,1.4,1.1,1.2,0.0,0.7,1.8,5.0)
(1995,220,Jeff Malone,SG,33,PHI,19,19,34.7,7.6,14.9,.507,0.6,1.5,.393,7.0,13.5,.520,.526,2.7,3.1,.864,0.6,2.3,2.9,1.5,0.8,0.0,1.5,1.8,18.4)
(1995,223,Danny Manning,PF,28,PHO,46,19,32.8,7.4,13.5,.547,0.1,0.5,.286,7.3,13.1,.556,.551,3.0,4.4,.673,2.1,3.9,6.0,3.3,0.9,1.2,2.6,3.8,17.9)
(1995,227,Darrick Martin,PG,23,MIN,34,9,23.6,2.8,6.9,.408,0.2,1.1,.184,2.6,5.7,.451,.423,1.7,1.9,.877,0.4,1.5,1.9,3.9,1.0,0.0,1.8,2.6,7.5)
(1995,231,Vernon Maxwell,SG,29,HOU,64,54,31.8,4.8,12.1,.394,2.2,6.9,.324,2.5,5.3,.485,.486,1.5,2.3,.688,0.3,2.3,2.6,4.3,1.2,0.2,2.1,2.5,13.3)
(1995,235,Jim McIlvaine,C,22,WSB,55,0,9.7,0.6,1.3,.479,0.0,0.0,,0.6,1.3,.479,.479,0.5,0.7,.683,0.7,1.2,1.9,0.2,0.2,1.1,0.3,1.7,1.7)
(1995,239,Darnell Mee,SG,23,DEN,2,0,4.0,0.5,2.5,.200,0.5,1.5,.333,0.0,1.0,.000,.300,0.0,0.0,,0.0,0.5,0.5,1.0,0.5,0.0,0.0,0.0,1.5)
(1995,242,Reggie Miller*,SG,29,IND,81,81,32.9,6.2,13.5,.462,2.4,5.8,.415,3.8,7.7,.498,.552,4.7,5.3,.897,0.4,2.2,2.6,3.0,1.2,0.2,1.9,1.9,19.6)
(1995,246,Greg Minor,SG,23,BOS,63,8,15.0,2.5,4.8,.515,0.0,0.2,.167,2.4,4.6,.529,.518,1.0,1.2,.833,0.8,1.4,2.2,1.0,0.5,0.3,0.7,1.4,6.0)
(1995,250,Chris Morris,SF,29,NJN,71,49,30.0,4.9,12.1,.410,1.5,4.5,.334,3.5,7.6,.455,.472,2.0,2.7,.728,2.5,3.1,5.7,2.1,1.2,0.7,1.6,2.2,13.4)
(1995,254,Eric Murdock,PG,26,MIL,75,32,28.8,4.5,10.9,.415,1.2,3.2,.375,3.3,7.7,.432,.471,2.8,3.6,.790,0.6,2.2,2.9,6.4,1.5,0.2,2.6,1.9,13.0)
(1995,258,Dikembe Mutombo*,C,28,DEN,82,82,37.8,4.3,7.7,.556,0.0,0.0,,4.3,7.7,.556,.556,3.0,4.6,.654,3.9,8.7,12.5,1.4,0.5,3.9,2.3,3.5,11.5)
(1995,261,Johnny Newman,SF,31,MIL,82,11,23.1,2.8,6.0,.463,0.5,1.6,.352,2.2,4.4,.503,.509,1.7,2.1,.801,0.9,1.2,2.1,1.1,0.8,0.2,1.0,2.9,7.7)
(1995,265,Charles Oakley,PF,31,NYK,50,49,31.3,3.8,7.9,.489,0.1,0.2,.250,3.8,7.6,.496,.492,2.4,3.0,.793,3.1,5.8,8.9,2.5,1.2,0.1,2.1,3.6,10.1)
(1995,269,Doug Overton,PG,25,WSB,82,20,20.8,2.5,6.1,.416,0.6,1.5,.424,1.9,4.5,.413,.469,1.3,1.5,.872,0.3,1.4,1.7,3.0,0.6,0.0,1.3,1.5,7.0)
(1995,273,Gary Payton*,PG,26,SEA,82,82,36.8,8.4,16.4,.509,0.9,2.8,.302,7.5,13.6,.553,.535,3.0,4.2,.716,1.3,2.1,3.4,7.1,2.5,0.2,2.5,2.5,20.6)
(1995,277,Sam Perkins,C,33,SEA,82,37,28.7,4.2,9.0,.466,1.7,4.2,.397,2.6,4.9,.526,.558,2.6,3.3,.799,1.2,3.7,4.9,1.6,0.9,0.5,0.9,2.3,12.7)
(1995,Rk,Player,Pos,Age,Tm,G,GS,MP,FG,FGA,FG%,3P,3PA,3P%,2P,2PA,2P%,eFG%,FT,FTA,FT%,ORB,DRB,TRB,AST,STL,BLK,TOV,PF,PTS)
(1995,284,Eric Piatkowski,SG,24,LAC,81,11,14.9,2.5,5.6,.441,0.9,2.4,.374,1.6,3.2,.492,.522,1.1,1.4,.783,0.8,0.9,1.6,1.0,0.5,0.2,0.8,1.9,7.0)
(1995,288,Olden Polynice,C,30,SAC,81,81,31.3,4.6,8.5,.544,0.0,0.0,1.000,4.6,8.5,.543,.545,1.5,2.4,.639,3.4,5.5,9.0,0.8,0.6,0.6,1.4,2.9,10.8)
(1995,292,Dino Radja,PF,27,BOS,66,48,32.5,6.8,13.9,.490,0.0,0.0,.000,6.8,13.9,.490,.490,3.5,4.7,.759,2.3,6.4,8.7,1.7,0.9,1.3,2.4,3.5,17.2)
(1995,296,Khalid Reeves,PG,22,MIA,67,17,21.8,3.1,6.9,.443,1.0,2.6,.392,2.1,4.4,.473,.515,2.1,2.9,.714,0.8,2.0,2.8,4.3,1.1,0.1,2.0,2.1,9.2)
(1995,300,Mitch Richmond*,SG,29,SAC,82,82,38.7,8.1,18.3,.446,1.9,5.2,.368,6.2,13.1,.477,.498,4.6,5.4,.843,0.8,3.5,4.4,3.8,1.1,0.4,2.9,2.8,22.8)
(1995,303,Doc Rivers,PG,33,TOT,63,0,15.7,1.7,4.8,.358,0.7,2.0,.354,1.0,2.8,.360,.432,1.0,1.3,.732,0.2,1.5,1.7,2.6,1.0,0.3,1.0,2.4,5.1)
(1995,307,Glenn Robinson,SF,22,MIL,80,76,37.0,8.0,17.6,.451,1.1,3.4,.321,6.9,14.3,.482,.482,5.0,6.2,.796,2.1,4.3,6.4,2.5,1.4,0.3,3.9,2.9,21.9)
(1995,311,Rodney Rogers,PF,23,DEN,80,77,26.8,4.7,9.6,.488,0.6,1.9,.338,4.1,7.8,.523,.520,2.2,3.4,.651,1.7,3.2,4.8,2.0,1.2,0.6,2.2,3.5,12.2)
(1995,315,Donald Royal,SF,28,ORL,70,68,26.3,2.9,6.2,.475,0.0,0.1,.000,2.9,6.1,.479,.475,3.2,4.3,.746,1.2,2.8,4.0,2.8,0.6,0.2,1.8,2.2,9.1)
(1995,319,John Salley,C,30,MIA,75,50,26.1,2.6,5.3,.499,0.0,0.0,,2.6,5.3,.499,.499,2.0,2.8,.739,1.5,3.0,4.5,1.6,0.6,1.1,1.3,3.7,7.3)
(1995,322,Dwayne Schintzius,C,26,NJN,43,11,7.4,1.0,2.5,.380,0.0,0.0,,1.0,2.5,.380,.380,0.1,0.3,.545,0.7,1.2,1.9,0.3,0.1,0.4,0.4,1.0,2.0)
(1995,326,Malik Sealy,SG,24,LAC,60,41,26.7,4.9,11.2,.435,0.4,1.2,.301,4.5,9.9,.451,.451,2.9,3.7,.780,1.3,2.3,3.6,1.8,1.2,0.4,1.4,2.9,13.0)
(1995,330,Lionel Simmons,SF,26,SAC,58,3,18.3,2.3,5.4,.420,0.1,0.3,.375,2.2,5.1,.422,.429,1.0,1.4,.702,1.1,2.3,3.4,1.5,0.5,0.4,1.2,2.0,5.6)
(1995,334,Charles Smith,SF,29,NYK,76,58,28.3,4.6,9.8,.471,0.1,0.4,.226,4.5,9.4,.482,.476,3.4,4.2,.792,1.9,2.4,4.3,1.6,0.6,1.3,1.9,3.8,12.7)
(1995,338,Michael Smith,PF,29,LAC,29,0,11.0,2.2,4.6,.470,0.0,0.3,.125,2.1,4.3,.492,.474,0.9,1.0,.867,0.4,1.5,1.9,0.7,0.2,0.1,0.6,1.4,5.3)
(1995,341,Tony Smith,SG,26,LAL,61,4,16.8,2.2,5.1,.427,0.5,1.5,.352,1.6,3.6,.459,.479,0.7,1.0,.698,0.7,1.0,1.8,1.7,0.8,0.1,0.8,1.8,5.6)
(1995,345,Latrell Sprewell,SG,24,GSW,69,69,40.2,7.1,17.0,.418,1.3,4.7,.276,5.8,12.2,.473,.457,5.1,6.5,.781,0.8,2.9,3.7,4.0,1.6,0.7,3.3,1.6,20.6)
(1995,349,John Stockton*,PG,32,UTA,82,82,35.0,5.2,9.6,.542,1.2,2.8,.449,4.0,6.9,.580,.607,3.0,3.7,.804,0.7,2.4,3.1,12.3,2.4,0.3,3.3,2.6,14.7)
(1995,353,Greg Sutton,PG,27,CHH,53,4,13.0,1.8,4.3,.409,0.8,2.2,.374,1.0,2.2,.443,.502,0.6,0.8,.711,0.2,0.9,1.1,1.7,0.6,0.0,1.0,2.2,5.0)
(1995,357,Brooks Thompson,PG,24,ORL,38,2,6.5,1.2,3.0,.395,0.5,1.5,.310,0.7,1.5,.482,.474,0.2,0.3,.667,0.2,0.4,0.6,1.1,0.3,0.1,0.7,1.2,3.1)
(1995,Rk,Player,Pos,Age,Tm,G,GS,MP,FG,FGA,FG%,3P,3PA,3P%,2P,2PA,2P%,eFG%,FT,FTA,FT%,ORB,DRB,TRB,AST,STL,BLK,TOV,PF,PTS)
(1995,364,Anthony Tucker,SF,25,WSB,62,13,15.8,1.5,3.4,.457,0.0,0.0,.000,1.5,3.4,.459,.457,0.8,1.3,.614,0.7,2.0,2.7,1.1,0.7,0.2,0.9,2.1,3.9)
(1995,368,Nick Van Exel,PG,23,LAL,80,80,36.8,5.8,13.8,.420,2.3,6.4,.358,3.5,7.5,.473,.503,2.9,3.8,.783,0.3,2.5,2.8,8.3,1.2,0.1,2.8,2.0,16.9)
(1995,372,Rex Walters,SG,24,NJN,80,30,17.9,2.6,5.9,.439,0.9,2.5,.362,1.7,3.4,.495,.515,0.5,0.7,.769,0.2,0.9,1.2,1.5,0.5,0.2,0.9,1.7,6.5)
(1995,376,Spud Webb,PG,31,SAC,76,76,32.3,4.0,9.1,.438,0.6,1.9,.331,3.3,7.2,.467,.473,3.0,3.2,.934,0.4,1.9,2.3,6.2,1.0,0.1,2.4,1.9,11.6)
(1995,380,Doug West,SG,27,MIN,71,65,32.8,4.9,10.7,.461,0.2,0.9,.180,4.8,9.9,.485,.468,2.9,3.5,.837,0.8,2.4,3.2,2.6,0.9,0.3,1.8,3.5,12.9)
(1995,383,Chris Whitney,PG,23,SAS,25,0,7.2,0.6,1.9,.298,0.1,0.8,.158,0.4,1.1,.393,.330,0.4,0.4,1.000,0.2,0.4,0.5,1.1,0.2,0.0,0.7,1.4,1.7)
(1995,387,Buck Williams,PF,34,POR,82,82,29.5,3.8,7.4,.512,0.0,0.0,.500,3.8,7.3,.512,.512,1.7,2.5,.673,3.1,5.1,8.2,1.0,0.8,0.8,1.5,3.1,9.2)
(1995,391,John Williams,SF,28,IND,34,0,11.8,1.2,3.4,.357,0.1,0.4,.333,1.1,3.0,.359,.374,0.4,0.7,.560,0.7,1.1,1.8,0.8,0.3,0.1,1.0,1.4,2.9)
(1995,395,Reggie Williams,SF,30,DEN,74,70,29.7,5.2,11.4,.459,1.1,3.6,.320,4.1,7.8,.522,.509,1.8,2.4,.759,1.3,3.2,4.4,3.1,1.5,0.9,1.7,3.6,13.4)
(1995,399,Trevor Wilson,PF,26,SAC,15,0,9.8,1.2,2.7,.450,0.0,0.0,,1.2,2.7,.450,.450,0.7,0.9,.786,0.7,1.1,1.7,0.8,0.3,0.1,0.4,0.8,3.1)
(1995,402,Joe Wolf,PF,30,CHH,63,6,9.3,0.6,1.3,.469,0.0,0.1,.333,0.6,1.2,.480,.481,0.2,0.3,.750,0.5,1.5,2.0,0.6,0.1,0.1,0.3,1.6,1.4)
(1995,406,Sharone Wright,C,22,PHI,79,49,25.9,4.6,9.8,.465,0.0,0.1,.000,4.6,9.7,.470,.465,2.3,3.6,.645,2.4,3.6,6.0,0.6,0.5,1.3,1.9,3.1,11.4)
