(2013,Rk,Player,Pos,Age,Tm,G,GS,MP,FG,FGA,FG%,3P,3PA,3P,2P,2PA,2P,eFG%,FT,FTA,FT%,ORB,DRB,TRB,AST,STL,BLK,TOV,PF,PTS)
(2013,4,Josh Akognon,PG,26,DAL,3,0,3.0,0.7,1.3,.500,0.3,0.7,.500,0.3,0.7,.500,.625,0.0,0.0,,0.0,0.3,0.3,0.3,0.0,0.0,0.0,1.0,1.7)
(2013,8,Ray Allen,SG,37,MIA,79,0,25.8,3.7,8.2,.449,1.8,4.2,.419,1.9,4.0,.480,.555,1.8,2.0,.886,0.5,2.2,2.7,1.7,0.8,0.2,1.3,1.6,10.9)
(2013,12,Chris Andersen,C,34,MIA,42,0,14.9,1.7,2.9,.577,0.0,0.1,.667,1.6,2.9,.575,.585,1.5,2.2,.677,1.4,2.7,4.1,0.4,0.4,1.0,0.6,2.1,4.9)
(2013,16,Carmelo Anthony,PF,28,NYK,67,67,37.0,10.0,22.2,.449,2.3,6.2,.379,7.6,16.0,.476,.502,6.3,7.6,.830,2.0,4.9,6.9,2.6,0.8,0.5,2.6,3.1,28.7)
(2013,20,Omer Asik,C,26,HOU,82,82,30.0,4.0,7.5,.541,0.0,0.0,.000,4.0,7.5,.542,.541,2.0,3.6,.562,3.4,8.3,11.7,0.9,0.6,1.1,2.1,2.7,10.1)
(2013,23,Jeff Ayres,PF,25,IND,37,0,10.0,1.6,3.4,.484,0.1,0.1,.500,1.6,3.3,.484,.492,0.6,0.6,.913,0.8,2.0,2.8,0.4,0.2,0.3,0.6,1.2,3.9)
(2013,27,Andrea Bargnani,PF,27,TOR,35,25,28.7,4.9,12.2,.399,1.1,3.5,.309,3.8,8.7,.436,.444,1.9,2.2,.844,0.7,2.9,3.7,1.1,0.6,0.7,1.5,1.8,12.7)
(2013,31,Will Barton,SG,22,POR,73,5,12.2,1.6,4.2,.382,0.1,0.9,.138,1.5,3.3,.447,.396,0.7,0.9,.769,0.5,1.5,2.0,0.8,0.5,0.1,0.8,0.8,4.0)
(2013,35,Jerryd Bayless,PG,24,MEM,80,4,22.1,3.3,7.8,.419,0.9,2.5,.353,2.4,5.3,.450,.476,1.3,1.5,.836,0.3,1.9,2.2,3.3,0.7,0.2,1.5,2.1,8.7)
(2013,39,Michael Beasley,SF,24,PHO,75,20,20.7,4.1,10.2,.405,0.6,1.9,.313,3.5,8.3,.426,.434,1.3,1.7,.746,0.7,3.1,3.8,1.5,0.4,0.5,1.9,1.4,10.1)
(2013,42,Patrick Beverley,PG,24,HOU,41,0,17.4,1.9,4.6,.418,0.9,2.3,.375,1.0,2.3,.462,.513,0.8,1.0,.829,1.1,1.6,2.7,2.9,0.9,0.5,1.1,2.0,5.6)
(2013,46,DeJuan Blair,PF,23,SAS,61,16,14.0,2.3,4.4,.524,0.0,0.0,.000,2.3,4.4,.526,.524,0.7,1.1,.629,1.1,2.7,3.8,0.7,0.6,0.2,0.8,1.8,5.4)
(2013,50,Keith Bogans,SG,32,BRK,74,23,19.0,1.5,3.8,.380,1.1,3.3,.343,0.3,0.5,.615,.528,0.1,0.2,.647,0.2,1.4,1.6,1.0,0.4,0.1,0.7,1.5,4.2)
(2013,54,Carlos Boozer,PF,31,CHI,79,79,32.2,6.9,14.4,.477,0.0,0.0,.000,6.9,14.4,.478,.477,2.4,3.3,.731,2.2,7.5,9.8,2.3,0.8,0.4,2.2,3.0,16.2)
(2013,58,Corey Brewer,SF,26,DEN,82,2,24.4,4.6,10.8,.425,1.1,3.7,.296,3.5,7.0,.493,.476,1.8,2.6,.690,0.7,2.2,2.9,1.5,1.4,0.3,1.2,1.9,12.1)
(2013,61,MarShon Brooks,SG,24,BRK,73,2,12.5,2.1,4.6,.463,0.2,0.8,.273,1.9,3.8,.500,.485,0.9,1.3,.734,0.4,1.0,1.4,1.0,0.5,0.2,0.9,1.3,5.4)
(2013,65,Chase Budinger,SF,24,MIN,23,1,22.1,3.4,8.3,.414,1.1,3.5,.321,2.3,4.8,.482,.482,1.4,1.8,.762,0.7,2.4,3.1,1.1,0.6,0.3,1.0,1.3,9.4)
(2013,69,Will Bynum,PG,30,DET,65,0,18.8,3.9,8.3,.469,0.4,1.2,.316,3.5,7.1,.494,.491,1.6,2.0,.809,0.4,1.1,1.5,3.6,0.7,0.1,1.9,2.0,9.8)
(2013,73,Matt Carroll,SG,32,CHA,1,0,6.0,0.0,0.0,,0.0,0.0,,0.0,0.0,,,0.0,0.0,,0.0,0.0,0.0,1.0,0.0,0.0,0.0,1.0,0.0)
(2013,77,Tyson Chandler,C,30,NYK,66,66,32.8,3.9,6.1,.638,0.0,0.0,,3.9,6.1,.638,.638,2.7,3.9,.694,4.1,6.6,10.7,0.9,0.6,1.1,1.3,2.8,10.4)
(2013,Rk,Player,Pos,Age,Tm,G,GS,MP,FG,FGA,FG%,3P,3PA,3P,2P,2PA,2P,eFG%,FT,FTA,FT%,ORB,DRB,TRB,AST,STL,BLK,TOV,PF,PTS)
(2013,84,Darren Collison,PG,25,DAL,81,47,29.3,4.2,8.9,.471,0.6,1.7,.353,3.6,7.3,.498,.504,3.0,3.4,.880,0.4,2.3,2.7,5.1,1.2,0.1,2.1,1.7,12.0)
(2013,88,Daequan Cook,SG,25,TOT,49,1,9.0,1.0,3.4,.305,0.5,1.9,.286,0.5,1.6,.329,.383,0.2,0.2,.750,0.1,1.1,1.2,0.4,0.2,0.1,0.3,0.5,2.8)
(2013,92,Jordan Crawford,SG,24,TOT,70,14,24.4,4.3,10.4,.415,1.2,3.5,.337,3.1,6.8,.455,.472,1.8,2.3,.811,0.6,2.4,3.0,3.2,0.6,0.1,2.0,1.5,11.6)
(2013,96,Eddy Curry,C,30,DAL,2,0,12.5,2.0,4.0,.500,0.0,0.0,,2.0,4.0,.500,.500,0.5,2.0,.250,1.0,1.0,2.0,0.0,0.0,0.0,1.5,3.5,4.5)
(2013,100,Anthony Davis,PF,19,NOH,64,60,28.8,5.5,10.6,.516,0.0,0.1,.000,5.5,10.5,.521,.516,2.6,3.5,.751,2.6,5.6,8.2,1.0,1.2,1.8,1.4,2.5,13.5)
(2013,103,Austin Daye,SF,24,TOT,55,0,12.3,1.6,3.8,.433,0.7,1.8,.418,0.9,2.0,.445,.531,0.5,0.6,.765,0.3,1.9,2.2,0.8,0.3,0.4,0.5,1.5,4.5)
(2013,107,Justin Dentmon,PG,27,DAL,2,0,2.0,0.0,1.0,.000,0.0,0.0,,0.0,1.0,.000,.000,0.0,0.0,,0.0,0.0,0.0,0.0,0.0,0.0,0.0,0.0,0.0)
(2013,111,Keyon Dooling,PG,32,MEM,7,0,11.7,1.4,3.0,.476,0.7,1.7,.417,0.7,1.3,.556,.595,0.9,1.0,.857,0.0,0.1,0.1,1.1,0.1,0.0,0.7,1.1,4.4)
(2013,115,Andre Drummond,C,19,DET,60,10,20.7,3.5,5.7,.608,0.0,0.0,.500,3.5,5.7,.609,.610,1.0,2.7,.371,2.8,4.8,7.6,0.5,1.0,1.6,1.0,2.4,7.9)
(2013,119,Mike Dunleavy,SF,32,MIL,75,3,25.9,3.7,8.3,.442,1.7,4.0,.428,2.0,4.3,.455,.545,1.4,1.7,.820,0.4,3.5,3.9,1.9,0.5,0.5,1.2,1.8,10.5)
(2013,122,Wayne Ellington,SG,25,TOT,78,21,21.3,2.9,6.8,.427,1.2,3.1,.392,1.7,3.7,.457,.516,0.9,1.0,.907,0.3,1.8,2.1,1.3,0.6,0.0,0.7,1.0,7.9)
(2013,126,Reggie Evans,PF,32,BRK,80,56,24.6,1.6,3.3,.479,0.0,0.0,,1.6,3.3,.479,.479,1.4,2.8,.509,3.3,7.9,11.1,0.5,0.9,0.2,1.4,2.5,4.5)
(2013,130,Derrick Favors,PF,21,UTA,77,8,23.2,3.6,7.4,.482,0.0,0.1,.000,3.6,7.3,.487,.482,2.3,3.4,.688,2.4,4.7,7.1,1.0,0.9,1.7,1.7,3.2,9.4)
(2013,134,Evan Fournier,SG,20,DEN,38,4,11.3,2.0,4.0,.493,0.6,1.4,.407,1.4,2.6,.541,.566,0.8,1.0,.769,0.2,0.8,0.9,1.2,0.5,0.0,0.8,1.7,5.3)
(2013,138,Danilo Gallinari,SF,24,DEN,71,71,32.5,5.1,12.3,.418,1.9,5.1,.373,3.2,7.2,.450,.495,4.0,4.9,.822,0.9,4.3,5.2,2.5,0.9,0.5,1.6,1.8,16.2)
(2013,141,Diante Garrett,PG,24,PHO,19,0,7.8,0.8,2.6,.327,0.2,0.8,.200,0.7,1.8,.382,.357,0.3,0.5,.500,0.3,0.5,0.8,1.6,0.5,0.0,0.8,0.3,2.1)
(2013,145,Alonzo Gee,SF,25,CLE,82,82,31.0,3.7,9.1,.410,0.8,2.7,.315,2.9,6.4,.450,.456,2.0,2.5,.795,0.9,3.0,3.9,1.6,1.3,0.4,1.6,2.4,10.3)
(2013,149,Taj Gibson,PF,27,CHI,65,5,22.4,3.3,6.8,.485,0.0,0.1,.000,3.3,6.7,.490,.485,1.4,2.0,.679,1.9,3.4,5.3,0.9,0.4,1.4,1.2,2.6,8.0)
(2013,153,Eric Gordon,SG,24,NOH,42,40,30.1,5.6,13.9,.402,1.3,4.1,.324,4.3,9.8,.436,.450,4.5,5.3,.842,0.2,1.6,1.8,3.3,1.1,0.2,2.8,1.8,17.0)
(2013,157,Aaron Gray,C,28,TOR,42,16,12.2,1.1,2.1,.533,0.0,0.0,,1.1,2.1,.533,.533,0.5,1.0,.523,1.1,2.0,3.2,0.8,0.2,0.1,0.9,2.0,2.8)
(2013,Rk,Player,Pos,Age,Tm,G,GS,MP,FG,FGA,FG%,3P,3PA,3P,2P,2PA,2P,eFG%,FT,FTA,FT%,ORB,DRB,TRB,AST,STL,BLK,TOV,PF,PTS)
(2013,164,Hamed Haddadi,C,27,TOT,30,0,10.7,1.2,2.7,.427,0.0,0.0,,1.2,2.7,.427,.427,0.5,0.9,.519,1.4,2.3,3.7,0.4,0.2,0.9,1.0,2.0,2.8)
(2013,168,Tyler Hansbrough,PF,27,IND,81,8,16.9,2.2,5.0,.432,0.0,0.0,.000,2.2,5.0,.436,.432,2.7,3.7,.720,2.0,2.6,4.6,0.4,0.4,0.2,1.0,1.9,7.0)
(2013,172,Al Harrington,C,32,ORL,10,0,11.9,2.0,5.7,.351,0.8,3.0,.267,1.2,2.7,.444,.421,0.3,0.4,.750,0.6,2.1,2.7,1.0,0.4,0.1,0.7,1.8,5.1)
(2013,176,Udonis Haslem,PF,32,MIA,75,59,18.9,1.7,3.3,.514,0.0,0.0,,1.7,3.3,.514,.514,0.4,0.6,.711,1.3,4.1,5.4,0.5,0.4,0.2,0.6,2.3,3.9)
(2013,180,Lazar Hayward,SF,26,MIN,4,0,7.8,0.5,2.5,.200,0.0,1.0,.000,0.5,1.5,.333,.200,1.5,1.5,1.000,0.0,1.0,1.0,0.8,0.5,0.0,0.0,0.8,2.5)
(2013,183,Xavier Henry,SF,21,NOH,50,2,12.5,1.3,3.2,.410,0.1,0.2,.364,1.2,3.0,.413,.422,1.2,1.8,.630,0.4,1.4,1.8,0.3,0.3,0.1,0.6,1.4,3.9)
(2013,187,Cory Higgins,SG,23,CHA,6,0,5.3,1.0,3.2,.316,0.2,0.8,.200,0.8,2.3,.357,.342,0.2,0.3,.500,0.2,0.3,0.5,0.8,0.5,0.0,0.0,0.8,2.3)
(2013,191,Jordan Hill,PF,25,LAL,29,1,15.8,2.7,5.3,.497,0.0,0.1,.000,2.7,5.3,.503,.497,1.4,2.1,.656,2.8,2.9,5.7,0.4,0.3,0.7,0.9,1.9,6.7)
(2013,195,Ryan Hollins,C,28,LAC,60,0,11.1,1.2,1.9,.614,0.0,0.0,,1.2,1.9,.614,.614,1.1,1.5,.750,0.8,1.5,2.3,0.2,0.1,0.6,0.7,2.2,3.4)
(2013,199,Josh Howard,SF,32,MIN,11,4,18.8,2.8,7.0,.403,0.5,1.5,.313,2.4,5.5,.426,.435,0.6,1.1,.583,0.8,2.5,3.3,0.4,0.9,0.3,0.9,1.6,6.7)
(2013,202,Serge Ibaka,PF,23,OKC,80,80,31.1,5.6,9.7,.573,0.3,0.7,.351,5.3,9.0,.591,.586,1.8,2.4,.749,2.8,4.9,7.7,0.5,0.4,3.0,1.6,2.7,13.2)
(2013,206,Royal Ivey,SG,31,PHI,53,5,13.2,1.2,2.7,.431,0.7,1.7,.420,0.5,1.1,.446,.559,0.2,0.3,.563,0.3,0.8,1.1,0.6,0.4,0.1,0.4,1.4,3.2)
(2013,210,Bernard James,C,27,DAL,46,11,9.9,1.2,2.2,.515,0.0,0.0,.000,1.2,2.2,.525,.515,0.5,0.9,.610,1.1,1.7,2.8,0.1,0.3,0.8,0.4,1.4,2.8)
(2013,214,Antawn Jamison,PF,36,LAL,76,6,21.5,3.5,7.6,.464,1.1,3.1,.361,2.4,4.5,.535,.537,1.2,1.8,.691,1.4,3.3,4.8,0.7,0.4,0.3,0.7,1.6,9.4)
(2013,218,Charles Jenkins,SG-PG,23,TOT,59,1,7.5,0.8,2.1,.405,0.0,0.0,.500,0.8,2.0,.403,.409,0.2,0.4,.545,0.1,0.4,0.5,0.7,0.3,0.0,0.4,0.4,1.9)
(2013,221,Jonas Jerebko,PF,25,DET,49,2,18.2,2.9,6.4,.449,0.5,1.7,.301,2.4,4.8,.502,.489,1.4,1.8,.773,1.4,2.4,3.8,0.9,0.8,0.2,0.9,1.8,7.7)
(2013,225,Ivan Johnson,PF,28,ATL,69,5,15.0,2.7,5.2,.520,0.0,0.2,.077,2.7,5.0,.536,.521,1.2,1.9,.618,1.1,2.8,3.9,0.7,0.8,0.2,1.0,1.9,6.6)
(2013,229,Wesley Johnson,SF,25,PHO,50,21,19.1,3.2,7.9,.407,1.0,3.1,.323,2.2,4.8,.461,.470,0.5,0.7,.771,0.4,2.0,2.5,0.7,0.4,0.4,1.0,1.1,8.0)
(2013,233,Dominique Jones,PG,24,DAL,29,3,11.7,1.4,3.8,.367,0.0,0.3,.111,1.3,3.4,.390,.372,1.2,1.8,.660,0.6,0.9,1.6,2.9,0.5,0.1,1.3,1.0,4.0)
(2013,239,DeAndre Jordan,C,24,LAC,82,82,24.5,3.8,6.0,.643,0.0,0.0,,3.8,6.0,.643,.643,1.2,3.0,.386,2.6,4.7,7.2,0.3,0.6,1.4,1.2,2.3,8.8)
(2013,242,Chris Kaman,C,30,DAL,66,52,20.7,4.7,9.3,.507,0.0,0.0,.000,4.7,9.3,.508,.507,1.0,1.3,.788,1.5,4.2,5.6,0.8,0.4,0.8,1.6,2.1,10.5)
(2013,246,Andrei Kirilenko,SF,31,MIN,64,64,31.8,4.4,8.8,.507,0.5,1.9,.292,3.9,6.9,.566,.538,2.9,3.9,.752,1.6,4.1,5.7,2.8,1.5,1.0,1.9,1.3,12.4)
(2013,250,Kosta Koufos,C,23,DEN,81,81,22.4,3.6,6.3,.581,0.0,0.0,.000,3.6,6.3,.582,.581,0.7,1.3,.558,2.6,4.3,6.9,0.4,0.5,1.3,0.7,3.0,8.0)
(2013,254,Carl Landry,PF,29,GSW,81,2,23.2,4.0,7.4,.540,0.0,0.0,.333,4.0,7.4,.541,.541,2.8,3.4,.817,2.2,3.7,6.0,0.8,0.4,0.4,1.4,2.3,10.8)
(2013,258,Malcolm Lee,SG,22,MIN,16,12,18.1,1.8,4.8,.382,0.5,1.5,.333,1.3,3.3,.404,.434,0.8,1.3,.600,0.9,1.5,2.4,1.3,0.8,0.4,0.6,1.9,4.9)
(2013,261,Jon Leuer,PF-C,23,TOT,28,0,6.7,0.9,1.9,.481,0.0,0.1,.000,0.9,1.8,.510,.481,0.2,0.5,.462,0.5,0.9,1.3,0.3,0.2,0.0,0.3,0.8,2.0)
(2013,265,Jeremy Lin,PG,24,HOU,82,82,32.2,4.8,10.9,.441,1.1,3.1,.339,3.8,7.8,.483,.490,2.6,3.4,.785,0.4,2.6,3.0,6.1,1.6,0.4,2.9,2.5,13.4)
(2013,269,Kevin Love,PF,24,MIN,18,18,34.3,5.8,16.6,.352,1.1,5.1,.217,4.7,11.4,.413,.386,5.6,7.9,.704,3.6,10.4,14.0,2.3,0.7,0.5,2.2,1.9,18.3)
(2013,273,Shelvin Mack,PG-SG,22,TOT,31,3,13.4,1.9,4.1,.460,0.6,1.6,.367,1.3,2.5,.519,.532,0.3,0.5,.563,0.1,1.2,1.3,2.2,0.5,0.0,1.1,1.3,4.6)
(2013,277,Kendall Marshall,PG,21,PHO,48,3,14.6,1.2,3.1,.371,0.5,1.5,.315,0.7,1.6,.423,.447,0.2,0.3,.571,0.1,0.8,0.9,3.0,0.5,0.1,1.2,1.0,3.0)
(2013,Rk,Player,Pos,Age,Tm,G,GS,MP,FG,FGA,FG%,3P,3PA,3P,2P,2PA,2P,eFG%,FT,FTA,FT%,ORB,DRB,TRB,AST,STL,BLK,TOV,PF,PTS)
(2013,284,Eric Maynor,PG-SG,25,TOT,64,0,15.0,1.7,4.4,.377,0.5,1.5,.354,1.1,2.9,.389,.438,0.7,1.0,.726,0.1,0.6,0.7,2.8,0.3,0.0,1.2,0.9,4.5)
(2013,288,Dominic McGuire,SF,27,TOT,26,10,14.9,0.9,2.2,.429,0.0,0.0,,0.9,2.2,.429,.429,0.1,0.4,.300,0.7,2.3,3.0,0.8,0.5,0.4,0.5,1.5,2.0)
(2013,292,Khris Middleton,SG,21,DET,27,0,17.6,2.3,5.2,.440,0.5,1.7,.311,1.8,3.6,.500,.489,1.0,1.2,.844,0.1,1.7,1.9,1.0,0.6,0.1,0.4,2.0,6.1)
(2013,296,Darius Miller,SF,22,NOH,52,2,13.3,0.8,2.1,.407,0.4,1.1,.393,0.4,1.0,.423,.509,0.2,0.2,1.000,0.2,1.3,1.5,0.8,0.3,0.2,0.4,1.7,2.3)
(2013,300,Paul Millsap,PF,27,UTA,78,78,30.4,5.5,11.2,.490,0.2,0.5,.333,5.3,10.7,.498,.498,3.4,4.6,.742,2.3,4.8,7.1,2.6,1.3,1.0,1.8,3.0,14.6)
(2013,303,E'Twaun Moore,SG,23,ORL,75,21,22.4,3.2,8.0,.396,0.9,2.6,.340,2.3,5.3,.424,.452,0.6,0.8,.797,0.6,1.6,2.2,2.7,0.7,0.3,1.4,1.6,7.8)
(2013,307,Anthony Morrow,SG,27,TOT,41,1,9.3,1.6,3.5,.441,0.4,1.0,.372,1.2,2.5,.471,.497,0.5,0.5,.909,0.3,0.5,0.7,0.3,0.3,0.0,0.2,1.0,4.0)
(2013,311,Byron Mullens,PF,23,CHA,53,41,26.9,4.1,10.6,.385,1.2,3.9,.317,2.8,6.7,.425,.444,1.2,1.9,.646,1.3,5.0,6.4,1.5,0.6,0.6,1.4,2.1,10.6)
(2013,315,Gary Neal,SG,28,SAS,68,17,21.8,3.6,8.8,.412,1.3,3.7,.355,2.3,5.1,.454,.487,0.9,1.1,.865,0.2,1.9,2.1,1.9,0.4,0.0,1.0,1.4,9.5)
(2013,319,Steve Novak,SF,29,NYK,81,1,20.3,2.2,5.3,.414,1.8,4.3,.425,0.4,1.0,.367,.587,0.4,0.4,.909,0.2,1.7,1.9,0.4,0.3,0.1,0.1,1.2,6.6)
(2013,322,Kyle O'Quinn,C,22,ORL,57,5,11.2,1.8,3.5,.513,0.0,0.0,.000,1.8,3.4,.515,.513,0.5,0.8,.667,1.1,2.5,3.7,0.9,0.2,0.5,0.6,1.9,4.1)
(2013,326,Daniel Orton,C,22,OKC,13,0,8.0,0.9,2.0,.462,0.0,0.0,,0.9,2.0,.462,.462,0.7,1.3,.529,1.0,1.0,2.0,0.3,0.3,0.2,0.3,1.0,2.5)
(2013,330,Jeremy Pargo,PG-SG,26,TOT,39,11,16.8,2.5,6.4,.396,0.6,1.9,.338,1.9,4.5,.420,.446,1.1,1.6,.677,0.2,1.1,1.3,2.4,0.3,0.1,1.3,1.2,6.8)
(2013,334,Chris Paul,PG,27,LAC,70,70,33.4,5.9,12.2,.481,1.1,3.3,.328,4.8,8.9,.538,.526,4.1,4.6,.885,0.8,3.0,3.7,9.7,2.4,0.1,2.3,2.0,16.9)
(2013,338,Johan Petro,C,27,ATL,31,8,11.4,1.5,3.5,.436,0.0,0.1,.250,1.5,3.4,.443,.441,0.4,0.4,.917,1.1,2.5,3.6,0.5,0.3,0.3,0.8,1.5,3.5)
(2013,341,Dexter Pittman,C,24,TOT,11,0,2.9,0.4,1.0,.364,0.0,0.0,,0.4,1.0,.364,.364,0.0,0.3,.000,0.6,0.5,1.1,0.0,0.0,0.0,0.3,0.7,0.7)
(2013,345,Ronnie Price,PG,29,POR,39,0,13.1,1.0,3.1,.325,0.3,1.0,.256,0.7,2.1,.358,.367,0.4,0.6,.708,0.3,0.8,1.1,1.9,0.7,0.1,0.9,1.6,2.7)
(2013,349,Chris Quinn,SG,29,CLE,7,0,11.1,0.6,2.3,.250,0.0,0.7,.000,0.6,1.6,.364,.250,0.3,0.3,1.000,0.1,0.1,0.3,1.3,0.4,0.0,0.9,0.6,1.4)
(2013,353,Zach Randolph,PF,31,MEM,76,75,34.3,6.2,13.5,.460,0.0,0.3,.087,6.2,13.2,.469,.461,3.0,3.9,.750,4.1,7.2,11.2,1.4,0.8,0.4,2.0,2.4,15.4)
(2013,357,Luke Ridnour,SG,31,MIN,82,82,30.2,4.5,9.9,.453,0.8,2.6,.311,3.7,7.3,.503,.493,1.7,2.0,.848,0.5,2.0,2.5,3.8,1.0,0.2,1.6,2.3,11.5)
(2013,Rk,Player,Pos,Age,Tm,G,GS,MP,FG,FGA,FG%,3P,3PA,3P,2P,2PA,2P,eFG%,FT,FTA,FT%,ORB,DRB,TRB,AST,STL,BLK,TOV,PF,PTS)
(2013,364,Brandon Roy,SG,28,MIN,5,5,24.4,2.2,7.0,.314,0.0,1.8,.000,2.2,5.2,.423,.314,1.4,2.0,.700,0.6,2.2,2.8,4.6,0.6,0.0,1.4,1.0,5.8)
(2013,368,John Salmons,SF,33,SAC,76,72,30.0,3.2,8.1,.399,1.3,3.5,.371,1.9,4.5,.420,.480,1.1,1.4,.773,0.4,2.3,2.7,3.0,0.7,0.3,1.1,1.9,8.8)
(2013,372,Mike Scott,PF,24,ATL,40,1,9.4,1.8,3.7,.476,0.0,0.0,.000,1.8,3.7,.479,.476,1.1,1.4,.768,1.0,1.8,2.8,0.3,0.1,0.1,0.5,0.8,4.6)
(2013,376,Ramon Sessions,SG,26,CHA,61,0,27.1,4.5,11.1,.408,0.5,1.8,.308,4.0,9.3,.427,.433,4.8,5.7,.839,0.4,2.3,2.8,3.8,0.8,0.1,1.7,1.5,14.4)
(2013,380,Henry Sims,C,22,NOH,2,0,2.5,1.0,1.5,.667,0.0,0.0,,1.0,1.5,.667,.667,0.0,0.0,,1.0,0.0,1.0,0.0,0.0,0.0,0.5,0.5,2.0)
(2013,383,Donald Sloan,SG-PG,25,TOT,23,0,11.4,1.2,3.4,.346,0.3,0.8,.368,0.9,2.6,.339,.391,0.9,1.1,.800,0.1,1.1,1.2,1.7,0.2,0.0,0.6,0.7,3.5)
(2013,387,Jason Smith,C,26,NOH,51,0,17.2,3.3,6.7,.490,0.0,0.1,.000,3.3,6.6,.496,.490,1.7,2.0,.843,1.3,2.4,3.6,0.7,0.3,0.9,1.1,2.4,8.2)
(2013,391,Tiago Splitter,PF,28,SAS,81,58,24.7,3.9,7.0,.560,0.0,0.0,.000,3.9,6.9,.561,.560,2.6,3.5,.730,1.8,4.6,6.4,1.6,0.8,0.8,1.2,2.0,10.3)
(2013,395,Greg Stiemsma,C,27,MIN,76,19,15.9,1.7,3.7,.457,0.0,0.0,,1.7,3.7,.457,.457,0.7,0.9,.768,0.8,2.6,3.4,0.4,0.6,1.2,0.8,2.4,4.0)
(2013,399,Jared Sullinger,PF,20,BOS,45,5,19.8,2.5,5.0,.493,0.0,0.1,.200,2.4,4.9,.500,.496,1.0,1.4,.746,2.0,3.8,5.9,0.8,0.5,0.5,0.6,3.4,6.0)
(2013,402,Tyshawn Taylor,PG,22,BRK,38,0,5.8,0.8,2.3,.368,0.2,0.3,.462,0.7,1.9,.351,.402,0.4,0.7,.556,0.1,0.4,0.5,0.6,0.3,0.0,0.7,0.7,2.2)
(2013,406,Sebastian Telfair,PG,27,TOT,59,2,16.6,1.9,5.2,.362,0.9,2.5,.353,1.0,2.7,.371,.448,0.9,1.2,.783,0.2,1.2,1.4,2.6,0.6,0.2,1.1,1.8,5.6)
(2013,410,Isaiah Thomas,PG,23,SAC,79,62,26.9,4.6,10.5,.440,1.5,4.1,.358,3.2,6.5,.491,.509,3.2,3.6,.882,0.4,1.7,2.0,4.0,0.8,0.0,1.8,2.1,13.9)
(2013,414,Tyrus Thomas,PF,26,CHA,26,2,13.8,1.8,5.2,.353,0.1,0.3,.375,1.7,4.9,.352,.364,1.0,1.2,.839,0.6,1.7,2.3,0.7,0.5,0.6,0.7,2.0,4.8)
(2013,418,Marcus Thornton,SG,25,SAC,72,8,24.0,4.6,10.8,.429,2.0,5.3,.372,2.7,5.5,.484,.520,1.5,1.8,.881,0.7,1.8,2.5,1.3,0.8,0.1,0.9,1.5,12.7)
(2013,421,P.J. Tucker,SG,27,PHO,79,45,24.2,2.7,5.6,.473,0.3,0.9,.314,2.4,4.7,.503,.498,0.8,1.1,.744,1.7,2.8,4.4,1.4,0.8,0.2,0.8,1.8,6.4)
(2013,425,Jeremy Tyler,C,21,TOT,21,0,3.2,0.4,1.1,.375,0.0,0.0,,0.4,1.1,.375,.375,0.2,0.3,.667,0.3,0.7,1.0,0.0,0.0,0.1,0.3,0.5,1.0)
(2013,429,Anderson Varejao,C,30,CLE,25,25,36.0,5.5,11.6,.478,0.0,0.2,.000,5.5,11.4,.486,.478,3.1,4.1,.755,5.5,8.9,14.4,3.4,1.5,0.6,1.8,2.7,14.1)
(2013,433,Charlie Villanueva,PF,28,DET,69,0,15.8,2.5,6.7,.377,1.3,3.8,.347,1.2,3.0,.415,.474,0.4,0.7,.551,0.7,2.8,3.5,0.8,0.4,0.6,0.6,1.4,6.8)
(2013,437,Kemba Walker,PG,22,CHA,82,82,34.9,6.4,15.2,.423,1.3,4.0,.322,5.1,11.1,.459,.466,3.6,4.5,.798,0.7,2.7,3.5,5.7,2.0,0.4,2.4,1.9,17.7)
(2013,Rk,Player,Pos,Age,Tm,G,GS,MP,FG,FGA,FG%,3P,3PA,3P,2P,2PA,2P,eFG%,FT,FTA,FT%,ORB,DRB,TRB,AST,STL,BLK,TOV,PF,PTS)
(2013,444,Earl Watson,PG,33,UTA,48,4,17.3,0.8,2.5,.308,0.1,0.6,.179,0.7,1.9,.348,.329,0.4,0.5,.680,0.5,1.3,1.8,4.0,0.8,0.2,1.4,2.0,2.0)
(2013,448,Russell Westbrook,PG,24,OKC,82,82,34.9,8.2,18.7,.438,1.2,3.7,.323,7.0,15.1,.466,.470,5.6,7.0,.800,1.4,3.9,5.2,7.4,1.8,0.3,3.3,2.3,23.2)
(2013,452,Damien Wilkins,SG,33,PHI,61,21,18.0,2.4,5.2,.459,0.3,0.8,.333,2.1,4.3,.483,.486,1.3,1.8,.743,0.5,1.2,1.7,1.5,0.6,0.3,0.8,1.6,6.4)
(2013,456,Marvin Williams,SF,26,UTA,73,51,23.7,2.7,6.4,.423,0.7,2.3,.325,2.0,4.2,.477,.481,1.1,1.4,.778,0.8,2.8,3.6,1.1,0.5,0.5,0.8,1.3,7.2)
(2013,460,Metta World Peace,SF,33,LAL,75,66,33.7,4.4,11.0,.403,1.9,5.5,.342,2.5,5.5,.464,.488,1.7,2.3,.734,1.3,3.6,5.0,1.5,1.6,0.6,1.3,2.6,12.4)
(2013,463,Dorell Wright,SF,27,PHI,79,8,22.6,3.0,7.6,.396,1.7,4.6,.374,1.3,3.0,.429,.508,1.5,1.8,.851,0.5,3.3,3.8,1.9,0.8,0.4,0.8,1.2,9.2)
(2013,467,Thaddeus Young,PF,24,PHI,76,76,34.6,6.7,12.6,.531,0.0,0.1,.125,6.7,12.5,.535,.532,1.4,2.5,.574,2.4,5.1,7.5,1.6,1.8,0.7,1.2,2.5,14.8)
