(2013,2,Jeff Adrien,PF,26,CHA,52,5,13.7,1.4,3.2,.429,0.0,0.0,.000,1.4,3.2,.434,.429,1.3,1.9,.650,1.3,2.5,3.8,0.7,0.3,0.5,0.6,1.5,4.0)
(2013,6,LaMarcus Aldridge,PF,27,POR,74,74,37.7,8.6,17.8,.484,0.0,0.2,.143,8.6,17.6,.488,.485,3.8,4.7,.810,2.4,6.7,9.1,2.6,0.8,1.2,1.9,2.5,21.1)
(2013,10,Al-Farouq Aminu,SF,22,NOH,76,71,27.2,3.0,6.2,.475,0.1,0.3,.211,2.9,6.0,.486,.479,1.3,1.8,.737,1.8,5.9,7.7,1.4,1.2,0.7,1.5,2.0,7.3)
(2013,14,James Anderson,SG-SF,23,TOT,39,2,10.3,1.3,3.2,.413,0.5,1.5,.350,0.8,1.7,.470,.496,0.6,0.7,.857,0.5,1.4,1.8,1.1,0.4,0.1,0.6,0.6,3.8)
(2013,18,Trevor Ariza,SF,27,WAS,56,15,26.3,3.4,8.1,.417,1.4,3.7,.364,2.0,4.3,.463,.501,1.4,1.7,.821,0.8,4.0,4.8,2.0,1.3,0.4,1.5,1.3,9.5)
(2013,21,D.J. Augustin,PG,25,IND,76,5,16.1,1.4,3.9,.350,0.9,2.5,.353,0.5,1.4,.346,.464,1.1,1.3,.838,0.3,0.9,1.2,2.2,0.4,0.0,0.9,0.8,4.7)
(2013,25,Leandro Barbosa,PG,30,BOS,41,2,12.5,2.0,4.7,.430,0.4,1.1,.383,1.6,3.6,.445,.477,0.8,1.0,.756,0.2,0.9,1.1,1.4,0.4,0.1,0.5,1.2,5.2)
(2013,29,Matt Barnes,SF,32,LAC,80,4,25.7,3.9,8.4,.462,1.4,4.1,.342,2.5,4.4,.574,.544,1.1,1.5,.744,1.4,3.2,4.6,1.5,1.0,0.8,1.1,2.9,10.3)
(2013,33,Shane Battier,SF,34,MIA,72,20,24.8,2.1,5.0,.420,1.9,4.4,.430,0.2,0.6,.348,.608,0.4,0.5,.842,0.5,1.8,2.3,1.0,0.6,0.8,0.5,2.1,6.6)
(2013,37,Kent Bazemore,SG,23,GSW,61,0,4.4,0.7,1.9,.371,0.2,0.6,.294,0.5,1.3,.402,.414,0.4,0.7,.614,0.1,0.3,0.4,0.4,0.3,0.1,0.3,0.4,2.0)
(2013,Rk,Player,Pos,Age,Tm,G,GS,MP,FG,FGA,FG%,3P,3PA,3P,2P,2PA,2P,eFG%,FT,FTA,FT%,ORB,DRB,TRB,AST,STL,BLK,TOV,PF,PTS)
(2013,44,Chauncey Billups,SG,36,LAC,22,22,19.0,2.4,6.0,.402,1.5,4.1,.367,0.9,1.9,.476,.527,2.0,2.2,.938,0.1,1.4,1.5,2.2,0.5,0.0,1.2,1.1,8.4)
(2013,48,Andray Blatche,C,26,BRK,82,8,19.0,4.2,8.2,.512,0.0,0.3,.136,4.2,8.0,.524,.514,1.8,2.6,.685,2.0,3.1,5.1,1.0,1.0,0.7,1.5,2.0,10.3)
(2013,52,Matt Bonner,PF,32,SAS,68,4,13.4,1.6,3.4,.487,0.8,1.8,.442,0.9,1.6,.536,.602,0.2,0.2,.733,0.4,1.5,1.9,0.5,0.3,0.3,0.2,1.3,4.2)
(2013,56,Avery Bradley,PG,22,BOS,50,50,28.7,3.8,9.6,.402,0.8,2.5,.317,3.0,7.0,.432,.444,0.7,1.0,.755,0.6,1.6,2.2,2.1,1.3,0.4,1.4,2.6,9.2)
(2013,60,Aaron Brooks,PG,28,TOT,53,20,18.8,2.7,6.0,.453,0.9,2.5,.373,1.8,3.4,.511,.532,0.8,1.0,.769,0.2,1.3,1.5,2.2,0.6,0.2,1.3,1.8,7.1)
(2013,63,Shannon Brown,SG,27,PHO,59,22,23.8,4.1,9.7,.420,0.7,2.4,.277,3.4,7.3,.467,.454,1.7,2.1,.784,0.7,1.8,2.5,1.8,1.0,0.3,1.3,1.6,10.5)
(2013,67,Caron Butler,SF,32,LAC,78,78,24.1,3.9,9.2,.424,1.6,4.2,.388,2.3,5.0,.454,.513,1.0,1.2,.833,0.5,2.3,2.9,1.0,0.7,0.1,0.9,1.8,10.4)
(2013,71,Marcus Camby,PF,38,NYK,24,4,10.4,0.7,2.2,.321,0.0,0.0,,0.7,2.2,.321,.321,0.3,0.8,.421,1.0,2.3,3.3,0.6,0.3,0.6,0.6,1.2,1.8)
(2013,75,Omri Casspi,SF,24,CLE,43,1,11.7,1.5,3.7,.394,0.6,1.8,.329,0.9,2.0,.452,.472,0.5,1.0,.537,0.5,2.2,2.7,0.7,0.6,0.3,0.5,1.0,4.0)
(2013,79,Josh Childress,SF,29,BRK,14,0,7.1,0.4,1.5,.286,0.1,0.2,.333,0.4,1.3,.278,.310,0.1,0.1,.500,0.4,0.6,1.1,0.4,0.1,0.1,0.0,0.2,1.0)
(2013,82,Norris Cole,PG,24,MIA,80,4,19.9,2.2,5.3,.421,0.4,1.2,.357,1.8,4.1,.440,.462,0.7,1.0,.650,0.2,1.4,1.6,2.1,0.7,0.1,1.3,1.9,5.6)
(2013,86,Mike Conley,PG,25,MEM,80,80,34.5,5.2,11.8,.440,1.3,3.7,.362,3.9,8.1,.476,.497,2.9,3.5,.830,0.5,2.3,2.8,6.1,2.2,0.3,2.4,2.1,14.6)
(2013,90,DeMarcus Cousins,C,22,SAC,75,74,30.5,6.4,13.8,.465,0.1,0.3,.182,6.4,13.5,.471,.467,4.2,5.6,.738,3.0,7.0,9.9,2.7,1.4,0.7,3.0,3.6,17.1)
(2013,94,Dante Cunningham,PF,25,MIN,80,9,25.1,3.9,8.4,.468,0.0,0.1,.000,3.9,8.3,.472,.468,0.8,1.3,.650,1.8,3.3,5.1,0.8,1.1,0.5,0.7,1.9,8.7)
(2013,98,Samuel Dalembert,C,31,MIL,47,23,16.3,2.9,5.4,.542,0.0,0.0,1.000,2.9,5.4,.540,.543,0.8,1.2,.691,2.2,3.6,5.9,0.4,0.4,1.1,1.1,1.9,6.7)
(2013,101,Ed Davis,C-PF,23,TOT,81,28,20.1,3.2,6.0,.539,0.0,0.0,,3.2,6.0,.539,.539,1.3,2.1,.617,1.9,3.8,5.7,0.8,0.5,1.0,0.8,2.4,7.7)
(2013,105,Carlos Delfino,SF,30,HOU,67,5,25.2,3.7,9.3,.405,2.4,6.3,.375,1.4,3.0,.467,.532,0.7,0.8,.857,0.3,3.0,3.3,2.0,1.0,0.1,1.1,1.7,10.6)
(2013,109,Boris Diaw,PF,30,SAS,75,20,22.8,2.4,4.4,.539,0.4,1.0,.385,2.0,3.4,.587,.584,0.6,0.9,.723,0.9,2.5,3.4,2.4,0.7,0.4,1.1,1.9,5.8)
(2013,113,Chris Douglas-Roberts,SG,26,DAL,6,0,10.5,0.8,2.3,.357,0.0,0.7,.000,0.8,1.7,.500,.357,1.2,1.7,.700,0.0,0.8,0.8,0.7,0.3,0.0,0.2,0.7,2.8)
(2013,117,Chris Duhon,PG,30,LAL,46,9,17.8,1.0,2.7,.382,0.7,2.0,.363,0.3,0.7,.438,.516,0.1,0.3,.462,0.2,1.2,1.5,2.9,0.4,0.0,0.9,1.2,2.9)
(2013,Rk,Player,Pos,Age,Tm,G,GS,MP,FG,FGA,FG%,3P,3PA,3P,2P,2PA,2P,eFG%,FT,FTA,FT%,ORB,DRB,TRB,AST,STL,BLK,TOV,PF,PTS)
(2013,124,Kim English,SG,24,DET,41,0,9.9,1.0,2.7,.375,0.3,1.2,.280,0.7,1.5,.452,.438,0.5,0.7,.724,0.2,0.7,0.9,0.6,0.4,0.1,0.5,1.1,2.9)
(2013,128,Festus Ezeli,C,23,GSW,78,41,14.4,0.9,2.2,.438,0.0,0.0,,0.9,2.2,.438,.438,0.6,1.0,.531,1.8,2.2,4.0,0.3,0.3,0.9,0.8,2.0,2.4)
(2013,132,Landry Fields,SF,24,TOR,51,22,20.3,2.0,4.4,.457,0.0,0.3,.143,2.0,4.1,.478,.462,0.7,1.0,.642,1.2,2.9,4.1,1.2,0.6,0.2,0.8,1.2,4.7)
(2013,136,Jimmer Fredette,SG,23,SAC,69,0,14.0,2.5,5.9,.421,0.9,2.3,.417,1.6,3.7,.423,.500,1.2,1.4,.859,0.3,0.8,1.0,1.3,0.4,0.0,1.0,0.9,7.2)
(2013,140,Kevin Garnett,C,36,BOS,68,68,29.7,6.2,12.5,.496,0.0,0.2,.125,6.2,12.3,.504,.498,2.3,3.0,.786,1.1,6.7,7.8,2.3,1.1,0.9,1.6,2.3,14.8)
(2013,143,Pau Gasol,PF,32,LAL,49,42,33.8,5.5,11.8,.466,0.2,0.6,.286,5.3,11.2,.475,.473,2.6,3.6,.702,2.3,6.3,8.6,4.1,0.5,1.2,2.1,1.9,13.7)
(2013,147,Paul George,SF,22,IND,79,79,37.6,6.2,14.9,.419,2.2,5.9,.362,4.1,8.9,.457,.491,2.8,3.5,.807,1.1,6.5,7.6,4.1,1.8,0.6,2.9,2.9,17.4)
(2013,151,Drew Gooden,C,31,MIL,16,0,9.4,1.3,3.8,.328,0.1,0.3,.200,1.2,3.5,.339,.336,0.7,1.0,.688,0.8,1.1,1.9,0.4,0.3,0.4,0.6,1.3,3.3)
(2013,155,Andrew Goudelock,SG,24,LAL,1,0,6.0,0.0,2.0,.000,0.0,0.0,,0.0,2.0,.000,.000,0.0,0.0,,1.0,0.0,1.0,0.0,0.0,0.0,0.0,0.0,0.0)
(2013,159,Draymond Green,SF,22,GSW,79,1,13.4,1.1,3.3,.327,0.2,0.8,.209,0.9,2.4,.368,.354,0.6,0.7,.818,0.7,2.6,3.3,0.7,0.5,0.3,0.6,2.0,2.9)
(2013,162,Willie Green,SG,31,LAC,72,60,16.5,2.5,5.4,.461,1.0,2.3,.428,1.5,3.1,.486,.553,0.3,0.4,.719,0.2,1.1,1.3,0.8,0.4,0.2,0.4,1.3,6.3)
(2013,166,Richard Hamilton,SG,34,CHI,50,45,21.8,4.1,9.5,.429,0.3,1.0,.308,3.8,8.5,.444,.446,1.3,1.5,.857,0.3,1.3,1.7,2.4,0.5,0.1,1.7,1.9,9.8)
(2013,170,Maurice Harkless,SF,19,ORL,76,59,26.0,3.4,7.4,.461,0.4,1.5,.274,3.0,5.9,.510,.489,1.0,1.7,.570,1.6,2.8,4.4,0.7,1.2,0.8,0.9,1.9,8.2)
(2013,174,Terrel Harris,SG,25,TOT,20,0,6.9,0.2,1.4,.148,0.0,0.4,.000,0.2,1.0,.211,.148,0.4,0.5,.700,0.2,1.1,1.3,0.5,0.1,0.2,0.9,0.9,0.8)
(2013,178,Chuck Hayes,C,29,SAC,74,1,16.3,1.1,2.6,.442,0.0,0.0,.000,1.1,2.6,.444,.442,0.4,0.6,.625,1.5,2.5,4.0,1.5,0.4,0.2,0.6,1.5,2.7)
(2013,181,Brendan Haywood,C,33,CHA,61,17,19.0,1.5,3.5,.431,0.0,0.0,.000,1.5,3.5,.433,.431,0.5,1.1,.455,2.0,2.7,4.8,0.5,0.3,0.8,0.8,2.0,3.5)
(2013,185,Roy Hibbert,C,26,IND,79,79,28.7,4.9,10.9,.448,0.0,0.1,.250,4.9,10.8,.449,.449,2.1,2.8,.741,3.7,4.6,8.3,1.4,0.5,2.6,2.1,3.5,11.9)
(2013,189,George Hill,PG,26,IND,76,76,34.5,5.1,11.5,.443,1.7,4.6,.368,3.4,6.8,.494,.518,2.3,2.8,.817,0.6,3.1,3.7,4.7,1.1,0.3,1.5,1.8,14.2)
(2013,193,Jrue Holiday,PG,22,PHI,78,78,37.5,7.1,16.5,.431,1.2,3.2,.368,5.9,13.3,.446,.466,2.3,3.1,.752,1.1,3.1,4.2,8.0,1.6,0.4,3.7,2.2,17.7)
(2013,197,Al Horford,C,26,ATL,74,74,37.2,7.8,14.3,.543,0.0,0.1,.500,7.7,14.2,.544,.545,1.8,2.8,.644,2.6,7.6,10.2,3.2,1.1,1.1,2.0,2.2,17.4)
(2013,Rk,Player,Pos,Age,Tm,G,GS,MP,FG,FGA,FG%,3P,3PA,3P,2P,2PA,2P,eFG%,FT,FTA,FT%,ORB,DRB,TRB,AST,STL,BLK,TOV,PF,PTS)
(2013,204,Ersan Ilyasova,PF,25,MIL,73,54,27.6,5.1,11.0,.462,1.3,2.9,.444,3.8,8.1,.469,.521,1.7,2.2,.796,2.1,5.0,7.1,1.6,0.9,0.5,1.0,2.5,13.2)
(2013,208,Reggie Jackson,PG,22,OKC,70,0,14.2,2.1,4.6,.458,0.3,1.5,.231,1.8,3.2,.566,.495,0.7,0.9,.839,0.3,2.1,2.4,1.7,0.4,0.2,0.8,1.2,5.3)
(2013,212,LeBron James,PF,28,MIA,76,76,37.9,10.1,17.8,.565,1.4,3.3,.406,8.7,14.5,.602,.603,5.3,7.0,.753,1.3,6.8,8.0,7.3,1.7,0.9,3.0,1.4,26.8)
(2013,216,Richard Jefferson,SF,32,GSW,56,1,10.1,1.1,2.4,.456,0.3,0.8,.311,0.9,1.6,.527,.507,0.7,0.9,.717,0.1,1.4,1.5,0.6,0.3,0.1,0.4,0.8,3.1)
(2013,220,Brandon Jennings,PG,23,MIL,80,80,36.2,6.2,15.6,.399,2.2,5.8,.375,4.1,9.8,.412,.468,2.9,3.5,.819,0.7,2.3,3.1,6.5,1.6,0.1,2.5,1.9,17.5)
(2013,223,Chris Johnson,C,27,MIN,30,0,9.5,1.6,2.5,.640,0.0,0.0,,1.6,2.5,.640,.640,0.7,1.1,.618,0.7,1.3,2.0,0.3,0.2,0.9,0.4,1.6,3.9)
(2013,227,Joe Johnson,SG,31,BRK,72,72,36.7,6.2,14.6,.423,2.1,5.5,.375,4.1,9.1,.452,.493,1.8,2.2,.820,0.7,2.3,3.0,3.5,0.7,0.2,1.7,1.4,16.3)
(2013,231,Dahntay Jones,SF,32,TOT,78,19,13.0,1.1,2.8,.369,0.1,0.6,.224,0.9,2.2,.410,.394,1.1,1.4,.770,0.3,1.0,1.3,0.6,0.3,0.1,0.5,1.5,3.4)
(2013,235,Kevin Jones,PF,23,CLE,32,0,10.4,1.3,3.3,.402,0.0,0.0,,1.3,3.3,.402,.402,0.3,0.5,.600,1.2,1.3,2.4,0.3,0.3,0.2,0.3,0.8,3.0)
(2013,237,Solomon Jones,PF,28,NYK,2,1,13.0,0.0,0.5,.000,0.0,0.0,,0.0,0.5,.000,.000,0.0,0.0,,0.5,1.0,1.5,0.0,0.0,0.5,1.5,1.5,0.0)
(2013,Rk,Player,Pos,Age,Tm,G,GS,MP,FG,FGA,FG%,3P,3PA,3P,2P,2PA,2P,eFG%,FT,FTA,FT%,ORB,DRB,TRB,AST,STL,BLK,TOV,PF,PTS)
(2013,244,Jason Kidd,SG,39,NYK,76,48,26.9,2.0,5.4,.372,1.5,4.3,.351,0.5,1.1,.452,.511,0.5,0.6,.833,0.7,3.6,4.3,3.3,1.6,0.3,1.0,1.6,6.0)
(2013,248,Brandon Knight,PG,21,DET,75,75,31.5,4.8,11.7,.407,1.6,4.4,.367,3.2,7.3,.430,.475,2.2,3.0,.733,0.7,2.6,3.3,4.0,0.8,0.1,2.7,2.1,13.3)
(2013,252,Doron Lamb,SG,21,TOT,47,0,12.3,1.3,3.5,.368,0.3,0.8,.378,1.0,2.7,.365,.411,0.4,0.7,.588,0.2,0.8,1.0,0.7,0.3,0.0,0.6,1.1,3.3)
(2013,256,Courtney Lee,SG,27,BOS,78,39,24.9,3.2,6.8,.464,0.7,2.0,.372,2.4,4.8,.503,.519,0.8,0.9,.861,0.4,2.0,2.4,1.8,1.1,0.3,1.1,1.8,7.8)
(2013,260,Meyers Leonard,C,20,POR,69,9,17.5,2.2,4.0,.545,0.0,0.1,.429,2.1,3.9,.548,.551,1.0,1.3,.809,1.2,2.5,3.7,0.5,0.2,0.6,0.7,2.4,5.5)
(2013,263,DeAndre Liggins,SG,24,OKC,39,1,7.4,0.5,1.2,.447,0.2,0.5,.368,0.4,0.7,.500,.521,0.2,0.5,.500,0.3,1.0,1.4,0.4,0.5,0.1,0.4,0.8,1.5)
(2013,267,Brook Lopez,C,24,BRK,74,74,30.4,7.7,14.8,.521,0.0,0.0,.000,7.7,14.8,.522,.521,4.0,5.3,.758,2.8,4.1,6.9,0.9,0.4,2.1,1.8,2.1,19.4)
(2013,271,John Lucas,PG,30,TOR,63,0,13.1,2.0,5.3,.386,0.9,2.4,.377,1.1,2.9,.393,.472,0.3,0.4,.720,0.1,0.9,1.0,1.7,0.4,0.0,0.4,0.8,5.3)
(2013,275,Ian Mahinmi,C,26,IND,80,2,16.5,1.9,4.1,.453,0.0,0.0,.000,1.9,4.1,.456,.453,1.3,2.1,.608,1.4,2.5,3.9,0.3,0.5,0.8,1.2,2.5,5.0)
(2013,279,Kenyon Martin,C,35,NYK,18,11,23.9,3.1,5.2,.602,0.0,0.0,,3.1,5.2,.602,.602,0.9,2.2,.425,1.9,3.4,5.3,0.4,0.9,0.9,0.9,3.6,7.2)
(2013,282,Wesley Matthews,SG,26,POR,69,69,34.8,5.1,11.7,.436,2.4,6.2,.398,2.7,5.6,.478,.540,2.2,2.7,.797,0.5,2.3,2.8,2.5,1.3,0.3,1.6,2.5,14.8)
(2013,286,Luc Mbah a Moute,SF,26,MIL,58,45,22.9,2.6,6.5,.401,0.2,0.6,.351,2.4,5.9,.406,.418,1.2,2.2,.571,1.5,2.9,4.4,0.9,0.7,0.2,1.2,1.4,6.7)
(2013,290,Jodie Meeks,SG,25,LAL,78,10,21.3,2.6,6.8,.387,1.6,4.4,.357,1.1,2.4,.441,.502,1.1,1.2,.896,0.5,1.7,2.2,0.9,0.7,0.1,0.7,1.3,7.9)
(2013,294,Darko Milicic,C,27,BOS,1,0,5.0,0.0,1.0,.000,0.0,0.0,,0.0,1.0,.000,.000,0.0,0.0,,0.0,1.0,1.0,0.0,0.0,0.0,2.0,1.0,0.0)
(2013,298,Quincy Miller,PF,20,DEN,7,0,3.7,0.6,1.7,.333,0.0,0.1,.000,0.6,1.6,.364,.333,0.1,0.3,.500,0.1,0.1,0.3,0.4,0.1,0.0,0.1,0.4,1.3)
(2013,301,Nazr Mohammed,C,35,CHI,63,12,11.0,1.0,2.9,.367,0.0,0.0,.000,1.0,2.8,.371,.367,0.5,0.7,.723,1.2,1.9,3.1,0.4,0.3,0.5,0.4,1.5,2.6)
(2013,305,Marcus Morris,PF-SF,23,TOT,77,23,19.8,2.9,6.8,.422,1.1,3.0,.369,1.8,3.8,.464,.504,0.9,1.5,.564,1.0,2.6,3.6,0.8,0.6,0.3,1.0,2.1,7.7)
(2013,309,Arnett Moultrie,PF,22,PHI,47,0,11.5,1.7,2.9,.582,0.0,0.0,,1.7,2.9,.582,.582,0.4,0.6,.643,1.6,1.5,3.1,0.2,0.4,0.2,0.4,0.9,3.7)
(2013,313,Troy Murphy,PF,32,DAL,14,1,18.3,1.6,4.4,.361,0.8,2.5,.314,0.8,1.9,.423,.451,0.7,0.8,.909,0.5,3.0,3.5,0.5,0.7,0.4,0.5,2.1,4.6)
(2013,317,Andrew Nicholson,PF,23,ORL,75,28,16.7,3.4,6.5,.527,0.0,0.0,,3.4,6.5,.527,.527,1.0,1.3,.798,0.9,2.5,3.4,0.6,0.3,0.4,1.1,1.8,7.8)
(2013,Rk,Player,Pos,Age,Tm,G,GS,MP,FG,FGA,FG%,3P,3PA,3P,2P,2PA,2P,eFG%,FT,FTA,FT%,ORB,DRB,TRB,AST,STL,BLK,TOV,PF,PTS)
(2013,324,Tim Ohlbrecht,C,24,HOU,3,0,4.0,0.3,1.0,.333,0.0,0.0,,0.3,1.0,.333,.333,0.3,0.3,1.000,0.0,0.3,0.3,0.3,0.3,0.0,1.3,0.3,1.0)
(2013,328,Zaza Pachulia,C,28,ATL,52,15,21.8,2.2,4.6,.473,0.0,0.1,.000,2.2,4.6,.479,.473,1.5,2.0,.757,2.5,3.9,6.5,1.5,0.7,0.2,1.3,2.5,5.9)
(2013,332,Chandler Parsons,SF,24,HOU,76,76,36.3,6.0,12.4,.486,2.0,5.2,.385,4.0,7.2,.559,.567,1.5,2.0,.729,1.0,4.3,5.3,3.5,1.0,0.4,1.9,1.9,15.5)
(2013,336,Nikola Pekovic,C,27,MIN,62,62,31.6,6.2,12.0,.520,0.0,0.0,,6.2,12.0,.520,.520,3.9,5.2,.744,3.7,5.1,8.8,0.9,0.7,0.8,1.6,2.3,16.3)
(2013,340,Mickael Pietrus,SF,30,TOR,19,16,20.3,1.8,5.2,.347,1.1,3.4,.313,0.7,1.8,.412,.449,0.6,0.9,.667,0.3,1.6,1.9,0.5,0.6,0.3,0.8,1.7,5.3)
(2013,343,Quincy Pondexter,SF,24,MEM,59,1,21.1,2.2,5.1,.428,1.0,2.6,.395,1.2,2.5,.463,.528,1.0,1.3,.787,0.7,1.5,2.2,1.0,0.6,0.1,0.7,1.6,6.4)
(2013,347,Tayshaun Prince,SF,32,TOT,82,81,32.1,4.4,10.0,.438,0.5,1.1,.404,3.9,8.9,.442,.461,1.2,1.6,.738,0.9,3.6,4.4,2.4,0.6,0.3,1.1,1.0,10.4)
(2013,351,Anthony Randolph,PF,23,DEN,39,0,8.4,1.4,2.9,.491,0.0,0.2,.000,1.4,2.7,.528,.491,0.8,1.2,.689,0.7,1.7,2.4,0.3,0.5,0.5,0.9,1.1,3.7)
(2013,355,Jason Richardson,SG,32,PHI,33,33,28.4,4.1,10.2,.402,1.7,5.1,.341,2.4,5.1,.462,.487,0.6,1.0,.606,0.6,3.3,3.8,1.5,1.2,0.5,0.8,1.7,10.5)
(2013,359,Brian Roberts,PG,27,NOH,78,5,17.0,2.7,6.6,.417,0.8,2.0,.386,2.0,4.6,.430,.475,0.9,1.0,.909,0.2,1.0,1.2,2.8,0.5,0.0,0.9,1.4,7.1)
(2013,362,Rajon Rondo,PG,26,BOS,38,38,37.4,5.9,12.2,.484,0.3,1.3,.240,5.6,10.9,.513,.497,1.6,2.4,.645,1.1,4.4,5.6,11.1,1.8,0.2,3.9,2.5,13.7)
(2013,366,Brandon Rush,SF,27,GSW,2,0,12.5,3.0,4.5,.667,0.0,1.0,.000,3.0,3.5,.857,.667,1.0,1.5,.667,0.0,0.5,0.5,1.0,0.0,0.0,1.5,2.5,7.0)
(2013,370,Larry Sanders,C,24,MIL,71,55,27.3,4.3,8.5,.506,0.0,0.0,.000,4.3,8.5,.507,.506,1.2,1.9,.618,3.2,6.3,9.5,1.2,0.7,2.8,1.2,3.3,9.8)
(2013,374,Josh Selby,PG,21,MEM,10,0,5.9,0.6,2.2,.273,0.1,0.6,.167,0.5,1.6,.313,.295,0.7,1.1,.636,0.0,0.5,0.5,0.4,0.2,0.0,0.7,0.7,2.0)
(2013,378,Iman Shumpert,SG,22,NYK,45,45,22.1,2.4,6.1,.396,1.1,2.8,.402,1.3,3.3,.392,.489,0.8,1.0,.766,0.7,2.3,3.0,1.7,1.0,0.2,0.8,2.2,6.8)
(2013,381,Kyle Singler,SF,24,DET,82,74,28.0,3.4,7.8,.428,0.9,2.4,.350,2.5,5.4,.464,.483,1.2,1.5,.806,1.3,2.7,4.0,0.9,0.7,0.5,1.2,2.6,8.8)
(2013,385,Ish Smith,PG,24,TOT,52,3,9.9,1.1,3.1,.352,0.2,0.5,.296,0.9,2.5,.364,.377,0.1,0.1,.429,0.2,0.9,1.2,1.7,0.4,0.2,0.7,0.5,2.4)
(2013,389,Nolan Smith,PG,24,POR,40,0,7.2,1.1,2.9,.368,0.2,0.7,.214,0.9,2.2,.419,.395,0.5,0.7,.714,0.2,0.5,0.7,0.9,0.2,0.0,0.7,0.7,2.8)
(2013,393,Lance Stephenson,SG,22,IND,78,72,29.2,3.5,7.7,.460,0.8,2.4,.330,2.7,5.3,.520,.512,1.0,1.5,.652,0.6,3.3,3.9,2.9,1.0,0.2,1.4,2.1,8.8)
(2013,397,Amar'e Stoudemire,PF,30,NYK,29,0,23.5,5.3,9.2,.577,0.0,0.0,,5.3,9.2,.577,.577,3.6,4.5,.808,2.1,2.9,5.0,0.4,0.3,0.7,1.7,3.1,14.2)
(2013,Rk,Player,Pos,Age,Tm,G,GS,MP,FG,FGA,FG%,3P,3PA,3P,2P,2PA,2P,eFG%,FT,FTA,FT%,ORB,DRB,TRB,AST,STL,BLK,TOV,PF,PTS)
(2013,404,Marquis Teague,PG,19,CHI,48,0,8.2,0.9,2.4,.381,0.1,0.5,.174,0.8,1.9,.433,.398,0.2,0.3,.563,0.1,0.9,0.9,1.3,0.2,0.1,0.7,1.0,2.1)
(2013,408,Jason Terry,SG,35,BOS,79,24,26.9,3.6,8.2,.434,1.6,4.2,.372,2.0,4.0,.498,.529,1.4,1.7,.870,0.2,1.8,2.0,2.5,0.8,0.1,1.3,1.4,10.1)
(2013,412,Lance Thomas,SF,24,NOH,59,9,10.9,0.9,1.8,.500,0.0,0.0,,0.9,1.8,.500,.500,0.7,1.0,.729,0.7,1.2,1.9,0.3,0.2,0.1,0.2,1.3,2.5)
(2013,416,Klay Thompson,SG,22,GSW,82,82,35.8,6.2,14.7,.422,2.6,6.4,.401,3.6,8.3,.437,.509,1.6,1.9,.841,0.4,3.3,3.7,2.2,1.0,0.5,1.9,2.9,16.6)
(2013,420,Anthony Tolliver,SF,27,ATL,62,11,15.5,1.3,3.5,.380,0.7,2.1,.338,0.6,1.3,.446,.484,0.7,0.8,.863,0.5,2.0,2.5,0.5,0.2,0.2,0.6,1.1,4.1)
(2013,423,Hedo Turkoglu,SF,33,ORL,11,1,17.2,1.3,4.8,.264,0.1,2.2,.042,1.2,2.6,.448,.274,0.3,0.5,.500,0.4,2.0,2.4,2.1,0.6,0.1,1.1,1.0,2.9)
(2013,427,Beno Udrih,SG-PG,30,TOT,66,9,22.1,3.2,7.2,.441,0.5,1.5,.333,2.7,5.7,.471,.477,1.3,1.6,.816,0.5,1.6,2.1,4.6,0.6,0.0,1.6,1.4,8.2)
(2013,431,Greivis Vasquez,PG,26,NOH,78,78,34.4,5.6,13.0,.433,1.1,3.1,.342,4.6,9.9,.462,.474,1.6,2.0,.805,0.6,3.8,4.3,9.0,0.8,0.1,3.2,2.4,13.9)
(2013,435,Dwyane Wade,SG,31,MIA,69,69,34.7,8.2,15.8,.521,0.2,1.0,.258,8.0,14.9,.537,.528,4.5,6.2,.725,1.2,3.7,5.0,5.1,1.9,0.8,2.8,2.0,21.2)
(2013,439,Gerald Wallace,SF,30,BRK,69,68,30.1,2.6,6.6,.397,0.7,2.4,.282,2.0,4.3,.461,.448,1.8,2.8,.637,1.0,3.6,4.6,2.6,1.4,0.7,1.6,1.7,7.7)
(2013,442,Hakim Warrick,PF,30,TOT,28,14,17.5,2.4,5.9,.406,0.0,0.1,.000,2.4,5.8,.414,.406,2.1,3.1,.682,0.8,2.4,3.2,0.9,0.5,0.2,1.0,1.3,6.9)
(2013,446,Martell Webster,SF,26,WAS,76,62,28.9,3.7,8.4,.442,1.8,4.3,.422,1.9,4.0,.463,.551,2.2,2.6,.848,0.7,3.2,3.9,1.9,0.6,0.2,1.2,2.2,11.4)
(2013,450,James White,SF,30,NYK,57,16,7.6,0.9,2.0,.431,0.2,0.7,.341,0.6,1.3,.480,.491,0.2,0.3,.579,0.1,0.8,0.8,0.5,0.2,0.1,0.3,0.8,2.2)
(2013,454,Derrick Williams,PF,21,MIN,78,56,24.6,4.3,10.1,.430,0.8,2.5,.332,3.5,7.6,.463,.471,2.5,3.5,.706,1.2,4.3,5.5,0.6,0.6,0.5,1.3,1.6,12.0)
(2013,458,Reggie Williams,SF,26,CHA,40,0,9.5,1.4,3.3,.432,0.6,1.8,.306,0.9,1.5,.583,.515,0.3,0.5,.476,0.2,1.1,1.3,1.0,0.3,0.0,0.5,0.5,3.7)
(2013,461,Brandan Wright,C,25,DAL,64,16,18.0,3.8,6.3,.597,0.0,0.0,.000,3.8,6.3,.601,.597,0.9,1.5,.615,1.3,2.7,4.1,0.6,0.4,1.2,0.5,1.2,8.5)
(2013,465,Nick Young,SG,27,PHI,59,17,23.9,3.8,9.2,.413,1.3,3.6,.357,2.5,5.6,.449,.482,1.8,2.2,.820,0.4,1.8,2.2,1.4,0.6,0.2,0.8,1.4,10.6)
(2013,469,Tyler Zeller,C,23,CLE,77,55,26.4,3.2,7.3,.438,0.0,0.1,.000,3.2,7.2,.441,.438,1.6,2.0,.764,2.1,3.6,5.7,1.2,0.5,0.9,1.2,3.3,7.9)
