(2013,3,Arron Afflalo,SF,27,ORL,64,64,36.0,6.2,14.1,.439,1.1,3.8,.300,5.1,10.4,.489,.478,3.0,3.5,.857,0.5,3.3,3.7,3.2,0.6,0.2,2.2,2.1,16.5)
(2013,7,Lavoy Allen,C,23,PHI,79,37,21.1,2.6,5.7,.454,0.0,0.0,.000,2.6,5.7,.455,.454,0.5,0.8,.717,2.0,3.0,5.0,0.9,0.3,0.7,0.7,2.3,5.8)
(2013,11,Louis Amundson,PF,30,TOT,39,0,9.5,0.8,2.1,.395,0.0,0.0,,0.8,2.1,.395,.395,0.3,0.9,.333,1.2,1.5,2.7,0.3,0.4,0.3,0.5,1.4,1.9)
(2013,15,Ryan Anderson,PF,24,NOH,81,22,30.9,5.8,13.8,.423,2.6,6.9,.382,3.2,6.9,.464,.519,1.9,2.2,.844,2.4,4.0,6.4,1.2,0.5,0.4,1.2,2.2,16.2)
(2013,19,Darrell Arthur,PF,24,MEM,59,3,16.4,2.7,6.1,.451,0.1,0.3,.278,2.7,5.8,.460,.458,0.6,0.8,.717,1.2,1.7,2.9,0.6,0.4,0.6,0.7,2.1,6.1)
(2013,22,Gustavo Ayon,C,27,TOT,55,3,13.3,1.7,3.0,.551,0.0,0.0,,1.7,3.0,.551,.551,0.4,0.9,.400,1.1,2.5,3.6,1.3,0.4,0.3,0.9,1.9,3.7)
(2013,26,Jose Barea,PG,28,MIN,74,2,23.1,4.3,10.2,.417,1.3,3.8,.346,3.0,6.5,.458,.481,1.4,1.8,.784,0.5,2.3,2.8,4.0,0.4,0.0,2.0,1.8,11.3)
(2013,30,Earl Barron,C,31,TOT,12,2,13.3,1.5,4.3,.353,0.0,0.0,,1.5,4.3,.353,.353,0.3,0.6,.429,1.8,3.3,5.1,0.4,0.4,0.5,0.9,2.0,3.3)
(2013,34,Nicolas Batum,SF,24,POR,73,73,38.5,4.8,11.4,.423,2.3,6.1,.372,2.6,5.3,.481,.522,2.4,2.9,.848,1.3,4.3,5.6,4.9,1.2,1.1,2.6,1.9,14.3)
(2013,38,Bradley Beal,SG,19,WAS,56,46,31.2,5.0,12.3,.410,1.6,4.2,.386,3.4,8.1,.424,.477,2.2,2.8,.786,0.8,3.0,3.8,2.4,0.9,0.5,1.6,2.0,13.9)
(2013,41,Marco Belinelli,SG,26,CHI,73,27,25.8,3.3,8.4,.395,1.1,3.0,.357,2.2,5.3,.416,.460,1.9,2.3,.839,0.2,1.7,1.9,2.0,0.6,0.1,1.1,1.9,9.6)
(2013,45,Bismack Biyombo,C,20,CHA,80,65,27.3,2.0,4.3,.451,0.0,0.0,,2.0,4.3,.451,.451,0.9,1.8,.521,2.4,4.9,7.3,0.4,0.4,1.8,1.0,2.4,4.8)
(2013,49,Eric Bledsoe,PG,23,LAC,76,12,20.4,3.3,7.5,.445,0.4,1.0,.397,2.9,6.4,.453,.473,1.4,1.8,.791,1.0,1.9,3.0,3.1,1.4,0.7,1.8,1.5,8.5)
(2013,53,Trevor Booker,PF,25,WAS,48,14,18.5,2.3,4.6,.491,0.0,0.1,.000,2.3,4.5,.502,.491,0.8,1.5,.556,2.0,2.9,5.0,0.8,0.7,0.3,0.6,2.0,5.3)
(2013,57,Elton Brand,C,33,DAL,72,18,21.2,3.1,6.6,.473,0.0,0.0,.000,3.1,6.6,.474,.473,0.9,1.3,.710,1.8,4.2,6.0,1.0,0.7,1.3,0.8,2.7,7.2)
(2013,Rk,Player,Pos,Age,Tm,G,GS,MP,FG,FGA,FG%,3P,3PA,3P,2P,2PA,2P,eFG%,FT,FTA,FT%,ORB,DRB,TRB,AST,STL,BLK,TOV,PF,PTS)
(2013,64,Kobe Bryant,SG,34,LAL,78,78,38.6,9.5,20.4,.463,1.7,5.2,.324,7.8,15.2,.510,.504,6.7,8.0,.839,0.8,4.7,5.6,6.0,1.4,0.3,3.7,2.2,27.3)
(2013,68,Jimmy Butler,SF,23,CHI,82,20,26.0,2.9,6.2,.467,0.5,1.3,.381,2.4,5.0,.489,.506,2.3,2.8,.803,1.7,2.3,4.0,1.4,1.0,0.4,0.8,1.2,8.6)
(2013,72,DeMarre Carroll,SF,26,UTA,66,12,16.8,2.3,4.9,.460,0.3,1.1,.286,2.0,3.8,.508,.491,1.1,1.5,.765,1.3,1.5,2.8,0.9,0.9,0.4,0.5,1.8,6.0)
(2013,76,Mario Chalmers,PG,26,MIA,77,77,26.9,2.9,6.9,.429,1.6,3.9,.409,1.4,3.0,.456,.545,1.2,1.5,.795,0.2,2.0,2.2,3.5,1.5,0.2,1.5,2.5,8.6)
(2013,80,Earl Clark,PF,25,LAL,59,36,23.1,2.9,6.5,.440,0.6,1.8,.337,2.3,4.8,.479,.486,0.9,1.3,.697,1.4,4.1,5.5,1.1,0.6,0.7,1.1,1.7,7.3)
(2013,83,Jason Collins,C,34,TOT,38,9,10.1,0.2,0.8,.310,0.0,0.0,,0.2,0.8,.310,.310,0.6,0.8,.719,0.6,1.0,1.6,0.2,0.3,0.3,0.5,2.2,1.1)
(2013,87,Will Conroy,PG,30,MIN,4,0,5.0,0.0,2.3,.000,0.0,0.8,.000,0.0,1.5,.000,.000,0.3,0.5,.500,0.3,0.0,0.3,0.0,0.0,0.0,0.0,0.3,0.3)
(2013,91,Jamal Crawford,SG,32,LAC,76,0,29.3,5.9,13.4,.438,2.0,5.2,.376,3.9,8.2,.477,.511,2.8,3.3,.871,0.3,1.4,1.7,2.5,1.0,0.2,1.9,0.9,16.5)
(2013,95,Jared Cunningham,SG,21,DAL,8,0,3.3,0.8,1.8,.429,0.3,0.4,.667,0.5,1.4,.364,.500,0.3,0.3,1.000,0.1,0.3,0.4,0.1,0.1,0.0,0.3,0.4,2.0)
(2013,99,Marquis Daniels,SF,32,MIL,59,33,18.4,2.2,5.9,.376,0.3,1.2,.278,1.9,4.7,.401,.405,0.7,0.9,.741,0.8,1.7,2.5,1.1,0.9,0.2,0.8,1.3,5.5)
(2013,102,Glen Davis,PF,27,ORL,34,33,31.3,6.3,14.1,.448,0.0,0.1,.000,6.3,14.0,.450,.448,2.5,3.4,.718,1.6,5.6,7.2,2.1,0.9,0.6,1.9,2.6,15.1)
(2013,106,Luol Deng,SF,27,CHI,75,75,38.7,6.2,14.6,.426,1.0,3.1,.322,5.2,11.5,.455,.461,3.1,3.8,.816,2.2,4.2,6.3,3.0,1.1,0.4,1.9,1.4,16.5)
(2013,110,DeSagana Diop,C,31,CHA,22,1,10.3,0.4,1.2,.296,0.0,0.0,.000,0.4,1.2,.308,.296,0.0,0.0,.000,0.5,1.9,2.3,0.6,0.2,0.7,0.4,0.9,0.7)
(2013,114,Goran Dragic,PG,26,PHO,77,77,33.5,5.2,11.8,.443,1.1,3.6,.319,4.1,8.2,.497,.491,3.2,4.2,.748,0.8,2.3,3.1,7.4,1.6,0.3,2.8,2.8,14.7)
(2013,118,Tim Duncan,C,36,SAS,69,69,30.1,7.1,14.1,.502,0.0,0.1,.286,7.1,14.0,.504,.503,3.6,4.3,.817,1.8,8.1,9.9,2.7,0.7,2.7,2.1,1.7,17.8)
(2013,121,Devin Ebanks,SF,23,LAL,19,3,10.4,1.3,3.8,.329,0.3,1.2,.273,0.9,2.7,.353,.370,0.6,0.7,.786,0.5,1.6,2.2,0.5,0.2,0.1,0.6,1.2,3.4)
(2013,125,Jeremy Evans,PF,25,UTA,37,0,5.8,0.7,1.2,.614,0.0,0.0,.000,0.7,1.2,.628,.614,0.6,0.9,.636,0.7,0.9,1.6,0.3,0.2,0.4,0.2,0.8,2.0)
(2013,129,Kenneth Faried,PF,23,DEN,80,80,28.1,4.8,8.6,.552,0.0,0.0,,4.8,8.6,.552,.552,2.0,3.3,.613,3.3,5.9,9.2,1.0,1.0,1.0,1.4,2.9,11.5)
(2013,133,Derek Fisher,SG-PG,38,TOT,33,9,17.4,1.7,4.9,.342,0.9,2.4,.375,0.8,2.5,.309,.435,1.1,1.2,.921,0.1,1.1,1.1,1.4,0.6,0.1,0.9,1.7,5.3)
(2013,137,Joel Freeland,PF,25,POR,51,1,9.4,1.1,2.8,.408,0.0,0.0,,1.1,2.8,.408,.408,0.4,0.5,.667,0.8,1.5,2.3,0.3,0.3,0.2,0.4,1.3,2.6)
(2013,Rk,Player,Pos,Age,Tm,G,GS,MP,FG,FGA,FG%,3P,3PA,3P,2P,2PA,2P,eFG%,FT,FTA,FT%,ORB,DRB,TRB,AST,STL,BLK,TOV,PF,PTS)
(2013,144,Rudy Gay,SF,26,TOT,75,74,35.8,6.9,16.7,.416,1.1,3.5,.323,5.8,13.2,.440,.449,3.2,3.9,.814,1.3,4.8,6.1,2.7,1.5,0.7,2.6,2.4,18.2)
(2013,148,Daniel Gibson,PG,26,CLE,46,3,20.0,1.8,5.4,.340,1.2,3.5,.344,0.6,1.8,.333,.453,0.6,0.8,.703,0.1,1.2,1.3,1.8,0.7,0.1,0.7,1.9,5.4)
(2013,152,Ben Gordon,SG,29,CHA,75,0,20.8,4.1,10.1,.408,1.5,3.9,.387,2.6,6.2,.421,.482,1.4,1.7,.843,0.2,1.5,1.7,1.9,0.5,0.2,1.8,1.8,11.2)
(2013,156,Danny Granger,SF,29,IND,5,0,14.8,2.0,7.0,.286,0.4,2.0,.200,1.6,5.0,.320,.314,1.0,1.6,.625,0.6,1.2,1.8,0.6,0.4,0.2,0.8,1.2,5.4)
(2013,160,Gerald Green,SF,27,IND,60,7,18.0,2.6,7.1,.366,1.0,3.1,.314,1.6,3.9,.407,.435,0.9,1.1,.800,0.5,1.8,2.4,0.8,0.3,0.4,0.9,1.1,7.0)
(2013,163,Blake Griffin,PF,23,LAC,80,80,32.5,7.2,13.4,.538,0.1,0.4,.179,7.2,13.1,.548,.541,3.5,5.3,.660,2.3,6.0,8.3,3.7,1.2,0.6,2.3,2.9,18.0)
(2013,167,Ben Hansbrough,PG,25,IND,28,0,7.1,0.5,1.6,.333,0.2,0.8,.261,0.3,0.8,.409,.400,0.8,1.0,.778,0.1,0.6,0.6,0.8,0.3,0.1,0.6,0.8,2.0)
(2013,171,Josh Harrellson,C,23,MIA,6,0,5.2,0.7,1.5,.444,0.2,0.8,.200,0.5,0.7,.750,.500,0.2,0.3,.500,0.5,0.7,1.2,0.0,0.2,0.2,0.5,0.7,1.7)
(2013,175,Tobias Harris,SF-PF,20,TOT,55,34,23.6,4.2,9.3,.455,0.6,2.0,.315,3.6,7.3,.493,.488,1.9,2.5,.752,1.3,3.9,5.2,1.3,0.6,0.8,1.2,2.2,11.0)
(2013,179,Gordon Hayward,SF,22,UTA,72,27,29.2,4.7,10.7,.435,1.4,3.4,.415,3.3,7.3,.444,.501,3.4,4.1,.827,0.7,2.4,3.1,3.0,0.8,0.5,1.7,1.7,14.1)
(2013,182,Gerald Henderson,SG,25,CHA,68,58,31.4,5.6,12.6,.447,0.5,1.5,.330,5.1,11.1,.462,.466,3.8,4.6,.824,0.8,2.9,3.7,2.6,1.0,0.5,1.6,2.2,15.5)
(2013,186,J.J. Hickson,C,24,POR,80,80,29.0,5.2,9.3,.562,0.0,0.0,.000,5.2,9.3,.563,.562,2.3,3.4,.679,3.3,7.0,10.4,1.1,0.6,0.6,1.8,2.0,12.7)
(2013,190,Grant Hill,SF,40,LAC,29,0,15.1,1.3,3.4,.388,0.1,0.4,.273,1.2,3.0,.402,.403,0.5,0.8,.583,0.2,1.5,1.7,0.9,0.4,0.2,0.9,1.3,3.2)
(2013,194,Justin Holiday,SG,23,PHI,9,0,15.8,1.8,5.3,.333,0.4,1.8,.250,1.3,3.6,.375,.375,0.7,0.9,.750,0.0,1.6,1.6,1.7,0.3,0.7,1.0,0.8,4.7)
(2013,198,Dwight Howard,C,27,LAL,76,76,35.8,6.2,10.7,.578,0.0,0.1,.167,6.2,10.6,.581,.579,4.7,9.5,.492,3.3,9.1,12.4,1.4,1.1,2.4,3.0,3.8,17.1)
(2013,201,Kris Humphries,PF,27,BRK,65,21,18.3,2.1,4.8,.448,0.0,0.0,.000,2.1,4.7,.451,.448,1.5,1.9,.789,1.9,3.7,5.6,0.5,0.2,0.5,0.9,2.0,5.8)
(2013,205,Kyrie Irving,PG,20,CLE,59,59,34.7,8.2,18.1,.452,1.8,4.7,.391,6.4,13.4,.474,.503,4.2,4.9,.855,0.6,3.1,3.7,5.9,1.5,0.4,3.2,2.5,22.5)
(2013,209,Stephen Jackson,SF,34,SAS,55,6,19.5,2.2,6.0,.373,0.8,3.1,.271,1.4,2.9,.481,.442,0.9,1.3,.700,0.4,2.4,2.8,1.5,0.7,0.3,1.4,1.6,6.2)
(2013,213,Mike James,PG,37,DAL,45,23,19.2,2.2,6.0,.373,1.1,2.8,.384,1.2,3.2,.363,.461,0.5,0.6,.793,0.2,1.4,1.6,3.1,0.6,0.1,1.2,2.1,6.1)
(2013,217,Jared Jeffries,PF,31,POR,38,0,9.2,0.4,1.4,.296,0.0,0.1,.000,0.4,1.4,.308,.296,0.3,0.6,.522,0.7,0.9,1.6,0.4,0.2,0.2,0.4,1.5,1.2)
(2013,Rk,Player,Pos,Age,Tm,G,GS,MP,FG,FGA,FG%,3P,3PA,3P,2P,2PA,2P,eFG%,FT,FTA,FT%,ORB,DRB,TRB,AST,STL,BLK,TOV,PF,PTS)
(2013,224,Chris Johnson,SF,22,MEM,8,0,12.8,1.4,3.1,.440,0.8,2.3,.333,0.6,0.9,.714,.560,0.1,0.3,.500,0.6,0.8,1.4,0.3,0.5,0.0,0.4,0.6,3.6)
(2013,228,Orlando Johnson,SG,23,IND,51,0,12.1,1.4,3.5,.400,0.7,1.8,.383,0.7,1.7,.419,.500,0.5,0.6,.719,0.4,1.8,2.2,0.9,0.2,0.2,0.6,1.0,4.0)
(2013,232,DeQuan Jones,SF,22,ORL,63,17,12.7,1.5,3.5,.436,0.1,0.6,.257,1.4,2.9,.470,.456,0.5,0.8,.667,0.3,1.4,1.7,0.3,0.3,0.3,0.5,0.9,3.7)
(2013,238,Terrence Jones,PF,21,HOU,19,0,14.5,2.3,4.9,.457,0.3,1.0,.263,2.0,3.9,.507,.484,0.7,0.9,.765,1.5,1.9,3.4,0.8,0.6,1.0,0.7,1.1,5.5)
(2013,241,Kris Joseph,SF,24,TOT,10,0,5.4,0.2,1.4,.143,0.0,0.3,.000,0.2,1.1,.182,.143,0.5,0.8,.625,0.1,0.6,0.7,0.1,0.3,0.0,0.2,0.3,0.9)
(2013,245,Michael Kidd-Gilchrist,SF,19,CHA,78,77,26.0,3.6,7.9,.458,0.0,0.1,.222,3.6,7.7,.462,.460,1.8,2.4,.749,1.7,4.2,5.8,1.5,0.7,0.9,1.3,2.1,9.0)
(2013,249,Kyle Korver,SF,31,ATL,74,60,30.5,3.7,8.1,.461,2.6,5.6,.457,1.2,2.5,.471,.618,0.9,1.1,.859,0.3,3.6,4.0,2.0,0.9,0.5,0.9,2.3,10.9)
(2013,253,Jeremy Lamb,SF,20,OKC,23,0,6.4,1.0,3.0,.353,0.4,1.3,.300,0.7,1.7,.395,.419,0.6,0.6,1.000,0.2,0.6,0.8,0.2,0.1,0.1,0.3,0.6,3.1)
(2013,257,David Lee,PF,29,GSW,79,79,36.8,7.6,14.7,.519,0.0,0.1,.000,7.6,14.6,.521,.519,3.2,4.1,.797,2.8,8.5,11.2,3.5,0.8,0.3,2.6,3.1,18.5)
(2013,Rk,Player,Pos,Age,Tm,G,GS,MP,FG,FGA,FG%,3P,3PA,3P,2P,2PA,2P,eFG%,FT,FTA,FT%,ORB,DRB,TRB,AST,STL,BLK,TOV,PF,PTS)
(2013,264,Damian Lillard,PG,22,POR,82,82,38.6,6.7,15.7,.429,2.3,6.1,.368,4.5,9.6,.469,.501,3.3,3.9,.844,0.5,2.6,3.1,6.5,0.9,0.2,3.0,2.1,19.0)
(2013,268,Robin Lopez,C,24,NOH,82,82,26.0,4.7,8.8,.534,0.0,0.0,,4.7,8.8,.534,.534,2.0,2.5,.778,2.8,2.9,5.6,0.8,0.4,1.6,1.3,2.0,11.3)
(2013,272,Scott Machado,PG,22,HOU,6,0,3.5,0.5,1.0,.500,0.0,0.2,.000,0.5,0.8,.600,.500,0.3,0.3,1.000,0.0,0.2,0.2,1.0,0.3,0.0,1.3,0.0,1.3)
(2013,276,Shawn Marion,PF,34,DAL,67,67,30.0,5.3,10.3,.514,0.3,1.1,.315,5.0,9.2,.538,.531,1.2,1.5,.782,2.2,5.7,7.8,2.4,1.1,0.7,1.5,1.7,12.1)
(2013,280,Kevin Martin,SG,29,OKC,77,0,27.7,4.5,10.1,.450,2.1,4.8,.426,2.5,5.3,.472,.551,2.8,3.2,.890,0.4,1.9,2.3,1.4,0.9,0.1,1.3,1.8,14.0)
(2013,283,Jason Maxiell,PF,29,DET,72,71,24.8,2.8,6.3,.446,0.0,0.0,,2.8,6.3,.446,.446,1.3,2.0,.621,1.9,3.8,5.7,0.8,0.4,1.3,1.1,2.4,6.9)
(2013,287,JaVale McGee,C,25,DEN,79,0,18.1,3.8,6.7,.575,0.0,0.0,1.000,3.8,6.7,.574,.576,1.4,2.4,.591,2.0,2.8,4.8,0.3,0.4,2.0,1.1,2.3,9.1)
(2013,291,Fab Melo,C,22,BOS,6,0,6.0,0.5,1.0,.500,0.0,0.0,,0.5,1.0,.500,.500,0.2,0.7,.250,0.0,0.5,0.5,0.0,0.3,0.3,0.2,1.2,1.2)
(2013,295,Andre Miller,PG,36,DEN,82,11,26.2,3.7,7.7,.479,0.2,0.8,.266,3.5,6.9,.504,.493,2.0,2.4,.840,0.7,2.2,2.9,5.9,0.9,0.1,2.1,1.9,9.6)
(2013,299,Patrick Mills,PG,24,SAS,58,2,11.3,1.9,4.2,.469,0.9,2.2,.400,1.1,1.9,.550,.577,0.3,0.3,.842,0.2,0.7,0.9,1.1,0.4,0.1,0.7,0.9,5.1)
(2013,302,Greg Monroe,C,22,DET,81,81,33.2,6.3,13.1,.486,0.0,0.0,.000,6.3,13.0,.488,.486,3.3,4.8,.689,2.9,6.7,9.6,3.5,1.3,0.7,2.9,2.3,16.0)
(2013,306,Markieff Morris,PF,23,PHO,82,32,22.4,3.2,8.0,.407,0.5,1.6,.336,2.7,6.3,.426,.442,1.1,1.5,.732,1.6,3.2,4.8,1.3,0.9,0.8,1.3,2.5,8.2)
(2013,310,Timofey Mozgov,C,26,DEN,41,1,8.9,1.1,2.1,.506,0.0,0.0,.000,1.1,2.1,.518,.506,0.5,0.6,.769,1.2,1.4,2.6,0.2,0.1,0.4,0.6,1.4,2.6)
(2013,314,Steve Nash,PG,38,LAL,50,50,32.5,4.7,9.5,.497,1.1,2.6,.438,3.6,6.9,.519,.557,2.1,2.3,.922,0.5,2.3,2.8,6.7,0.6,0.1,2.5,1.4,12.7)
(2013,318,Joakim Noah,C,27,CHI,66,64,36.8,4.6,9.5,.481,0.0,0.1,.000,4.6,9.5,.485,.481,2.7,3.6,.751,3.9,7.2,11.1,4.0,1.2,2.1,2.7,2.8,11.9)
(2013,321,Jermaine O'Neal,C,34,PHO,55,4,18.7,3.3,6.7,.482,0.0,0.0,,3.3,6.7,.482,.482,1.7,2.1,.835,1.5,3.8,5.3,0.8,0.3,1.4,1.3,2.3,8.3)
(2013,325,Emeka Okafor,C,30,WAS,79,77,26.0,4.2,8.7,.477,0.0,0.0,,4.2,8.7,.477,.477,1.4,2.4,.571,2.5,6.2,8.8,1.2,0.6,1.0,1.4,1.8,9.7)
(2013,329,Jannero Pargo,PG,33,TOT,32,0,15.8,2.4,6.6,.368,1.2,3.6,.336,1.2,3.0,.406,.460,0.4,0.4,.923,0.3,0.8,1.1,2.1,0.6,0.1,1.3,1.3,6.5)
(2013,333,Patrick Patterson,PF,23,TOT,71,41,25.0,4.5,8.8,.512,0.7,1.9,.386,3.8,6.9,.546,.553,0.7,0.9,.762,1.6,3.2,4.7,1.1,0.4,0.6,0.9,1.9,10.4)
(2013,337,Kendrick Perkins,C,28,OKC,78,78,25.1,1.8,4.0,.457,0.0,0.0,.000,1.8,4.0,.458,.457,0.6,0.9,.611,1.4,4.6,6.0,1.4,0.6,1.1,1.4,2.9,4.2)
(2013,Rk,Player,Pos,Age,Tm,G,GS,MP,FG,FGA,FG%,3P,3PA,3P,2P,2PA,2P,eFG%,FT,FTA,FT%,ORB,DRB,TRB,AST,STL,BLK,TOV,PF,PTS)
(2013,344,A.J. Price,PG,26,WAS,57,22,22.4,2.8,7.2,.390,1.2,3.5,.350,1.6,3.7,.427,.475,0.9,1.1,.790,0.4,1.6,2.0,3.6,0.6,0.1,1.1,1.3,7.7)
(2013,348,Joel Przybilla,C,33,MIL,12,1,5.7,0.1,0.3,.250,0.0,0.0,,0.1,0.3,.250,.250,0.0,0.2,.000,0.4,1.3,1.8,0.3,0.1,0.2,0.3,0.8,0.2)
(2013,352,Shavlik Randolph,PF,29,BOS,16,0,12.4,1.8,3.0,.583,0.0,0.0,,1.8,3.0,.583,.583,0.7,1.7,.407,1.8,2.6,4.4,0.3,0.5,0.4,0.6,2.4,4.2)
(2013,356,Quentin Richardson,SF,32,NYK,1,0,29.0,1.0,11.0,.091,1.0,4.0,.250,0.0,7.0,.000,.136,2.0,2.0,1.000,5.0,5.0,10.0,1.0,0.0,0.0,2.0,1.0,5.0)
(2013,360,Nate Robinson,PG,28,CHI,82,23,25.4,4.9,11.2,.433,1.7,4.2,.405,3.1,7.0,.450,.510,1.6,2.1,.799,0.4,1.9,2.2,4.4,1.0,0.1,1.8,2.5,13.1)
(2013,363,Terrence Ross,SG,21,TOR,73,2,17.0,2.5,6.3,.407,0.9,2.7,.332,1.7,3.6,.464,.478,0.4,0.6,.714,0.5,1.5,2.0,0.7,0.6,0.2,0.7,1.7,6.4)
(2013,367,Robert Sacre,C,23,LAL,32,3,6.3,0.6,1.5,.375,0.0,0.0,,0.6,1.5,.375,.375,0.2,0.3,.636,0.3,0.8,1.1,0.2,0.0,0.3,0.3,1.2,1.3)
(2013,371,Luis Scola,PF,32,PHO,82,67,26.6,5.3,11.2,.472,0.0,0.2,.188,5.2,11.0,.477,.474,2.2,2.8,.787,1.9,4.7,6.6,2.2,0.8,0.4,1.5,3.1,12.8)
(2013,375,Kevin Seraphin,C,23,WAS,79,8,21.8,4.2,9.1,.461,0.0,0.0,,4.2,9.1,.461,.461,0.8,1.1,.693,1.4,3.0,4.4,0.7,0.3,0.7,1.6,2.7,9.1)
(2013,379,Alexey Shved,SG,24,MIN,77,16,23.9,3.1,8.2,.372,1.1,3.7,.295,2.0,4.5,.435,.439,1.4,1.9,.720,0.5,1.7,2.3,3.7,0.7,0.4,1.9,1.5,8.6)
(2013,382,Chris Singleton,PF,23,WAS,57,11,16.2,1.6,4.2,.382,0.1,0.6,.194,1.5,3.6,.415,.396,0.7,1.2,.571,0.9,2.3,3.2,0.6,0.7,0.4,0.8,2.2,4.1)
(2013,386,J.R. Smith,SG,27,NYK,80,0,33.5,6.6,15.6,.422,1.9,5.5,.356,4.7,10.2,.458,.484,3.0,3.9,.762,0.8,4.5,5.3,2.7,1.3,0.3,1.7,2.8,18.1)
(2013,390,Marreese Speights,C,25,TOT,79,3,16.5,3.3,7.4,.445,0.0,0.1,.300,3.3,7.3,.448,.448,1.7,2.2,.771,1.8,3.0,4.9,0.6,0.3,0.7,1.0,2.2,8.3)
(2013,394,DeShawn Stevenson,SG,31,ATL,56,31,20.7,1.8,4.7,.374,1.4,3.7,.364,0.4,0.9,.415,.519,0.2,0.4,.522,0.3,1.9,2.2,0.9,0.5,0.1,0.4,1.2,5.1)
(2013,398,Rodney Stuckey,SG,26,DET,76,24,28.6,4.0,9.8,.406,0.7,2.4,.302,3.3,7.4,.440,.443,2.8,3.6,.783,0.6,2.2,2.8,3.6,0.7,0.2,1.8,1.7,11.5)
(2013,401,Jeffery Taylor,SF,23,CHA,77,29,19.6,2.2,5.2,.431,0.7,2.0,.344,1.5,3.2,.486,.497,1.0,1.3,.728,0.7,1.3,1.9,0.8,0.6,0.2,0.6,1.8,6.1)
(2013,405,Mirza Teletovic,PF,27,BRK,53,0,9.4,1.3,3.5,.384,0.7,2.0,.343,0.6,1.5,.442,.484,0.2,0.2,.818,0.6,1.2,1.8,0.4,0.2,0.2,0.4,1.0,3.5)
(2013,409,Hasheem Thabeet,C,25,OKC,66,4,11.7,1.0,1.6,.604,0.0,0.0,,1.0,1.6,.604,.604,0.5,0.8,.604,1.0,1.9,3.0,0.2,0.5,0.9,0.6,2.2,2.4)
(2013,413,Malcolm Thomas,PF,24,TOT,12,0,4.8,0.4,0.8,.500,0.0,0.0,,0.4,0.8,.500,.500,0.4,0.7,.625,0.4,0.9,1.3,0.3,0.2,0.2,0.3,0.7,1.3)
(2013,417,Tristan Thompson,PF,21,CLE,82,82,31.3,4.8,9.7,.488,0.0,0.0,.000,4.8,9.7,.490,.488,2.2,3.5,.608,3.7,5.7,9.4,1.3,0.7,0.9,1.5,2.9,11.7)
(2013,Rk,Player,Pos,Age,Tm,G,GS,MP,FG,FGA,FG%,3P,3PA,3P,2P,2PA,2P,eFG%,FT,FTA,FT%,ORB,DRB,TRB,AST,STL,BLK,TOV,PF,PTS)
(2013,424,Evan Turner,SF,24,PHI,82,82,35.3,5.4,12.8,.419,0.7,1.9,.365,4.7,10.9,.428,.446,1.9,2.5,.740,0.7,5.6,6.3,4.3,0.9,0.2,2.3,2.4,13.3)
(2013,428,Jonas Valanciunas,C,20,TOR,62,57,23.9,3.3,5.9,.557,0.0,0.0,,3.3,5.9,.557,.557,2.4,3.0,.789,2.0,4.0,6.0,0.7,0.3,1.3,1.5,3.0,8.9)
(2013,432,Jan Vesely,PF,22,WAS,51,4,11.8,1.1,2.2,.500,0.0,0.0,.000,1.1,2.2,.504,.500,0.2,0.8,.308,0.8,1.5,2.4,0.5,0.3,0.3,0.5,2.1,2.5)
(2013,436,Dion Waiters,SG,21,CLE,61,48,28.8,5.5,13.4,.412,1.0,3.3,.310,4.5,10.0,.446,.451,2.6,3.5,.746,0.4,2.1,2.4,3.0,1.0,0.3,2.0,1.9,14.7)
(2013,440,Rasheed Wallace,C,38,NYK,21,0,14.1,2.6,6.8,.387,1.0,3.3,.319,1.6,3.5,.452,.465,0.7,1.0,.700,0.5,3.4,4.0,0.3,0.6,0.7,0.5,1.9,7.0)
(2013,443,C.J. Watson,PG,28,BRK,80,8,19.0,2.4,5.7,.418,1.1,2.7,.411,1.3,3.1,.424,.514,0.9,1.1,.780,0.5,1.3,1.8,2.0,0.8,0.2,0.9,1.5,6.8)
(2013,447,David West,PF,32,IND,73,73,33.4,6.9,13.8,.498,0.1,0.3,.211,6.8,13.6,.503,.500,3.3,4.3,.768,2.0,5.7,7.7,2.9,1.0,0.9,2.2,2.0,17.1)
(2013,451,Chris Wilcox,C,30,BOS,61,7,13.6,1.8,2.5,.719,0.0,0.0,.000,1.8,2.5,.724,.719,0.6,1.0,.672,0.9,2.0,3.0,0.4,0.5,0.5,0.6,2.0,4.2)
(2013,455,Louis Williams,SG,26,ATL,39,9,28.7,4.8,11.4,.422,1.8,5.0,.367,2.9,6.3,.466,.503,2.7,3.1,.868,0.2,1.8,2.1,3.6,1.1,0.3,1.9,1.4,14.1)
(2013,459,Terrence Williams,SF,25,BOS,24,0,13.3,2.0,4.0,.495,0.2,0.6,.333,1.8,3.4,.524,.521,0.4,0.9,.429,0.2,1.7,1.8,1.6,0.5,0.1,0.9,0.5,4.6)
(2013,462,Chris Wright,SG,23,DAL,3,0,1.3,0.3,0.7,.500,0.0,0.0,,0.3,0.7,.500,.500,0.0,0.0,,0.0,0.0,0.0,0.0,0.0,0.0,0.3,0.0,0.7)
(2013,466,Sam Young,SG,27,IND,56,3,12.4,1.0,2.6,.392,0.3,0.9,.308,0.8,1.7,.438,.446,0.4,0.8,.535,0.5,1.7,2.2,0.8,0.3,0.1,0.6,1.1,2.8)
