(2013,1,Quincy Acy,PF,22,TOR,29,0,11.8,1.4,2.6,.560,0.0,0.1,.500,1.4,2.5,.562,.567,1.1,1.3,.816,1.0,1.6,2.7,0.4,0.4,0.5,0.6,1.8,4.0)
(2013,5,Cole Aldrich,C,24,TOT,45,0,8.6,1.0,1.8,.550,0.0,0.0,,1.0,1.8,.550,.550,0.3,0.4,.600,0.7,2.0,2.7,0.2,0.1,0.5,0.5,1.3,2.2)
(2013,9,Tony Allen,SG,31,MEM,79,79,26.7,3.6,8.1,.445,0.0,0.3,.125,3.6,7.8,.458,.447,1.7,2.4,.717,1.5,3.1,4.6,1.2,1.5,0.6,1.2,2.7,8.9)
(2013,13,Alan Anderson,SF,30,TOR,65,2,23.0,3.6,9.5,.383,1.5,4.4,.333,2.2,5.1,.426,.460,1.9,2.3,.857,0.5,1.8,2.3,1.6,0.7,0.1,1.2,2.0,10.7)
(2013,17,Joel Anthony,C,30,MIA,62,3,9.1,0.6,1.1,.515,0.0,0.0,,0.6,1.1,.515,.515,0.3,0.5,.607,0.7,1.1,1.9,0.2,0.2,0.7,0.4,0.8,1.4)
(2013,Rk,Player,Pos,Age,Tm,G,GS,MP,FG,FGA,FG%,3P,3PA,3P,2P,2PA,2P,eFG%,FT,FTA,FT%,ORB,DRB,TRB,AST,STL,BLK,TOV,PF,PTS)
(2013,24,Luke Babbitt,PF,23,POR,62,0,11.8,1.4,3.8,.368,1.0,2.9,.348,0.4,0.9,.429,.500,0.2,0.2,.769,0.2,2.0,2.2,0.5,0.2,0.1,0.4,1.3,3.9)
(2013,28,Harrison Barnes,SF,20,GSW,81,81,25.4,3.4,7.8,.439,0.6,1.8,.359,2.8,6.0,.464,.481,1.8,2.3,.758,0.7,3.5,4.1,1.2,0.6,0.2,1.2,1.7,9.2)
(2013,32,Brandon Bass,PF,27,BOS,81,69,27.6,3.5,7.3,.486,0.0,0.0,.000,3.5,7.2,.487,.486,1.6,1.9,.860,1.6,3.7,5.2,1.0,0.5,0.8,1.0,2.3,8.7)
(2013,36,Aron Baynes,C,26,SAS,16,0,8.8,1.1,2.3,.500,0.0,0.1,.000,1.1,2.2,.514,.500,0.4,0.8,.583,0.8,1.3,2.0,0.3,0.1,0.4,0.7,1.4,2.7)
(2013,40,Rodrigue Beaubois,PG,24,DAL,45,0,12.2,1.4,3.9,.369,0.5,1.6,.292,1.0,2.3,.423,.429,0.7,0.8,.789,0.2,1.1,1.3,1.9,0.4,0.1,0.7,1.2,4.0)
(2013,43,Andris Biedrins,C,26,GSW,53,9,9.3,0.2,0.4,.476,0.0,0.0,,0.2,0.4,.476,.476,0.1,0.2,.308,0.6,2.2,2.9,0.3,0.3,0.8,0.3,1.9,0.5)
(2013,47,Steve Blake,PG,32,LAL,45,13,26.1,2.5,6.0,.422,1.6,3.8,.421,0.9,2.2,.424,.556,0.6,0.8,.771,0.5,2.5,2.9,3.8,0.8,0.1,1.4,1.8,7.3)
(2013,51,Andrew Bogut,C,28,GSW,32,32,24.6,2.6,5.8,.451,0.0,0.0,1.000,2.6,5.7,.448,.454,0.6,1.2,.500,2.1,5.5,7.7,2.1,0.6,1.7,1.1,2.7,5.8)
(2013,55,Chris Bosh,C,28,MIA,74,74,33.2,6.6,12.3,.535,0.3,1.0,.284,6.3,11.3,.557,.546,3.3,4.1,.798,1.8,5.0,6.8,1.7,0.9,1.4,1.7,2.3,16.6)
(2013,59,Ronnie Brewer,SF,27,TOT,60,34,14.2,1.2,3.3,.354,0.4,1.3,.303,0.8,2.0,.385,.412,0.3,0.7,.410,0.7,1.6,2.3,0.8,0.7,0.1,0.3,0.6,3.0)
(2013,62,Kwame Brown,C,30,PHI,22,11,12.2,0.8,1.7,.459,0.0,0.0,,0.8,1.7,.459,.459,0.3,0.9,.368,1.0,2.3,3.4,0.4,0.3,0.5,0.4,1.7,1.9)
(2013,66,Alec Burks,SG,21,UTA,64,0,17.8,2.5,6.1,.420,0.5,1.4,.359,2.0,4.6,.439,.463,1.4,2.0,.713,0.6,1.7,2.3,1.4,0.5,0.2,1.2,1.8,7.0)
(2013,70,Jose Calderon,PG,31,TOT,73,58,29.6,4.3,8.7,.491,1.8,3.9,.461,2.5,4.8,.516,.594,1.0,1.1,.900,0.3,2.1,2.4,7.1,0.8,0.1,1.7,1.4,11.3)
(2013,74,Vince Carter,SF,36,DAL,81,3,25.8,4.6,10.6,.435,2.0,4.9,.406,2.6,5.6,.461,.530,2.2,2.8,.816,0.7,3.4,4.1,2.4,0.9,0.5,1.3,2.8,13.4)
(2013,78,Wilson Chandler,PF,25,DEN,43,8,25.1,4.9,10.6,.462,1.2,2.9,.413,3.7,7.7,.480,.519,2.0,2.6,.793,1.0,4.0,5.1,1.3,1.0,0.3,1.4,2.8,13.0)
(2013,81,Victor Claver,SF,24,POR,49,16,16.6,1.5,3.9,.392,0.5,1.8,.287,1.0,2.1,.480,.458,0.3,0.6,.467,0.6,1.8,2.4,0.9,0.5,0.2,0.9,1.5,3.8)
(2013,85,Nick Collison,C,32,OKC,81,2,19.5,2.2,3.7,.595,0.0,0.0,.000,2.2,3.6,.603,.595,0.7,1.0,.769,1.5,2.6,4.1,1.5,0.6,0.4,0.9,2.4,5.1)
(2013,89,Chris Copeland,PF,28,NYK,56,13,15.4,3.3,6.8,.479,1.1,2.5,.421,2.2,4.3,.513,.557,1.1,1.5,.759,0.6,1.5,2.1,0.5,0.3,0.2,0.9,1.9,8.7)
(2013,93,Jae Crowder,SF,22,DAL,78,16,17.3,1.8,4.7,.384,0.8,2.5,.328,1.0,2.2,.446,.470,0.6,0.9,.644,0.4,1.9,2.4,1.2,0.8,0.2,0.6,1.6,5.0)
(2013,97,Stephen Curry,PG,24,GSW,78,78,38.2,8.0,17.8,.451,3.5,7.7,.453,4.5,10.1,.449,.549,3.4,3.7,.900,0.8,3.3,4.0,6.9,1.6,0.2,3.1,2.5,22.9)
(2013,Rk,Player,Pos,Age,Tm,G,GS,MP,FG,FGA,FG%,3P,3PA,3P,2P,2PA,2P,eFG%,FT,FTA,FT%,ORB,DRB,TRB,AST,STL,BLK,TOV,PF,PTS)
(2013,104,Nando De Colo,SG,25,SAS,72,6,12.8,1.5,3.3,.436,0.4,1.1,.378,1.0,2.2,.465,.500,0.5,0.6,.795,0.3,1.6,1.9,1.9,0.6,0.1,1.1,1.2,3.8)
(2013,108,DeMar DeRozan,SG,23,TOR,82,82,36.7,6.7,15.0,.445,0.4,1.5,.283,6.3,13.5,.463,.459,4.3,5.2,.831,0.6,3.3,3.9,2.5,0.9,0.3,1.8,2.1,18.1)
(2013,112,Toney Douglas,PG,26,TOT,71,0,18.2,2.6,6.6,.403,1.2,3.0,.380,1.5,3.5,.424,.491,1.1,1.2,.905,0.5,1.5,1.9,2.1,1.0,0.0,1.1,2.0,7.5)
(2013,116,Jared Dudley,SF,27,PHO,79,50,27.5,4.0,8.5,.468,1.3,3.4,.391,2.6,5.0,.520,.547,1.6,2.1,.796,1.0,2.1,3.1,2.6,0.9,0.1,1.3,1.6,10.9)
(2013,120,Kevin Durant,SF,24,OKC,81,81,38.5,9.0,17.7,.510,1.7,4.1,.416,7.3,13.6,.539,.559,8.4,9.3,.905,0.6,7.3,7.9,4.6,1.4,1.3,3.5,1.8,28.1)
(2013,123,Monta Ellis,SG,27,MIL,82,82,37.5,7.3,17.5,.416,1.1,4.0,.287,6.1,13.5,.454,.448,3.5,4.6,.773,0.5,3.3,3.9,6.0,2.1,0.4,3.1,2.0,19.2)
(2013,127,Tyreke Evans,SG,23,SAC,65,61,31.0,5.6,11.8,.478,0.7,2.0,.338,4.9,9.7,.508,.508,3.2,4.2,.775,0.9,3.6,4.4,3.5,1.4,0.4,2.0,2.0,15.2)
(2013,131,Raymond Felton,PG,28,NYK,68,68,34.0,5.5,13.0,.427,1.4,3.8,.360,4.2,9.2,.455,.480,1.5,1.9,.789,0.8,2.1,2.9,5.5,1.4,0.2,2.3,1.9,13.9)
(2013,135,Randy Foye,SG,29,UTA,82,72,27.4,3.6,9.0,.397,2.2,5.3,.410,1.4,3.7,.378,.518,1.4,1.8,.819,0.2,1.3,1.5,2.0,0.8,0.3,1.1,2.3,10.8)
(2013,139,Francisco Garcia,SG-SF,31,TOT,58,20,17.7,2.0,5.2,.393,1.2,3.1,.374,0.9,2.1,.421,.505,0.3,0.4,.857,0.1,1.4,1.6,1.1,0.8,0.7,0.6,1.5,5.5)
(2013,142,Marc Gasol,C,28,MEM,80,80,35.0,5.4,10.9,.494,0.0,0.2,.071,5.4,10.7,.501,.494,3.4,4.0,.848,2.3,5.5,7.8,4.0,1.0,1.7,2.0,3.2,14.1)
(2013,146,Mickael Gelabale,SF,29,MIN,36,13,17.9,2.0,3.9,.518,0.4,1.4,.308,1.6,2.4,.644,.576,0.6,0.7,.875,0.9,1.9,2.8,0.7,0.4,0.1,0.4,1.3,5.0)
(2013,150,Manu Ginobili,SG,35,SAS,60,0,23.2,3.8,9.0,.425,1.4,3.9,.353,2.4,5.1,.480,.502,2.7,3.4,.796,0.5,2.9,3.4,4.6,1.3,0.2,2.2,1.9,11.8)
(2013,154,Marcin Gortat,C,28,PHO,61,61,30.8,4.8,9.3,.521,0.0,0.0,.000,4.8,9.2,.524,.521,1.5,2.3,.652,2.1,6.4,8.5,1.2,0.7,1.6,1.6,2.1,11.1)
(2013,158,Danny Green,SG,25,SAS,80,80,27.5,3.7,8.3,.448,2.2,5.2,.429,1.5,3.1,.480,.581,0.8,1.0,.848,0.5,2.6,3.1,1.8,1.2,0.7,1.2,1.6,10.5)
(2013,161,Jeff Green,PF,26,BOS,81,17,27.8,4.6,10.0,.467,0.9,2.2,.385,3.8,7.7,.490,.510,2.6,3.3,.808,0.7,3.2,3.9,1.6,0.7,0.8,1.6,2.2,12.8)
(2013,165,Jordan Hamilton,SF,22,DEN,40,1,9.9,2.1,5.0,.418,0.7,1.8,.370,1.4,3.2,.445,.485,0.3,0.7,.500,0.8,1.6,2.4,0.6,0.4,0.2,0.5,0.6,5.2)
(2013,169,James Harden,SG,23,HOU,78,78,38.3,7.5,17.1,.438,2.3,6.2,.368,5.2,10.9,.477,.504,8.6,10.2,.851,0.8,4.1,4.9,5.8,1.8,0.5,3.8,2.3,25.9)
(2013,173,Devin Harris,SG,29,ATL,58,34,24.5,3.3,7.6,.438,1.3,4.0,.335,2.0,3.7,.549,.525,1.9,2.7,.727,0.1,1.9,2.0,3.4,1.1,0.2,1.5,1.8,9.9)
(2013,177,Spencer Hawes,C,24,PHI,82,40,27.2,4.6,9.9,.464,0.4,1.1,.356,4.2,8.8,.477,.483,1.5,1.9,.777,2.1,5.1,7.2,2.2,0.3,1.4,1.6,2.8,11.0)
(2013,Rk,Player,Pos,Age,Tm,G,GS,MP,FG,FGA,FG%,3P,3PA,3P,2P,2PA,2P,eFG%,FT,FTA,FT%,ORB,DRB,TRB,AST,STL,BLK,TOV,PF,PTS)
(2013,184,John Henson,PF,22,MIL,63,9,13.1,2.6,5.3,.482,0.0,0.0,.000,2.6,5.3,.486,.482,0.9,1.7,.533,1.8,2.9,4.7,0.5,0.3,0.7,0.7,1.3,6.0)
(2013,188,Nene Hilario,PF,30,WAS,61,49,27.2,4.7,9.7,.480,0.0,0.0,.000,4.7,9.7,.481,.480,3.2,4.4,.729,1.7,5.0,6.7,2.9,0.9,0.6,2.3,2.8,12.6)
(2013,192,Kirk Hinrich,PG,32,CHI,60,60,29.4,2.7,7.0,.377,1.2,3.0,.390,1.5,4.0,.367,.461,1.2,1.6,.714,0.3,2.4,2.6,5.2,1.1,0.4,1.7,3.2,7.7)
(2013,196,Tyler Honeycutt,SF,22,SAC,9,0,3.6,0.3,1.2,.273,0.0,0.2,.000,0.3,1.0,.333,.273,0.2,0.2,1.000,0.3,0.8,1.1,0.2,0.0,0.1,0.6,0.2,0.9)
(2013,200,Juwan Howard,PF,39,MIA,7,2,7.3,1.4,2.7,.526,0.0,0.0,,1.4,2.7,.526,.526,0.1,0.1,1.000,0.0,1.1,1.1,0.9,0.0,0.0,0.6,1.3,3.0)
(2013,203,Andre Iguodala,SG,29,DEN,80,80,34.7,5.0,11.0,.451,1.1,3.6,.317,3.8,7.4,.515,.502,1.9,3.4,.574,1.0,4.3,5.3,5.4,1.7,0.7,2.6,1.6,13.0)
(2013,207,Jarrett Jack,SG,29,GSW,79,4,29.7,4.9,10.8,.452,1.0,2.6,.404,3.9,8.3,.466,.499,2.1,2.5,.843,0.3,2.8,3.1,5.6,0.8,0.1,2.0,1.7,12.9)
(2013,211,Damion James,SF,25,BRK,2,0,0.0,0.0,0.0,,0.0,0.0,,0.0,0.0,,,0.0,0.0,,0.0,0.5,0.5,0.0,0.0,0.0,0.0,0.0,0.0)
(2013,215,Al Jefferson,C,28,UTA,78,78,33.1,7.8,15.8,.494,0.0,0.2,.118,7.8,15.6,.500,.495,2.1,2.8,.770,2.0,7.2,9.2,2.1,1.0,1.1,1.3,2.2,17.8)
(2013,219,John Jenkins,SG,21,ATL,61,2,14.8,2.1,4.8,.446,0.9,2.3,.384,1.3,2.6,.500,.536,1.0,1.1,.843,0.3,1.3,1.5,0.9,0.2,0.2,0.7,0.6,6.1)
(2013,222,Amir Johnson,PF,25,TOR,81,38,28.7,4.1,7.5,.554,0.1,0.2,.385,4.1,7.3,.558,.559,1.7,2.3,.727,2.8,4.7,7.5,1.5,1.0,1.4,1.4,3.7,10.0)
(2013,226,James Johnson,SF,25,SAC,54,11,16.3,2.2,5.2,.413,0.0,0.4,.095,2.1,4.9,.439,.417,0.7,1.2,.597,0.9,1.8,2.7,1.1,0.8,0.9,1.3,1.8,5.1)
(2013,230,Darius Johnson-Odom,SG,23,LAL,4,0,1.5,0.0,1.0,.000,0.0,0.3,.000,0.0,0.8,.000,.000,0.0,0.0,,0.3,0.8,1.0,0.3,0.0,0.0,0.0,0.0,0.0)
(2013,234,James Jones,SF,32,MIA,38,0,5.8,0.6,1.6,.344,0.4,1.4,.302,0.1,0.2,.625,.475,0.1,0.1,.500,0.0,0.6,0.6,0.3,0.1,0.2,0.1,0.4,1.6)
(2013,236,Perry Jones,SF,21,OKC,38,1,7.4,1.0,2.6,.394,0.0,0.1,.000,1.0,2.6,.402,.394,0.3,0.4,.667,0.3,1.3,1.6,0.3,0.1,0.2,0.4,0.6,2.3)
(2013,240,Cory Joseph,PG,21,SAS,28,9,13.9,1.8,3.9,.464,0.2,0.8,.286,1.6,3.2,.506,.491,0.6,0.8,.857,0.4,1.4,1.9,1.9,0.5,0.1,0.8,0.9,4.5)
(2013,243,Enes Kanter,C,20,UTA,70,2,15.4,2.9,5.4,.544,0.0,0.0,1.000,2.9,5.4,.542,.545,1.3,1.7,.795,1.9,2.4,4.3,0.4,0.4,0.5,1.4,1.7,7.2)
(2013,247,Linas Kleiza,SF,28,TOR,20,3,18.8,2.4,7.2,.333,1.0,3.3,.303,1.4,3.9,.359,.403,1.6,1.9,.842,0.5,2.1,2.6,0.8,0.2,0.1,0.7,2.3,7.4)
(2013,251,Viacheslav Kravtsov,C,25,DET,25,0,9.0,1.3,1.8,.717,0.0,0.0,,1.3,1.8,.717,.717,0.4,1.5,.297,1.0,0.8,1.8,0.4,0.2,0.4,0.6,1.3,3.1)
(2013,255,Ty Lawson,PG,25,DEN,73,71,34.4,6.1,13.3,.461,1.2,3.2,.366,5.0,10.1,.491,.505,3.2,4.3,.756,0.5,2.2,2.7,6.9,1.5,0.1,2.5,1.8,16.7)
(2013,259,Kawhi Leonard,SF,21,SAS,58,57,31.2,4.5,9.1,.494,1.1,3.0,.374,3.4,6.1,.554,.556,1.8,2.2,.825,1.1,4.9,6.0,1.6,1.7,0.6,1.1,1.7,11.9)
(2013,262,Rashard Lewis,PF,33,MIA,55,9,14.4,1.9,4.5,.414,0.9,2.4,.389,0.9,2.1,.441,.516,0.5,0.8,.622,0.3,1.9,2.2,0.5,0.4,0.3,0.6,1.2,5.2)
(2013,266,Shaun Livingston,PG,27,TOT,66,16,22.0,2.5,5.2,.480,0.0,0.1,.000,2.5,5.2,.485,.480,1.3,1.5,.867,0.5,1.9,2.4,3.3,0.7,0.5,1.2,1.9,6.3)
(2013,270,Kyle Lowry,PG,26,TOR,68,52,29.7,3.7,9.2,.401,1.5,4.1,.362,2.2,5.1,.433,.482,2.8,3.5,.795,0.8,3.9,4.7,6.4,1.4,0.4,2.3,3.2,11.6)
(2013,274,Corey Maggette,SF,33,DET,18,0,14.3,1.5,4.2,.355,0.3,1.2,.238,1.2,3.1,.400,.388,2.0,2.7,.750,0.3,1.1,1.4,1.1,0.3,0.1,0.9,2.3,5.3)
(2013,278,Cartier Martin,SF,28,WAS,41,3,16.9,2.3,6.1,.381,1.4,3.6,.397,0.9,2.6,.358,.496,0.5,0.7,.714,0.3,2.2,2.4,0.5,0.5,0.1,0.8,1.4,6.6)
(2013,281,Roger Mason,SG,32,NOH,69,13,17.7,1.9,4.4,.433,1.0,2.3,.415,1.0,2.1,.452,.541,0.6,0.6,.907,0.2,1.8,1.9,1.1,0.4,0.2,0.7,1.5,5.3)
(2013,285,O.J. Mayo,SG,25,DAL,82,82,35.5,5.6,12.5,.449,1.7,4.3,.407,3.9,8.3,.471,.519,2.3,2.8,.820,0.4,3.1,3.5,4.4,1.1,0.3,2.6,2.4,15.3)
(2013,289,Josh McRoberts,PF,25,TOT,67,22,22.2,2.3,5.1,.455,0.4,1.3,.286,2.0,3.9,.510,.490,1.0,1.3,.765,1.4,3.5,4.9,2.1,0.5,0.4,1.0,2.0,6.0)
(2013,293,C.J. Miles,SF,25,CLE,65,13,21.0,3.9,9.4,.415,1.9,5.0,.384,2.0,4.4,.451,.518,1.4,1.6,.869,0.4,2.3,2.7,1.0,0.8,0.3,1.1,2.1,11.2)
(2013,297,Mike Miller,SF,32,MIA,59,17,15.3,1.7,3.9,.433,1.2,3.0,.417,0.5,0.9,.482,.591,0.1,0.2,.727,0.3,2.4,2.7,1.7,0.4,0.1,0.6,1.1,4.8)
(2013,Rk,Player,Pos,Age,Tm,G,GS,MP,FG,FGA,FG%,3P,3PA,3P,2P,2PA,2P,eFG%,FT,FTA,FT%,ORB,DRB,TRB,AST,STL,BLK,TOV,PF,PTS)
(2013,304,Darius Morris,PG,22,LAL,48,17,14.2,1.5,3.9,.388,0.5,1.4,.364,1.0,2.5,.402,.452,0.5,0.8,.649,0.5,0.7,1.2,1.6,0.4,0.0,0.9,1.2,4.0)
(2013,308,Donatas Motiejunas,PF,22,HOU,44,14,12.2,2.2,4.8,.455,0.5,1.9,.289,1.7,3.0,.562,.512,0.7,1.2,.627,0.8,1.3,2.1,0.7,0.2,0.2,0.8,1.7,5.7)
(2013,312,Kevin Murphy,SG,22,UTA,17,0,3.1,0.4,1.6,.250,0.1,0.3,.200,0.4,1.4,.261,.268,0.0,0.0,,0.0,0.2,0.2,0.1,0.1,0.0,0.2,0.2,0.9)
(2013,316,Jameer Nelson,PG,30,ORL,56,56,35.3,5.5,13.9,.392,2.2,6.3,.341,3.3,7.6,.435,.470,1.6,1.8,.873,0.4,3.3,3.7,7.4,1.3,0.1,2.8,2.9,14.7)
(2013,320,Dirk Nowitzki,PF,34,DAL,53,47,31.3,6.5,13.7,.471,1.2,3.0,.414,5.2,10.8,.487,.516,3.1,3.6,.860,0.7,6.2,6.8,2.5,0.7,0.7,1.3,1.8,17.3)
(2013,323,Lamar Odom,PF,33,LAC,82,2,19.7,1.8,4.5,.399,0.2,1.1,.200,1.6,3.4,.464,.423,0.2,0.5,.476,1.4,4.4,5.9,1.7,0.8,0.7,1.0,2.6,4.0)
(2013,327,Travis Outlaw,SF,28,SAC,38,2,11.7,1.9,4.7,.418,0.4,1.3,.280,1.6,3.3,.472,.458,1.0,1.4,.731,0.4,1.2,1.6,0.6,0.3,0.2,0.5,0.9,5.3)
(2013,331,Tony Parker,PG,30,SAS,66,66,32.9,7.9,15.1,.522,0.4,1.0,.353,7.5,14.0,.534,.534,4.2,5.0,.845,0.3,2.7,3.0,7.6,0.8,0.1,2.6,1.4,20.3)
(2013,335,Sasha Pavlovic,SG,29,POR,39,1,13.5,1.1,3.1,.353,0.5,1.5,.300,0.6,1.5,.407,.429,0.0,0.2,.167,0.2,1.3,1.4,0.8,0.6,0.1,0.4,1.5,2.6)
(2013,339,Paul Pierce,SF,35,BOS,77,77,33.4,6.2,14.2,.436,1.9,5.0,.380,4.3,9.2,.466,.502,4.3,5.5,.787,0.6,5.7,6.3,4.8,1.1,0.4,2.8,2.7,18.6)
(2013,342,Miles Plumlee,C,24,IND,14,0,3.9,0.4,1.5,.238,0.0,0.0,,0.4,1.5,.238,.238,0.2,0.3,.750,0.9,0.7,1.6,0.1,0.0,0.2,0.2,0.4,0.9)
(2013,346,Pablo Prigioni,PG,35,NYK,78,18,16.2,1.3,2.8,.455,0.7,1.7,.396,0.6,1.1,.547,.575,0.3,0.3,.880,0.5,1.3,1.8,3.0,0.9,0.0,1.1,1.6,3.5)
(2013,350,Vladimir Radmanovic,PF,32,CHI,25,0,5.8,0.5,1.7,.302,0.2,1.1,.185,0.3,0.6,.500,.360,0.1,0.1,.667,0.4,0.7,1.1,0.3,0.3,0.2,0.3,1.2,1.3)
(2013,354,J.J. Redick,SG,28,TOT,78,13,30.5,4.9,11.3,.434,2.1,5.8,.366,2.8,5.5,.506,.528,2.2,2.4,.900,0.2,2.0,2.2,3.8,0.5,0.1,1.8,1.5,14.1)
(2013,358,Austin Rivers,SG,20,NOH,61,26,23.2,2.4,6.4,.372,0.5,1.4,.326,1.9,5.0,.385,.408,1.0,1.8,.546,0.3,1.5,1.8,2.1,0.4,0.1,1.2,2.0,6.2)
(2013,361,Thomas Robinson,PF,21,TOT,70,0,15.1,2.0,4.6,.430,0.0,0.0,.000,2.0,4.6,.431,.430,0.8,1.6,.523,1.7,2.8,4.5,0.7,0.6,0.4,1.3,1.8,4.8)
(2013,365,Ricky Rubio,PG,22,MIN,57,47,29.7,3.2,9.0,.360,0.5,1.6,.293,2.8,7.4,.374,.386,3.7,4.6,.799,0.8,3.2,4.0,7.3,2.4,0.1,3.0,2.5,10.7)
(2013,369,Samardo Samuels,C,24,CLE,18,1,10.9,1.2,3.3,.367,0.0,0.1,.000,1.2,3.3,.373,.367,0.8,1.3,.583,0.6,1.0,1.6,0.4,0.2,0.2,0.3,1.7,3.2)
(2013,373,Thabo Sefolosha,SG,28,OKC,81,81,27.5,2.8,5.8,.481,1.3,3.2,.419,1.4,2.6,.558,.597,0.7,0.9,.826,0.7,3.2,3.9,1.5,1.3,0.5,0.8,2.2,7.6)
(2013,377,Tornike Shengelia,SF,21,BRK,19,0,4.9,0.5,1.2,.435,0.1,0.1,.500,0.5,1.1,.429,.457,0.5,0.8,.563,0.5,0.7,1.2,0.2,0.2,0.1,0.6,0.6,1.6)
(2013,Rk,Player,Pos,Age,Tm,G,GS,MP,FG,FGA,FG%,3P,3PA,3P,2P,2PA,2P,eFG%,FT,FTA,FT%,ORB,DRB,TRB,AST,STL,BLK,TOV,PF,PTS)
(2013,384,Greg Smith,C,22,HOU,70,10,15.9,2.4,3.9,.620,0.0,0.0,.000,2.4,3.9,.623,.620,1.2,1.9,.623,1.6,3.0,4.6,0.4,0.3,0.6,0.6,2.5,6.0)
(2013,388,Josh Smith,PF,27,ATL,76,76,35.3,7.2,15.6,.465,0.8,2.6,.303,6.4,12.9,.498,.491,2.2,4.2,.517,1.8,6.7,8.4,4.2,1.2,1.8,3.0,2.3,17.5)
(2013,392,Jerry Stackhouse,SF,38,BRK,37,0,14.7,1.8,4.6,.384,0.8,2.4,.337,1.0,2.2,.434,.471,0.5,0.6,.870,0.1,0.8,0.9,0.9,0.2,0.1,0.6,0.8,4.9)
(2013,396,Julyan Stone,PG,24,DEN,4,0,7.0,0.5,0.5,1.000,0.0,0.0,,0.5,0.5,1.000,1.000,0.8,1.0,.750,0.5,0.3,0.8,0.5,0.3,0.0,0.5,1.0,1.8)
(2013,400,DaJuan Summers,PF,25,LAC,2,0,3.5,0.5,2.0,.250,0.0,0.0,,0.5,2.0,.250,.250,0.0,0.0,,0.0,1.0,1.0,0.5,0.0,0.0,0.0,0.0,1.0)
(2013,403,Jeff Teague,PG,24,ATL,80,78,32.9,5.5,12.2,.451,1.1,3.1,.359,4.4,9.1,.482,.496,2.5,2.8,.881,0.3,1.9,2.3,7.2,1.5,0.4,2.9,2.3,14.6)
(2013,407,Garrett Temple,SG,26,WAS,51,36,22.7,2.1,5.1,.407,0.5,1.6,.325,1.5,3.5,.444,.457,0.5,0.7,.703,0.6,1.8,2.4,2.3,1.0,0.3,1.2,1.8,5.1)
(2013,411,Kurt Thomas,PF,40,NYK,39,17,10.1,1.2,2.1,.542,0.0,0.0,1.000,1.1,2.1,.537,.548,0.2,0.3,.462,0.6,1.7,2.3,0.5,0.3,0.4,0.2,1.3,2.5)
(2013,415,Jason Thompson,PF,26,SAC,82,81,27.9,4.6,9.1,.502,0.0,0.0,.000,4.6,9.0,.504,.502,1.7,2.5,.694,2.1,4.6,6.7,1.0,0.6,0.7,1.2,2.8,10.9)
(2013,419,Jamaal Tinsley,PG,34,UTA,66,32,18.5,1.3,3.5,.368,0.6,1.9,.307,0.7,1.6,.439,.451,0.3,0.4,.692,0.3,1.5,1.7,4.4,1.0,0.2,1.6,1.6,3.5)
(2013,422,Ronny Turiaf,C,30,LAC,65,0,10.8,0.8,1.5,.505,0.0,0.0,,0.8,1.5,.505,.505,0.4,1.0,.365,0.7,1.6,2.3,0.5,0.3,0.5,0.4,1.2,1.9)
(2013,426,Ekpe Udoh,C,25,MIL,76,9,17.3,1.5,3.5,.435,0.0,0.0,.000,1.5,3.5,.437,.435,1.2,1.6,.748,1.5,1.8,3.3,0.6,0.5,1.1,0.6,1.8,4.3)
(2013,430,Jarvis Varnado,PF,24,TOT,13,0,4.5,0.2,0.5,.429,0.0,0.0,,0.2,0.5,.429,.429,0.2,0.3,.500,0.2,0.5,0.7,0.2,0.1,0.2,0.5,0.8,0.6)
(2013,434,Nikola Vucevic,C,22,ORL,77,77,33.2,6.0,11.5,.519,0.0,0.0,.000,6.0,11.5,.520,.519,1.1,1.6,.683,3.5,8.4,11.9,1.9,0.8,1.0,1.8,2.8,13.1)
(2013,438,John Wall,PG,22,WAS,49,42,32.7,6.6,15.0,.441,0.2,0.9,.267,6.4,14.1,.452,.449,5.0,6.2,.804,0.7,3.3,4.0,7.6,1.3,0.8,3.2,2.4,18.5)
(2013,441,Luke Walton,PF,32,CLE,50,0,17.1,1.4,3.6,.392,0.4,1.3,.299,1.0,2.3,.447,.448,0.2,0.4,.500,0.8,2.1,2.9,3.3,0.8,0.3,1.2,2.0,3.4)
(2013,445,Maalik Wayns,PG,21,TOT,27,1,7.5,1.0,3.3,.295,0.3,1.1,.226,0.7,2.1,.333,.335,0.6,0.7,.895,0.0,0.2,0.3,1.0,0.2,0.0,0.6,1.0,2.8)
(2013,449,D.J. White,PF,26,BOS,12,0,7.2,1.0,1.9,.522,0.0,0.0,,1.0,1.9,.522,.522,0.4,0.8,.556,0.3,0.8,1.1,0.3,0.1,0.5,0.2,0.4,2.4)
(2013,453,Deron Williams,PG,28,BRK,78,78,36.4,6.3,14.4,.440,2.2,5.7,.378,4.2,8.7,.482,.516,4.1,4.7,.859,0.4,2.6,3.0,7.7,1.0,0.4,2.8,2.5,18.9)
(2013,457,Mo Williams,PG,30,UTA,46,46,30.8,5.0,11.6,.430,1.3,3.3,.383,3.7,8.2,.449,.485,1.6,1.8,.882,0.5,1.9,2.4,6.2,1.0,0.2,2.7,2.3,12.9)
(2013,Rk,Player,Pos,Age,Tm,G,GS,MP,FG,FGA,FG%,3P,3PA,3P,2P,2PA,2P,eFG%,FT,FTA,FT%,ORB,DRB,TRB,AST,STL,BLK,TOV,PF,PTS)
(2013,464,Tony Wroten,SG,19,MEM,35,0,7.8,0.9,2.5,.384,0.1,0.5,.250,0.8,2.0,.414,.407,0.6,0.8,.724,0.4,0.4,0.8,1.2,0.2,0.1,0.8,1.0,2.6)
(2013,468,Luke Zeller,C,25,PHO,16,0,3.6,0.6,1.6,.346,0.1,0.3,.200,0.5,1.3,.381,.365,0.0,0.0,,0.1,0.6,0.6,0.2,0.0,0.0,0.0,0.3,1.2)
