(1977,2,Kareem Abdul-Jabbar*,C,29,LAL,82,,36.8,10.8,18.7,.579,,,,10.8,18.7,.579,.579,4.6,6.5,.701,3.2,10.0,13.3,3.9,1.2,3.2,,3.2,26.2)
(1977,6,Lucius Allen,PG,29,LAL,78,,31.8,6.1,13.3,.456,,,,6.1,13.3,.456,.456,2.5,3.2,.774,0.7,2.5,3.2,5.2,1.5,0.2,,2.3,14.6)
(1977,10,Bird Averitt,SG,24,BUF,75,,15.1,3.1,8.3,.378,,,,3.1,8.3,.378,.378,1.6,2.3,.716,0.3,0.8,1.0,1.8,0.4,0.1,,1.7,7.9)
(1977,14,Marvin Barnes,PF,24,DET,53,,18.7,3.8,8.5,.447,,,,3.8,8.5,.447,.447,2.0,2.9,.679,1.3,3.5,4.8,0.8,0.7,0.6,,2.6,9.6)
(1977,18,Rick Barry*,SF,32,GSW,79,,36.8,8.6,19.6,.440,,,,8.6,19.6,.440,.440,4.5,5.0,.916,0.9,4.4,5.3,6.0,2.2,0.7,,2.5,21.8)
(1977,21,Byron Beck,PF,32,DEN,53,,9.1,2.0,4.6,.435,,,,2.0,4.6,.435,.435,0.7,0.8,.818,0.8,1.0,1.8,0.6,0.3,0.0,,1.1,4.7)
(1977,25,Bob Bigelow,SF,23,KCK,29,,5.6,1.2,2.4,.500,,,,1.2,2.4,.500,.500,0.5,0.6,.882,0.3,0.7,0.9,0.3,0.1,0.0,,0.6,2.9)
(1977,29,Tom Boswell,PF,23,BOS,70,,15.5,2.5,4.9,.515,,,,2.5,4.9,.515,.515,1.4,1.9,.711,1.6,2.8,4.4,1.2,0.4,0.1,,3.4,6.4)
(1977,33,Junior Bridgeman,SF,23,MIL,82,,29.4,6.0,13.3,.449,,,,6.0,13.3,.449,.449,2.4,2.8,.864,1.6,3.5,5.1,2.5,1.0,0.3,,2.7,14.4)
(1977,37,John Brown,SF,25,ATL,77,,18.2,2.1,4.5,.457,,,,2.1,4.5,.457,.457,1.6,1.9,.807,1.0,2.1,3.1,1.3,0.6,0.1,,2.8,5.7)
(1977,Rk,Player,Pos,Age,Tm,G,GS,MP,FG,FGA,FG%,3P,3PA,3P%,2P,2PA,2P%,eFG%,FT,FTA,FT%,ORB,DRB,TRB,AST,STL,BLK,TOV,PF,PTS)
(1977,44,Corky Calhoun,SF,26,POR,70,,10.6,1.2,2.6,.464,,,,1.2,2.6,.464,.464,0.9,1.2,.776,0.6,1.5,2.1,0.5,0.3,0.1,,1.8,3.4)
(1977,48,Fred Carter,SG,31,TOT,61,,18.2,3.4,8.2,.418,,,,3.4,8.2,.418,.418,1.1,1.6,.708,0.9,1.0,1.9,2.0,0.6,0.1,,2.0,8.0)
(1977,52,Ken Charles,SG,25,ATL,82,,30.3,4.3,10.4,.414,,,,4.3,10.4,.414,.414,2.5,3.1,.801,0.5,1.5,2.0,3.6,1.7,0.5,,2.9,11.1)
(1977,56,E.C. Coleman,PF,26,NOJ,77,,30.8,3.8,8.2,.462,,,,3.8,8.2,.462,.462,1.1,1.5,.732,1.9,5.2,7.1,1.3,0.8,0.4,,3.6,8.6)
(1977,60,Mike D'Antoni,SG,25,SAS,2,,4.5,0.5,1.5,.333,,,,0.5,1.5,.333,.333,0.5,1.0,.500,0.0,1.0,1.0,1.0,0.0,0.0,,1.5,1.5)
(1977,63,Mel Daniels*,C,32,NYN,11,,11.5,1.2,3.2,.371,,,,1.2,3.2,.371,.371,1.2,2.1,.565,0.9,2.2,3.1,0.5,0.3,1.0,,2.6,3.5)
(1977,67,Mel Davis,PF,26,TOT,56,,19.5,3.0,8.3,.362,,,,3.0,8.3,.362,.362,1.1,1.6,.703,1.8,3.5,5.2,1.3,0.6,0.1,,2.3,7.1)
(1977,71,Randy Denton,C,27,ATL,45,,15.6,2.3,5.7,.402,,,,2.3,5.7,.402,.402,0.7,1.0,.702,1.8,3.0,4.8,0.7,0.3,0.4,,2.2,5.3)
(1977,75,Ernie DiGregorio,PG,26,BUF,81,,28.0,4.5,10.8,.417,,,,4.5,10.8,.417,.417,1.7,1.8,.945,0.6,1.6,2.3,4.7,0.7,0.0,,1.9,10.7)
(1977,79,Mike Dunleavy,PG,22,PHI,32,,11.2,1.9,4.5,.414,,,,1.9,4.5,.414,.414,1.1,1.4,.756,0.3,0.8,1.1,1.8,0.4,0.1,,2.0,4.8)
(1977,82,Len Elmore,C,24,IND,6,,7.7,1.2,2.8,.412,,,,1.2,2.8,.412,.412,0.7,0.8,.800,1.2,1.3,2.5,0.3,0.0,0.7,,1.8,3.0)
(1977,86,Julius Erving*,SF,26,PHI,82,,35.9,8.4,16.7,.499,,,,8.4,16.7,.499,.499,4.9,6.3,.777,2.3,6.1,8.5,3.7,1.9,1.4,,3.1,21.6)
(1977,90,Chris Ford,SG,28,DET,82,,31.0,5.3,11.2,.476,,,,5.3,11.2,.476,.476,1.6,2.1,.771,1.2,2.1,3.3,4.1,2.2,0.3,,2.3,12.3)
(1977,94,Walt Frazier*,PG,31,NYK,76,,35.4,7.0,14.3,.489,,,,7.0,14.3,.489,.489,3.4,4.4,.771,0.7,3.2,3.9,5.3,1.7,0.1,,2.6,17.4)
(1977,98,Rowland Garrett,SF,26,TOT,62,,9.6,1.7,3.9,.444,,,,1.7,3.9,.444,.444,0.7,0.8,.804,0.6,1.2,1.8,0.4,0.3,0.2,,1.3,4.1)
(1977,101,John Gianelli,C,26,TOT,76,,25.2,3.4,7.6,.444,,,,3.4,7.6,.444,.444,1.2,1.6,.720,2.0,4.2,6.3,1.1,0.5,1.3,,2.3,7.9)
(1977,105,Leonard Gray,PF,25,TOT,83,,19.7,3.1,7.1,.436,,,,3.1,7.1,.436,.436,1.4,1.9,.747,1.0,2.5,3.5,1.5,0.7,0.4,,3.3,7.6)
(1977,109,Paul Griffin,PF,23,NOJ,81,,20.3,1.7,3.2,.547,,,,1.7,3.2,.547,.547,1.8,2.5,.721,2.1,4.0,6.1,2.1,0.6,0.5,,3.0,5.2)
(1977,113,John Havlicek*,SF,36,BOS,79,,36.9,7.3,16.2,.452,,,,7.3,16.2,.452,.452,3.0,3.6,.816,1.4,3.5,4.8,5.1,1.1,0.2,,2.6,17.7)
(1977,117,Spencer Haywood*,PF,27,NYK,31,,32.9,6.5,14.5,.450,,,,6.5,14.5,.450,.450,3.5,4.2,.832,2.5,6.5,9.0,1.6,0.5,0.9,,2.3,16.5)
(1977,Rk,Player,Pos,Age,Tm,G,GS,MP,FG,FGA,FG%,3P,3PA,3P%,2P,2PA,2P%,eFG%,FT,FTA,FT%,ORB,DRB,TRB,AST,STL,BLK,TOV,PF,PTS)
(1977,124,Lionel Hollins,PG,23,POR,76,,29.3,5.9,13.8,.432,,,,5.9,13.8,.432,.432,2.8,3.8,.749,0.7,2.1,2.8,4.1,2.2,0.5,,3.5,14.7)
(1977,128,Dan Issel*,C,28,DEN,79,,31.7,8.4,16.2,.515,,,,8.4,16.2,.515,.515,5.6,7.1,.797,2.7,6.1,8.8,2.2,1.2,0.4,,3.1,22.3)
(1977,132,Dennis Johnson*,SG,22,SEA,81,,20.6,3.5,7.0,.504,,,,3.5,7.0,.504,.504,2.2,3.5,.624,2.0,1.7,3.7,1.5,1.5,0.7,,2.7,9.2)
(1977,136,Ollie Johnson,SF,27,KCK,81,,17.1,2.7,5.5,.489,,,,2.7,5.5,.489,.489,1.2,1.4,.878,0.8,1.8,2.6,1.3,0.5,0.3,,2.1,6.6)
(1977,140,Jimmy Jones,PG,32,WSB,3,,11.0,0.7,3.0,.222,,,,0.7,3.0,.222,.222,0.7,1.3,.500,0.3,1.0,1.3,0.3,0.7,0.0,,1.3,2.0)
(1977,143,Wil Jones,PF,29,IND,80,,33.9,5.5,12.7,.430,,,,5.5,12.7,.430,.430,2.1,2.8,.744,2.7,4.8,7.6,2.4,1.3,1.0,,3.8,13.0)
(1977,147,Larry Kenon,PF,24,SAS,78,,37.6,9.1,18.4,.492,,,,9.1,18.4,.492,.492,3.8,4.6,.823,3.6,7.7,11.3,2.9,2.1,0.8,,2.4,21.9)
(1977,150,Steve Kuberski,SF,29,BOS,76,,11.3,1.7,4.1,.420,,,,1.7,4.1,.420,.420,0.8,1.1,.759,1.0,1.8,2.8,0.5,0.1,0.1,,1.2,4.3)
(1977,154,Sam Lacey,C,28,KCK,82,,31.6,4.0,9.4,.422,,,,4.0,9.4,.422,.422,2.6,3.4,.762,2.3,6.6,9.0,4.7,1.5,1.6,,3.6,10.6)
(1977,158,John Laskowski,SG,23,CHI,47,,12.0,1.6,4.5,.354,,,,1.6,4.5,.354,.354,0.6,0.6,.900,0.3,1.0,1.3,0.9,0.7,0.0,,0.5,3.8)
(1977,161,Freddie Lewis,PG,33,IND,32,,17.3,2.5,6.2,.407,,,,2.5,6.2,.407,.407,1.9,2.4,.805,0.5,0.9,1.5,1.8,0.6,0.1,,1.8,7.0)
(1977,165,Maurice Lucas,PF,24,POR,79,,36.2,8.0,17.2,.466,,,,8.0,17.2,.466,.466,4.2,5.5,.765,3.4,7.9,11.4,2.9,1.1,0.7,,3.7,20.2)
(1977,169,Scott May,SF,22,CHI,72,,32.9,6.0,13.3,.451,,,,6.0,13.3,.451,.451,2.6,3.2,.828,2.0,4.1,6.1,2.0,1.1,0.2,,2.6,14.6)
(1977,173,Ted McClain,SG,30,DEN,72,,27.8,3.4,7.7,.445,,,,3.4,7.7,.445,.445,1.4,1.8,.744,0.7,2.5,3.2,4.5,1.5,0.2,,3.5,8.2)
(1977,177,George McGinnis,PF,26,PHI,79,,35.1,8.3,18.2,.458,,,,8.3,18.2,.458,.458,4.7,6.9,.681,4.1,7.4,11.5,3.8,2.1,0.5,,3.8,21.4)
(1977,Rk,Player,Pos,Age,Tm,G,GS,MP,FG,FGA,FG%,3P,3PA,3P%,2P,2PA,2P%,eFG%,FT,FTA,FT%,ORB,DRB,TRB,AST,STL,BLK,TOV,PF,PTS)
(1977,184,Dave Meyers,PF,23,MIL,50,,25.2,3.6,7.7,.467,,,,3.6,7.7,.467,.467,2.5,3.8,.661,2.4,4.4,6.8,1.7,0.8,0.6,,3.0,9.7)
(1977,188,Otto Moore,C,30,NOJ,81,,25.7,2.4,5.9,.405,,,,2.4,5.9,.405,.405,1.1,1.7,.679,2.1,5.8,7.9,2.2,0.7,1.4,,2.9,5.9)
(1977,192,Lloyd Neal,PF,26,POR,58,,16.5,2.8,5.9,.471,,,,2.8,5.9,.471,.471,1.3,2.0,.675,1.5,2.9,4.4,1.0,0.1,0.6,,2.6,6.8)
(1977,196,Willie Norwood,SF,29,SEA,76,,21.7,2.8,6.1,.469,,,,2.8,6.1,.469,.469,2.0,2.7,.733,1.7,2.2,3.8,1.3,0.8,0.1,,2.5,7.7)
(1977,200,Joe Pace,C,23,WSB,30,,4.0,0.8,1.8,.436,,,,0.8,1.8,.436,.436,0.5,1.0,.552,0.5,0.6,1.1,0.1,0.1,0.6,,1.0,2.1)
(1977,203,Billy Paultz,C,28,SAS,82,,32.9,6.4,13.4,.473,,,,6.4,13.4,.473,.473,2.9,3.9,.744,2.3,6.0,8.4,2.7,0.7,2.1,,3.2,15.6)
(1977,207,Kevin Porter,PG,26,DET,81,,26.1,3.8,7.5,.512,,,,3.8,7.5,.512,.512,1.2,1.6,.729,0.3,0.9,1.2,7.3,1.1,0.1,,3.3,8.9)
(1977,211,Kevin Restani,PF,25,MIL,64,,17.4,2.7,5.2,.518,,,,2.7,5.2,.518,.518,0.2,0.4,.500,1.3,2.8,4.1,1.4,0.5,0.2,,1.6,5.6)
(1977,215,Bill Robinzine,PF,24,KCK,75,,21.3,4.1,9.0,.453,,,,4.1,9.0,.453,.453,2.1,2.9,.736,2.2,4.1,6.3,1.3,1.1,0.2,,3.8,10.3)
(1977,219,Curtis Rowe,PF,27,BOS,79,,27.7,4.0,8.0,.498,,,,4.0,8.0,.498,.498,2.2,3.0,.708,2.4,4.7,7.1,1.4,0.3,0.6,,2.7,10.1)
(1977,222,Fred Saunders,SF,25,BOS,68,,15.5,2.7,5.8,.466,,,,2.7,5.8,.466,.466,0.5,0.8,.660,1.1,2.2,3.3,1.3,0.4,0.1,,2.8,5.9)
(1977,226,Phil Sellers,SG,23,DET,44,,7.5,1.7,4.3,.384,,,,1.7,4.3,.384,.384,1.2,1.6,.722,0.4,0.5,0.9,0.6,0.5,0.0,,1.3,4.5)
(1977,230,Paul Silas,PF,33,DEN,81,,24.2,2.5,7.1,.360,,,,2.5,7.1,.360,.360,2.1,3.1,.667,2.9,4.6,7.5,1.6,0.7,0.3,,2.3,7.2)
(1977,234,Elmore Smith,C,27,TOT,70,,20.9,3.4,7.2,.475,,,,3.4,7.2,.475,.475,1.7,3.0,.549,1.6,4.6,6.3,0.6,0.5,2.1,,3.0,8.6)
(1977,238,Dick Snyder,SG,32,CLE,82,,20.5,3.9,8.5,.456,,,,3.9,8.5,.456,.456,1.5,1.8,.852,0.6,1.2,1.8,2.0,0.5,0.4,,2.2,9.3)
(1977,241,Kevin Stacom,SG,25,BOS,79,,13.3,2.3,5.5,.409,,,,2.3,5.5,.409,.409,0.6,0.7,.793,0.5,0.7,1.2,1.5,0.2,0.0,,0.8,5.1)
(1977,245,Earl Tatum,SG,23,LAL,68,,18.4,4.2,8.9,.466,,,,4.2,8.9,.466,.466,1.1,1.5,.720,1.2,2.3,3.5,1.7,1.3,0.3,,2.5,9.4)
(1977,249,Chuck Terry,SF,26,NYN,61,,17.6,2.1,5.2,.403,,,,2.1,5.2,.403,.403,0.8,1.0,.774,0.7,1.6,2.3,0.6,1.0,0.2,,2.0,5.0)
(1977,253,Dean Tolson,PF,25,SEA,60,,9.8,2.3,4.0,.566,,,,2.3,4.0,.566,.566,1.4,2.7,.535,1.2,1.4,2.6,0.5,0.5,0.4,,1.4,6.0)
(1977,257,Dave Twardzik,PG,26,POR,74,,26.2,3.6,5.8,.612,,,,3.6,5.8,.612,.612,3.2,3.8,.842,1.0,1.7,2.7,3.3,1.7,0.2,,3.1,10.3)
(1977,Rk,Player,Pos,Age,Tm,G,GS,MP,FG,FGA,FG%,3P,3PA,3P%,2P,2PA,2P%,eFG%,FT,FTA,FT%,ORB,DRB,TRB,AST,STL,BLK,TOV,PF,PTS)
(1977,264,Andy Walker,SF,21,NOJ,40,,11.0,1.8,3.9,.462,,,,1.8,3.9,.462,.462,0.9,1.2,.766,0.6,1.3,1.9,0.8,0.5,0.2,,1.5,4.5)
(1977,268,Lloyd Walton,PG,23,MIL,53,,12.8,1.7,3.5,.468,,,,1.7,3.5,.468,.468,1.0,1.2,.815,0.3,0.7,1.0,2.7,0.8,0.0,,1.0,4.3)
(1977,272,Richard Washington,PF,21,KCK,82,,27.6,5.4,12.6,.431,,,,5.4,12.6,.431,.431,2.2,3.1,.697,2.5,6.1,8.5,1.0,0.8,1.1,,4.0,13.0)
(1977,276,Scott Wedman,SF,24,KCK,81,,33.9,6.4,14.0,.460,,,,6.4,14.0,.460,.460,2.5,3.0,.855,2.3,3.9,6.2,2.8,1.2,0.3,,2.8,15.4)
(1977,280,Rudy White,SG,23,HOU,46,,8.0,1.0,2.3,.443,,,,1.0,2.3,.443,.443,0.3,0.5,.600,0.3,0.6,0.9,0.8,0.2,0.0,,0.8,2.4)
(1977,283,Jamaal Wilkes*,PF,23,GSW,76,,33.9,7.2,15.1,.478,,,,7.2,15.1,.478,.478,3.3,4.1,.797,2.0,5.6,7.6,2.8,1.7,0.2,,2.9,17.7)
(1977,287,Gus Williams,PG,23,GSW,82,,23.5,4.0,8.5,.464,,,,4.0,8.5,.464,.464,1.4,1.8,.747,0.9,2.0,2.8,3.6,1.5,0.2,,2.7,9.3)
(1977,291,Bobby Wilson,SG,26,BOS,25,,5.2,0.8,2.4,.322,,,,0.8,2.4,.322,.322,0.4,0.5,.846,0.1,0.2,0.4,0.6,0.1,0.0,,0.8,2.0)
(1977,295,Larry Wright,PG,22,WSB,78,,18.2,3.4,7.6,.440,,,,3.4,7.6,.440,.440,1.1,1.5,.765,0.4,0.8,1.3,3.0,0.7,0.1,,2.2,7.8)
