(1977,Rk,Player,Pos,Age,Tm,G,GS,MP,FG,FGA,FG%,3P,3PA,3P%,2P,2PA,2P%,eFG%,FT,FTA,FT%,ORB,DRB,TRB,AST,STL,BLK,TOV,PF,PTS)
(1977,4,Alvan Adams,C,22,PHO,72,,31.6,7.3,15.3,.474,,,,7.3,15.3,.474,.474,3.5,4.6,.754,2.5,6.6,9.1,4.5,1.3,1.2,,3.6,18.0)
(1977,8,Tiny Archibald*,PG,28,NYN,34,,37.6,7.4,16.5,.446,,,,7.4,16.5,.446,.446,5.8,7.4,.785,0.6,1.7,2.4,7.5,1.7,0.3,,2.3,20.5)
(1977,12,Mike Bantom,PF-SF,25,TOT,77,,24.8,4.7,9.8,.478,,,,4.7,9.8,.478,.478,2.9,4.0,.723,2.4,3.7,6.1,1.3,0.8,0.6,,3.0,12.3)
(1977,16,Norton Barnhill,SG,23,SEA,4,,2.5,0.5,1.5,.333,,,,0.5,1.5,.333,.333,0.0,0.0,,0.5,0.3,0.8,0.3,0.0,0.0,,1.3,1.0)
(1977,20,Butch Beard,PG,29,NYK,70,,15.5,2.1,4.2,.505,,,,2.1,4.2,.505,.505,1.1,1.6,.688,0.7,1.6,2.3,2.1,0.8,0.1,,2.0,5.3)
(1977,23,Mel Bennett,PF,22,IND,67,,13.6,1.5,4.4,.344,,,,1.5,4.4,.344,.344,1.7,2.8,.599,1.6,1.9,3.5,1.0,0.6,0.5,,2.3,4.7)
(1977,27,Tom Boerwinkle,C,31,CHI,82,,13.0,1.6,3.3,.491,,,,1.6,3.3,.491,.491,0.4,0.8,.540,1.2,2.6,3.8,2.3,0.2,0.2,,1.8,3.7)
(1977,31,Bill Bradley*,SF,33,NYK,67,,15.3,1.9,4.1,.464,,,,1.9,4.1,.464,.464,0.5,0.6,.810,0.4,1.1,1.5,1.9,0.4,0.1,,1.8,4.3)
(1977,35,Gary Brokaw,SG,23,TOT,80,,18.6,3.0,7.1,.429,,,,3.0,7.1,.429,.429,2.0,2.7,.744,0.3,1.3,1.5,2.9,0.5,0.5,,2.1,8.1)
(1977,39,Joe Bryant,PF,22,PHI,61,,10.0,1.8,3.9,.446,,,,1.8,3.9,.446,.446,0.9,1.1,.757,0.7,1.2,1.9,0.8,0.6,0.2,,1.4,4.4)
(1977,42,Tom Burleson,C,24,SEA,82,,22.0,3.5,8.0,.442,,,,3.5,8.0,.442,.442,2.7,3.7,.731,2.2,4.5,6.7,1.1,0.9,1.4,,3.2,9.7)
(1977,46,Austin Carr,SG,28,CLE,82,,29.4,6.8,14.9,.457,,,,6.8,14.9,.457,.457,2.6,3.3,.795,1.5,1.5,2.9,2.7,0.7,0.1,,2.7,16.2)
(1977,50,Harvey Catchings,C,25,PHI,53,,16.3,1.2,2.3,.504,,,,1.2,2.3,.504,.504,0.6,0.9,.702,1.2,3.2,4.4,0.6,0.4,1.5,,2.5,3.0)
(1977,54,Jim Chones,C,27,CLE,82,,29.0,5.5,11.9,.463,,,,5.5,11.9,.463,.463,1.9,2.6,.731,2.5,5.9,8.4,1.3,0.4,0.9,,3.1,12.9)
(1977,58,Norm Cook,SF,21,BOS,25,,5.5,1.1,2.9,.375,,,,1.1,2.9,.375,.375,0.4,0.7,.529,0.4,0.7,1.1,0.2,0.4,0.1,,1.1,2.5)
(1977,61,Louie Dampier,PG,32,SAS,80,,20.4,2.9,6.3,.460,,,,2.9,6.3,.460,.460,0.8,1.1,.744,0.3,0.7,1.0,2.9,0.6,0.2,,1.2,6.6)
(1977,65,Dwight Davis,PF,27,GSW,33,,16.7,1.7,3.8,.444,,,,1.7,3.8,.444,.444,1.5,2.2,.681,1.0,1.8,2.9,0.9,0.3,0.2,,2.8,4.8)
(1977,69,Ron Davis,SF,22,ATL,7,,9.6,1.1,5.0,.229,,,,1.1,5.0,.229,.229,0.6,1.9,.308,0.3,0.7,1.0,0.3,1.0,0.0,,1.3,2.9)
(1977,73,Derrek Dickey,PF,25,GSW,49,,17.5,3.2,7.0,.458,,,,3.2,7.0,.458,.458,0.9,1.2,.738,2.0,2.9,4.9,1.3,0.4,0.2,,2.1,7.4)
(1977,77,John Drew,SF,22,ATL,74,,36.3,9.3,19.1,.487,,,,9.3,19.1,.487,.487,5.6,7.8,.714,3.8,5.3,9.1,1.8,1.4,0.4,,3.7,24.2)
(1977,Rk,Player,Pos,Age,Tm,G,GS,MP,FG,FGA,FG%,3P,3PA,3P%,2P,2PA,2P%,eFG%,FT,FTA,FT%,ORB,DRB,TRB,AST,STL,BLK,TOV,PF,PTS)
(1977,84,Alex English*,SF,23,MIL,60,,10.8,2.2,4.6,.477,,,,2.2,4.6,.477,.477,0.8,1.0,.767,1.1,1.7,2.8,0.4,0.3,0.3,,1.3,5.2)
(1977,88,Eric Fernsten,C,23,CHI,5,,12.2,0.6,3.0,.200,,,,0.6,3.0,.200,.200,1.6,2.2,.727,1.8,1.4,3.2,1.2,0.2,0.6,,1.8,2.8)
(1977,92,Fred Foster,SF,30,BUF,59,,11.7,1.7,4.2,.401,,,,1.7,4.2,.401,.401,0.5,0.7,.682,0.6,0.7,1.3,0.8,0.3,0.0,,1.6,3.9)
(1977,96,Terry Furlow,SG,22,PHI,32,,5.4,1.1,3.1,.340,,,,1.1,3.1,.340,.340,0.5,0.6,.889,0.6,0.7,1.2,0.6,0.2,0.1,,0.3,2.6)
(1977,100,George Gervin*,SF,24,SAS,82,,33.0,8.9,16.3,.544,,,,8.9,16.3,.544,.544,5.4,6.5,.833,1.6,3.9,5.5,2.9,1.3,1.3,,3.5,23.1)
(1977,103,Artis Gilmore*,C,27,CHI,82,,35.1,7.0,13.3,.522,,,,7.0,13.3,.522,.522,4.7,7.1,.660,3.8,9.2,13.0,2.4,0.5,2.5,,3.2,18.6)
(1977,107,Steve Green,SF,23,IND,70,,13.1,2.6,6.1,.432,,,,2.6,6.1,.432,.432,1.2,1.6,.743,1.1,1.4,2.5,0.7,0.7,0.2,,2.2,6.4)
(1977,111,Rudy Hackett,PF,23,TOT,6,,7.7,0.5,1.7,.300,,,,0.5,1.7,.300,.300,1.3,2.3,.571,0.7,1.5,2.2,0.5,0.0,0.2,,1.3,2.3)
(1977,115,Robert Hawkins,SG,22,NYN,52,,28.5,7.8,17.5,.447,,,,7.8,17.5,.447,.447,3.7,5.4,.688,1.3,1.7,3.0,1.8,1.5,0.5,,3.1,19.3)
(1977,119,Tom Henderson,PG,25,TOT,87,,32.1,4.3,9.5,.449,,,,4.3,9.5,.449,.449,2.7,3.6,.744,0.5,2.3,2.7,6.9,1.6,0.2,,1.7,11.2)
(1977,122,Darnell Hillman,C,27,IND,82,,28.1,4.4,9.9,.443,,,,4.4,9.9,.443,.443,2.0,3.0,.660,2.8,5.7,8.5,2.0,1.2,1.3,,4.3,10.7)
(1977,126,Lou Hudson,SG,32,ATL,58,,30.1,7.1,15.6,.456,,,,7.1,15.6,.456,.456,2.4,2.9,.840,0.8,1.4,2.2,2.7,1.2,0.3,,2.8,16.7)
(1977,130,Aaron James,SF,24,NOJ,52,,20.4,4.6,9.3,.490,,,,4.6,9.3,.490,.490,1.7,2.2,.781,1.1,2.5,3.6,1.1,0.4,0.1,,2.4,10.9)
(1977,134,John Johnson,SF,29,HOU,79,,22.0,4.0,8.8,.458,,,,4.0,8.8,.458,.458,1.2,1.7,.712,0.9,2.4,3.4,2.1,0.6,0.3,,2.5,9.3)
(1977,138,Caldwell Jones,C,26,PHI,82,,24.7,2.6,5.2,.507,,,,2.6,5.2,.507,.507,0.8,1.4,.552,2.3,5.8,8.1,1.1,0.5,2.4,,3.7,6.0)
(1977,141,Rich Jones,SF,30,NYN,34,,25.8,3.9,10.2,.385,,,,3.9,10.2,.385,.385,2.7,3.6,.760,1.4,4.3,5.7,1.4,1.1,0.3,,3.2,10.6)
(1977,145,Rich Kelley,C,23,NOJ,76,,19.8,2.4,5.1,.477,,,,2.4,5.1,.477,.477,2.1,2.6,.792,2.8,5.0,7.7,2.7,0.6,0.8,,3.2,6.9)
(1977,152,Mitch Kupchak,C,22,WSB,82,,18.5,4.2,7.3,.572,,,,4.2,7.3,.572,.572,2.1,3.0,.691,2.2,3.8,6.0,0.8,0.3,0.4,,2.5,10.4)
(1977,156,John Lambert,PF,24,CLE,63,,8.8,1.1,2.5,.427,,,,1.1,2.5,.427,.427,0.4,0.6,.694,1.0,1.5,2.4,0.5,0.3,0.3,,1.2,2.5)
(1977,160,Ron Lee,PG,24,PHO,82,,22.5,4.2,9.6,.441,,,,4.2,9.6,.441,.441,1.7,2.6,.676,1.2,2.4,3.6,3.2,1.9,0.4,,3.4,10.2)
(1977,163,Bob Love,SF,34,TOT,59,,19.9,2.7,7.3,.379,,,,2.7,7.3,.379,.379,1.8,2.2,.826,1.3,2.0,3.4,0.8,0.4,0.1,,2.0,7.3)
(1977,167,Pete Maravich*,SG,29,NOJ,73,,41.7,12.1,28.0,.433,,,,12.1,28.0,.433,.433,6.9,8.2,.835,1.2,3.9,5.1,5.4,1.2,0.3,,2.6,31.1)
(1977,171,Bob McAdoo*,C,25,TOT,72,,38.9,10.3,20.1,.512,,,,10.3,20.1,.512,.512,5.3,7.2,.738,2.8,10.1,12.9,2.8,1.1,1.4,,3.6,25.8)
(1977,175,Glenn McDonald,SF,24,MIL,9,,8.8,0.9,3.8,.235,,,,0.9,3.8,.235,.235,0.3,0.4,.750,0.9,0.4,1.3,0.8,0.4,0.0,,1.2,2.1)
(1977,179,Jim McMillian,SF,28,NYK,67,,32.2,4.4,9.6,.464,,,,4.4,9.6,.464,.464,1.0,1.3,.779,1.0,3.6,4.6,2.1,0.9,0.1,,1.5,9.9)
(1977,182,John Mengelt,SG,27,CHI,61,,19.3,3.4,7.5,.456,,,,3.4,7.5,.456,.456,1.5,1.9,.788,0.5,1.3,1.8,1.9,0.6,0.1,,1.7,8.3)
(1977,186,Eric Money,PG,21,DET,73,,21.7,4.5,8.6,.521,,,,4.5,8.6,.521,.521,1.2,1.6,.789,0.6,1.1,1.7,3.3,1.2,0.2,,2.7,10.2)
(1977,190,Calvin Murphy*,PG,28,HOU,82,,33.7,7.3,14.8,.490,,,,7.3,14.8,.490,.490,3.3,3.7,.886,0.7,1.4,2.1,4.7,1.8,0.1,,3.4,17.9)
(1977,194,Johnny Neumann,SG,25,TOT,63,,14.9,2.6,6.3,.406,,,,2.6,6.3,.406,.406,0.9,1.4,.678,0.4,0.8,1.1,2.2,0.5,0.2,,2.1,6.0)
(1977,198,Frank Oleynick,PG,21,SEA,50,,10.3,1.6,4.5,.363,,,,1.6,4.5,.363,.363,0.8,1.1,.736,0.3,0.6,0.9,1.2,0.3,0.1,,1.0,4.0)
(1977,201,Robert Parish*,C,23,GSW,77,,18.0,3.7,7.4,.503,,,,3.7,7.4,.503,.503,1.6,2.2,.708,2.6,4.4,7.1,1.0,0.7,1.2,,2.9,9.1)
(1977,205,Cliff Pondexter,PF,22,CHI,78,,12.8,1.4,3.3,.416,,,,1.4,3.3,.416,.416,0.5,0.8,.646,1.0,2.0,3.0,0.5,0.4,0.1,,1.1,3.3)
(1977,209,Ed Ratleff,SF,26,HOU,37,,14.4,1.9,4.4,.435,,,,1.9,4.4,.435,.435,0.7,1.1,.619,0.6,1.4,2.1,1.2,0.5,0.2,,1.2,4.5)
(1977,213,Marv Roberts,SF,27,LAL,28,,7.5,1.0,2.7,.355,,,,1.0,2.7,.355,.355,0.1,0.2,.667,0.3,0.6,0.9,0.7,0.1,0.1,,1.2,2.1)
(1977,217,Marshall Rogers,PG,23,GSW,26,,6.8,1.7,4.5,.371,,,,1.7,4.5,.371,.371,0.5,0.6,.933,0.2,0.2,0.4,0.4,0.3,0.1,,1.3,3.8)
(1977,Rk,Player,Pos,Age,Tm,G,GS,MP,FG,FGA,FG%,3P,3PA,3P%,2P,2PA,2P%,eFG%,FT,FTA,FT%,ORB,DRB,TRB,AST,STL,BLK,TOV,PF,PTS)
(1977,224,Charlie Scott,SG,28,BOS,43,,36.8,7.6,17.1,.444,,,,7.6,17.1,.444,.444,3.0,4.0,.746,1.2,3.2,4.4,4.6,1.4,0.3,,3.6,18.2)
(1977,228,John Shumate,PF,24,BUF,74,,35.1,5.5,10.9,.502,,,,5.5,10.9,.502,.502,4.1,6.1,.671,2.2,7.3,9.5,2.1,1.2,1.1,,2.7,15.1)
(1977,232,Al Skinner,SG,24,NYN,79,,28.6,4.8,11.2,.431,,,,4.8,11.2,.431,.431,2.9,3.7,.791,1.4,3.2,4.6,3.7,1.3,0.7,,3.5,12.6)
(1977,236,Randy Smith,SG,28,BUF,82,,37.7,8.6,18.3,.467,,,,8.6,18.3,.467,.467,3.6,4.7,.762,1.6,3.9,5.6,5.4,2.1,0.1,,3.2,20.7)
(1977,240,Mike Sojourner,PF,23,ATL,51,,10.8,1.9,4.0,.468,,,,1.9,4.0,.468,.468,0.8,1.1,.719,1.0,1.9,2.9,0.4,0.3,0.2,,1.3,4.5)
(1977,243,Keith Starr,SG,22,CHI,17,,3.8,0.4,1.4,.250,,,,0.4,1.4,.250,.250,0.1,0.1,1.000,0.4,0.2,0.6,0.4,0.1,0.0,,0.6,0.8)
(1977,247,Fatty Taylor,PG,30,DEN,79,,19.6,1.7,4.0,.420,,,,1.7,4.0,.420,.420,0.5,0.8,.569,1.1,1.5,2.7,3.6,1.7,0.1,,2.6,3.8)
(1977,251,David Thompson*,SG,22,DEN,82,,36.6,10.0,19.8,.507,,,,10.0,19.8,.507,.507,5.8,7.6,.766,1.7,2.4,4.1,4.1,1.4,0.6,,2.9,25.9)
(1977,255,Monte Towe,PG,23,DEN,51,,8.0,1.1,2.7,.406,,,,1.1,2.7,.406,.406,0.4,0.5,.720,0.2,0.5,0.7,1.7,0.3,0.0,,1.2,2.5)
(1977,259,Dick Van Arsdale,SG,33,PHO,78,,19.7,2.9,6.4,.456,,,,2.9,6.4,.456,.456,1.9,2.1,.873,0.4,1.1,1.5,1.5,0.4,0.1,,1.2,7.7)
(1977,262,Norm Van Lier,PG,29,CHI,82,,37.8,3.7,8.9,.412,,,,3.7,8.9,.412,.412,2.9,3.7,.778,1.3,3.2,4.5,7.8,1.6,0.2,,3.3,10.2)
(1977,266,Wally Walker,SF,22,POR,66,,9.5,2.1,4.6,.449,,,,2.1,4.6,.449,.449,1.0,1.5,.670,0.7,1.0,1.6,0.8,0.2,0.0,,1.4,5.2)
(1977,270,Cornell Warner,PF,28,LAL,14,,12.1,1.8,3.8,.472,,,,1.8,3.8,.472,.472,0.3,0.4,.667,1.5,3.4,4.9,0.8,0.1,0.1,,2.0,3.9)
(1977,274,Nick Weatherspoon,SF,26,TOT,62,,26.7,5.0,11.1,.449,,,,5.0,11.1,.449,.449,1.5,2.3,.632,1.9,5.0,6.9,0.9,0.8,0.5,,2.7,11.5)
(1977,278,Paul Westphal,PG,26,PHO,81,,32.1,8.4,16.3,.518,,,,8.4,16.3,.518,.518,4.5,5.4,.825,0.7,1.6,2.3,5.7,1.7,0.3,,2.1,21.3)
(1977,281,Sidney Wicks,PF,27,BOS,82,,32.2,5.7,12.3,.458,,,,5.7,12.3,.458,.458,3.8,5.7,.668,3.3,6.8,10.0,2.1,0.8,0.7,,4.0,15.1)
(1977,285,Chuckie Williams,SG,23,CLE,22,,3.0,0.6,2.1,.298,,,,0.6,2.1,.298,.298,0.4,0.5,.750,0.1,0.0,0.2,0.3,0.0,0.0,,0.3,1.7)
(1977,289,John Williamson,SG,25,TOT,72,,34.5,8.6,18.7,.459,,,,8.6,18.7,.459,.459,3.6,4.6,.787,0.6,2.1,2.7,2.8,1.5,0.2,,3.4,20.8)
(1977,293,Willie Wise,SF,29,DEN,75,,18.7,3.2,6.8,.462,,,,3.2,6.8,.462,.462,1.9,2.9,.651,1.0,2.4,3.4,1.9,0.8,0.2,,2.4,8.2)
