(1977,1,Zaid Abdul-Aziz,C,30,BUF,22,,8.9,1.1,3.4,.338,,,,1.1,3.4,.338,.338,1.5,2.0,.767,1.9,2.2,4.1,0.3,0.1,0.4,,1.0,3.8)
(1977,5,Don Adams,SF,29,BUF,77,,22.2,2.8,6.8,.411,,,,2.8,6.8,.411,.411,1.7,2.2,.746,1.7,3.1,4.8,1.9,1.0,0.2,,2.6,7.3)
(1977,9,Jim Ard,C,28,BOS,63,,15.4,1.5,4.0,.378,,,,1.5,4.0,.378,.378,0.8,1.2,.645,1.2,3.5,4.7,0.8,0.3,0.4,,2.0,3.8)
(1977,13,Tom Barker,C,21,ATL,59,,22.9,3.1,7.4,.417,,,,3.1,7.4,.417,.417,1.9,2.8,.683,1.9,4.9,6.8,1.0,0.6,0.7,,3.8,8.1)
(1977,17,Mike Barr,SG,26,KCK,73,,16.8,1.7,3.8,.437,,,,1.7,3.8,.437,.437,0.6,0.8,.719,0.5,1.3,1.8,2.4,0.7,0.2,,1.3,3.9)
(1977,Rk,Player,Pos,Age,Tm,G,GS,MP,FG,FGA,FG%,3P,3PA,3P%,2P,2PA,2P%,eFG%,FT,FTA,FT%,ORB,DRB,TRB,AST,STL,BLK,TOV,PF,PTS)
(1977,24,Henry Bibby,PG,27,PHI,81,,32.6,3.7,8.7,.430,,,,3.7,8.7,.430,.430,2.7,3.5,.784,1.1,2.3,3.4,4.4,1.3,0.1,,2.5,10.2)
(1977,28,Ron Boone,SG,30,KCK,82,,36.8,9.1,19.2,.474,,,,9.1,19.2,.474,.474,4.0,4.7,.844,1.6,2.4,3.9,4.1,1.5,0.2,,3.1,22.2)
(1977,32,Jim Brewer,PF,25,CLE,81,,33.0,3.7,8.1,.451,,,,3.7,8.1,.451,.451,1.2,2.2,.545,3.4,6.0,9.4,2.4,1.2,1.0,,2.6,8.5)
(1977,36,Fred Brown,SG,28,SEA,72,,29.1,7.4,15.5,.479,,,,7.4,15.5,.479,.479,2.3,2.6,.884,0.9,2.3,3.2,2.4,1.7,0.3,,1.9,17.2)
(1977,40,Quinn Buckner,PG,22,MIL,79,,26.5,3.8,8.7,.434,,,,3.8,8.7,.434,.434,1.1,1.9,.539,1.2,2.2,3.3,4.7,2.4,0.3,,3.7,8.6)
(1977,43,Don Buse,PG,26,IND,81,,36.4,3.3,7.9,.416,,,,3.3,7.9,.416,.416,1.4,1.8,.786,0.8,2.5,3.3,8.5,3.5,0.2,,1.6,8.0)
(1977,47,M.L. Carr,SF,26,DET,82,,32.2,5.4,11.4,.476,,,,5.4,11.4,.476,.476,2.5,3.4,.735,2.6,5.1,7.7,2.2,2.0,0.7,,3.5,13.3)
(1977,51,Don Chaney,SG,30,LAL,81,,29.7,2.6,6.4,.408,,,,2.6,6.4,.408,.408,0.9,1.2,.745,1.5,2.6,4.1,3.8,1.7,0.4,,2.8,6.1)
(1977,55,Jim Cleamons,PG,27,CLE,60,,34.1,4.3,9.9,.434,,,,4.3,9.9,.434,.434,1.9,2.5,.757,1.7,2.9,4.6,5.1,1.1,0.4,,2.1,10.4)
(1977,59,Dave Cowens*,C,28,BOS,50,,37.8,6.6,15.1,.434,,,,6.6,15.1,.434,.434,3.2,4.0,.818,2.9,11.0,13.9,5.0,0.9,1.0,,3.6,16.4)
(1977,62,Bob Dandridge,SF,29,MIL,70,,35.7,8.4,17.9,.467,,,,8.4,17.9,.467,.467,4.0,5.2,.771,2.1,4.2,6.3,3.8,1.4,0.4,,3.2,20.8)
(1977,66,Johnny Davis,SG,21,POR,79,,18.4,3.0,6.7,.441,,,,3.0,6.7,.441,.441,2.1,2.6,.794,0.8,0.8,1.6,1.9,0.5,0.1,,1.6,8.0)
(1977,70,Darryl Dawkins,C,20,PHI,59,,11.6,2.3,3.6,.628,,,,2.3,3.6,.628,.628,0.7,1.3,.506,1.0,2.9,3.9,0.4,0.2,0.8,,2.2,5.3)
(1977,74,Coby Dietrick,C,28,SAS,82,,21.6,3.5,7.6,.460,,,,3.5,7.6,.460,.460,1.5,2.0,.717,1.4,3.2,4.5,1.8,1.1,0.7,,3.3,8.4)
(1977,78,Charles Dudley,PG,26,GSW,79,,21.3,2.8,5.3,.523,,,,2.8,5.3,.523,.523,1.6,2.6,.635,1.5,2.2,3.7,4.4,0.8,0.1,,2.1,7.2)
(1977,81,Al Eberhard,SF,24,DET,68,,17.9,2.7,5.6,.476,,,,2.7,5.6,.476,.476,1.6,2.0,.790,1.1,2.1,3.3,0.7,0.7,0.2,,2.9,6.9)
(1977,85,Keith Erickson,SF,32,PHO,50,,19.0,2.8,5.9,.483,,,,2.8,5.9,.483,.483,0.7,1.0,.740,0.7,2.2,2.9,2.1,0.6,0.1,,2.4,6.4)
(1977,89,Mike Flynn,SG,23,IND,73,,18.1,3.4,7.8,.436,,,,3.4,7.8,.436,.436,1.4,1.9,.711,1.0,1.5,2.6,2.5,0.8,0.1,,1.5,8.2)
(1977,93,Jim Fox,C,33,NYN,71,,16.4,2.6,5.6,.462,,,,2.6,5.6,.462,.462,1.3,1.6,.833,1.4,3.2,4.6,0.7,0.3,0.4,,2.2,6.5)
(1977,97,Mike Gale,SG,26,SAS,82,,31.7,4.3,9.2,.468,,,,4.3,9.2,.468,.468,1.7,2.0,.820,0.7,2.7,3.3,5.8,2.3,0.6,,2.7,10.3)
(1977,Rk,Player,Pos,Age,Tm,G,GS,MP,FG,FGA,FG%,3P,3PA,3P%,2P,2PA,2P%,eFG%,FT,FTA,FT%,ORB,DRB,TRB,AST,STL,BLK,TOV,PF,PTS)
(1977,104,Gail Goodrich*,SG,33,NOJ,27,,22.6,5.0,11.3,.446,,,,5.0,11.3,.446,.446,2.5,3.1,.800,0.9,1.3,2.3,2.7,0.8,0.1,,1.6,12.6)
(1977,108,Kevin Grevey,SF,23,WSB,76,,17.2,2.9,7.0,.423,,,,2.9,7.0,.423,.423,1.0,1.6,.664,1.0,1.4,2.3,0.9,0.4,0.1,,1.9,6.9)
(1977,112,Glenn Hansen,SG,24,KCK,41,,7.0,1.6,3.8,.432,,,,1.6,3.8,.432,.432,0.6,0.8,.719,0.7,0.8,1.4,0.6,0.3,0.1,,1.1,3.8)
(1977,116,Elvin Hayes*,PF,31,WSB,82,,41.0,9.3,18.5,.501,,,,9.3,18.5,.501,.501,5.1,7.5,.687,3.5,9.0,12.5,1.9,1.1,2.7,,3.8,23.7)
(1977,120,Phil Hicks,SF,24,TOT,37,,7.1,1.1,2.4,.461,,,,1.1,2.4,.461,.461,0.3,0.4,.846,0.7,1.1,1.8,0.6,0.2,0.0,,1.0,2.5)
(1977,123,Wilbur Holland,SG,25,CHI,79,,31.1,6.4,14.2,.454,,,,6.4,14.2,.454,.454,2.0,2.4,.823,1.0,2.2,3.2,3.2,2.1,0.2,,2.5,14.9)
(1977,127,Kim Hughes,C,24,NYN,81,,25.7,1.9,4.4,.427,,,,1.9,4.4,.427,.427,0.2,0.9,.275,2.3,4.6,7.0,1.2,1.5,1.5,,3.8,4.0)
(1977,131,Charles Johnson,PG,27,GSW,79,,15.1,3.2,7.4,.437,,,,3.2,7.4,.437,.437,0.6,0.9,.710,0.6,1.2,1.8,1.2,1.0,0.1,,1.7,7.1)
(1977,135,Mickey Johnson,PF,24,CHI,81,,35.1,6.6,14.9,.446,,,,6.6,14.9,.446,.446,4.0,5.0,.796,3.7,6.6,10.2,2.4,1.3,0.8,,3.9,17.3)
(1977,139,Dwight Jones,PF,24,HOU,74,,16.7,2.3,4.6,.494,,,,2.3,4.6,.494,.494,1.4,1.7,.802,1.3,2.5,3.8,0.6,0.5,0.3,,2.4,5.9)
(1977,142,Robin Jones,C,22,POR,63,,16.9,2.2,4.7,.465,,,,2.2,4.7,.465,.465,1.0,1.7,.606,1.6,3.1,4.7,1.3,0.6,0.6,,2.0,5.5)
(1977,146,Goo Kennedy,SF,27,HOU,32,,8.7,1.0,1.8,.534,,,,1.0,1.8,.534,.534,0.1,0.3,.375,0.4,1.2,1.6,0.2,0.2,0.2,,1.4,2.0)
(1977,149,Tom Kropp,SG,23,CHI,53,,9.1,1.4,2.9,.480,,,,1.4,2.9,.480,.480,0.5,0.8,.683,0.4,0.5,0.9,0.7,0.3,0.0,,1.5,3.3)
(1977,153,C.J. Kupec,SF,24,LAL,82,,11.1,1.9,4.2,.447,,,,1.9,4.2,.447,.447,1.0,1.2,.772,0.9,1.5,2.4,0.6,0.2,0.0,,1.4,4.7)
(1977,157,Bob Lanier*,C,28,DET,64,,38.2,10.6,19.8,.534,,,,10.6,19.8,.534,.534,4.1,5.0,.818,3.1,8.5,11.6,3.3,1.1,2.0,,2.7,25.3)
(1977,Rk,Player,Pos,Age,Tm,G,GS,MP,FG,FGA,FG%,3P,3PA,3P%,2P,2PA,2P%,eFG%,FT,FTA,FT%,ORB,DRB,TRB,AST,STL,BLK,TOV,PF,PTS)
(1977,164,John Lucas,SG,23,HOU,82,,30.9,4.7,9.9,.477,,,,4.7,9.9,.477,.477,1.6,2.1,.789,0.7,2.0,2.7,5.6,1.5,0.2,,2.1,11.1)
(1977,168,Jack Marin,SF,32,CHI,54,,16.1,3.1,6.6,.465,,,,3.1,6.6,.465,.465,0.6,0.7,.795,0.5,1.2,1.7,1.1,0.2,0.1,,1.6,6.8)
(1977,172,Andre McCarter,PG,23,KCK,59,,12.3,2.0,4.4,.463,,,,2.0,4.4,.463,.463,0.5,0.8,.711,0.3,0.7,0.9,1.7,0.4,0.0,,1.1,4.6)
(1977,176,Jim McElroy,PG,23,NOJ,73,,27.8,4.1,8.8,.470,,,,4.1,8.8,.470,.470,2.3,3.0,.779,0.8,1.8,2.5,3.6,0.8,0.1,,1.6,10.6)
(1977,180,Larry McNeill,PF,26,TOT,24,,9.6,2.0,4.7,.420,,,,2.0,4.7,.420,.420,2.2,2.5,.852,1.2,2.0,3.1,0.3,0.4,0.1,,1.3,6.1)
(1977,183,Joe Meriweather,C,23,ATL,74,,27.9,4.3,8.2,.526,,,,4.3,8.2,.526,.526,2.5,3.4,.714,2.9,5.1,8.1,1.1,0.6,1.1,,4.4,11.1)
(1977,187,Earl Monroe*,SG,32,NYK,77,,34.5,8.0,15.4,.517,,,,8.0,15.4,.517,.517,4.0,4.8,.839,0.6,2.3,2.9,4.8,1.2,0.3,,2.6,19.9)
(1977,191,Swen Nater,C,27,MIL,72,,27.2,5.3,10.1,.528,,,,5.3,10.1,.528,.528,2.4,3.2,.754,3.7,8.3,12.0,1.5,0.8,0.7,,3.0,13.0)
(1977,195,Mike Newlin,SG,28,HOU,82,,25.8,4.7,10.4,.455,,,,4.7,10.4,.455,.455,3.3,3.7,.885,0.6,1.8,2.5,3.9,0.7,0.0,,2.8,12.7)
(1977,199,Tom Owens,C,27,HOU,46,,10.0,1.5,2.9,.504,,,,1.5,2.9,.504,.504,1.1,1.7,.684,1.0,2.1,3.1,0.4,0.1,0.3,,2.1,4.1)
(1977,202,Sonny Parker,SF,21,GSW,65,,13.7,2.4,4.5,.527,,,,2.4,4.5,.527,.527,1.1,1.4,.772,1.3,1.4,2.7,0.9,0.8,0.4,,1.2,5.8)
(1977,206,Howard Porter,PF,28,DET,78,,28.2,6.0,12.3,.483,,,,6.0,12.3,.483,.483,1.3,1.5,.858,2.0,3.9,5.9,0.7,0.6,0.9,,2.6,13.2)
(1977,210,Clifford Ray,C,28,GSW,77,,26.2,3.4,5.8,.584,,,,3.4,5.8,.584,.584,1.4,2.6,.528,2.6,5.4,8.0,1.5,1.0,1.1,,3.1,8.2)
(1977,214,Truck Robinson,PF,25,TOT,77,,36.1,7.5,15.6,.478,,,,7.5,15.6,.478,.478,4.1,5.6,.730,3.3,7.5,10.8,1.8,0.9,0.5,,3.3,19.0)
(1977,218,Dan Roundfield,PF,23,IND,61,,27.0,5.6,12.0,.466,,,,5.6,12.0,.466,.466,2.7,3.9,.686,2.9,5.6,8.5,1.1,1.0,2.1,,4.0,13.9)
(1977,221,Cazzie Russell,SF,32,LAL,82,,31.5,7.0,14.4,.490,,,,7.0,14.4,.490,.490,2.3,2.7,.858,1.0,2.5,3.6,2.6,1.0,0.1,,2.0,16.4)
(1977,225,Bruce Seals,PF,23,SEA,81,,24.4,4.7,10.5,.444,,,,4.7,10.5,.444,.444,1.7,2.4,.708,1.5,2.9,4.4,1.1,0.6,0.7,,3.2,11.0)
(1977,229,James Silas,PG,27,SAS,22,,16.2,2.8,6.5,.430,,,,2.8,6.5,.430,.430,4.0,4.9,.813,0.3,1.1,1.5,2.3,0.6,0.1,,1.6,9.5)
(1977,233,Bingo Smith,SF,30,CLE,81,,26.4,6.3,14.2,.446,,,,6.3,14.2,.446,.446,1.8,2.2,.818,1.1,2.8,3.9,1.9,0.8,0.4,,2.6,14.5)
(1977,237,Willie Smith,PG,23,CHI,2,,5.5,0.0,0.5,.000,,,,0.0,0.5,.000,.000,0.0,0.0,,0.0,0.0,0.0,0.0,0.0,0.0,,0.5,0.0)
(1977,Rk,Player,Pos,Age,Tm,G,GS,MP,FG,FGA,FG%,3P,3PA,3P%,2P,2PA,2P%,eFG%,FT,FTA,FT%,ORB,DRB,TRB,AST,STL,BLK,TOV,PF,PTS)
(1977,244,Larry Steele,SG,27,POR,81,,20.7,4.0,8.0,.500,,,,4.0,8.0,.500,.500,2.3,2.8,.806,0.9,1.4,2.3,2.1,1.5,0.2,,2.7,10.3)
(1977,248,Ira Terrell,SF,22,PHO,78,,22.4,3.6,7.0,.508,,,,3.6,7.0,.508,.508,1.4,2.3,.631,1.3,3.7,5.0,1.3,0.5,0.6,,2.1,8.5)
(1977,252,Nate Thurmond*,C,35,CLE,49,,20.3,2.0,5.0,.407,,,,2.0,5.0,.407,.407,1.4,2.2,.642,2.5,5.2,7.6,1.7,0.3,1.7,,2.6,5.5)
(1977,256,George Trapp,PF,28,DET,6,,11.3,2.5,4.8,.517,,,,2.5,4.8,.517,.517,0.5,0.7,.750,0.7,1.0,1.7,0.5,0.0,0.2,,2.2,5.5)
(1977,260,Tom Van Arsdale,SF,33,PHO,77,,18.5,2.2,5.1,.433,,,,2.2,5.1,.433,.433,1.3,1.9,.703,0.6,1.8,2.4,0.9,0.3,0.0,,2.1,5.8)
(1977,263,Neal Walk,C,28,NYK,11,,12.3,2.5,5.2,.491,,,,2.5,5.2,.491,.491,0.5,0.6,.857,0.5,2.0,2.5,0.5,0.4,0.3,,2.0,5.6)
(1977,267,Bill Walton*,C,24,POR,65,,34.8,7.6,14.3,.528,,,,7.6,14.3,.528,.528,3.5,5.0,.697,3.2,11.1,14.4,3.8,1.0,3.2,,2.7,18.6)
(1977,271,Kermit Washington,PF,25,LAL,53,,25.3,3.6,7.2,.503,,,,3.6,7.2,.503,.503,2.5,3.5,.706,3.4,5.8,9.3,0.9,0.8,1.0,,3.5,9.7)
(1977,275,Marvin Webster,C,24,DEN,80,,16.0,2.5,5.0,.495,,,,2.5,5.0,.495,.495,1.8,2.8,.650,1.9,4.2,6.1,0.8,0.3,1.5,,1.9,6.7)
(1977,279,Jo Jo White*,PG,30,BOS,82,,40.6,7.8,18.1,.429,,,,7.8,18.1,.429,.429,4.1,4.7,.869,1.1,3.6,4.7,6.0,1.4,0.3,,2.4,19.6)
(1977,282,Bob Wilkerson,SF,22,SEA,78,,19.9,2.8,7.3,.386,,,,2.8,7.3,.386,.386,1.1,1.6,.689,1.2,2.1,3.3,2.2,0.9,0.1,,1.7,6.7)
(1977,286,Earl Williams,C,25,NYN,1,,7.0,0.0,2.0,.000,,,,0.0,2.0,.000,.000,3.0,6.0,.500,1.0,1.0,2.0,1.0,0.0,1.0,,2.0,3.0)
(1977,290,Bill Willoughby,SF,19,ATL,39,,14.1,1.9,4.3,.444,,,,1.9,4.3,.444,.444,1.1,1.6,.683,1.7,2.7,4.4,0.3,0.5,0.6,,1.6,4.9)
(1977,294,Dave Wohl,PG,27,TOT,51,,19.3,2.3,5.7,.400,,,,2.3,5.7,.400,.400,1.2,1.7,.685,0.3,1.3,1.6,2.8,0.8,0.1,,2.3,5.7)
