(2007,3,Maurice Ager,SG,22,DAL,32,1,6.7,0.7,2.2,.314,0.2,0.5,.333,0.5,1.7,.309,.350,0.6,1.0,.606,0.0,0.6,0.7,0.2,0.1,0.1,0.5,0.8,2.2)
(2007,7,Tony Allen,SG,25,BOS,33,18,24.4,4.0,7.8,.514,0.2,1.0,.242,3.8,6.8,.553,.529,3.2,4.1,.784,1.1,2.7,3.8,1.7,1.5,0.4,2.3,2.6,11.5)
(2007,11,Derek Anderson,SF,32,CHA,50,32,23.8,2.5,5.9,.429,1.1,3.0,.355,1.4,2.8,.507,.520,1.9,2.1,.877,0.6,1.7,2.3,2.7,1.0,0.1,1.1,2.3,8.0)
(2007,15,Trevor Ariza,SG,21,ORL,57,7,22.4,3.5,6.5,.539,0.0,0.1,.000,3.5,6.4,.549,.539,1.9,3.0,.620,1.7,2.6,4.4,1.1,1.0,0.3,1.5,2.4,8.9)
(2007,19,Chucky Atkins,PG,32,MEM,75,23,27.5,4.1,9.5,.434,1.5,4.1,.379,2.6,5.5,.474,.515,3.4,4.1,.810,0.2,1.6,1.9,4.6,0.7,0.1,1.7,1.8,13.2)
(2007,22,Renaldo Balkman,SF,22,NYK,68,1,15.6,2.0,4.0,.505,0.1,0.4,.185,2.0,3.6,.540,.515,0.8,1.3,.567,1.4,2.9,4.3,0.6,0.8,0.6,0.7,2.1,4.9)
(2007,26,Andrea Bargnani,PF,21,TOR,65,2,25.1,4.1,9.6,.427,1.5,4.1,.373,2.6,5.5,.468,.507,1.8,2.2,.824,0.8,3.1,3.9,0.8,0.5,0.8,1.6,2.8,11.6)
(2007,30,Brent Barry,SG,35,SAS,75,28,21.7,2.7,5.7,.475,1.7,3.8,.446,1.0,1.8,.536,.626,1.4,1.6,.880,0.2,1.9,2.1,1.8,0.7,0.2,0.8,1.2,8.5)
(2007,34,Tony Battie,PF,30,ORL,66,66,23.9,2.7,5.5,.489,0.0,0.0,.000,2.7,5.4,.490,.489,0.8,1.2,.675,1.4,3.8,5.2,0.5,0.4,0.5,0.9,2.8,6.1)
(2007,38,Mike Bibby,PG,28,SAC,82,82,34.0,5.7,14.2,.404,2.1,5.9,.360,3.6,8.4,.435,.478,3.5,4.2,.830,0.5,2.7,3.2,4.7,1.1,0.1,2.4,1.7,17.1)
(2007,41,Steve Blake,PG,26,TOT,82,42,27.1,2.5,6.2,.411,0.8,2.5,.322,1.7,3.7,.472,.476,0.5,0.8,.672,0.3,1.8,2.1,5.0,0.7,0.1,1.6,1.5,6.4)
(2007,45,Keith Bogans,SG,26,ORL,59,18,16.8,1.7,4.2,.404,0.9,2.3,.387,0.8,1.8,.426,.512,0.8,1.1,.746,0.3,1.3,1.6,1.0,0.5,0.0,0.8,1.7,5.1)
(2007,49,Calvin Booth,C,30,WAS,44,1,8.6,0.7,1.5,.470,0.0,0.0,.500,0.7,1.5,.469,.477,0.1,0.2,.600,0.6,1.2,1.8,0.4,0.1,0.7,0.2,1.6,1.6)
(2007,53,Earl Boykins,PG,30,TOT,66,23,30.8,4.9,11.7,.420,1.4,3.6,.397,3.5,8.0,.430,.482,3.3,3.7,.898,0.7,1.4,2.1,4.4,0.8,0.0,1.8,1.4,14.6)
(2007,57,Primoz Brezec,C,27,CHA,58,40,14.4,2.1,4.7,.445,0.0,0.1,.333,2.1,4.7,.446,.447,0.7,1.2,.632,1.4,1.8,3.2,0.4,0.2,0.4,0.7,2.8,5.0)
(2007,Rk,Player,Pos,Age,Tm,G,GS,MP,FG,FGA,FG%,3P,3PA,3P,2P,2PA,2P,eFG%,FT,FTA,FT%,ORB,DRB,TRB,AST,STL,BLK,TOV,PF,PTS)
(2007,64,Kobe Bryant,SG,28,LAL,77,77,40.8,10.6,22.8,.463,1.8,5.2,.344,8.8,17.6,.497,.502,8.7,10.0,.868,1.0,4.7,5.7,5.4,1.4,0.5,3.3,2.7,31.6)
(2007,68,Jackie Butler,C,21,SAS,11,2,9.4,1.5,3.2,.457,0.0,0.0,,1.5,3.2,.457,.457,0.8,0.9,.900,0.5,1.5,2.0,0.5,0.2,0.0,0.9,1.5,3.7)
(2007,72,Marcus Camby,C,32,DEN,70,70,33.8,4.5,9.4,.473,0.0,0.0,.000,4.5,9.4,.475,.473,2.3,3.2,.729,2.3,9.3,11.7,3.2,1.2,3.3,1.7,2.6,11.2)
(2007,76,Anthony Carter,PG,31,DEN,2,0,18.5,1.5,4.0,.375,0.0,1.0,.000,1.5,3.0,.500,.375,0.0,0.0,,0.0,1.5,1.5,5.5,0.0,0.5,3.0,2.0,3.0)
(2007,80,Tyson Chandler,C,24,NOK,73,73,34.6,4.0,6.4,.624,0.0,0.0,.000,4.0,6.4,.625,.624,1.5,2.8,.527,4.4,8.0,12.4,0.9,0.5,1.8,1.7,3.3,9.5)
(2007,83,Speedy Claxton,PG,28,ATL,42,31,25.1,2.2,6.6,.327,0.1,0.7,.214,2.0,6.0,.340,.338,0.8,1.4,.550,0.3,1.6,1.9,4.4,1.7,0.1,1.8,3.1,5.3)
(2007,87,Nick Collison,C,26,SEA,82,56,29.0,3.9,7.8,.500,0.0,0.0,.000,3.9,7.7,.502,.500,1.9,2.4,.774,2.8,5.3,8.1,1.0,0.6,0.8,1.5,3.5,9.6)
(2007,91,Austin Croshere,PF,31,DAL,61,2,11.9,1.3,3.6,.351,0.4,1.5,.286,0.9,2.1,.397,.410,0.7,0.9,.865,0.5,2.5,3.0,0.7,0.2,0.1,0.5,1.1,3.7)
(2007,95,Antonio Daniels,SG,31,WAS,80,8,22.0,2.2,4.9,.442,0.2,0.8,.302,1.9,4.1,.469,.467,2.6,3.1,.832,0.2,1.7,1.9,3.6,0.5,0.1,0.9,1.0,7.1)
(2007,99,Paul Davis,C,22,LAC,31,0,5.8,0.7,1.7,.423,0.0,0.0,,0.7,1.7,.423,.423,0.2,0.3,.700,0.7,0.7,1.4,0.2,0.2,0.2,0.3,0.9,1.6)
(2007,102,Luol Deng,SF,21,CHI,82,82,37.5,7.7,14.9,.517,0.0,0.1,.143,7.7,14.8,.519,.518,3.4,4.4,.777,1.8,5.3,7.1,2.5,1.2,0.6,1.9,2.0,18.8)
(2007,106,Travis Diener,PG,24,ORL,26,0,11.1,1.3,3.1,.425,0.7,1.9,.360,0.6,1.2,.533,.538,0.5,0.6,.800,0.1,0.6,0.7,1.3,0.2,0.0,0.5,1.0,3.8)
(2007,110,Michael Doleac,C,29,MIA,56,0,12.5,1.5,3.1,.469,0.0,0.0,.000,1.5,3.1,.471,.469,0.6,0.7,.878,0.8,2.0,2.8,0.4,0.3,0.3,0.5,1.7,3.6)
(2007,114,Tim Duncan,C,30,SAS,80,80,34.1,7.7,14.1,.546,0.0,0.1,.111,7.7,14.0,.550,.547,4.5,7.1,.637,2.7,7.9,10.6,3.4,0.8,2.4,2.8,2.5,20.0)
(2007,118,Francisco Elson,C,30,SAS,70,41,19.0,2.1,4.0,.511,0.0,0.0,.000,2.1,4.0,.514,.511,0.9,1.1,.775,1.2,3.6,4.8,0.8,0.4,0.8,1.2,2.6,5.0)
(2007,121,Reggie Evans,PF,26,DEN,66,11,17.1,1.8,3.3,.544,0.0,0.0,,1.8,3.3,.544,.544,1.4,2.8,.497,2.4,4.6,7.0,0.7,0.6,0.2,1.4,2.2,4.9)
(2007,125,Raymond Felton,PG,22,CHA,78,75,36.3,5.0,13.1,.384,1.3,4.0,.330,3.7,9.1,.407,.434,2.6,3.3,.797,0.7,2.8,3.4,7.0,1.5,0.1,2.9,2.3,14.0)
(2007,129,Danny Fortson,C,30,SEA,14,6,11.3,1.1,2.1,.500,0.0,0.1,.000,1.1,2.1,.517,.500,0.7,0.9,.769,0.9,2.1,3.1,0.1,0.1,0.0,1.1,2.7,2.9)
(2007,133,Steve Francis,SG,29,NYK,44,30,28.1,3.2,7.8,.408,1.0,2.5,.378,2.2,5.3,.422,.469,4.0,4.8,.829,0.8,2.8,3.6,3.9,0.9,0.3,2.3,2.9,11.3)
(2007,137,Jorge Garbajosa,PF,29,TOR,67,60,28.5,3.3,7.9,.420,1.0,2.9,.342,2.3,5.0,.464,.482,0.9,1.2,.731,0.7,4.2,4.9,1.9,1.2,0.2,1.0,1.3,8.5)
(2007,Rk,Player,Pos,Age,Tm,G,GS,MP,FG,FGA,FG%,3P,3PA,3P,2P,2PA,2P,eFG%,FT,FTA,FT%,ORB,DRB,TRB,AST,STL,BLK,TOV,PF,PTS)
(2007,144,Devean George,SF,29,DAL,60,17,21.4,2.4,6.2,.395,0.9,2.5,.353,1.6,3.7,.423,.466,0.6,0.8,.750,1.0,2.6,3.6,0.6,0.8,0.4,0.9,2.4,6.4)
(2007,148,Andreas Glyniadakis,C,25,SEA,13,4,6.2,0.6,1.3,.471,0.0,0.0,,0.6,1.3,.471,.471,0.1,0.2,.500,0.2,0.5,0.6,0.1,0.0,0.0,0.7,1.5,1.3)
(2007,152,Joey Graham,SF,24,TOR,79,21,16.7,2.4,4.9,.495,0.1,0.4,.290,2.3,4.5,.513,.506,1.4,1.7,.840,0.7,2.4,3.1,0.6,0.4,0.1,0.6,2.0,6.4)
(2007,156,Willie Green,SG,25,PHI,74,36,24.9,4.8,11.7,.411,0.7,2.1,.325,4.1,9.6,.430,.441,1.0,1.5,.667,0.6,1.6,2.1,1.5,0.8,0.1,1.4,1.9,11.3)
(2007,160,Eddie Griffin,PF,24,MIN,13,0,7.1,0.5,2.1,.259,0.0,0.1,.000,0.5,2.0,.269,.259,0.3,0.4,.800,0.5,1.4,1.9,0.3,0.0,0.5,0.5,0.6,1.4)
(2007,163,Matt Harpring,SF,30,UTA,77,2,25.5,4.2,8.5,.491,0.2,0.5,.333,4.0,8.0,.501,.501,3.1,4.0,.767,1.5,3.1,4.6,1.3,0.7,0.1,1.5,3.0,11.6)
(2007,167,Devin Harris,PG,23,DAL,80,61,26.0,3.7,7.4,.492,0.2,0.6,.280,3.5,6.8,.512,.504,2.7,3.3,.824,0.6,1.9,2.5,3.7,1.2,0.3,1.8,3.0,10.2)
(2007,171,Trenton Hassell,SG,27,MIN,76,68,29.3,2.9,5.8,.490,0.1,0.3,.240,2.8,5.5,.505,.497,0.9,1.2,.783,1.1,2.1,3.2,2.7,0.3,0.3,1.1,1.9,6.7)
(2007,175,Luther Head,SG,24,HOU,80,10,27.6,3.8,8.8,.437,2.2,5.0,.441,1.6,3.7,.431,.564,1.0,1.3,.790,0.4,2.8,3.2,2.4,1.0,0.1,1.7,1.7,10.9)
(2007,179,Grant Hill,SG,34,ORL,65,64,30.9,5.3,10.2,.518,0.0,0.2,.167,5.2,10.0,.525,.520,3.8,5.0,.765,0.8,2.8,3.6,2.1,0.9,0.4,2.2,2.2,14.4)
(2007,182,Julius Hodge,SG,23,TOT,9,1,7.2,0.7,1.3,.500,0.0,0.0,,0.7,1.3,.500,.500,0.3,0.4,.750,0.2,0.7,0.9,1.3,0.4,0.0,0.3,0.7,1.7)
(2007,186,Dwight Howard,C,21,ORL,82,82,36.9,6.4,10.6,.603,0.0,0.0,.500,6.4,10.6,.603,.603,4.8,8.1,.586,3.5,8.8,12.3,1.9,0.9,1.9,3.9,3.0,17.6)
(2007,190,Larry Hughes,SG,28,CLE,70,68,37.1,5.4,13.6,.400,1.1,3.2,.333,4.4,10.4,.420,.439,3.0,4.4,.676,0.6,3.2,3.8,3.7,1.3,0.4,2.2,2.3,14.9)
(2007,194,Andre Iguodala,SG,23,PHI,76,76,40.3,5.8,13.0,.447,0.6,2.0,.310,5.2,11.0,.472,.471,5.9,7.3,.820,1.0,4.7,5.7,5.7,2.0,0.4,3.4,2.6,18.2)
(2007,198,Ersan Ilyasova,PF,19,MIL,66,14,14.7,2.1,5.5,.383,0.8,2.2,.365,1.3,3.3,.395,.457,1.1,1.3,.787,0.9,2.0,2.9,0.7,0.4,0.3,0.8,2.2,6.1)
(2007,201,Jarrett Jack,PG,23,POR,79,79,33.6,4.1,8.9,.454,0.8,2.3,.350,3.3,6.6,.490,.499,3.1,3.5,.871,0.2,2.4,2.6,5.3,1.1,0.1,2.4,2.6,12.0)
(2007,205,Stephen Jackson,SF-SG,28,TOT,75,69,33.1,5.5,12.6,.433,1.3,4.1,.322,4.1,8.4,.488,.486,3.2,4.0,.813,0.8,2.1,3.0,3.8,1.1,0.5,2.4,2.7,15.5)
(2007,209,Antawn Jamison,PF,30,WAS,70,70,38.0,7.3,16.3,.450,2.0,5.4,.364,5.3,10.9,.492,.510,3.2,4.4,.736,1.9,6.1,8.0,1.9,1.1,0.5,1.5,2.8,19.8)
(2007,213,Richard Jefferson,SF,26,NJN,55,53,35.6,5.5,12.1,.456,0.9,2.6,.359,4.6,9.5,.483,.495,4.3,5.9,.733,0.9,3.5,4.4,2.7,0.6,0.1,2.2,2.2,16.3)
(2007,217,Anthony Johnson,PG,32,TOT,67,17,19.4,2.1,5.1,.414,0.4,1.1,.342,1.7,4.0,.433,.450,0.7,0.9,.754,0.3,1.2,1.5,3.0,0.5,0.0,1.1,1.8,5.3)
(2007,Rk,Player,Pos,Age,Tm,G,GS,MP,FG,FGA,FG%,3P,3PA,3P,2P,2PA,2P,eFG%,FT,FTA,FT%,ORB,DRB,TRB,AST,STL,BLK,TOV,PF,PTS)
(2007,224,Dwayne Jones,PF,23,CLE,4,0,4.5,0.0,0.3,.000,0.0,0.0,,0.0,0.3,.000,.000,0.8,1.5,.500,0.3,1.3,1.5,0.0,0.0,0.0,0.5,0.8,0.8)
(2007,228,Jumaine Jones,SF,27,PHO,18,0,7.7,0.8,2.8,.275,0.6,1.8,.313,0.2,1.1,.211,.373,0.1,0.1,1.000,0.3,0.9,1.3,0.1,0.3,0.1,0.4,1.1,2.2)
(2007,233,Jason Kidd,PG,33,NJN,80,80,36.7,4.6,11.4,.406,1.6,4.5,.343,3.1,6.8,.448,.475,2.2,2.9,.778,1.7,6.5,8.2,9.2,1.6,0.3,2.7,1.8,13.0)
(2007,237,Brevin Knight,PG,31,CHA,45,25,28.3,3.4,8.1,.419,0.0,0.4,.056,3.4,7.7,.438,.420,2.3,2.8,.805,0.3,2.2,2.6,6.6,1.5,0.1,2.1,2.5,9.1)
(2007,Rk,Player,Pos,Age,Tm,G,GS,MP,FG,FGA,FG%,3P,3PA,3P,2P,2PA,2P,eFG%,FT,FTA,FT%,ORB,DRB,TRB,AST,STL,BLK,TOV,PF,PTS)
(2007,244,Rashard Lewis,SF,27,SEA,60,60,39.1,7.7,16.8,.461,2.5,6.5,.390,5.2,10.3,.505,.536,4.4,5.3,.841,1.5,5.1,6.6,2.4,1.1,0.7,2.0,2.4,22.4)
(2007,248,John Lucas,PG,24,HOU,47,0,8.1,1.3,3.3,.397,0.3,1.3,.254,1.0,2.1,.485,.446,0.3,0.4,.789,0.2,0.6,0.8,0.7,0.4,0.0,0.3,0.8,3.3)
(2007,252,Jamaal Magloire,C,28,POR,81,23,21.0,2.5,4.9,.504,0.0,0.0,,2.5,4.9,.504,.504,1.6,3.0,.541,1.9,4.2,6.1,0.4,0.3,0.8,1.6,2.8,6.5)
(2007,256,Damir Markota,PF,21,MIL,30,0,5.7,0.6,1.7,.365,0.2,0.5,.375,0.4,1.2,.361,.423,0.2,0.4,.636,0.4,0.7,1.0,0.2,0.1,0.0,0.5,0.7,1.7)
(2007,260,Darrick Martin,PG,35,TOR,31,0,7.1,1.1,3.0,.351,0.4,1.2,.351,0.6,1.8,.351,.420,0.5,0.7,.714,0.1,0.3,0.4,1.4,0.1,0.0,0.4,0.7,3.0)
(2007,263,Desmond Mason,SF,29,NOK,75,75,34.3,5.4,12.0,.452,0.0,0.0,,5.4,12.0,.452,.452,2.9,4.3,.663,1.7,2.9,4.6,1.5,0.7,0.3,2.6,2.3,13.7)
(2007,267,Rashad McCants,SG,22,MIN,37,0,15.0,1.7,4.8,.350,0.5,2.0,.267,1.1,2.8,.412,.407,1.1,1.6,.690,0.4,0.9,1.3,1.0,0.7,0.2,1.1,1.9,5.0)
(2007,271,Tracy McGrady,SG,27,HOU,71,71,35.8,9.0,20.8,.431,1.8,5.4,.331,7.2,15.5,.466,.474,4.9,6.9,.707,0.8,4.5,5.3,6.5,1.3,0.5,3.0,1.9,24.6)
(2007,275,Stanislav Medvedenko,C,27,ATL,14,0,5.8,0.9,2.1,.414,0.1,0.1,.500,0.8,1.9,.407,.431,1.2,1.4,.850,0.3,0.7,1.0,0.1,0.0,0.1,0.4,1.1,3.0)
(2007,279,Andre Miller,PG,30,TOT,80,79,37.1,5.3,11.4,.466,0.1,0.4,.143,5.2,10.9,.479,.469,2.8,3.5,.784,1.2,3.2,4.4,7.8,1.4,0.1,2.8,2.3,13.4)
(2007,282,Paul Millsap,PF,21,UTA,82,1,18.0,2.5,4.9,.525,0.0,0.0,.333,2.5,4.8,.527,.526,1.7,2.5,.673,2.2,2.9,5.2,0.8,0.8,0.9,1.1,2.9,6.8)
(2007,286,Mikki Moore,C,31,NJN,79,55,26.4,3.9,6.4,.609,0.0,0.0,.000,3.9,6.4,.610,.609,2.0,3.0,.681,1.8,3.3,5.1,0.9,0.6,0.8,1.4,3.3,9.8)
(2007,290,Troy Murphy,PF,26,TOT,68,48,27.2,3.9,8.5,.458,0.9,2.2,.395,3.1,6.4,.479,.508,1.6,2.1,.745,1.5,4.6,6.1,1.9,0.7,0.6,1.1,2.9,10.3)
(2007,294,Eduardo Najera,PF,30,DEN,75,36,22.1,2.7,4.7,.576,0.0,0.2,.083,2.7,4.6,.594,.578,1.2,1.6,.715,1.7,2.4,4.1,0.9,1.0,0.3,0.7,2.8,6.6)
(2007,298,Ira Newble,SF,32,CLE,15,1,8.6,1.1,2.5,.432,0.5,1.0,.533,0.5,1.5,.364,.541,0.4,0.7,.600,0.9,1.1,2.0,0.1,0.4,0.0,0.2,1.1,3.1)
(2007,301,Steve Novak,SF,23,HOU,35,1,5.5,0.5,1.4,.360,0.4,1.1,.333,0.1,0.3,.455,.490,0.1,0.1,1.000,0.1,0.6,0.7,0.2,0.1,0.0,0.1,0.6,1.5)
(2007,305,Shaquille O'Neal,C,34,MIA,40,39,28.4,7.1,12.0,.591,0.0,0.0,,7.1,12.0,.591,.591,3.1,7.4,.422,2.4,5.0,7.4,2.0,0.2,1.4,2.4,3.5,17.3)
(2007,309,Mehmet Okur,C,27,UTA,80,80,33.3,6.1,13.3,.462,1.6,4.2,.384,4.5,9.1,.498,.523,3.7,4.8,.765,2.0,5.2,7.2,2.0,0.5,0.5,1.6,3.2,17.6)
(2007,313,Travis Outlaw,PF,22,POR,67,1,22.9,3.7,8.5,.434,0.1,0.6,.270,3.5,7.9,.445,.443,2.1,2.7,.790,1.0,2.3,3.2,0.8,0.9,1.1,1.0,2.2,9.6)
(2007,317,Anthony Parker,SG,31,TOR,73,73,33.4,4.5,9.4,.477,1.6,3.6,.441,2.9,5.8,.500,.561,1.8,2.2,.835,0.8,3.1,3.9,2.1,1.0,0.2,1.0,1.8,12.4)
(2007,Rk,Player,Pos,Age,Tm,G,GS,MP,FG,FGA,FG%,3P,3PA,3P,2P,2PA,2P,eFG%,FT,FTA,FT%,ORB,DRB,TRB,AST,STL,BLK,TOV,PF,PTS)
(2007,324,Kendrick Perkins,C,22,BOS,72,53,21.9,1.8,3.7,.491,0.0,0.0,.000,1.8,3.7,.496,.491,0.8,1.4,.600,1.6,3.6,5.2,1.3,0.3,1.3,1.6,3.0,4.5)
(2007,328,Paul Pierce,SG,29,BOS,47,46,37.0,7.9,18.1,.439,2.3,5.9,.389,5.7,12.2,.463,.502,6.8,8.6,.796,0.8,5.1,5.9,4.1,1.0,0.3,3.2,2.6,25.0)
(2007,332,James Posey,SF,30,MIA,71,19,27.0,2.6,6.1,.431,1.4,3.6,.375,1.3,2.4,.514,.543,1.1,1.4,.827,0.9,4.1,5.0,1.3,1.0,0.3,0.8,2.7,7.7)
(2007,336,Roger Powell,SF,24,UTA,3,0,4.3,0.0,1.0,.000,0.0,0.3,.000,0.0,0.7,.000,.000,0.7,0.7,1.000,1.0,0.0,1.0,0.0,0.0,0.0,1.0,0.7,0.7)
(2007,340,Chris Quinn,PG,23,MIA,42,1,9.7,1.1,3.1,.366,0.5,1.4,.351,0.7,1.8,.378,.443,0.6,0.9,.676,0.1,0.6,0.7,1.5,0.4,0.0,0.5,0.8,3.4)
(2007,343,Zach Randolph,PF,25,POR,68,67,35.7,8.8,18.9,.467,0.2,0.7,.292,8.6,18.2,.473,.472,5.8,7.1,.819,2.9,7.2,10.1,2.2,0.8,0.2,3.2,2.7,23.6)
(2007,347,J.J. Redick,PG,22,ORL,42,0,14.8,1.9,4.6,.410,0.9,2.3,.388,1.0,2.3,.433,.508,1.3,1.4,.900,0.2,1.0,1.2,0.9,0.3,0.0,0.5,1.2,6.0)
(2007,351,Jeremy Richardson,SG-SF,22,TOT,6,0,3.3,0.5,1.0,.500,0.3,0.5,.667,0.2,0.5,.333,.667,0.0,0.0,,0.2,0.2,0.3,0.0,0.2,0.0,0.2,0.3,1.3)
(2007,355,Lawrence Roberts,PF,24,MEM,54,18,17.9,1.7,3.9,.452,0.0,0.0,.000,1.7,3.8,.456,.452,1.8,2.4,.725,1.9,3.0,4.8,0.6,0.7,0.2,0.7,2.5,5.2)
(2007,359,Sergio Rodriguez,PG,20,POR,67,1,12.9,1.5,3.6,.423,0.4,1.3,.282,1.1,2.3,.500,.473,0.3,0.4,.808,0.3,1.1,1.4,3.3,0.5,0.0,1.1,1.1,3.7)
(2007,362,Malik Rose,PF,32,NYK,65,2,12.5,1.1,2.9,.398,0.0,0.1,.250,1.1,2.7,.404,.403,0.6,0.8,.808,0.7,2.0,2.7,1.0,0.4,0.1,1.0,1.8,3.0)
(2007,366,John Salmons,SG,27,SAC,79,19,27.0,3.0,6.5,.456,0.5,1.4,.357,2.5,5.1,.484,.495,2.0,2.6,.779,0.6,2.7,3.3,3.2,0.9,0.3,1.5,2.2,8.5)
(2007,370,Thabo Sefolosha,SG,22,CHI,71,4,12.2,1.5,3.6,.426,0.2,0.6,.357,1.3,3.0,.439,.455,0.3,0.6,.511,0.5,1.7,2.2,0.8,0.5,0.2,0.8,1.4,3.6)
(2007,374,James Singleton,PF,25,LAC,53,0,7.1,0.6,1.5,.366,0.1,0.3,.214,0.5,1.3,.397,.384,0.4,0.5,.759,0.7,1.3,2.0,0.3,0.3,0.3,0.3,0.8,1.6)
(2007,378,J.R. Smith,SG,21,DEN,63,24,23.3,4.5,10.2,.441,2.4,6.1,.390,2.1,4.2,.515,.557,1.6,2.0,.810,0.5,1.8,2.3,1.4,0.8,0.1,1.3,2.3,13.0)
(2007,381,Steven Smith,PF,23,PHI,8,0,3.5,0.3,1.0,.250,0.0,0.0,,0.3,1.0,.250,.250,0.1,0.3,.500,0.1,0.6,0.8,0.0,0.1,0.0,0.3,0.5,0.6)
(2007,385,Pape Sow,C,25,TOR,7,0,4.9,0.4,1.3,.333,0.0,0.0,,0.4,1.3,.333,.333,0.6,0.9,.667,0.9,0.7,1.6,0.3,0.1,0.1,0.1,0.3,1.4)
(2007,389,Peja Stojakovic,SF,29,NOK,13,13,32.7,6.4,15.1,.423,2.6,6.5,.405,3.8,8.6,.438,.510,2.4,2.9,.816,0.8,3.3,4.2,0.8,0.6,0.3,1.5,2.2,17.8)
(2007,393,Mike Sweetney,C,24,CHI,48,0,8.0,1.2,2.8,.433,0.0,0.0,,1.2,2.8,.433,.433,0.8,1.4,.561,0.9,1.6,2.5,0.6,0.2,0.2,0.9,1.6,3.2)
(2007,397,Maurice Taylor,PF,30,SAC,12,2,8.6,0.7,2.3,.286,0.0,0.0,,0.7,2.3,.286,.286,0.7,1.1,.615,0.8,1.5,2.3,0.4,0.3,0.1,0.5,1.3,2.0)
(2007,Rk,Player,Pos,Age,Tm,G,GS,MP,FG,FGA,FG%,3P,3PA,3P,2P,2PA,2P,eFG%,FT,FTA,FT%,ORB,DRB,TRB,AST,STL,BLK,TOV,PF,PTS)
(2007,404,Tyrus Thomas,PF,20,CHI,72,4,13.4,1.9,3.9,.475,0.0,0.0,.000,1.9,3.9,.479,.475,1.5,2.4,.606,1.2,2.5,3.7,0.6,0.6,1.1,1.3,2.3,5.2)
(2007,408,P.J. Tucker,SF,21,TOR,17,0,4.9,0.6,1.3,.500,0.0,0.0,,0.6,1.3,.500,.500,0.5,0.8,.571,0.6,0.7,1.4,0.2,0.1,0.0,0.4,0.7,1.8)
(2007,412,Beno Udrih,PG,24,SAS,73,1,13.0,1.7,4.7,.369,0.5,1.6,.287,1.3,3.1,.410,.417,0.7,0.8,.883,0.2,1.0,1.1,1.7,0.4,0.0,0.8,1.0,4.7)
(2007,416,Marcus Vinicius,SF,22,NOK,13,0,7.9,0.5,1.2,.467,0.2,0.5,.429,0.3,0.6,.500,.567,0.4,0.5,.714,0.2,0.7,0.8,0.4,0.2,0.1,0.5,0.8,1.7)
(2007,420,Von Wafer,SF,21,LAC,1,0,1.0,0.0,1.0,.000,0.0,1.0,.000,0.0,0.0,,.000,0.0,0.0,,0.0,0.0,0.0,0.0,0.0,0.0,0.0,0.0,0.0)
(2007,423,Ben Wallace,C,32,CHI,77,77,35.0,2.5,5.5,.453,0.0,0.1,.200,2.5,5.4,.456,.454,1.4,3.5,.408,3.9,6.7,10.7,2.4,1.4,2.0,1.3,2.0,6.4)
(2007,427,Hakim Warrick,PF,24,MEM,82,43,26.2,4.5,8.7,.524,0.0,0.1,.000,4.5,8.6,.530,.524,3.6,4.7,.771,1.6,3.5,5.1,0.9,0.5,0.4,2.0,2.8,12.7)
(2007,431,Bonzi Wells,SF,30,HOU,28,1,21.1,3.0,7.4,.411,0.0,0.3,.143,3.0,7.1,.420,.413,1.6,2.9,.561,0.9,3.4,4.3,1.1,0.9,0.5,2.0,2.2,7.8)
(2007,435,James White,SG,24,SAS,6,2,22.8,3.0,6.8,.439,0.3,1.2,.286,2.7,5.7,.471,.463,2.0,2.5,.800,0.5,2.8,3.3,0.8,0.5,0.2,0.8,1.2,8.3)
(2007,439,Aaron Williams,PF,35,LAC,38,7,9.8,0.8,1.4,.547,0.0,0.0,.000,0.8,1.4,.558,.547,0.5,0.6,.818,0.7,1.5,2.2,0.2,0.2,0.4,0.5,1.5,2.0)
(2007,442,Eric Williams,SF,34,TOT,21,0,5.8,0.9,2.2,.404,0.4,0.9,.421,0.5,1.3,.393,.489,0.4,0.7,.571,0.1,0.7,0.8,0.3,0.1,0.0,0.3,0.6,2.6)
(2007,446,Marcus Williams,PG,21,NJN,79,2,16.6,2.6,6.7,.395,0.6,2.1,.282,2.1,4.6,.446,.439,0.9,1.1,.847,0.4,1.7,2.1,3.3,0.4,0.0,1.8,1.2,6.8)
(2007,450,Shawne Williams,SG,20,IND,46,3,12.1,1.6,3.5,.469,0.4,1.1,.365,1.2,2.3,.519,.528,0.2,0.4,.550,0.7,1.1,1.8,0.5,0.1,0.2,0.5,1.5,3.9)
(2007,454,Metta World Peace,SF,27,SAC,70,65,37.7,6.5,14.9,.440,1.3,3.7,.358,5.2,11.1,.468,.485,4.4,5.9,.740,1.5,5.0,6.5,3.4,2.1,0.6,2.1,2.9,18.8)
(2007,458,Lorenzen Wright,C,31,ATL,67,31,15.4,1.2,2.7,.448,0.0,0.0,,1.2,2.7,.448,.448,0.1,0.5,.281,1.3,2.0,3.2,0.6,0.4,0.4,0.6,3.0,2.6)
