(2007,Rk,Player,Pos,Age,Tm,G,GS,MP,FG,FGA,FG%,3P,3PA,3P,2P,2PA,2P,eFG%,FT,FTA,FT%,ORB,DRB,TRB,AST,STL,BLK,TOV,PF,PTS)
(2007,4,LaMarcus Aldridge,C,21,POR,63,22,22.1,3.8,7.6,.503,0.0,0.0,.000,3.8,7.6,.505,.503,1.3,1.8,.722,2.3,2.7,5.0,0.4,0.3,1.2,0.7,3.0,9.0)
(2007,8,Rafer Alston,PG,30,HOU,82,82,37.1,4.7,12.4,.375,2.3,6.5,.363,2.3,6.0,.389,.470,1.6,2.2,.734,0.4,3.1,3.4,5.4,1.6,0.1,2.1,2.4,13.3)
(2007,12,Carmelo Anthony,SF,22,DEN,65,65,38.2,10.6,22.4,.476,0.6,2.3,.268,10.0,20.1,.499,.489,7.1,8.7,.808,2.2,3.8,6.0,3.8,1.2,0.4,3.6,3.1,28.9)
(2007,16,Darrell Armstrong,PG,38,IND,81,4,15.7,1.9,4.7,.414,0.9,2.6,.336,1.0,2.0,.515,.509,0.9,1.1,.785,0.4,1.2,1.7,2.4,0.9,0.1,0.9,1.3,5.6)
(2007,20,James Augustine,PF,22,ORL,2,0,3.5,0.5,1.5,.333,0.0,0.0,,0.5,1.5,.333,.333,0.0,0.0,,0.5,1.0,1.5,1.0,0.0,0.0,0.0,1.0,1.0)
(2007,23,Marcus Banks,PG,25,PHO,45,1,11.2,1.9,4.4,.429,0.1,0.6,.172,1.8,3.7,.473,.441,1.1,1.3,.800,0.2,0.6,0.8,1.3,0.5,0.1,0.9,1.6,4.9)
(2007,27,Matt Barnes,PF,26,GSW,76,23,23.9,3.6,8.3,.438,1.4,3.8,.366,2.2,4.4,.500,.522,1.2,1.6,.732,1.2,3.4,4.6,2.1,1.0,0.5,1.4,2.5,9.8)
(2007,31,Brandon Bass,PF,21,NOK,21,3,7.7,0.7,2.1,.341,0.0,0.0,.000,0.7,2.0,.349,.341,0.6,0.8,.750,0.6,1.4,2.0,0.1,0.1,0.1,0.5,0.8,2.0)
(2007,35,Shane Battier,SF,28,HOU,82,82,36.4,3.6,8.0,.446,1.9,4.5,.421,1.6,3.4,.480,.567,1.1,1.4,.779,0.8,3.3,4.1,2.1,1.0,0.7,0.9,2.3,10.1)
(2007,39,Andris Biedrins,C,20,GSW,82,63,29.0,4.2,7.1,.599,0.0,0.0,,4.2,7.1,.599,.599,1.1,2.0,.521,3.1,6.2,9.3,1.1,0.8,1.7,1.5,3.7,9.5)
(2007,42,Will Blalock,PG,23,DET,14,0,11.9,0.6,2.1,.300,0.1,0.4,.200,0.6,1.8,.320,.317,0.4,0.4,1.000,0.4,0.6,1.1,1.2,0.4,0.0,0.9,0.6,1.8)
(2007,46,Andrew Bogut,C,22,MIL,66,66,34.2,5.3,9.5,.553,0.0,0.1,.200,5.3,9.5,.556,.554,1.7,2.9,.577,2.5,6.3,8.8,3.0,0.7,0.5,2.3,3.3,12.3)
(2007,50,Carlos Boozer,PF,25,UTA,74,74,34.6,8.7,15.6,.561,0.0,0.0,,8.7,15.6,.561,.561,3.4,5.0,.685,3.2,8.5,11.7,3.0,0.9,0.3,2.6,2.9,20.9)
(2007,54,Cedric Bozeman,SG,23,ATL,23,5,8.7,0.5,1.7,.282,0.1,0.6,.154,0.4,1.1,.346,.308,0.1,0.3,.333,0.1,0.9,1.0,0.4,0.2,0.1,0.4,1.4,1.1)
(2007,58,Andre Brown,PF,25,SEA,38,0,7.1,1.1,1.9,.568,0.0,0.0,.000,1.1,1.9,.575,.568,0.2,0.4,.600,0.7,1.3,1.9,0.1,0.2,0.1,0.8,0.7,2.4)
(2007,61,Kwame Brown,C,24,LAL,41,28,27.6,3.5,5.9,.591,0.0,0.0,.000,3.5,5.9,.593,.591,1.4,3.3,.440,2.0,4.0,6.0,1.8,1.0,1.2,1.9,3.0,8.4)
(2007,65,Greg Buckner,SG,30,DAL,76,11,18.1,1.6,3.9,.411,0.4,1.4,.311,1.2,2.6,.464,.465,0.4,0.4,.794,0.5,1.6,2.1,0.9,0.6,0.1,0.5,2.0,4.0)
(2007,69,Rasual Butler,SF,27,NOK,81,38,27.4,3.9,9.7,.398,1.7,4.5,.369,2.2,5.2,.424,.484,0.7,1.1,.644,0.5,2.6,3.2,0.8,0.5,0.7,0.8,1.8,10.1)
(2007,73,Brian Cardinal,PF,29,MEM,28,1,11.2,1.5,3.0,.494,0.6,1.6,.409,0.9,1.5,.585,.600,0.9,1.0,.926,0.5,1.6,2.1,1.1,0.8,0.0,0.8,1.5,4.5)
(2007,77,Vince Carter,SG,30,NJN,82,82,38.1,8.9,19.5,.454,1.9,5.3,.357,7.0,14.2,.491,.503,5.6,7.0,.802,1.4,4.6,6.0,4.8,1.0,0.4,2.6,3.2,25.2)
(2007,Rk,Player,Pos,Age,Tm,G,GS,MP,FG,FGA,FG%,3P,3PA,3P,2P,2PA,2P,eFG%,FT,FTA,FT%,ORB,DRB,TRB,AST,STL,BLK,TOV,PF,PTS)
(2007,84,Jarron Collins,C,28,UTA,82,9,11.1,0.9,2.1,.441,0.0,0.0,,0.9,2.1,.441,.441,0.7,1.0,.651,0.9,1.2,2.1,0.7,0.2,0.1,0.5,1.8,2.5)
(2007,88,Will Conroy,PG-SG,24,TOT,7,0,7.4,0.0,0.4,.000,0.0,0.0,,0.0,0.4,.000,.000,0.0,0.6,.000,0.4,0.6,1.0,1.3,0.0,0.0,0.3,1.0,0.0)
(2007,92,Eddy Curry,C,24,NYK,81,81,35.2,7.2,12.5,.576,0.0,0.0,1.000,7.2,12.5,.575,.576,5.0,8.1,.615,2.4,4.6,7.0,0.8,0.4,0.5,3.6,3.3,19.5)
(2007,96,Marquis Daniels,SG,26,IND,45,4,17.8,2.9,6.2,.459,0.1,0.6,.231,2.7,5.7,.482,.470,1.2,1.8,.700,0.6,1.2,1.8,1.3,0.6,0.2,1.2,1.2,7.1)
(2007,100,Ricky Davis,SF,27,MIN,81,81,37.3,6.2,13.4,.465,1.5,3.8,.397,4.7,9.6,.492,.521,3.0,3.5,.839,0.7,3.2,3.9,4.8,1.0,0.3,2.6,2.3,17.0)
(2007,103,Boris Diaw,PF,24,PHO,73,59,31.1,4.2,7.8,.538,0.2,0.6,.333,4.0,7.2,.555,.551,1.1,1.6,.683,1.2,3.1,4.3,4.8,0.4,0.5,2.1,2.4,9.7)
(2007,107,Ike Diogu,PF,23,TOT,59,2,12.9,2.2,4.5,.477,0.0,0.0,,2.2,4.5,.477,.477,1.9,2.4,.800,1.3,2.2,3.4,0.4,0.1,0.4,1.1,2.1,6.2)
(2007,111,Keyon Dooling,SG,26,ORL,66,2,21.7,2.8,6.9,.410,0.5,1.5,.323,2.4,5.5,.434,.444,1.7,2.1,.809,0.3,1.0,1.3,1.7,0.8,0.2,1.1,1.9,7.9)
(2007,115,Mike Dunleavy,SG-PF,26,TOT,82,49,31.5,4.7,10.4,.452,0.9,2.7,.313,3.8,7.6,.502,.493,2.6,3.3,.784,1.0,4.2,5.3,2.8,1.0,0.3,1.8,2.5,12.8)
(2007,119,Melvin Ely,PF-C,28,TOT,30,0,10.3,1.0,2.7,.363,0.0,0.0,,1.0,2.7,.363,.363,1.0,1.6,.660,0.5,1.3,1.8,0.6,0.2,0.3,0.9,1.7,3.0)
(2007,122,Daniel Ewing,PG,23,LAC,61,3,11.7,1.1,2.6,.404,0.2,0.7,.318,0.8,1.9,.436,.447,0.6,0.7,.778,0.1,1.0,1.2,1.5,0.5,0.1,0.8,1.0,2.9)
(2007,126,Michael Finley,SF,33,SAS,82,16,22.2,3.3,8.1,.412,1.3,3.5,.364,2.1,4.6,.448,.490,1.1,1.2,.918,0.4,2.3,2.7,1.3,0.4,0.2,0.6,0.9,9.0)
(2007,130,Jeff Foster,C,30,IND,75,43,23.2,1.6,3.5,.469,0.0,0.0,.000,1.6,3.5,.471,.469,1.0,1.6,.639,3.4,4.7,8.1,0.8,0.8,0.5,0.9,2.7,4.3)
(2007,134,Matt Freije,PF,25,ATL,19,0,7.7,0.8,2.8,.296,0.2,1.2,.136,0.7,1.7,.406,.324,0.3,0.3,.833,0.4,0.8,1.3,0.4,0.2,0.1,0.2,0.7,2.1)
(2007,138,Francisco Garcia,SF,25,SAC,79,5,17.8,2.1,4.8,.429,0.7,1.9,.356,1.4,2.9,.476,.499,1.2,1.4,.833,0.7,1.9,2.6,1.1,0.6,0.5,0.9,2.4,6.0)
(2007,141,Pau Gasol,C,26,MEM,59,59,36.2,7.8,14.5,.538,0.1,0.2,.273,7.8,14.4,.542,.540,5.1,6.8,.748,2.5,7.3,9.8,3.4,0.5,2.1,2.7,2.3,20.8)
(2007,145,Daniel Gibson,PG,20,CLE,60,16,16.5,1.6,3.9,.424,0.9,2.1,.419,0.8,1.8,.430,.537,0.5,0.7,.718,0.5,1.1,1.5,1.2,0.4,0.1,0.7,1.6,4.6)
(2007,149,Ryan Gomes,PF,24,BOS,73,60,31.2,4.6,9.9,.467,0.2,0.6,.381,4.4,9.3,.473,.479,2.6,3.2,.811,1.7,3.9,5.6,1.6,0.7,0.2,1.4,2.3,12.1)
(2007,153,Stephen Graham,SG,24,POR,14,1,11.8,1.2,2.9,.425,0.2,0.8,.273,1.0,2.1,.483,.463,0.6,0.6,.889,0.4,1.1,1.5,0.4,0.3,0.1,0.9,1.8,3.2)
(2007,157,Orien Greene,SG,24,IND,41,0,6.2,0.6,1.5,.371,0.0,0.3,.182,0.5,1.2,.412,.387,0.4,0.6,.600,0.3,0.8,1.1,0.5,0.4,0.1,0.7,0.9,1.5)
(2007,Rk,Player,Pos,Age,Tm,G,GS,MP,FG,FGA,FG%,3P,3PA,3P,2P,2PA,2P,eFG%,FT,FTA,FT%,ORB,DRB,TRB,AST,STL,BLK,TOV,PF,PTS)
(2007,164,Al Harrington,PF,26,TOT,78,78,32.9,6.3,13.9,.457,1.6,3.8,.433,4.7,10.1,.466,.516,2.2,3.1,.694,1.9,4.4,6.4,1.9,0.8,0.3,2.2,3.4,16.5)
(2007,168,David Harrison,C,24,IND,24,2,7.9,1.3,2.4,.517,0.0,0.0,,1.3,2.4,.517,.517,0.5,0.9,.500,0.4,1.4,1.8,0.3,0.2,0.5,1.1,2.0,3.0)
(2007,172,Chuck Hayes,PF,23,HOU,78,43,22.0,2.5,4.3,.573,0.0,0.0,,2.5,4.3,.573,.573,0.7,1.1,.618,2.6,4.1,6.7,0.6,0.9,0.2,0.8,3.6,5.6)
(2007,176,Alan Henderson,PF,34,PHI,38,5,11.0,1.1,1.8,.642,0.0,0.0,,1.1,1.8,.642,.642,0.9,1.2,.702,1.3,1.6,2.8,0.3,0.2,0.3,0.3,1.6,3.1)
(2007,180,Kirk Hinrich,PG,26,CHI,80,80,35.5,5.9,13.3,.448,1.8,4.2,.415,4.2,9.1,.463,.514,3.0,3.6,.835,0.4,3.0,3.4,6.3,1.3,0.3,2.4,3.4,16.6)
(2007,183,Ryan Hollins,C,22,CHA,27,0,6.9,0.7,1.3,.556,0.0,0.0,,0.7,1.3,.556,.556,0.9,1.5,.600,0.4,0.7,1.1,0.0,0.1,0.3,0.6,1.5,2.4)
(2007,187,Josh Howard,SF,26,DAL,70,69,35.1,7.0,15.4,.459,1.3,3.4,.385,5.7,11.9,.480,.501,3.5,4.2,.827,1.9,4.9,6.8,1.8,1.2,0.8,1.8,2.6,18.9)
(2007,191,Kris Humphries,PF,21,TOR,60,2,11.2,1.5,3.1,.470,0.0,0.0,,1.5,3.1,.470,.470,0.9,1.3,.671,1.3,1.8,3.1,0.3,0.2,0.4,0.5,1.6,3.8)
(2007,195,Zydrunas Ilgauskas,C,31,CLE,78,78,27.3,4.9,10.2,.485,0.0,0.0,.000,4.9,10.2,.486,.485,2.0,2.5,.807,3.1,4.6,7.7,1.6,0.6,1.3,1.8,3.3,11.9)
(2007,199,Allen Iverson,SG-PG,31,TOT,65,64,42.5,8.9,20.2,.442,1.0,3.0,.315,8.0,17.2,.465,.466,7.5,9.4,.795,0.4,2.6,3.0,7.2,1.9,0.2,4.1,1.5,26.3)
(2007,202,Bobby Jackson,SG,33,NOK,56,2,23.8,3.6,9.3,.394,1.0,2.9,.327,2.7,6.3,.425,.446,2.3,3.0,.774,0.8,2.4,3.2,2.5,0.9,0.1,1.4,1.8,10.6)
(2007,206,Jerome James,C,31,NYK,41,11,6.7,0.8,1.9,.418,0.0,0.0,,0.8,1.9,.418,.418,0.2,0.4,.556,0.5,1.1,1.6,0.1,0.1,0.4,0.6,1.8,1.9)
(2007,210,Marko Jaric,SG,28,MIN,70,13,22.2,1.9,4.6,.418,0.5,1.2,.376,1.5,3.4,.433,.468,1.0,1.3,.761,0.8,1.9,2.6,2.1,1.1,0.2,1.3,2.5,5.3)
(2007,214,Jared Jeffries,SF,25,NYK,55,43,23.8,1.7,3.7,.461,0.0,0.4,.100,1.7,3.4,.500,.466,0.6,1.2,.456,2.0,2.3,4.3,1.2,0.8,0.5,1.1,2.7,4.1)
(2007,218,DerMarr Johnson,SF,26,DEN,39,7,10.7,1.3,3.9,.325,0.5,2.3,.216,0.8,1.7,.470,.386,0.4,0.5,.762,0.3,1.2,1.5,0.4,0.4,0.3,0.7,1.0,3.5)
(2007,221,Bobby Jones,SF,23,PHI,44,5,7.6,1.0,2.1,.462,0.0,0.2,.111,1.0,1.9,.500,.468,0.5,0.9,.561,0.5,0.8,1.3,0.4,0.3,0.0,0.4,1.3,2.5)
(2007,225,Eddie Jones,SG,35,TOT,64,41,24.9,2.8,6.6,.422,1.2,3.5,.351,1.6,3.1,.500,.514,0.9,1.2,.787,0.5,2.5,3.0,1.7,1.1,0.2,0.7,1.9,7.7)
(2007,229,Solomon Jones,PF,22,ATL,58,8,11.5,1.1,2.2,.508,0.0,0.0,.000,1.1,2.2,.512,.508,1.0,1.3,.787,0.8,1.5,2.3,0.2,0.2,0.7,0.4,2.1,3.3)
(2007,234,Tarence Kinsey,SG,22,MEM,48,12,20.1,2.9,6.3,.457,0.3,1.0,.283,2.6,5.4,.488,.479,1.6,2.0,.796,0.6,1.4,2.0,0.9,1.1,0.0,1.0,1.2,7.7)
(2007,238,Yaroslav Korolev,SF,19,LAC,10,0,4.1,0.4,1.6,.250,0.1,0.5,.200,0.3,1.1,.273,.281,0.3,0.6,.500,0.1,0.2,0.3,0.4,0.3,0.0,0.1,0.0,1.2)
(2007,241,Raef LaFrentz,PF,30,POR,27,9,13.0,1.4,3.8,.382,0.1,0.9,.087,1.4,2.9,.468,.392,0.7,1.0,.769,0.9,1.7,2.6,0.3,0.3,0.4,0.5,2.1,3.7)
(2007,245,Randy Livingston,PG,31,SEA,4,0,6.5,0.0,0.8,.000,0.0,0.0,,0.0,0.8,.000,.000,0.0,0.0,,0.3,0.0,0.3,1.0,0.0,0.0,0.3,0.5,0.0)
(2007,249,Tyronn Lue,PG,29,ATL,56,17,26.6,3.9,9.4,.416,1.0,2.9,.348,2.9,6.5,.446,.469,2.6,2.9,.883,0.3,1.5,1.9,3.6,0.4,0.0,1.5,1.8,11.4)
(2007,253,Renaldo Major,PF,24,GSW,1,0,27.0,2.0,10.0,.200,0.0,0.0,,2.0,10.0,.200,.200,1.0,2.0,.500,0.0,2.0,2.0,0.0,2.0,0.0,1.0,4.0,5.0)
(2007,257,Sean Marks,PF,31,PHO,3,0,5.7,0.7,2.0,.333,0.0,0.3,.000,0.7,1.7,.400,.333,0.7,0.7,1.000,0.0,1.0,1.0,0.0,0.0,0.3,0.0,1.3,2.0)
(2007,Rk,Player,Pos,Age,Tm,G,GS,MP,FG,FGA,FG%,3P,3PA,3P,2P,2PA,2P,eFG%,FT,FTA,FT%,ORB,DRB,TRB,AST,STL,BLK,TOV,PF,PTS)
(2007,264,Roger Mason,SG,26,WAS,62,0,7.9,1.0,2.9,.330,0.5,1.6,.324,0.4,1.2,.338,.422,0.2,0.3,.875,0.1,0.6,0.7,0.6,0.2,0.1,0.3,1.1,2.7)
(2007,268,Chris McCray,SG,22,MIL,5,0,2.4,0.0,0.6,.000,0.0,0.0,,0.0,0.6,.000,.000,0.0,0.0,,0.0,0.0,0.0,0.0,0.0,0.0,0.4,0.2,0.0)
(2007,272,Jeff McInnis,PG,32,CHA,38,3,18.5,1.9,4.8,.392,0.0,0.2,.125,1.8,4.6,.405,.395,0.6,0.8,.688,0.4,1.3,1.6,3.3,0.4,0.0,1.1,1.9,4.3)
(2007,276,Pops Mensah-Bonsu,PF,23,DAL,12,0,5.9,0.9,1.4,.647,0.0,0.0,,0.9,1.4,.647,.647,0.6,1.5,.389,0.8,1.0,1.8,0.0,0.1,0.0,0.8,0.7,2.4)
(2007,280,Brad Miller,C,30,SAC,63,56,28.3,3.6,7.8,.453,0.1,0.5,.152,3.5,7.3,.475,.459,1.8,2.4,.772,1.3,5.1,6.4,3.6,0.6,0.6,1.7,2.5,9.0)
(2007,283,Yao Ming,C,26,HOU,48,48,33.8,8.8,17.1,.516,0.0,0.0,.000,8.8,17.0,.518,.516,7.4,8.6,.862,2.1,7.3,9.4,2.0,0.4,2.0,3.5,3.3,25.0)
(2007,287,Randolph Morris,C,21,NYK,5,0,8.8,0.2,1.2,.167,0.0,0.0,,0.2,1.2,.167,.167,0.4,1.2,.333,0.2,1.6,1.8,0.2,0.4,0.2,0.4,0.8,0.8)
(2007,291,Ronald Murray,SG,27,DET,69,18,21.4,2.6,6.3,.404,0.3,1.2,.289,2.2,5.1,.431,.432,1.3,1.7,.725,0.4,1.3,1.6,2.7,0.7,0.2,1.3,1.4,6.7)
(2007,295,Steve Nash,PG,32,PHO,76,76,35.3,6.8,12.8,.532,2.1,4.5,.455,4.8,8.3,.575,.613,2.9,3.3,.899,0.4,3.1,3.5,11.6,0.8,0.1,3.8,1.5,18.6)
(2007,299,Andres Nocioni,PF,27,CHI,53,31,26.5,5.2,11.0,.467,1.5,3.9,.383,3.6,7.1,.515,.536,2.3,2.7,.848,0.8,4.9,5.7,1.1,0.5,0.5,2.0,3.1,14.1)
(2007,302,Dirk Nowitzki,PF,28,DAL,78,78,36.2,8.6,17.2,.502,0.9,2.2,.416,7.7,15.0,.515,.529,6.4,7.1,.904,1.6,7.3,8.9,3.4,0.7,0.8,2.1,2.2,24.6)
(2007,306,Fabricio Oberto,PF,31,SAS,79,33,17.3,2.0,3.6,.562,0.0,0.0,,2.0,3.6,.562,.562,0.4,0.6,.647,1.7,3.0,4.7,0.9,0.3,0.3,0.9,2.7,4.4)
(2007,310,Kevin Ollie,PG,34,PHI,53,23,17.3,1.5,3.5,.433,0.0,0.0,.000,1.5,3.5,.438,.433,0.7,0.8,.822,0.2,1.2,1.4,2.5,0.4,0.0,0.9,1.4,3.8)
(2007,314,Zaza Pachulia,C,22,ATL,72,47,28.1,4.0,8.5,.474,0.0,0.0,.000,4.0,8.5,.475,.474,4.1,5.2,.786,2.8,4.2,6.9,1.5,1.1,0.5,2.3,3.7,12.2)
(2007,318,Smush Parker,PG,25,LAL,82,80,30.0,4.2,9.6,.436,1.3,3.7,.365,2.8,5.9,.479,.506,1.4,2.1,.646,0.5,2.0,2.5,2.8,1.5,0.1,1.9,2.6,11.1)
(2007,321,Chris Paul,PG,21,NOK,64,64,36.8,6.0,13.6,.437,0.8,2.2,.350,5.2,11.4,.455,.466,4.6,5.6,.818,0.8,3.5,4.4,8.9,1.8,0.0,2.5,2.4,17.3)
(2007,325,Morris Peterson,SF,29,TOR,71,12,21.3,3.1,7.3,.429,1.5,4.2,.359,1.6,3.1,.523,.532,1.2,1.7,.683,0.5,2.9,3.3,0.7,0.6,0.2,0.7,1.8,8.9)
(2007,329,Mickael Pietrus,SF,24,GSW,72,38,26.9,4.0,8.1,.488,1.3,3.3,.388,2.7,4.8,.558,.567,1.9,2.9,.648,1.1,3.4,4.5,0.9,0.7,0.8,1.5,3.1,11.1)
(2007,333,Vitaly Potapenko,C,31,SAC,3,0,4.3,0.0,1.3,.000,0.0,0.0,,0.0,1.3,.000,.000,0.0,0.0,,0.0,0.7,0.7,0.0,0.0,0.0,0.7,1.0,0.0)
(2007,337,Ronnie Price,PG,23,SAC,58,1,9.7,1.2,3.0,.390,0.4,1.1,.323,0.8,1.8,.430,.451,0.6,0.9,.673,0.3,1.0,1.2,0.8,0.5,0.1,0.6,1.1,3.3)
(2007,Rk,Player,Pos,Age,Tm,G,GS,MP,FG,FGA,FG%,3P,3PA,3P,2P,2PA,2P,eFG%,FT,FTA,FT%,ORB,DRB,TRB,AST,STL,BLK,TOV,PF,PTS)
(2007,344,Theo Ratliff,C,33,BOS,2,2,22.0,0.5,1.5,.333,0.0,0.0,,0.5,1.5,.333,.333,1.5,2.0,.750,1.0,2.5,3.5,0.0,0.5,1.5,0.5,3.0,2.5)
(2007,348,Justin Reed,PF,25,MIN,41,3,7.8,1.0,2.6,.374,0.0,0.0,,1.0,2.6,.374,.374,0.6,0.7,.867,0.4,0.8,1.1,0.4,0.1,0.1,0.5,1.1,2.6)
(2007,352,Quentin Richardson,SF,26,NYK,49,47,33.1,4.7,11.1,.418,2.0,5.3,.376,2.7,5.9,.456,.507,1.7,2.4,.692,1.3,5.9,7.2,2.2,0.7,0.1,1.4,2.7,13.0)
(2007,356,Bernard Robinson,SG-SF,26,TOT,31,0,9.0,0.6,2.0,.306,0.0,0.1,.000,0.6,1.9,.317,.306,0.7,0.9,.852,0.3,1.2,1.5,0.6,0.5,0.1,0.5,1.0,2.0)
(2007,360,Rajon Rondo,PG,20,BOS,78,25,23.5,2.4,5.8,.418,0.1,0.4,.207,2.3,5.4,.432,.424,1.5,2.4,.647,0.9,2.8,3.7,3.8,1.6,0.1,1.8,2.3,6.4)
(2007,363,Quinton Ross,SG,25,LAC,81,43,21.0,2.2,4.7,.467,0.0,0.1,.200,2.2,4.6,.474,.470,0.8,1.1,.782,0.7,1.6,2.3,1.1,0.9,0.4,0.4,2.2,5.2)
(2007,367,Jamal Sampson,C,23,DEN,22,3,5.7,0.4,0.6,.643,0.0,0.0,.000,0.4,0.6,.692,.643,0.3,0.6,.429,0.7,1.5,2.2,0.2,0.1,0.3,0.5,0.8,1.1)
(2007,371,Mouhamed Sene,C,20,SEA,28,3,6.0,0.6,1.8,.367,0.0,0.0,,0.6,1.8,.367,.367,0.6,1.0,.586,0.6,1.0,1.6,0.0,0.1,0.4,0.4,1.2,1.9)
(2007,375,Brian Skinner,PF,30,MIL,67,44,22.7,1.9,3.8,.490,0.0,0.0,,1.9,3.8,.490,.490,0.7,1.2,.582,1.6,4.2,5.7,0.9,0.3,1.0,1.1,2.9,4.4)
(2007,379,Joe Smith,PF,31,TOT,65,11,23.1,3.3,7.3,.449,0.0,0.1,.000,3.3,7.3,.453,.449,1.9,2.3,.845,1.8,4.3,6.2,0.8,0.6,0.4,1.2,2.3,8.5)
(2007,382,Eric Snow,PG,33,CLE,82,45,23.5,1.6,4.0,.417,0.0,0.0,.000,1.6,3.9,.422,.417,0.9,1.4,.637,0.4,1.9,2.3,4.0,0.7,0.2,1.4,2.3,4.2)
(2007,386,Vassilis Spanoulis,SG,24,HOU,31,0,8.8,0.7,2.3,.319,0.2,0.9,.172,0.6,1.4,.419,.354,1.1,1.4,.810,0.2,0.5,0.7,0.9,0.2,0.0,0.9,1.1,2.7)
(2007,390,Damon Stoudamire,PG,33,MEM,62,51,24.2,2.8,7.0,.391,1.0,2.8,.337,1.8,4.2,.427,.459,1.1,1.3,.795,0.5,1.7,2.2,4.8,0.8,0.0,1.6,1.5,7.5)
(2007,394,Stromile Swift,C,27,MEM,54,18,19.1,3.0,6.4,.465,0.0,0.1,.000,3.0,6.3,.472,.465,1.8,2.5,.724,1.6,3.1,4.6,0.3,0.6,1.1,1.3,2.7,7.8)
(2007,398,Sebastian Telfair,PG,21,BOS,78,30,20.2,2.3,6.1,.371,0.5,1.6,.289,1.8,4.4,.402,.410,1.2,1.4,.818,0.2,1.2,1.4,2.8,0.6,0.1,1.3,2.1,6.1)
(2007,401,Kenny Thomas,PF,29,SAC,62,53,22.8,2.4,4.9,.482,0.0,0.0,.000,2.4,4.9,.483,.482,0.6,1.2,.513,2.2,3.9,6.1,1.2,0.7,0.3,1.5,2.3,5.3)
(2007,405,Dijon Thompson,SF,23,ATL,6,0,8.3,1.0,2.5,.400,0.0,0.3,.000,1.0,2.2,.462,.400,0.8,1.0,.833,0.5,0.8,1.3,0.3,0.0,0.0,0.2,0.3,2.8)
(2007,409,Ronny Turiaf,C,24,LAL,72,1,15.1,2.0,3.7,.549,0.0,0.0,.000,2.0,3.7,.551,.549,1.2,1.9,.664,1.2,2.4,3.6,0.9,0.2,1.1,0.7,2.8,5.3)
(2007,413,Anderson Varejao,C,24,CLE,81,6,23.9,2.4,5.0,.476,0.0,0.1,.000,2.4,4.8,.487,.476,2.0,3.3,.616,2.4,4.4,6.7,0.9,0.9,0.6,0.8,3.3,6.8)
(2007,417,Jake Voskuhl,C,29,CHA,73,9,14.3,1.7,3.5,.475,0.0,0.0,,1.7,3.5,.475,.475,1.1,1.5,.681,1.2,2.4,3.5,0.6,0.4,0.3,0.8,2.7,4.4)
(2007,Rk,Player,Pos,Age,Tm,G,GS,MP,FG,FGA,FG%,3P,3PA,3P,2P,2PA,2P,eFG%,FT,FTA,FT%,ORB,DRB,TRB,AST,STL,BLK,TOV,PF,PTS)
(2007,424,Gerald Wallace,SF,24,CHA,72,71,36.7,6.6,13.2,.502,0.5,1.7,.325,6.1,11.6,.528,.523,4.3,6.2,.691,2.0,5.2,7.2,2.6,2.0,1.0,2.2,2.9,18.1)
(2007,428,Earl Watson,PG,27,SEA,77,25,27.9,3.4,8.9,.383,1.2,3.6,.329,2.2,5.3,.420,.450,1.4,1.9,.735,0.4,2.0,2.4,5.7,1.3,0.3,2.2,2.0,9.4)
(2007,432,David Wesley,SG,36,CLE,35,5,10.1,0.6,2.1,.293,0.3,1.1,.237,0.4,1.1,.351,.353,0.6,0.8,.714,0.1,0.9,1.0,1.1,0.3,0.1,0.5,0.9,2.1)
(2007,436,Chris Wilcox,PF,24,SEA,82,81,31.5,5.3,10.0,.529,0.0,0.1,.000,5.3,9.9,.533,.529,2.9,4.3,.684,2.2,5.5,7.7,1.0,0.9,0.5,1.5,3.0,13.5)
(2007,440,Alvin Williams,PG,32,LAC,2,0,5.0,0.0,1.0,.000,0.0,0.5,.000,0.0,0.5,.000,.000,1.0,2.0,.500,0.5,0.0,0.5,1.5,1.0,0.0,1.5,0.0,1.0)
(2007,443,Jason Williams,PG,31,MIA,61,55,30.6,3.9,9.3,.413,1.6,4.8,.339,2.2,4.5,.493,.501,1.5,1.7,.913,0.3,2.0,2.3,5.3,1.0,0.0,1.6,1.1,10.9)
(2007,447,Marvin Williams,PF,20,ATL,64,63,34.0,4.8,11.0,.433,0.2,0.7,.244,4.6,10.3,.446,.441,3.4,4.1,.815,1.3,4.0,5.3,1.9,0.8,0.5,2.0,3.0,13.1)
(2007,451,Shelden Williams,PF,23,ATL,81,31,18.7,2.0,4.5,.455,0.0,0.0,.500,2.0,4.5,.454,.458,1.4,1.8,.764,1.6,3.8,5.4,0.5,0.6,0.5,1.2,2.5,5.5)
(2007,455,Antoine Wright,SG,22,NJN,63,23,18.0,1.7,4.0,.438,0.3,0.9,.322,1.4,3.0,.474,.476,0.7,1.2,.603,0.6,2.2,2.8,0.9,0.5,0.2,0.7,1.9,4.5)
