(2007,1,Shareef Abdur-Rahim,C,30,SAC,80,45,25.2,3.9,8.2,.474,0.0,0.3,.150,3.8,7.9,.484,.476,2.1,2.9,.726,1.5,3.5,5.0,1.4,0.7,0.5,1.5,3.0,9.9)
(2007,5,Malik Allen,PF,28,CHI,60,1,10.6,1.8,4.3,.415,0.0,0.0,.000,1.8,4.3,.416,.415,0.5,0.6,.824,0.7,1.3,2.0,0.3,0.3,0.3,0.4,1.4,4.0)
(2007,9,Louis Amundson,PF,24,TOT,11,0,8.1,0.5,1.4,.400,0.0,0.0,,0.5,1.4,.400,.400,0.4,0.9,.400,1.2,1.4,2.5,0.1,0.1,0.7,0.5,1.4,1.5)
(2007,13,Rafael Araujo,C,26,UTA,28,0,8.9,1.0,2.3,.415,0.0,0.0,,1.0,2.3,.415,.415,0.6,1.0,.621,0.8,1.6,2.4,0.4,0.2,0.1,0.6,1.4,2.6)
(2007,17,Hilton Armstrong,C,22,NOK,56,5,11.3,1.2,2.2,.544,0.0,0.0,,1.2,2.2,.544,.544,0.7,1.2,.597,1.0,1.6,2.7,0.2,0.2,0.5,0.6,1.4,3.1)
(2007,Rk,Player,Pos,Age,Tm,G,GS,MP,FG,FGA,FG%,3P,3PA,3P,2P,2PA,2P,eFG%,FT,FTA,FT%,ORB,DRB,TRB,AST,STL,BLK,TOV,PF,PTS)
(2007,24,Leandro Barbosa,SG,24,PHO,80,18,32.7,6.6,13.9,.476,2.4,5.5,.434,4.2,8.4,.504,.562,2.5,2.9,.845,0.3,2.4,2.7,4.0,1.2,0.2,1.8,2.6,18.1)
(2007,28,Andre Barrett,PG,24,CHI,6,0,4.8,0.7,1.3,.500,0.0,0.0,,0.7,1.3,.500,.500,0.0,0.0,,0.2,0.7,0.8,1.2,0.0,0.0,0.7,0.7,1.3)
(2007,32,Maceo Baston,PF,31,IND,47,2,8.6,1.0,1.6,.645,0.1,0.1,.429,1.0,1.5,.667,.664,0.8,1.0,.787,0.4,1.1,1.6,0.3,0.3,0.4,0.7,1.4,2.9)
(2007,36,Charlie Bell,SG,27,MIL,82,64,34.7,5.2,11.9,.437,1.5,4.4,.352,3.6,7.5,.488,.503,1.6,2.0,.780,0.7,2.2,2.9,3.0,1.2,0.0,1.3,2.6,13.5)
(2007,40,Chauncey Billups,PG,30,DET,70,70,36.2,5.0,11.6,.427,1.6,4.5,.345,3.4,7.1,.479,.494,5.5,6.2,.883,0.3,3.1,3.4,7.2,1.2,0.2,2.0,2.3,17.0)
(2007,43,Andray Blatche,PF,20,WAS,56,13,12.2,1.5,3.5,.437,0.1,0.5,.148,1.5,3.0,.482,.447,0.5,0.9,.612,1.4,2.0,3.4,0.7,0.3,0.6,0.9,1.7,3.7)
(2007,47,Matt Bonner,PF,26,SAS,56,0,11.7,1.9,4.2,.447,0.6,1.7,.383,1.3,2.6,.490,.523,0.5,0.7,.711,1.1,1.6,2.8,0.4,0.3,0.2,0.4,1.2,4.9)
(2007,51,Chris Bosh,C,22,TOR,69,69,38.5,7.9,15.9,.496,0.2,0.5,.343,7.7,15.3,.501,.502,6.7,8.6,.785,2.7,8.0,10.7,2.5,0.6,1.3,2.6,2.4,22.6)
(2007,55,Elton Brand,PF,27,LAC,80,80,38.5,8.1,15.1,.533,0.0,0.0,1.000,8.1,15.1,.532,.533,4.4,5.8,.761,3.4,6.0,9.3,2.9,1.0,2.2,2.5,3.0,20.5)
(2007,59,Dee Brown,PG,22,UTA,49,0,9.2,0.7,2.0,.327,0.1,0.6,.214,0.5,1.4,.371,.357,0.5,0.8,.649,0.2,0.7,0.8,1.7,0.4,0.1,0.6,1.0,1.9)
(2007,62,P.J. Brown,PF,37,CHI,72,49,20.2,2.4,5.8,.407,0.0,0.0,.000,2.4,5.8,.409,.407,1.3,1.7,.787,1.8,3.0,4.8,0.7,0.3,0.7,1.2,2.6,6.1)
(2007,66,Pat Burke,C,33,PHO,23,0,7.1,1.0,2.8,.354,0.3,1.0,.273,0.7,1.9,.395,.400,0.3,0.6,.615,0.5,1.5,2.0,0.2,0.1,0.1,0.3,0.8,2.6)
(2007,70,Andrew Bynum,C,19,LAL,82,53,21.9,3.0,5.4,.558,0.0,0.0,.000,3.0,5.4,.561,.558,1.7,2.6,.668,1.7,4.2,5.9,1.1,0.1,1.6,1.4,3.0,7.8)
(2007,74,Rodney Carney,SF,22,PHI,67,35,17.4,2.7,5.9,.464,0.4,1.1,.347,2.3,4.8,.491,.496,0.8,1.3,.609,0.6,1.3,1.9,0.4,0.6,0.3,0.6,1.8,6.6)
(2007,78,Sam Cassell,PG,37,LAC,58,30,24.3,4.5,10.8,.418,0.6,1.9,.294,3.9,8.9,.444,.443,2.8,3.1,.879,0.5,2.4,2.9,4.7,0.5,0.1,1.7,2.2,12.3)
(2007,81,Josh Childress,SG,23,ATL,55,13,36.8,4.7,9.4,.504,0.5,1.4,.338,4.3,8.0,.533,.529,3.0,3.8,.795,2.2,3.9,6.2,2.3,1.1,0.7,1.5,2.1,13.0)
(2007,85,Jason Collins,PF,28,NJN,80,78,23.1,0.7,1.9,.364,0.0,0.0,.000,0.7,1.9,.369,.364,0.7,1.6,.465,1.1,2.8,4.0,0.6,0.5,0.5,0.9,3.4,2.1)
(2007,89,Brian Cook,PF,26,LAL,65,24,15.7,2.8,6.3,.453,0.7,1.8,.400,2.1,4.5,.474,.510,0.5,0.7,.723,0.9,2.4,3.3,1.0,0.4,0.4,0.8,2.1,6.9)
(2007,93,Samuel Dalembert,C,25,PHI,82,82,30.9,4.3,8.0,.541,0.0,0.0,.000,4.3,8.0,.543,.541,2.0,2.7,.746,2.9,6.0,8.9,0.8,0.6,1.9,2.0,3.5,10.7)
(2007,97,Baron Davis,PG,27,GSW,63,62,35.3,7.2,16.3,.439,1.3,4.4,.304,5.8,11.9,.489,.480,4.4,5.9,.745,0.8,3.6,4.4,8.1,2.1,0.5,3.1,2.9,20.1)
(2007,Rk,Player,Pos,Age,Tm,G,GS,MP,FG,FGA,FG%,3P,3PA,3P,2P,2PA,2P,eFG%,FT,FTA,FT%,ORB,DRB,TRB,AST,STL,BLK,TOV,PF,PTS)
(2007,104,Yakhouba Diawara,SG,24,DEN,64,19,18.4,1.6,4.6,.342,0.8,2.7,.288,0.8,1.9,.418,.426,0.5,0.8,.660,0.4,1.3,1.7,0.9,0.5,0.1,0.6,2.1,4.4)
(2007,108,DeSagana Diop,C,25,DAL,81,9,18.3,0.9,1.9,.470,0.0,0.0,.000,0.9,1.9,.473,.470,0.6,1.1,.558,2.0,3.4,5.4,0.4,0.5,1.4,0.8,3.0,2.3)
(2007,112,Quincy Douby,PG,22,SAC,42,0,8.5,1.1,3.0,.381,0.3,1.2,.240,0.9,1.8,.474,.429,0.3,0.4,.733,0.3,0.6,0.9,0.4,0.4,0.1,0.4,0.5,2.8)
(2007,116,Ronald Dupree,SF,26,DET,19,0,4.9,0.6,1.6,.355,0.0,0.0,,0.6,1.6,.355,.355,0.2,0.5,.333,0.3,0.6,0.9,0.3,0.3,0.1,0.2,0.6,1.3)
(2007,120,Maurice Evans,SG,28,LAL,76,10,22.8,3.1,7.1,.432,0.6,1.8,.361,2.4,5.4,.455,.476,1.6,2.0,.787,1.2,1.7,2.9,1.0,0.5,0.2,0.8,1.7,8.4)
(2007,123,Jordan Farmar,PG,20,LAL,72,2,15.1,1.7,4.1,.422,0.6,1.9,.328,1.1,2.2,.503,.498,0.4,0.5,.711,0.3,1.3,1.7,1.9,0.6,0.1,1.0,1.1,4.4)
(2007,127,Derek Fisher,SG,32,UTA,82,61,27.9,3.1,8.2,.382,0.6,1.9,.308,2.6,6.3,.405,.418,3.2,3.7,.853,0.4,1.5,1.8,3.3,1.0,0.1,1.5,2.9,10.1)
(2007,131,Randy Foye,PG,23,MIN,82,12,22.9,3.7,8.4,.434,0.8,2.3,.368,2.8,6.2,.458,.483,2.0,2.3,.854,0.6,2.1,2.7,2.8,0.6,0.3,1.9,2.2,10.1)
(2007,135,Channing Frye,PF,23,NYK,72,59,26.3,4.1,9.6,.433,0.0,0.3,.167,4.1,9.3,.440,.435,1.2,1.5,.787,1.3,4.2,5.5,0.9,0.5,0.6,1.4,3.0,9.5)
(2007,139,Kevin Garnett,PF,30,MIN,76,76,39.4,8.4,17.6,.476,0.2,0.7,.214,8.2,16.9,.487,.480,5.5,6.6,.835,2.4,10.4,12.8,4.1,1.2,1.7,2.7,2.4,22.4)
(2007,142,Rudy Gay,SF,20,MEM,78,43,27.0,4.1,9.7,.422,0.7,1.8,.364,3.4,7.9,.436,.457,1.9,2.7,.727,1.2,3.3,4.5,1.3,0.9,0.9,1.8,2.5,10.8)
(2007,146,Manu Ginobili,SG,29,SAS,75,36,27.5,5.3,11.4,.464,1.7,4.3,.396,3.6,7.1,.505,.539,4.3,5.0,.860,0.8,3.6,4.4,3.5,1.5,0.4,2.1,2.1,16.5)
(2007,150,Drew Gooden,PF,25,CLE,80,80,28.0,4.6,9.8,.473,0.0,0.1,.167,4.6,9.7,.476,.474,1.8,2.5,.714,3.3,5.2,8.5,1.1,0.9,0.4,1.4,2.6,11.1)
(2007,154,Danny Granger,SF,23,IND,82,57,34.0,4.9,10.6,.459,1.3,3.5,.382,3.5,7.1,.497,.522,2.9,3.6,.803,1.4,3.3,4.6,1.4,0.8,0.7,1.6,3.0,13.9)
(2007,158,Lynn Greer,SG,27,MIL,41,0,10.5,1.5,3.4,.433,0.4,1.3,.346,1.0,2.2,.483,.496,0.7,0.8,.844,0.0,0.6,0.7,1.3,0.4,0.0,0.4,0.8,4.1)
(2007,161,Mike Hall,SF,22,WAS,2,0,6.5,0.5,2.0,.250,0.0,0.0,,0.5,2.0,.250,.250,0.0,0.0,,0.5,0.5,1.0,0.5,0.0,0.0,0.0,0.5,1.0)
(2007,165,Junior Harrington,PG,26,MEM,29,8,18.7,2.0,4.7,.416,0.2,0.9,.269,1.7,3.8,.450,.442,1.1,1.6,.674,0.4,1.9,2.3,3.1,0.7,0.2,1.8,2.7,5.2)
(2007,169,Jason Hart,PG,28,TOT,36,22,23.5,2.8,6.2,.446,0.2,0.8,.241,2.6,5.4,.477,.462,1.2,1.3,.894,0.4,2.3,2.7,2.9,1.2,0.0,1.1,2.3,6.9)
(2007,173,Jarvis Hayes,SF,25,WAS,81,17,20.1,2.8,6.7,.410,0.8,2.3,.361,2.0,4.5,.435,.471,0.9,1.0,.845,0.5,2.1,2.6,1.0,0.6,0.2,0.7,2.0,7.2)
(2007,177,Walter Herrmann,PF,27,CHA,48,12,19.5,3.6,6.9,.527,1.1,2.4,.461,2.5,4.5,.563,.608,0.9,1.1,.774,0.6,2.3,2.9,0.5,0.4,0.1,0.7,1.6,9.2)
(2007,Rk,Player,Pos,Age,Tm,G,GS,MP,FG,FGA,FG%,3P,3PA,3P,2P,2PA,2P,eFG%,FT,FTA,FT%,ORB,DRB,TRB,AST,STL,BLK,TOV,PF,PTS)
(2007,184,Robert Horry,PF,36,SAS,68,8,16.5,1.3,3.7,.359,0.7,2.2,.336,0.6,1.5,.392,.458,0.6,0.9,.594,1.1,2.3,3.4,1.1,0.7,0.6,0.6,1.5,3.9)
(2007,188,Juwan Howard,PF,33,HOU,80,38,26.5,3.9,8.3,.465,0.0,0.0,,3.9,8.3,.465,.465,1.9,2.4,.824,1.7,4.2,5.9,1.6,0.4,0.1,1.4,2.6,9.7)
(2007,192,Lindsey Hunter,PG,36,DET,52,0,14.3,1.8,4.7,.385,0.7,2.3,.319,1.1,2.4,.448,.463,0.6,0.6,.909,0.2,0.7,0.9,1.8,0.7,0.1,0.7,1.1,4.9)
(2007,196,Mile Ilic,C,22,NJN,5,0,1.2,0.0,0.6,.000,0.0,0.0,,0.0,0.6,.000,.000,0.0,0.0,,0.0,0.2,0.2,0.0,0.0,0.0,0.6,0.2,0.0)
(2007,200,Royal Ivey,PG,25,ATL,53,18,10.2,1.2,2.7,.448,0.1,0.3,.313,1.1,2.4,.465,.465,0.5,0.7,.686,0.3,0.7,1.0,0.8,0.5,0.1,0.6,1.2,3.0)
(2007,203,Luke Jackson,SF,25,TOT,13,2,10.6,1.5,3.3,.442,0.4,1.3,.294,1.1,2.0,.538,.500,0.4,0.7,.556,0.2,0.6,0.8,1.0,0.4,0.1,0.5,1.2,3.7)
(2007,207,LeBron James,SF,22,CLE,78,78,40.9,9.9,20.8,.476,1.3,4.0,.319,8.6,16.8,.513,.507,6.3,9.0,.698,1.1,5.7,6.7,6.0,1.6,0.7,3.2,2.2,27.3)
(2007,211,Sarunas Jasikevicius,SG-PG,30,TOT,63,3,15.4,2.0,5.1,.398,0.7,2.1,.338,1.3,3.0,.438,.466,1.4,1.5,.905,0.2,0.9,1.1,2.7,0.4,0.0,1.4,1.2,6.1)
(2007,215,Alexander Johnson,PF,23,MEM,59,19,12.8,1.5,2.9,.538,0.0,0.0,,1.5,2.9,.538,.538,1.3,2.0,.661,0.8,2.2,3.1,0.3,0.4,0.6,0.8,2.3,4.4)
(2007,219,Joe Johnson,SG,25,ATL,57,57,41.4,9.4,20.0,.471,2.1,5.5,.381,7.3,14.5,.504,.523,4.1,5.5,.748,0.9,3.3,4.2,4.4,1.1,0.2,3.1,2.0,25.0)
(2007,222,Dahntay Jones,SG,26,MEM,78,25,21.4,2.8,5.9,.477,0.1,0.2,.417,2.8,5.8,.479,.483,1.8,2.2,.793,0.6,1.4,2.0,0.9,0.5,0.3,1.2,2.5,7.5)
(2007,226,Fred Jones,SG,27,TOT,63,12,20.9,2.2,5.7,.385,0.6,2.0,.305,1.6,3.7,.429,.439,1.5,1.8,.833,0.4,1.5,1.8,1.7,0.8,0.3,1.1,1.9,6.5)
(2007,230,Chris Kaman,C,24,LAC,75,66,29.0,3.9,8.7,.451,0.0,0.0,.000,3.9,8.7,.452,.451,2.2,3.0,.741,2.1,5.7,7.8,1.1,0.5,1.5,2.0,3.3,10.1)
(2007,231,Jason Kapono,SF,25,MIA,67,35,26.4,4.1,8.4,.494,1.6,3.1,.514,2.5,5.3,.482,.590,1.0,1.1,.892,0.4,2.3,2.7,1.2,0.6,0.0,1.0,2.0,10.9)
(2007,235,Andrei Kirilenko,SF,25,UTA,70,70,29.3,2.8,6.0,.471,0.2,1.1,.213,2.6,4.9,.528,.490,2.5,3.4,.728,1.3,3.4,4.7,2.9,1.1,2.1,1.9,2.5,8.3)
(2007,239,Kyle Korver,SF,25,PHI,74,1,30.9,5.0,11.4,.440,1.8,4.1,.430,3.2,7.3,.446,.518,2.6,2.8,.914,0.4,3.1,3.5,1.4,0.8,0.3,1.6,2.5,14.4)
(2007,242,James Lang,C,23,WAS,11,0,5.0,0.4,0.8,.444,0.0,0.0,,0.4,0.8,.444,.444,0.3,0.5,.600,0.5,0.5,1.0,0.2,0.0,0.3,0.2,1.3,1.0)
(2007,246,Shaun Livingston,PG,21,LAC,54,31,29.8,3.9,8.3,.463,0.1,0.3,.313,3.8,8.0,.469,.469,1.5,2.1,.707,1.0,2.4,3.4,5.1,1.1,0.5,2.0,2.5,9.3)
(2007,250,Mark Madsen,C,31,MIN,56,0,8.4,0.4,0.8,.535,0.0,0.0,,0.4,0.8,.535,.535,0.3,0.5,.517,0.6,0.9,1.6,0.2,0.2,0.2,0.4,1.8,1.1)
(2007,254,Stephon Marbury,PG,29,NYK,74,74,37.1,5.3,12.9,.415,1.7,4.7,.357,3.7,8.2,.448,.480,4.0,5.2,.769,0.5,2.4,2.9,5.4,1.0,0.1,2.4,2.5,16.4)
(2007,258,Donyell Marshall,PF,33,CLE,81,0,16.8,2.6,6.1,.424,1.2,3.3,.351,1.4,2.7,.514,.520,0.7,1.0,.663,1.1,2.9,4.0,0.6,0.5,0.5,0.8,1.6,7.0)
(2007,261,Kenyon Martin,PF,29,DEN,2,2,31.5,4.0,8.0,.500,0.0,0.5,.000,4.0,7.5,.533,.500,1.5,6.0,.250,3.0,7.0,10.0,0.5,0.0,0.0,2.5,5.0,9.5)
(2007,265,Jason Maxiell,C,23,DET,67,8,14.1,2.0,3.9,.500,0.0,0.0,,2.0,3.9,.500,.500,1.1,2.0,.526,1.3,1.5,2.8,0.2,0.4,0.9,0.8,1.6,5.0)
(2007,269,Antonio McDyess,PF,32,DET,82,3,21.1,3.5,6.6,.526,0.0,0.0,,3.5,6.6,.526,.526,1.2,1.7,.691,2.0,4.0,6.0,0.9,0.7,0.8,0.9,2.9,8.1)
(2007,273,Aaron McKie,SF,34,LAL,10,0,13.1,1.1,1.7,.647,0.0,0.0,,1.1,1.7,.647,.647,0.0,0.0,,0.1,1.7,1.8,1.3,0.4,0.0,0.8,1.4,2.2)
(2007,277,C.J. Miles,SG,19,UTA,37,13,10.1,1.1,3.1,.345,0.2,0.9,.219,0.9,2.3,.393,.375,0.4,0.6,.609,0.3,0.6,0.9,0.7,0.3,0.1,0.8,1.6,2.7)
(2007,Rk,Player,Pos,Age,Tm,G,GS,MP,FG,FGA,FG%,3P,3PA,3P,2P,2PA,2P,eFG%,FT,FTA,FT%,ORB,DRB,TRB,AST,STL,BLK,TOV,PF,PTS)
(2007,284,Cuttino Mobley,SG,31,LAC,78,73,36.4,5.0,11.3,.440,1.3,3.2,.411,3.7,8.2,.451,.497,2.6,3.1,.837,0.7,2.8,3.4,2.5,1.2,0.3,1.9,2.4,13.8)
(2007,288,Adam Morrison,PF,22,CHA,78,23,29.8,4.6,12.1,.376,1.1,3.3,.337,3.4,8.8,.391,.422,1.5,2.2,.710,0.7,2.3,2.9,2.1,0.4,0.1,1.7,2.3,11.8)
(2007,292,Dikembe Mutombo*,C,40,HOU,75,33,17.2,1.1,2.0,.556,0.0,0.0,,1.1,2.0,.556,.556,0.8,1.2,.690,2.2,4.3,6.5,0.2,0.3,1.0,0.5,2.1,3.1)
(2007,296,Jameer Nelson,PG,24,ORL,77,77,30.3,4.9,11.4,.430,0.8,2.5,.335,4.0,8.8,.457,.467,2.4,2.9,.828,0.6,2.4,3.1,4.3,0.9,0.1,2.4,2.9,13.0)
(2007,300,David Noel,PF,22,MIL,68,0,11.6,1.0,2.6,.367,0.3,0.8,.321,0.7,1.8,.387,.415,0.5,0.6,.860,0.6,1.2,1.8,1.0,0.4,0.1,0.6,1.1,2.7)
(2007,303,Patrick O'Bryant,C,20,GSW,16,0,7.4,0.6,2.0,.313,0.0,0.0,,0.6,2.0,.313,.313,0.7,1.1,.647,0.4,0.9,1.3,0.6,0.4,0.5,0.5,1.6,1.9)
(2007,307,Lamar Odom,PF,27,LAL,56,56,39.3,5.7,12.2,.468,1.0,3.3,.297,4.7,8.9,.531,.508,3.5,5.1,.700,1.8,7.9,9.8,4.8,0.9,0.6,2.9,3.3,15.9)
(2007,311,Michael Olowokandi,C,31,BOS,24,0,9.8,0.8,1.9,.413,0.0,0.0,,0.8,1.9,.413,.413,0.1,0.1,.667,0.6,1.4,2.0,0.2,0.3,0.5,0.7,2.0,1.7)
(2007,315,Scott Padgett,PF,30,TOT,31,0,7.5,0.5,1.8,.286,0.3,1.1,.242,0.3,0.7,.348,.357,0.2,0.4,.462,0.5,1.2,1.7,0.3,0.2,0.1,0.3,1.1,1.5)
(2007,319,Tony Parker,PG,24,SAS,77,77,32.5,7.4,14.2,.520,0.2,0.5,.395,7.2,13.7,.525,.527,3.6,4.5,.783,0.4,2.8,3.2,5.5,1.1,0.1,2.5,1.8,18.6)
(2007,322,Sasha Pavlovic,SG,23,CLE,67,28,22.9,3.3,7.3,.453,0.9,2.2,.405,2.4,5.1,.474,.514,1.5,1.9,.794,0.3,2.0,2.4,1.6,0.8,0.3,1.5,2.2,9.0)
(2007,326,Johan Petro,C,21,SEA,81,13,18.6,2.8,5.4,.516,0.0,0.0,,2.8,5.4,.516,.516,0.6,1.0,.649,1.1,3.0,4.1,0.6,0.5,0.6,1.0,2.9,6.2)
(2007,330,Kevinn Pinkney,PF,23,BOS,6,0,16.7,2.0,4.5,.444,0.2,0.3,.500,1.8,4.2,.440,.463,1.0,1.5,.667,1.2,1.3,2.5,0.8,0.5,0.5,0.7,2.0,5.2)
(2007,334,Leon Powe,C,23,BOS,63,2,11.4,1.3,2.8,.446,0.0,0.0,.000,1.3,2.8,.451,.446,1.7,2.3,.736,1.5,1.9,3.4,0.2,0.2,0.3,0.7,1.7,4.2)
(2007,338,Tayshaun Prince,SF,26,DET,82,82,36.6,5.6,12.2,.460,1.0,2.6,.386,4.6,9.6,.480,.501,2.1,2.7,.768,1.8,3.5,5.2,2.8,0.6,0.7,1.2,1.4,14.3)
(2007,341,Vladimir Radmanovic,PF,26,LAL,55,15,17.9,2.4,5.7,.424,0.7,2.1,.339,1.7,3.6,.475,.487,1.0,1.3,.726,1.0,2.3,3.3,1.2,0.5,0.3,1.3,2.3,6.6)
(2007,345,Allan Ray,SG,22,BOS,47,5,15.1,2.1,5.5,.386,1.0,2.5,.414,1.1,3.0,.364,.479,0.9,1.2,.764,0.4,1.1,1.5,0.9,0.4,0.1,0.9,1.8,6.2)
(2007,349,Jared Reiner,C,24,MIL,27,2,9.0,0.6,1.6,.349,0.0,0.0,,0.6,1.6,.349,.349,0.1,0.4,.300,0.8,1.9,2.6,0.5,0.2,0.2,0.5,1.7,1.2)
(2007,353,Luke Ridnour,PG,25,SEA,71,58,29.5,4.2,9.8,.433,0.7,2.0,.353,3.5,7.8,.453,.468,1.8,2.2,.805,0.4,1.9,2.3,5.2,1.2,0.3,2.2,2.5,11.0)
(2007,357,Clifford Robinson,C,40,NJN,50,1,19.1,1.6,4.4,.372,0.5,1.3,.379,1.1,3.0,.368,.429,0.3,0.7,.444,0.6,1.8,2.4,1.0,0.2,0.5,0.6,2.0,4.1)
(2007,Rk,Player,Pos,Age,Tm,G,GS,MP,FG,FGA,FG%,3P,3PA,3P,2P,2PA,2P,eFG%,FT,FTA,FT%,ORB,DRB,TRB,AST,STL,BLK,TOV,PF,PTS)
(2007,364,Brandon Roy,SG,22,POR,57,55,35.4,6.1,13.4,.456,1.0,2.6,.377,5.2,10.9,.475,.492,3.5,4.2,.838,1.0,3.4,4.4,4.0,1.2,0.2,2.0,2.4,16.8)
(2007,368,Brian Scalabrine,PF,28,BOS,54,17,19.0,1.4,3.5,.403,0.8,2.0,.400,0.6,1.5,.407,.518,0.3,0.4,.783,0.4,1.5,1.9,1.1,0.4,0.3,0.8,2.4,4.0)
(2007,372,Wayne Simien,PF,23,MIA,8,0,11.6,1.1,2.9,.391,0.0,0.0,,1.1,2.9,.391,.391,0.6,0.9,.714,0.6,0.8,1.4,0.5,0.3,0.0,0.4,1.6,2.9)
(2007,376,Uros Slokar,C,23,TOR,20,0,3.6,0.7,1.3,.538,0.1,0.1,.500,0.7,1.2,.542,.558,0.5,0.7,.692,0.4,0.4,0.7,0.1,0.1,0.1,0.5,0.6,1.9)
(2007,380,Josh Smith,SF,21,ATL,72,72,36.8,6.1,13.8,.439,0.5,2.1,.250,5.5,11.7,.473,.458,3.7,5.4,.693,2.3,6.3,8.6,3.3,1.4,2.9,3.2,3.3,16.4)
(2007,383,Kirk Snyder,SF,23,HOU,39,1,14.4,1.7,3.7,.452,0.3,1.1,.250,1.4,2.6,.539,.490,1.3,1.9,.653,0.4,1.7,2.1,1.0,0.3,0.3,0.7,1.3,4.9)
(2007,387,Jerry Stackhouse,SF,32,DAL,67,8,24.1,4.2,9.8,.428,0.9,2.4,.383,3.3,7.3,.443,.476,2.7,3.2,.847,0.6,1.6,2.2,2.8,0.8,0.1,1.7,1.2,12.0)
(2007,391,Salim Stoudamire,SG,24,ATL,61,0,17.0,2.9,7.0,.416,0.9,2.5,.361,2.0,4.4,.448,.482,1.0,1.1,.897,0.1,1.1,1.2,1.0,0.3,0.0,0.9,1.4,7.7)
(2007,395,Wally Szczerbiak,SF,29,BOS,32,19,28.1,5.0,12.1,.415,1.4,3.3,.415,3.7,8.8,.415,.472,3.5,3.9,.897,0.5,2.6,3.1,1.7,0.6,0.1,1.7,2.0,15.0)
(2007,399,Jason Terry,SG,29,DAL,81,80,35.1,6.3,13.1,.484,2.0,4.6,.438,4.3,8.6,.508,.560,2.0,2.5,.804,0.5,2.3,2.9,5.2,1.0,0.2,1.9,2.1,16.7)
(2007,402,Kurt Thomas,C,34,PHO,67,13,18.0,1.9,3.9,.486,0.0,0.0,.000,1.9,3.9,.488,.486,0.8,1.1,.789,1.3,4.4,5.7,0.4,0.4,0.4,0.5,2.3,4.6)
(2007,406,Jamaal Tinsley,PG,28,IND,72,72,31.2,4.8,12.3,.389,0.8,2.7,.316,4.0,9.7,.409,.424,2.4,3.3,.720,0.8,2.5,3.3,6.9,1.6,0.3,2.8,2.6,12.8)
(2007,410,Hedo Turkoglu,SF,27,ORL,73,73,31.1,4.7,11.3,.419,1.5,3.8,.388,3.2,7.4,.435,.485,2.3,3.0,.781,0.8,3.2,4.0,3.2,1.0,0.2,2.0,3.0,13.3)
(2007,414,Jacque Vaughn,PG,31,SAS,64,4,11.9,1.1,2.6,.425,0.0,0.0,.500,1.1,2.6,.424,.428,0.8,1.0,.754,0.1,0.9,1.1,2.0,0.4,0.0,0.6,1.2,3.0)
(2007,418,Sasha Vujacic,SG,22,LAL,73,4,12.8,1.4,3.7,.392,0.8,2.2,.373,0.6,1.5,.421,.504,0.6,0.7,.878,0.4,1.1,1.5,0.9,0.6,0.0,0.4,1.4,4.3)
(2007,421,Dajuan Wagner,SG,23,GSW,1,0,7.0,1.0,1.0,1.000,1.0,1.0,1.000,0.0,0.0,,1.500,1.0,2.0,.500,0.0,0.0,0.0,1.0,0.0,0.0,1.0,1.0,4.0)
(2007,425,Rasheed Wallace,C,32,DET,75,72,32.3,4.8,11.2,.423,1.4,3.9,.351,3.4,7.3,.463,.485,1.4,1.8,.788,1.2,6.0,7.2,1.7,1.0,1.6,1.3,3.0,12.3)
(2007,429,Chris Webber,PF,33,TOT,61,60,29.9,4.7,10.5,.452,0.1,0.2,.364,4.7,10.3,.454,.455,1.7,2.6,.638,2.0,5.1,7.2,3.1,1.0,0.7,1.8,2.3,11.2)
(2007,433,David West,PF,26,NOK,52,52,36.5,7.3,15.2,.476,0.2,0.5,.320,7.1,14.8,.481,.481,3.6,4.4,.824,2.4,5.7,8.2,2.2,0.8,0.7,1.9,2.8,18.3)
(2007,437,Damien Wilkins,SF,27,SEA,82,31,24.8,3.2,7.3,.435,0.6,1.5,.410,2.6,5.9,.442,.477,1.8,2.1,.882,1.1,1.7,2.8,1.9,1.1,0.2,1.4,1.9,8.8)
(2007,Rk,Player,Pos,Age,Tm,G,GS,MP,FG,FGA,FG%,3P,3PA,3P,2P,2PA,2P,eFG%,FT,FTA,FT%,ORB,DRB,TRB,AST,STL,BLK,TOV,PF,PTS)
(2007,444,Justin Williams,C,22,SAC,26,1,12.8,2.1,3.4,.614,0.0,0.0,.000,2.1,3.3,.621,.614,0.9,2.4,.365,2.0,2.5,4.4,0.1,0.2,0.6,0.6,2.0,5.0)
(2007,448,Mo Williams,PG,24,MIL,68,68,36.4,6.9,15.4,.446,1.2,3.4,.346,5.7,12.1,.474,.484,2.3,2.7,.855,0.8,4.0,4.8,6.1,1.3,0.1,3.0,3.0,17.3)
(2007,452,Corliss Williamson,PF,33,SAC,68,1,19.7,3.5,6.8,.510,0.0,0.0,.000,3.5,6.8,.512,.510,2.2,3.0,.715,0.9,2.3,3.3,0.6,0.4,0.2,1.4,2.7,9.1)
(2007,456,Bracey Wright,SG,22,MIN,19,0,10.0,1.3,3.2,.400,0.3,1.1,.300,0.9,2.1,.450,.450,0.7,0.9,.722,0.4,0.7,1.1,0.8,0.5,0.1,0.3,0.3,3.5)
