(2007,2,Hassan Adams,SG,22,NJN,61,8,8.1,1.2,2.2,.556,0.0,0.0,.000,1.2,2.2,.560,.556,0.4,0.6,.667,0.6,0.7,1.3,0.2,0.3,0.1,0.4,0.8,2.9)
(2007,6,Ray Allen,SG,31,SEA,55,55,40.3,9.2,21.0,.438,3.0,8.1,.372,6.2,12.9,.479,.510,5.1,5.6,.903,1.0,3.5,4.5,4.1,1.5,0.2,2.8,2.1,26.4)
(2007,10,Alan Anderson,SG,24,CHA,17,0,15.1,2.2,4.8,.457,0.3,1.2,.250,1.9,3.6,.525,.488,1.1,1.4,.826,0.6,1.2,1.9,1.2,0.4,0.0,1.3,1.9,5.8)
(2007,14,Gilbert Arenas,PG,25,WAS,74,73,39.8,8.7,20.9,.418,2.8,7.9,.351,6.0,13.0,.459,.484,8.2,9.7,.844,0.8,3.7,4.6,6.0,1.9,0.2,3.2,3.4,28.4)
(2007,18,Carlos Arroyo,PG,27,ORL,72,5,18.1,2.8,6.6,.425,0.2,0.7,.275,2.6,5.9,.443,.439,1.8,2.3,.795,0.4,1.4,1.9,2.8,0.5,0.0,1.3,1.8,7.7)
(2007,21,Kelenna Azubuike,SG,23,GSW,41,9,16.3,2.4,5.4,.445,0.8,1.9,.430,1.6,3.4,.454,.523,1.5,1.9,.782,0.6,1.7,2.3,0.7,0.5,0.2,1.0,1.2,7.1)
(2007,25,Jose Barea,PG,22,DAL,33,1,5.8,0.8,2.4,.359,0.2,0.6,.286,0.7,1.7,.386,.397,0.5,0.7,.667,0.2,0.5,0.8,0.7,0.0,0.0,0.4,0.6,2.4)
(2007,29,Earl Barron,C,25,MIA,28,0,7.3,0.9,3.0,.289,0.0,0.0,.000,0.9,2.9,.293,.289,0.6,0.6,.944,0.7,0.8,1.5,0.2,0.2,0.1,0.4,0.8,2.3)
(2007,33,Esteban Batista,PF,23,ATL,13,0,6.2,0.6,1.2,.500,0.0,0.0,,0.6,1.2,.500,.500,0.3,0.5,.571,0.5,1.8,2.3,0.3,0.2,0.0,0.3,1.0,1.5)
(2007,37,Raja Bell,SG,30,PHO,78,78,37.4,5.3,12.2,.432,2.6,6.4,.413,2.6,5.8,.452,.539,1.5,1.9,.776,0.6,2.6,3.2,2.5,0.6,0.3,1.1,3.0,14.7)
(2007,Rk,Player,Pos,Age,Tm,G,GS,MP,FG,FGA,FG%,3P,3PA,3P,2P,2PA,2P,eFG%,FT,FTA,FT%,ORB,DRB,TRB,AST,STL,BLK,TOV,PF,PTS)
(2007,44,Mark Blount,C,31,MIN,82,81,31.0,5.2,10.2,.509,0.1,0.4,.290,5.1,9.9,.517,.514,1.8,2.4,.754,1.7,4.5,6.2,0.8,0.5,0.7,1.9,2.9,12.3)
(2007,48,Josh Boone,PF,22,NJN,61,0,11.0,1.6,2.8,.579,0.0,0.0,,1.6,2.8,.579,.579,0.9,1.7,.544,1.0,1.8,2.9,0.2,0.2,0.3,0.5,1.5,4.2)
(2007,52,Bruce Bowen,SF,35,SAS,82,82,30.0,2.3,5.7,.405,1.1,2.8,.384,1.2,2.9,.426,.500,0.5,0.9,.589,0.3,2.4,2.7,1.4,0.8,0.3,0.8,2.1,6.2)
(2007,56,Ronnie Brewer,SG,21,UTA,56,14,12.1,1.8,3.4,.528,0.0,0.2,.000,1.8,3.3,.554,.528,1.0,1.5,.675,0.7,0.7,1.3,0.4,0.7,0.1,0.4,0.8,4.6)
(2007,60,Devin Brown,SG,28,NOK,58,49,28.7,4.0,9.6,.420,1.4,3.9,.357,2.6,5.7,.463,.493,2.1,2.7,.794,0.9,3.4,4.3,2.6,0.8,0.2,1.6,2.4,11.6)
(2007,63,Shannon Brown,SG,21,CLE,23,5,8.8,1.2,3.2,.378,0.3,1.1,.280,0.9,2.1,.429,.426,0.4,0.6,.714,0.3,0.7,0.9,0.4,0.3,0.1,0.6,1.0,3.2)
(2007,67,Caron Butler,SF,26,WAS,63,63,39.3,7.2,15.5,.463,0.3,1.1,.250,6.9,14.3,.480,.472,4.5,5.2,.863,2.3,5.1,7.4,3.7,2.1,0.3,2.9,3.0,19.1)
(2007,71,Jose Calderon,PG,25,TOR,77,11,21.0,3.4,6.6,.521,0.3,1.0,.333,3.1,5.6,.553,.546,1.5,1.9,.818,0.3,1.5,1.7,5.0,0.8,0.1,1.4,1.8,8.7)
(2007,75,Matt Carroll,SG,26,CHA,72,47,26.1,4.0,9.1,.433,1.5,3.7,.416,2.4,5.4,.445,.517,2.6,2.9,.904,0.5,2.4,2.9,1.3,0.7,0.1,1.0,2.4,12.1)
(2007,79,Kelvin Cato,C,32,NYK,18,0,5.3,0.4,1.2,.318,0.0,0.0,,0.4,1.2,.318,.318,0.4,0.7,.667,0.7,1.1,1.7,0.0,0.2,0.6,0.3,0.6,1.2)
(2007,82,Doug Christie,SG,36,LAC,7,0,11.7,0.7,2.4,.294,0.1,0.9,.167,0.6,1.6,.364,.324,0.3,0.4,.667,0.4,1.1,1.6,1.1,0.4,0.1,0.7,1.6,1.9)
(2007,86,Mardy Collins,SF,22,NYK,52,9,14.9,1.7,4.4,.382,0.3,0.9,.277,1.4,3.5,.409,.410,0.9,1.6,.585,0.5,1.5,2.0,1.6,0.6,0.1,1.1,1.4,4.5)
(2007,90,Jamal Crawford,SG,26,NYK,59,36,37.3,6.0,15.0,.400,1.7,5.5,.320,4.3,9.6,.445,.458,3.9,4.6,.838,0.7,2.5,3.2,4.4,1.0,0.1,2.7,1.9,17.6)
(2007,94,Erick Dampier,C,31,DAL,76,73,25.2,2.8,4.4,.626,0.0,0.0,,2.8,4.4,.626,.626,1.6,2.5,.623,2.9,4.6,7.4,0.6,0.3,1.1,1.4,3.1,7.1)
(2007,98,Dale Davis,C,37,DET,46,6,10.1,0.7,1.6,.446,0.0,0.0,,0.7,1.6,.446,.446,0.4,0.6,.654,1.3,1.7,3.0,0.3,0.2,0.7,0.3,1.3,1.8)
(2007,101,Carlos Delfino,SG,24,DET,82,1,16.7,1.9,4.6,.415,0.6,1.7,.333,1.3,2.9,.462,.476,0.9,1.1,.787,0.8,2.4,3.2,1.1,0.6,0.1,0.7,1.2,5.2)
(2007,105,Dan Dickau,PG,28,POR,50,3,8.9,1.1,3.0,.358,0.3,1.2,.262,0.8,1.8,.422,.411,0.8,1.1,.792,0.1,0.7,0.9,1.4,0.3,0.0,0.5,1.1,3.3)
(2007,109,Juan Dixon,SG,28,TOT,81,6,23.8,3.7,8.7,.425,1.0,2.8,.350,2.7,5.9,.461,.482,1.2,1.4,.871,0.3,1.6,2.0,1.5,0.9,0.1,1.2,2.2,9.6)
(2007,113,Chris Duhon,PG,24,CHI,78,30,24.4,2.5,6.2,.408,1.1,3.1,.359,1.4,3.1,.458,.499,1.0,1.3,.752,0.3,1.9,2.2,4.0,0.9,0.1,1.3,1.9,7.2)
(2007,117,Monta Ellis,SG,21,GSW,77,53,34.3,6.2,13.1,.475,0.5,1.9,.273,5.7,11.3,.509,.495,3.5,4.6,.763,0.8,2.4,3.2,4.1,1.7,0.3,2.9,2.7,16.5)
(2007,Rk,Player,Pos,Age,Tm,G,GS,MP,FG,FGA,FG%,3P,3PA,3P,2P,2PA,2P,eFG%,FT,FTA,FT%,ORB,DRB,TRB,AST,STL,BLK,TOV,PF,PTS)
(2007,124,Desmon Farmer,SG,25,SEA,8,0,4.0,0.6,1.9,.333,0.3,1.0,.250,0.4,0.9,.429,.400,0.1,0.1,1.000,0.0,0.1,0.1,1.1,0.1,0.0,0.1,0.3,1.6)
(2007,128,T.J. Ford,PG,23,TOR,75,71,29.9,5.2,12.0,.436,0.3,0.9,.304,5.0,11.1,.447,.447,3.2,3.9,.819,0.7,2.4,3.1,7.9,1.3,0.1,3.1,2.5,14.0)
(2007,132,Adonal Foyle,C,31,GSW,48,6,9.9,1.0,1.8,.565,0.0,0.0,,1.0,1.8,.565,.565,0.2,0.5,.440,1.1,1.6,2.6,0.4,0.2,1.0,0.5,1.3,2.2)
(2007,136,Dan Gadzuric,C,28,MIL,54,8,15.6,2.0,4.2,.474,0.0,0.0,.000,2.0,4.2,.476,.474,0.8,1.7,.467,1.7,2.8,4.6,0.5,0.4,0.6,0.9,2.6,4.8)
(2007,140,Pat Garrity,PF,30,ORL,33,0,8.4,0.7,2.1,.314,0.3,1.0,.344,0.3,1.2,.289,.393,0.5,0.5,.889,0.4,0.9,1.3,0.4,0.2,0.0,0.4,1.1,2.2)
(2007,143,Mickael Gelabale,SF,23,SEA,70,14,17.7,1.7,3.8,.462,0.2,0.7,.234,1.6,3.1,.512,.483,0.9,1.2,.805,0.8,1.6,2.5,0.8,0.3,0.3,0.7,1.5,4.6)
(2007,147,Gordan Giricek,SG,29,UTA,61,6,19.5,2.9,6.2,.462,0.9,2.0,.426,2.0,4.2,.479,.530,1.2,1.4,.816,0.4,1.7,2.1,1.0,0.5,0.1,1.0,2.0,7.8)
(2007,151,Ben Gordon,SG,23,CHI,82,51,33.0,7.4,16.3,.455,1.9,4.6,.413,5.5,11.7,.471,.513,4.6,5.4,.864,0.4,2.7,3.1,3.6,0.8,0.2,3.0,3.1,21.4)
(2007,155,Gerald Green,SF,21,BOS,81,26,22.0,3.8,9.1,.419,1.2,3.2,.368,2.7,5.9,.447,.484,1.6,2.0,.805,0.8,1.7,2.6,1.0,0.5,0.3,1.5,2.4,10.4)
(2007,159,Adrian Griffin,SF,32,CHI,54,1,10.8,1.1,2.4,.473,0.0,0.1,.000,1.1,2.3,.496,.473,0.3,0.4,.789,0.7,1.3,2.0,1.1,0.6,0.1,0.7,1.4,2.5)
(2007,162,Richard Hamilton,SG,28,DET,75,75,36.8,7.3,15.6,.468,0.6,1.7,.341,6.7,13.9,.483,.486,4.6,5.4,.861,1.0,2.8,3.8,3.8,0.8,0.2,2.1,3.1,19.8)
(2007,166,Othella Harrington,PF,33,CHA,26,0,8.5,1.0,2.2,.446,0.0,0.0,,1.0,2.2,.446,.446,0.7,0.8,.773,0.5,1.0,1.5,0.2,0.0,0.0,0.6,1.9,2.6)
(2007,170,Udonis Haslem,PF,26,MIA,79,79,31.4,4.5,9.1,.492,0.0,0.1,.000,4.5,9.0,.495,.492,1.7,2.6,.680,2.4,5.9,8.3,1.2,0.6,0.3,1.4,3.0,10.7)
(2007,174,Brendan Haywood,C,27,WAS,77,49,22.6,2.6,4.6,.558,0.0,0.0,,2.6,4.6,.558,.558,1.5,2.7,.548,2.5,3.7,6.2,0.6,0.4,1.1,1.2,2.7,6.6)
(2007,178,Nene Hilario,C,24,DEN,64,42,26.8,4.6,8.1,.570,0.0,0.0,.000,4.6,8.0,.571,.570,3.0,4.4,.689,2.3,4.7,7.0,1.2,1.0,0.9,2.0,3.3,12.2)
(2007,181,Robert Hite,SG,23,MIA,12,0,11.3,1.6,5.0,.317,0.4,1.9,.217,1.2,3.1,.378,.358,0.7,1.0,.667,0.3,1.0,1.3,0.7,0.3,0.2,0.5,0.7,4.3)
(2007,185,Eddie House,SG,28,NJN,56,1,16.9,3.2,7.5,.428,1.3,3.1,.429,1.9,4.4,.427,.517,0.6,0.6,.917,0.3,1.4,1.6,1.2,0.5,0.1,0.5,1.2,8.4)
(2007,189,Troy Hudson,PG,30,MIN,34,6,16.3,2.2,5.7,.379,0.8,2.4,.350,1.4,3.4,.400,.451,0.8,0.9,.813,0.2,1.2,1.4,2.1,0.4,0.1,1.2,0.7,5.9)
(2007,193,Steven Hunter,PF,25,PHI,70,41,22.9,2.7,4.7,.577,0.0,0.0,,2.7,4.7,.577,.577,1.1,2.2,.490,1.6,3.2,4.8,0.4,0.2,1.1,0.9,2.0,6.4)
(2007,197,Didier Ilunga-Mbenga,C,26,DAL,21,0,3.8,0.2,0.8,.313,0.0,0.0,,0.2,0.8,.313,.313,0.3,0.4,.875,0.1,0.4,0.5,0.3,0.1,0.2,0.2,0.8,0.8)
(2007,Rk,Player,Pos,Age,Tm,G,GS,MP,FG,FGA,FG%,3P,3PA,3P,2P,2PA,2P,eFG%,FT,FTA,FT%,ORB,DRB,TRB,AST,STL,BLK,TOV,PF,PTS)
(2007,204,Marc Jackson,PF,32,NOK,56,25,18.3,2.8,6.9,.410,0.0,0.0,.000,2.8,6.9,.411,.410,1.6,1.8,.874,1.1,2.3,3.4,1.0,0.4,0.1,1.2,1.6,7.3)
(2007,208,Mike James,PG,31,MIN,82,65,25.2,3.6,8.6,.422,1.0,2.6,.372,2.6,6.0,.445,.479,1.9,2.2,.837,0.3,1.7,2.0,3.6,0.7,0.1,1.6,2.1,10.1)
(2007,212,Al Jefferson,C,22,BOS,69,60,33.6,6.6,12.8,.514,0.0,0.0,.000,6.6,12.8,.514,.514,2.9,4.3,.681,3.4,7.5,11.0,1.3,0.7,1.5,2.0,3.4,16.0)
(2007,216,Amir Johnson,PF,19,DET,8,0,15.5,2.3,4.1,.545,0.0,0.4,.000,2.3,3.8,.600,.545,1.4,1.8,.786,1.9,2.8,4.6,0.4,0.6,1.6,1.1,2.4,5.9)
(2007,220,Linton Johnson,PF,26,NOK,54,0,13.3,1.7,3.5,.489,0.2,0.6,.333,1.5,3.0,.519,.516,0.6,0.7,.811,1.0,2.1,3.0,0.3,0.6,0.3,0.5,1.9,4.2)
(2007,223,Damon Jones,PG,30,CLE,60,0,19.6,2.3,5.9,.386,1.5,3.9,.385,0.8,2.1,.387,.511,0.5,0.7,.682,0.2,1.0,1.1,1.6,0.3,0.0,0.6,0.9,6.6)
(2007,227,James Jones,SF,26,PHO,76,7,18.1,2.1,5.8,.368,1.2,3.1,.378,0.9,2.7,.356,.470,0.9,1.1,.877,0.4,1.9,2.3,0.6,0.4,0.6,0.4,1.5,6.4)
(2007,232,Viktor Khryapa,PF,24,CHI,33,0,7.0,0.8,2.1,.386,0.0,0.2,.000,0.8,1.9,.422,.386,0.6,0.8,.731,0.6,1.1,1.7,0.6,0.3,0.0,0.5,1.6,2.2)
(2007,236,Linas Kleiza,PF,22,DEN,79,14,18.8,2.5,6.0,.422,1.1,2.8,.376,1.5,3.2,.462,.509,1.5,1.7,.852,1.0,2.4,3.4,0.6,0.4,0.2,1.0,2.5,7.6)
(2007,240,Nenad Krstic,C,23,NJN,26,26,32.6,6.5,12.4,.526,0.0,0.0,.000,6.5,12.4,.528,.526,3.3,4.7,.711,2.0,4.8,6.8,1.8,0.4,0.9,2.0,3.4,16.4)
(2007,243,David Lee,PF,23,NYK,58,12,29.8,4.1,6.9,.600,0.0,0.0,,4.1,6.9,.600,.600,2.4,3.0,.815,3.4,7.0,10.4,1.8,0.8,0.4,1.6,2.7,10.7)
(2007,247,Kyle Lowry,PG,20,MEM,10,0,17.5,1.4,3.8,.368,0.3,0.8,.375,1.1,3.0,.367,.408,2.5,2.8,.893,1.2,1.9,3.1,3.2,1.4,0.1,1.2,2.0,5.6)
(2007,251,Corey Maggette,SF,27,LAC,75,31,30.5,4.9,10.8,.454,0.2,0.9,.200,4.7,9.9,.476,.462,6.9,8.4,.820,1.2,4.7,5.9,2.8,0.9,0.2,2.7,3.3,16.9)
(2007,255,Shawn Marion,SF,28,PHO,80,80,37.6,7.0,13.4,.524,1.0,3.2,.317,6.0,10.2,.587,.561,2.5,3.1,.810,2.2,7.7,9.8,1.7,2.0,1.5,1.4,2.7,17.5)
(2007,259,Rawle Marshall,SG,24,IND,40,2,9.0,0.8,2.2,.360,0.1,0.5,.222,0.7,1.8,.394,.382,0.8,1.1,.689,0.2,0.5,0.7,0.3,0.3,0.1,0.5,0.6,2.5)
(2007,262,Kevin Martin,SG,23,SAC,80,80,35.2,6.3,13.3,.473,1.6,4.2,.381,4.7,9.2,.515,.533,6.0,7.1,.844,0.9,3.4,4.3,2.2,1.2,0.1,1.7,2.3,20.2)
(2007,266,Sean May,PF,22,CHA,35,8,23.9,4.7,9.4,.500,0.1,0.1,.667,4.6,9.3,.498,.503,2.5,3.2,.768,2.1,4.6,6.7,1.9,0.5,0.7,1.6,2.9,11.9)
(2007,270,Ivan McFarlin,PF,24,PHI,11,0,3.7,0.5,1.2,.385,0.0,0.1,.000,0.5,1.1,.417,.385,0.5,0.6,.714,0.6,0.4,1.0,0.1,0.0,0.0,0.1,0.7,1.4)
(2007,274,Keith McLeod,PG,27,TOT,48,9,15.0,1.5,3.9,.388,0.3,0.9,.356,1.2,3.0,.399,.431,1.4,1.6,.885,0.1,0.8,0.9,1.9,0.5,0.1,1.0,1.1,4.8)
(2007,278,Darko Milicic,PF,21,ORL,80,16,23.9,3.1,6.9,.454,0.0,0.0,.000,3.1,6.8,.455,.454,1.8,2.9,.613,1.8,3.7,5.5,1.1,0.6,1.8,1.6,2.7,8.0)
(2007,281,Mike Miller,SG,26,MEM,70,69,39.1,6.6,14.4,.460,2.9,7.1,.406,3.8,7.3,.514,.560,2.3,2.9,.793,0.7,4.7,5.4,4.3,0.8,0.3,2.6,2.0,18.5)
(2007,285,Nazr Mohammed,C,29,DET,51,33,15.2,2.3,4.4,.532,0.0,0.0,,2.3,4.4,.532,.532,1.0,1.6,.610,1.7,2.7,4.5,0.2,0.5,0.8,0.8,2.6,5.6)
(2007,289,Alonzo Mourning*,C,36,MIA,77,43,20.4,3.1,5.5,.560,0.0,0.0,,3.1,5.5,.560,.560,2.4,4.0,.601,1.6,2.9,4.5,0.2,0.2,2.3,1.7,2.8,8.6)
(2007,293,Bostjan Nachbar,SF,26,NJN,76,1,20.2,3.0,6.5,.457,1.5,3.5,.423,1.5,3.0,.496,.570,1.7,2.2,.805,0.4,3.0,3.3,0.8,0.4,0.3,0.9,2.4,9.2)
(2007,297,Rasho Nesterovic,C,30,TOR,80,73,21.0,2.9,5.3,.546,0.0,0.0,.000,2.9,5.3,.548,.546,0.4,0.6,.680,1.4,3.1,4.5,0.9,0.5,1.1,0.7,2.4,6.2)
(2007,Rk,Player,Pos,Age,Tm,G,GS,MP,FG,FGA,FG%,3P,3PA,3P,2P,2PA,2P,eFG%,FT,FTA,FT%,ORB,DRB,TRB,AST,STL,BLK,TOV,PF,PTS)
(2007,304,Jermaine O'Neal,C,28,IND,69,69,35.6,7.2,16.5,.436,0.0,0.1,.000,7.2,16.4,.439,.436,5.0,6.5,.767,2.2,7.4,9.6,2.4,0.7,2.6,2.9,3.4,19.4)
(2007,308,Emeka Okafor,C,24,CHA,67,65,34.8,5.9,11.0,.532,0.0,0.0,,5.9,11.0,.532,.532,2.6,4.4,.593,3.9,7.4,11.3,1.2,0.9,2.6,1.7,3.1,14.4)
(2007,312,Bo Outlaw,PF,35,ORL,41,0,11.2,0.8,1.2,.667,0.0,0.0,,0.8,1.2,.667,.667,0.3,0.5,.591,1.1,1.4,2.6,0.4,0.4,0.1,0.5,1.4,2.0)
(2007,316,Jannero Pargo,PG,27,NOK,82,7,20.9,3.5,8.4,.409,1.0,2.5,.388,2.5,5.9,.418,.467,1.3,1.5,.852,0.2,2.0,2.2,2.5,0.6,0.0,1.5,1.5,9.2)
(2007,320,Ruben Patterson,SF,31,MIL,81,53,31.0,5.9,10.7,.548,0.0,0.2,.158,5.8,10.5,.557,.550,3.0,4.6,.641,2.3,3.1,5.4,2.9,1.4,0.3,2.5,2.9,14.7)
(2007,323,Gary Payton*,PG,38,MIA,68,28,22.1,2.1,5.4,.393,0.5,1.8,.260,1.6,3.6,.461,.437,0.6,0.8,.667,0.3,1.7,1.9,3.0,0.6,0.0,1.0,1.7,5.3)
(2007,327,Eric Piatkowski,SG,36,PHO,11,0,6.6,0.8,2.3,.360,0.6,1.6,.389,0.2,0.6,.286,.500,0.2,0.2,1.000,0.2,0.6,0.8,0.4,0.0,0.1,0.5,0.5,2.5)
(2007,331,Scot Pollard,C,31,CLE,24,0,4.5,0.5,1.1,.423,0.0,0.0,,0.5,1.1,.423,.423,0.1,0.2,.500,0.6,0.7,1.3,0.1,0.2,0.0,0.2,1.1,1.0)
(2007,335,Josh Powell,PF,24,TOT,37,0,9.5,1.2,2.5,.462,0.0,0.0,,1.2,2.5,.462,.462,0.8,1.1,.714,0.6,1.7,2.4,0.6,0.1,0.3,0.8,1.6,3.1)
(2007,339,Joel Przybilla,C,27,POR,43,43,16.3,0.9,1.8,.474,0.0,0.0,,0.9,1.8,.474,.474,0.2,0.6,.370,1.4,2.5,3.9,0.3,0.2,1.6,0.9,2.9,2.0)
(2007,342,Shavlik Randolph,PF,23,PHI,13,6,13.8,1.8,3.7,.479,0.0,0.0,,1.8,3.7,.479,.479,0.9,1.7,.545,1.5,2.7,4.2,0.3,0.5,0.8,0.7,1.8,4.5)
(2007,346,Michael Redd,SF,27,MIL,53,53,38.4,9.0,19.3,.465,2.2,5.8,.382,6.8,13.6,.501,.522,6.5,7.8,.829,0.8,2.9,3.7,2.3,1.2,0.2,2.3,1.5,26.7)
(2007,350,Jason Richardson,SG,26,GSW,51,49,32.8,6.0,14.4,.417,2.2,5.9,.365,3.8,8.5,.453,.492,1.8,2.7,.657,1.4,3.7,5.1,3.4,1.1,0.6,1.6,2.5,16.0)
(2007,354,Anthony Roberson,PG,23,GSW,20,1,11.4,2.2,5.2,.423,1.1,2.8,.382,1.2,2.5,.469,.524,0.1,0.2,.667,0.1,1.0,1.1,0.5,0.6,0.0,0.7,1.4,5.6)
(2007,358,Nate Robinson,PG,22,NYK,64,5,21.2,3.5,8.2,.434,1.3,3.3,.390,2.3,4.8,.465,.513,1.7,2.2,.777,0.9,1.5,2.4,1.4,0.8,0.1,1.1,2.5,10.1)
(2007,361,Jalen Rose,SF,34,PHO,29,0,8.5,1.3,3.0,.442,0.7,1.6,.447,0.6,1.3,.436,.564,0.4,0.4,.917,0.1,0.7,0.8,0.6,0.2,0.1,0.3,0.8,3.7)
(2007,365,Michael Ruffin,PF,30,WAS,30,0,9.0,0.2,0.6,.278,0.0,0.0,,0.2,0.6,.278,.278,0.2,0.6,.368,1.2,0.9,2.1,0.2,0.2,0.3,0.4,1.4,0.6)
(2007,369,Luke Schenscher,C,24,POR,11,0,10.7,0.6,2.1,.304,0.0,0.0,,0.6,2.1,.304,.304,0.5,0.6,.714,0.9,1.4,2.3,0.1,0.2,0.4,0.4,2.3,1.7)
(2007,373,Cedric Simmons,PF,21,NOK,43,4,12.4,1.3,3.1,.417,0.0,0.0,,1.3,3.1,.417,.417,0.4,0.8,.485,1.0,1.5,2.5,0.3,0.2,0.5,0.5,1.7,2.9)
(2007,377,Craig Smith,PF,23,MIN,82,5,18.7,3.0,5.6,.531,0.0,0.1,.000,3.0,5.6,.538,.531,1.4,2.3,.624,1.8,3.3,5.1,0.6,0.6,0.2,0.9,2.7,7.4)
(2007,Rk,Player,Pos,Age,Tm,G,GS,MP,FG,FGA,FG%,3P,3PA,3P,2P,2PA,2P,eFG%,FT,FTA,FT%,ORB,DRB,TRB,AST,STL,BLK,TOV,PF,PTS)
(2007,384,Darius Songaila,PF,28,WAS,37,1,18.9,3.2,6.1,.524,0.0,0.1,.000,3.2,6.0,.529,.524,1.2,1.5,.852,1.2,2.4,3.6,1.0,0.5,0.3,1.2,2.8,7.6)
(2007,388,DeShawn Stevenson,SG,25,WAS,82,82,29.5,4.2,9.2,.461,0.9,2.2,.404,3.3,7.0,.479,.510,1.9,2.6,.704,0.7,2.0,2.6,2.7,0.8,0.2,1.5,1.9,11.2)
(2007,392,Amar'e Stoudemire,C,24,PHO,82,78,32.8,7.4,12.9,.575,0.0,0.0,.000,7.4,12.8,.577,.575,5.6,7.1,.781,2.7,6.9,9.6,1.0,1.0,1.3,2.8,3.6,20.4)
(2007,396,Donell Taylor,SG,24,WAS,47,1,7.9,1.2,3.0,.400,0.1,0.4,.176,1.1,2.6,.431,.411,0.2,0.4,.524,0.3,0.8,1.1,1.0,0.4,0.1,0.5,0.7,2.7)
(2007,400,Etan Thomas,C,28,WAS,65,32,19.2,2.4,4.3,.574,0.0,0.0,,2.4,4.3,.574,.574,1.2,2.1,.558,2.1,3.7,5.8,0.4,0.3,1.4,1.1,2.5,6.1)
(2007,403,Tim Thomas,PF,29,LAC,76,24,27.0,3.9,9.5,.414,1.8,4.7,.382,2.1,4.8,.444,.508,1.3,1.9,.708,0.8,4.1,5.0,2.3,0.7,0.4,1.4,3.0,11.0)
(2007,407,Jake Tsakalidis,C,27,TOT,36,7,10.8,0.8,2.0,.403,0.0,0.0,,0.8,2.0,.403,.403,0.7,1.1,.667,1.2,1.7,2.9,0.1,0.2,0.3,0.7,1.4,2.3)
(2007,411,Ime Udoka,SF,29,POR,75,75,28.6,3.2,6.9,.461,1.2,2.9,.406,2.0,3.9,.502,.548,0.9,1.2,.742,1.3,2.5,3.7,1.5,0.9,0.2,1.0,2.8,8.4)
(2007,415,Charlie Villanueva,PF,22,MIL,39,17,25.2,4.6,9.8,.470,0.7,2.2,.337,3.9,7.6,.508,.508,1.9,2.3,.820,1.6,4.3,5.8,0.9,0.6,0.3,1.4,2.8,11.8)
(2007,419,Dwyane Wade,SG,25,MIA,51,50,37.9,9.3,18.9,.491,0.4,1.5,.266,8.8,17.3,.511,.502,8.5,10.5,.807,1.0,3.7,4.7,7.5,2.1,1.2,4.2,2.3,27.4)
(2007,422,Antoine Walker,PF,30,MIA,78,15,23.3,3.4,8.6,.397,1.1,3.9,.275,2.3,4.7,.499,.460,0.6,1.3,.438,1.2,3.2,4.3,1.7,0.6,0.2,1.8,2.2,8.5)
(2007,426,Luke Walton,SF,26,LAL,60,60,33.0,4.4,9.3,.474,0.8,2.1,.387,3.6,7.2,.499,.517,1.8,2.4,.745,1.5,3.6,5.0,4.3,1.0,0.4,2.0,2.0,11.4)
(2007,430,Martell Webster,SF,20,POR,82,27,21.5,2.4,6.0,.396,1.1,3.0,.364,1.3,3.0,.430,.489,1.1,1.6,.705,0.5,2.4,2.9,0.6,0.4,0.2,0.9,1.5,7.0)
(2007,434,Delonte West,SG,23,BOS,69,47,32.2,4.4,10.4,.427,0.9,2.6,.365,3.5,7.8,.447,.472,2.4,2.9,.853,0.5,2.6,3.0,4.4,1.1,0.5,2.0,2.2,12.2)
(2007,438,Mike Wilks,PG,27,SEA,47,4,11.4,1.4,3.0,.468,0.1,0.3,.333,1.3,2.7,.484,.486,0.7,0.9,.786,0.3,0.8,1.1,1.7,0.3,0.1,0.7,1.1,3.6)
(2007,441,Deron Williams,PG,22,UTA,80,80,36.9,6.2,13.5,.456,1.0,3.2,.322,5.2,10.4,.498,.494,2.8,3.7,.767,0.5,2.8,3.3,9.3,1.0,0.2,3.1,3.2,16.2)
(2007,445,Louis Williams,PG,20,PHI,61,0,11.3,1.5,3.5,.441,0.2,0.6,.324,1.3,2.9,.466,.469,1.0,1.5,.696,0.3,0.9,1.1,1.8,0.4,0.0,0.8,0.7,4.3)
(2007,449,Shammond Williams,PG,31,LAL,30,0,11.5,1.2,2.9,.407,0.7,1.7,.400,0.5,1.2,.417,.523,0.1,0.2,.667,0.4,1.0,1.3,1.0,0.4,0.0,0.4,0.7,3.1)
(2007,453,Kevin Willis,PF,44,DAL,5,0,8.6,1.0,2.6,.385,0.0,0.0,,1.0,2.6,.385,.385,0.4,0.4,1.000,0.4,1.2,1.6,0.2,0.4,0.2,0.4,2.2,2.4)
(2007,457,Dorell Wright,SF,21,MIA,66,19,19.6,2.5,5.5,.445,0.1,0.5,.147,2.4,5.0,.476,.452,1.0,1.3,.744,0.6,3.5,4.1,1.4,0.6,0.7,1.0,1.7,6.0)
