(2016,Rk,Player,Pos,Age,Tm,G,GS,MP,FG,FGA,FG%,3P,3PA,3P,2P,2PA,2P,eFG%,FT,FTA,FT%,ORB,DRB,TRB,AST,STL,BLK,TOV,PF,PTS)
(2016,4,Arron Afflalo,SG,30,NYK,38,38,33.0,5.5,11.9,.462,1.3,3.5,.371,4.2,8.4,.500,.517,1.6,1.8,.870,0.3,3.3,3.7,1.8,0.3,0.2,1.0,2.3,13.9)
(2016,8,Cliff Alexander,PF,20,POR,7,0,4.4,0.7,1.4,.500,0.0,0.0,,0.7,1.4,.500,.500,0.0,0.0,,0.3,0.6,0.9,0.0,0.1,0.3,0.1,0.0,1.4)
(2016,12,Lou Amundson,PF,33,NYK,18,0,7.7,0.9,1.9,.457,0.0,0.0,,0.9,1.9,.457,.457,0.5,1.0,.500,0.7,1.3,2.0,0.4,0.3,0.2,0.3,1.7,2.3)
(2016,16,Kyle Anderson,SF,22,SAS,41,2,12.2,1.4,2.7,.505,0.1,0.4,.333,1.2,2.3,.531,.527,0.7,1.0,.714,0.2,1.9,2.1,1.1,0.4,0.4,0.6,1.0,3.6)
(2016,20,Joel Anthony,C,33,DET,12,0,4.2,0.2,0.4,.400,0.0,0.0,,0.2,0.4,.400,.400,0.4,0.5,.833,0.5,0.7,1.2,0.1,0.2,0.3,0.1,0.6,0.8)
(2016,23,Darrell Arthur,PF,27,DEN,41,10,21.1,3.2,6.9,.473,0.4,1.0,.415,2.8,5.9,.483,.504,0.5,0.6,.800,1.2,2.9,4.1,1.2,0.9,0.7,0.9,2.5,7.4)
(2016,27,Luke Babbitt,SF,26,NOP,21,5,14.3,1.3,3.5,.370,0.8,2.4,.314,0.5,1.0,.500,.479,0.4,0.5,.727,0.2,2.3,2.5,0.5,0.0,0.1,0.2,1.8,3.7)
(2016,31,Andrea Bargnani,C,30,BRK,39,0,13.7,2.7,6.1,.444,0.1,0.4,.188,2.6,5.7,.462,.450,1.1,1.3,.820,0.6,1.5,2.1,0.3,0.1,0.2,0.6,1.4,6.6)
(2016,35,Brandon Bass,PF,30,LAL,38,0,18.0,2.5,4.4,.560,0.0,0.0,.000,2.5,4.4,.563,.560,1.4,1.6,.855,1.6,2.6,4.2,1.1,0.5,0.9,0.6,1.7,6.3)
(2016,39,Kent Bazemore,SF,26,ATL,40,33,28.3,4.7,10.0,.469,1.7,4.1,.423,3.0,6.0,.500,.555,1.9,2.2,.841,0.3,4.2,4.4,2.4,1.3,0.5,1.7,2.3,13.0)
(2016,42,Anthony Bennett,PF,22,TOR,12,0,5.3,0.4,1.7,.250,0.2,1.0,.167,0.3,0.7,.375,.300,0.6,0.7,.875,0.4,1.1,1.5,0.0,0.3,0.0,0.3,0.7,1.6)
(2016,46,Tarik Black,C,24,LAL,13,0,11.5,1.7,2.8,.595,0.0,0.0,,1.7,2.8,.595,.595,0.5,1.5,.368,1.2,3.2,4.4,0.2,0.2,0.3,0.6,1.9,3.9)
(2016,50,Bojan Bogdanovic,SF,26,BRK,45,17,27.0,3.6,8.4,.425,1.3,3.8,.337,2.3,4.7,.495,.500,1.0,1.3,.807,0.5,2.9,3.5,1.1,0.5,0.1,1.3,1.4,9.4)
(2016,54,Trevor Booker,PF,28,UTA,41,2,23.2,2.2,5.2,.432,0.1,0.5,.238,2.1,4.7,.453,.444,1.1,1.5,.721,2.7,4.0,6.7,1.0,0.9,0.5,1.3,2.5,5.7)
(2016,58,Aaron Brooks,PG,31,CHI,33,0,15.8,2.9,6.9,.417,1.1,2.8,.383,1.8,4.1,.440,.496,0.8,1.0,.818,0.4,1.5,1.9,2.3,0.2,0.2,1.0,2.0,7.7)
(2016,61,Markel Brown,SG,24,BRK,27,4,10.9,0.7,2.8,.263,0.3,1.4,.211,0.4,1.4,.316,.316,0.7,0.9,.760,0.1,1.1,1.3,1.0,0.3,0.1,0.4,1.3,2.5)
(2016,65,Trey Burke,PG,23,UTA,43,0,24.6,5.0,11.4,.436,1.5,4.3,.355,3.5,7.2,.484,.502,1.2,1.5,.785,0.3,1.7,2.1,2.7,0.7,0.1,1.4,1.3,12.7)
(2016,69,Rasual Butler,SF,36,SAS,28,0,9.2,1.0,2.3,.446,0.4,1.2,.303,0.7,1.1,.594,.523,0.3,0.4,.700,0.0,1.2,1.2,0.6,0.3,0.5,0.2,0.2,2.7)
(2016,73,Isaiah Canaan,PG,24,PHI,44,24,24.8,3.2,8.8,.359,2.1,5.9,.363,1.0,2.9,.352,.481,1.9,2.4,.808,0.2,2.0,2.2,1.9,0.7,0.2,1.5,1.7,10.4)
(2016,77,Michael Carter-Williams,PG,24,MIL,41,31,30.8,4.8,10.6,.452,0.3,0.9,.343,4.5,9.8,.461,.466,2.0,3.0,.659,0.9,4.1,5.0,5.6,1.6,0.7,2.9,2.8,11.9)
(2016,80,Mario Chalmers,PG,29,MIA,6,0,20.0,1.7,5.3,.313,0.2,1.8,.091,1.5,3.5,.429,.328,2.0,2.2,.923,0.2,2.2,2.3,3.2,1.3,0.2,1.5,2.7,5.5)
(2016,82,Ian Clark,SG,24,GSW,38,1,9.9,1.8,3.7,.472,0.7,1.4,.455,1.1,2.3,.483,.560,0.4,0.4,.875,0.2,0.9,1.1,1.1,0.3,0.2,0.7,0.9,4.6)
(2016,86,Nick Collison,PF,35,OKC,39,2,12.4,0.8,1.9,.427,0.0,0.1,.000,0.8,1.9,.438,.427,0.5,0.7,.704,1.3,1.8,3.1,0.8,0.3,0.3,0.7,2.0,2.1)
(2016,90,Bryce Cotton,PG,23,PHO,3,0,11.0,0.7,2.7,.250,0.0,1.0,.000,0.7,1.7,.400,.250,0.0,0.0,,0.0,0.0,0.0,1.0,1.0,0.0,1.7,0.7,1.3)
(2016,94,Jamal Crawford,SG,35,LAC,44,3,25.5,4.2,10.7,.392,1.3,3.8,.327,2.9,6.8,.429,.451,2.8,3.0,.931,0.2,1.5,1.6,2.0,0.5,0.1,1.4,1.6,12.4)
(2016,98,Seth Curry,PG,25,SAC,22,0,10.8,1.1,2.6,.439,0.5,1.2,.407,0.6,1.4,.467,.535,0.8,0.9,.850,0.1,0.7,0.8,0.8,0.3,0.0,0.5,0.6,3.5)
(2016,101,Anthony Davis,PF,22,NOP,38,38,35.7,8.8,17.8,.493,0.5,1.7,.288,8.3,16.1,.515,.507,5.2,6.8,.765,2.0,8.2,10.3,1.8,1.3,2.5,2.1,2.4,23.3)
(2016,105,Bryce Dejean-Jones,SG,23,NOP,2,0,1.0,0.5,0.5,1.000,0.5,0.5,1.000,0.0,0.0,,1.500,0.0,0.0,,0.0,0.0,0.0,0.0,0.0,0.0,0.0,0.0,1.5)
(2016,109,DeMar DeRozan,SG,26,TOR,44,44,36.5,7.9,17.8,.443,0.6,1.8,.321,7.3,15.9,.457,.460,6.9,8.1,.846,0.8,3.8,4.5,4.1,1.0,0.3,2.3,2.0,23.2)
(2016,113,Toney Douglas,PG,29,NOP,22,0,14.5,2.2,5.0,.440,0.9,2.2,.417,1.3,2.8,.459,.532,0.9,1.0,.909,0.4,0.8,1.1,1.9,1.0,0.0,0.8,1.9,6.2)
(2016,117,Tim Duncan,C,39,SAS,37,37,25.9,3.6,7.2,.506,0.0,0.1,.000,3.6,7.2,.509,.506,1.6,2.1,.744,1.7,5.8,7.5,3.0,0.9,1.3,1.7,2.4,8.9)
(2016,Rk,Player,Pos,Age,Tm,G,GS,MP,FG,FGA,FG%,3P,3PA,3P,2P,2PA,2P,eFG%,FT,FTA,FT%,ORB,DRB,TRB,AST,STL,BLK,TOV,PF,PTS)
(2016,123,James Ennis,PF,25,MIA,3,0,2.3,0.0,0.0,,0.0,0.0,,0.0,0.0,,,0.0,0.0,,0.0,0.0,0.0,0.3,0.0,0.0,0.0,0.3,0.0)
(2016,126,Tyreke Evans,PG,26,NOP,24,24,31.2,5.6,12.8,.435,1.3,3.4,.390,4.3,9.4,.451,.487,3.1,3.8,.822,0.8,4.5,5.3,6.8,1.3,0.3,3.0,2.7,15.6)
(2016,130,Cristiano Felicio,C,23,CHI,3,0,2.0,0.3,0.7,.500,0.0,0.3,.000,0.3,0.3,1.000,.500,0.0,0.0,,0.0,0.3,0.3,0.3,0.0,0.0,0.0,0.0,0.7)
(2016,134,Tim Frazier,PG,25,POR,30,1,8.3,0.6,1.9,.339,0.1,0.5,.188,0.5,1.3,.400,.366,0.3,0.4,.615,0.3,0.9,1.2,1.3,0.3,0.0,0.9,1.0,1.6)
(2016,138,Langston Galloway,PG,24,NYK,46,1,24.0,2.7,6.6,.417,0.9,2.5,.371,1.8,4.0,.446,.488,1.1,1.4,.800,0.5,2.9,3.4,2.2,0.8,0.2,0.7,2.0,7.5)
(2016,141,Pau Gasol,C,35,CHI,41,41,31.5,6.5,14.0,.467,0.2,0.6,.346,6.3,13.4,.473,.475,3.2,4.0,.795,2.3,8.4,10.8,3.1,0.6,2.1,2.0,2.0,16.5)
(2016,145,Taj Gibson,PF,30,CHI,43,25,25.3,3.3,6.4,.513,0.0,0.0,.000,3.3,6.4,.516,.513,1.2,1.7,.680,2.9,4.2,7.0,1.3,0.5,1.0,1.0,2.3,7.8)
(2016,149,Archie Goodwin,SG,21,PHO,25,3,14.9,2.2,5.1,.422,0.3,1.0,.280,1.9,4.1,.456,.449,2.2,3.5,.644,0.2,1.8,2.0,1.3,0.4,0.3,1.0,0.9,6.8)
(2016,153,Jerami Grant,SF,21,PHI,43,28,25.5,3.0,7.2,.421,0.4,1.9,.213,2.7,5.4,.494,.449,2.4,3.6,.677,1.3,3.2,4.5,1.3,0.7,1.6,1.2,2.9,8.9)
(2016,157,Erick Green,PG,24,DEN,3,0,2.3,0.0,0.3,.000,0.0,0.3,.000,0.0,0.0,,.000,0.0,0.0,,0.0,0.3,0.3,0.3,0.0,0.0,0.0,0.0,0.0)
(2016,Rk,Player,Pos,Age,Tm,G,GS,MP,FG,FGA,FG%,3P,3PA,3P,2P,2PA,2P,eFG%,FT,FTA,FT%,ORB,DRB,TRB,AST,STL,BLK,TOV,PF,PTS)
(2016,164,Tim Hardaway,SG,23,ATL,14,0,14.1,1.3,3.6,.353,0.5,1.9,.259,0.8,1.7,.458,.422,0.6,0.6,.889,0.1,1.0,1.1,1.1,0.4,0.1,0.4,0.6,3.6)
(2016,168,Devin Harris,PG,32,DAL,40,0,19.6,2.6,5.7,.460,0.7,2.1,.337,1.9,3.6,.531,.522,1.5,2.2,.682,0.3,1.8,2.1,2.1,1.0,0.2,1.0,2.0,7.4)
(2016,172,Aaron Harrison,SG,21,CHO,10,0,4.2,0.2,0.7,.286,0.1,0.3,.333,0.1,0.4,.250,.357,0.2,0.6,.333,0.3,0.5,0.8,0.0,0.2,0.0,0.1,0.1,0.7)
(2016,176,Gordon Hayward,SF,25,UTA,43,43,35.6,6.5,14.9,.436,1.9,5.0,.378,4.6,9.8,.466,.500,5.0,6.1,.816,0.8,4.2,5.0,3.6,1.2,0.3,2.6,2.2,19.8)
(2016,180,Roy Hibbert,C,29,LAL,46,46,25.2,2.4,5.6,.438,0.0,0.0,.000,2.4,5.5,.441,.438,1.9,2.2,.843,1.7,3.9,5.6,1.4,0.4,1.6,1.2,3.2,6.7)
(2016,183,George Hill,PG,29,IND,37,36,35.0,4.6,10.4,.444,1.9,4.4,.429,2.8,6.1,.455,.534,1.6,2.1,.734,0.8,3.2,4.0,3.2,1.4,0.2,1.5,2.1,12.7)
(2016,187,Kirk Hinrich,SG,35,CHI,28,6,15.8,1.4,3.3,.430,0.7,1.6,.422,0.8,1.7,.438,.532,0.5,0.6,.938,0.1,1.3,1.5,1.6,0.4,0.0,0.8,1.8,4.1)
(2016,190,Ryan Hollins,C,31,WAS,5,3,9.6,0.8,1.4,.571,0.0,0.0,,0.8,1.4,.571,.571,0.0,0.0,,1.4,0.8,2.2,0.0,0.0,0.2,0.6,0.8,1.6)
(2016,193,Rodney Hood,SG,23,UTA,41,41,30.5,4.7,11.4,.412,1.8,5.2,.349,2.9,6.2,.465,.491,2.4,2.7,.884,0.4,2.8,3.2,2.6,0.9,0.2,1.6,3.0,13.6)
(2016,197,Kris Humphries,PF,30,WAS,27,14,17.1,2.4,5.8,.408,0.9,2.4,.348,1.5,3.4,.451,.481,1.1,1.1,.935,1.0,3.2,4.2,0.6,0.1,0.5,0.7,1.6,6.7)
(2016,Rk,Player,Pos,Age,Tm,G,GS,MP,FG,FGA,FG%,3P,3PA,3P,2P,2PA,2P,eFG%,FT,FTA,FT%,ORB,DRB,TRB,AST,STL,BLK,TOV,PF,PTS)
(2016,204,Kyrie Irving,PG,23,CLE,16,16,27.1,6.0,14.6,.412,1.2,4.2,.284,4.8,10.4,.464,.453,2.6,3.0,.875,1.0,1.8,2.8,3.8,0.8,0.3,1.9,1.3,15.8)
(2016,208,Al Jefferson,C,31,CHO,19,17,25.2,5.6,11.7,.482,0.0,0.0,,5.6,11.7,.482,.482,1.3,2.2,.571,1.2,4.9,6.1,1.6,0.7,1.1,0.7,2.4,12.5)
(2016,212,Brandon Jennings,PG,26,DET,13,0,17.5,2.4,6.2,.383,1.0,3.2,.317,1.4,3.1,.450,.463,1.5,1.8,.792,0.3,1.8,2.2,3.5,0.4,0.0,1.1,0.8,7.2)
(2016,216,James Johnson,PF,28,TOR,36,15,15.3,2.0,3.9,.521,0.3,0.9,.355,1.7,3.0,.569,.561,0.7,1.1,.625,0.5,1.6,2.1,1.0,0.5,0.5,0.9,1.3,5.1)
(2016,220,Wesley Johnson,SF,28,LAC,44,4,18.2,2.4,5.5,.428,1.2,3.6,.338,1.2,2.0,.593,.537,0.4,0.6,.607,0.5,2.1,2.5,0.5,0.9,0.5,0.6,1.8,6.3)
(2016,223,Terrence Jones,PF,24,HOU,40,11,23.1,3.8,8.2,.460,0.6,1.8,.347,3.2,6.4,.492,.498,1.6,2.5,.650,1.5,3.3,4.8,1.0,0.5,0.9,1.2,1.9,9.8)
(2016,229,Enes Kanter,C,23,OKC,46,0,20.6,4.6,8.2,.559,0.0,0.1,.400,4.6,8.1,.561,.562,2.3,3.0,.775,2.9,4.6,7.5,0.5,0.2,0.4,1.2,1.9,11.6)
(2016,233,Sean Kilpatrick,SG,26,DEN,5,0,6.8,0.6,2.2,.273,0.6,2.2,.273,0.0,0.0,,.409,0.6,0.8,.750,0.2,0.2,0.4,0.2,0.4,0.0,0.2,0.6,2.4)
(2016,237,Jeremy Lamb,SG,23,CHO,38,0,21.7,4.3,9.3,.469,1.0,3.2,.311,3.3,6.1,.552,.523,1.2,1.6,.770,0.8,3.7,4.5,1.3,0.6,0.4,0.9,1.6,10.9)
(2016,Rk,Player,Pos,Age,Tm,G,GS,MP,FG,FGA,FG%,3P,3PA,3P,2P,2PA,2P,eFG%,FT,FTA,FT%,ORB,DRB,TRB,AST,STL,BLK,TOV,PF,PTS)
(2016,244,David Lee,PF,32,BOS,30,4,15.7,2.9,6.4,.453,0.0,0.0,.000,2.9,6.4,.455,.453,1.3,1.7,.784,1.4,3.0,4.3,1.8,0.4,0.4,1.3,1.7,7.1)
(2016,248,Jon Leuer,PF,26,PHO,41,22,20.8,3.6,7.4,.492,0.8,2.0,.407,2.8,5.4,.523,.546,1.0,1.3,.736,1.0,4.7,5.7,1.3,0.6,0.4,1.2,2.1,9.0)
(2016,252,Brook Lopez,C,27,BRK,45,45,33.4,7.8,15.9,.494,0.0,0.1,.000,7.8,15.8,.497,.494,4.1,5.2,.789,3.0,5.4,8.3,1.6,0.7,1.9,2.3,3.0,19.8)
(2016,256,Trey Lyles,PF,20,UTA,41,27,18.6,2.0,4.5,.435,0.5,1.0,.475,1.5,3.6,.425,.487,0.6,1.0,.610,1.0,3.2,4.2,0.8,0.3,0.3,0.8,1.5,5.0)
(2016,260,Boban Marjanovic,C,27,SAS,26,1,8.1,2.0,3.3,.612,0.0,0.0,,2.0,3.3,.612,.612,1.5,2.0,.736,1.2,2.1,3.3,0.3,0.3,0.5,0.7,1.1,5.5)
(2016,263,Kevin Martin,SG,32,MIN,35,12,22.6,3.5,9.2,.375,1.0,2.8,.364,2.4,6.4,.379,.430,3.3,3.8,.886,0.3,1.8,2.0,1.3,0.5,0.0,1.0,1.7,11.3)
(2016,267,James Michael McAdoo,PF,23,GSW,25,0,5.9,0.9,1.6,.550,0.0,0.0,,0.9,1.6,.550,.550,0.5,1.1,.481,0.6,0.7,1.3,0.4,0.3,0.2,0.4,0.7,2.3)
(2016,271,K.J. McDaniels,SG,22,HOU,15,0,3.9,0.5,1.7,.320,0.1,0.5,.286,0.4,1.2,.333,.360,0.2,0.3,.600,0.3,0.6,0.9,0.1,0.2,0.3,0.3,0.8,1.4)
(2016,275,Ben McLemore,SG,22,SAC,43,37,21.1,2.8,6.1,.454,0.9,2.3,.366,1.9,3.7,.509,.525,1.1,1.6,.731,0.5,1.6,2.0,1.1,0.9,0.1,1.5,2.0,7.5)
(2016,279,Jordan Mickey,PF,21,BOS,3,0,2.0,0.7,1.0,.667,0.0,0.0,,0.7,1.0,.667,.667,1.0,1.0,1.000,0.7,0.3,1.0,0.3,0.0,0.3,0.0,0.3,2.3)
(2016,282,Andre Miller,PG,39,MIN,20,0,10.8,1.4,2.3,.609,0.1,0.1,.500,1.4,2.2,.614,.620,0.7,0.9,.778,0.3,0.6,0.9,2.4,0.5,0.0,0.9,1.4,3.6)
(2016,286,Paul Millsap,PF,30,ATL,44,44,32.8,6.5,13.2,.494,0.8,2.7,.305,5.7,10.5,.542,.525,4.5,5.8,.781,2.5,6.3,8.8,3.5,1.9,1.4,2.3,3.0,18.4)
(2016,290,E'Twaun Moore,SG,26,CHI,32,0,15.2,2.0,4.2,.489,0.4,1.0,.406,1.6,3.2,.515,.538,0.3,0.6,.579,0.2,1.4,1.6,0.8,0.5,0.1,0.6,1.2,4.8)
(2016,294,Anthony Morrow,SG,30,OKC,40,5,15.3,2.1,4.9,.416,1.2,3.0,.405,0.8,1.9,.434,.541,0.4,0.5,.810,0.2,1.0,1.1,0.3,0.5,0.1,0.2,1.0,5.8)
(2016,298,Shabazz Muhammad,SG,23,MIN,45,0,20.2,3.6,7.6,.481,0.6,1.8,.321,3.1,5.8,.531,.519,2.1,2.7,.770,1.0,2.1,3.1,0.4,0.2,0.1,0.9,1.2,10.0)
(2016,301,Shabazz Napier,PG,24,ORL,36,0,12.1,1.4,4.0,.340,0.6,1.9,.313,0.8,2.1,.364,.413,0.8,1.0,.806,0.2,0.8,1.0,2.0,0.5,0.0,1.0,0.8,4.1)
(2016,305,Andrew Nicholson,PF,26,ORL,32,0,16.3,2.6,5.8,.452,0.8,2.1,.353,1.9,3.7,.508,.516,0.7,0.9,.767,0.7,3.2,3.9,0.3,0.2,0.3,0.8,1.4,6.7)
(2016,309,Steve Novak,PF,32,OKC,5,0,4.2,0.8,1.8,.444,0.6,1.2,.500,0.2,0.6,.333,.611,0.0,0.0,,0.0,0.6,0.6,0.0,0.0,0.0,0.0,0.2,2.2)
(2016,313,Johnny O'Bryant,PF,22,MIL,42,3,14.7,1.5,3.5,.432,0.0,0.0,1.000,1.5,3.5,.428,.435,0.5,0.8,.667,1.1,1.9,3.0,0.6,0.4,0.1,0.6,1.8,3.5)
(2016,317,Kelly Olynyk,C,24,BOS,44,8,20.8,3.8,8.3,.462,1.3,3.1,.434,2.5,5.2,.478,.542,1.0,1.5,.662,1.1,3.3,4.4,1.6,0.9,0.7,1.3,2.5,10.0)
(2016,Rk,Player,Pos,Age,Tm,G,GS,MP,FG,FGA,FG%,3P,3PA,3P,2P,2PA,2P,eFG%,FT,FTA,FT%,ORB,DRB,TRB,AST,STL,BLK,TOV,PF,PTS)
(2016,324,Lamar Patterson,SG,24,ATL,29,0,12.8,0.9,2.4,.366,0.4,1.5,.256,0.5,1.0,.536,.444,0.5,0.7,.700,0.1,1.6,1.7,1.3,0.2,0.1,0.7,1.5,2.7)
(2016,328,Cameron Payne,PG,21,OKC,30,0,11.5,2.1,4.8,.441,0.7,1.9,.386,1.4,2.9,.477,.517,0.2,0.3,.750,0.1,1.5,1.7,1.9,0.8,0.1,0.6,1.4,5.1)
(2016,332,Paul Pierce,SF,38,LAC,41,15,17.4,1.9,5.5,.348,1.1,3.5,.319,0.8,2.0,.398,.449,0.8,1.0,.795,0.2,2.7,2.9,1.0,0.4,0.2,0.7,1.8,5.7)
(2016,336,Otto Porter,SF,22,WAS,34,32,32.1,4.9,10.6,.458,1.2,3.8,.313,3.7,6.8,.539,.514,1.6,2.0,.783,1.4,4.2,5.6,2.1,1.6,0.4,1.2,2.4,12.5)
(2016,340,Norman Powell,SG,22,TOR,17,0,4.8,0.6,1.9,.303,0.1,0.4,.143,0.5,1.5,.346,.318,0.0,0.1,.000,0.4,0.6,1.0,0.2,0.4,0.0,0.2,0.5,1.2)
(2016,343,Pablo Prigioni,PG,38,LAC,24,1,13.9,0.9,2.2,.404,0.5,1.4,.324,0.4,0.8,.556,.510,0.1,0.1,1.000,0.6,1.1,1.7,2.2,1.2,0.0,0.9,1.3,2.3)
(2016,347,J.J. Redick,SG,31,LAC,40,40,27.7,5.5,11.2,.490,2.7,5.5,.493,2.8,5.7,.487,.611,2.8,3.1,.880,0.1,1.6,1.7,1.6,0.5,0.1,1.0,1.7,16.4)
(2016,351,Andre Roberson,SG,24,OKC,45,45,21.7,2.0,4.1,.495,0.4,1.4,.274,1.6,2.7,.607,.541,0.5,0.8,.611,1.1,2.2,3.3,0.8,0.9,0.7,0.6,1.8,4.9)
(2016,355,Glenn Robinson III,PF,22,IND,29,4,12.1,1.4,3.3,.433,0.3,0.9,.346,1.1,2.4,.465,.479,0.8,1.2,.676,0.3,1.4,1.7,0.5,0.4,0.2,0.4,0.4,4.0)
(2016,359,Terry Rozier,PG,21,BOS,17,0,6.0,0.7,2.8,.250,0.1,0.7,.167,0.6,2.1,.278,.271,0.2,0.2,1.000,0.4,0.6,1.0,0.5,0.0,0.0,0.5,0.6,1.7)
(2016,362,Brandon Rush,SG,30,GSW,35,23,16.1,1.9,4.3,.450,1.1,2.5,.455,0.8,1.7,.443,.584,0.2,0.3,.583,0.4,2.3,2.7,0.8,0.3,0.3,0.5,0.8,5.2)
(2016,366,Dennis Schroder,PG,22,ATL,43,6,21.5,4.1,9.9,.416,1.0,3.2,.324,3.1,6.7,.462,.469,1.5,1.9,.793,0.4,2.3,2.8,4.7,1.1,0.1,2.1,1.6,10.8)
(2016,370,Kevin Seraphin,C,26,NYK,28,0,10.5,1.6,4.3,.387,0.0,0.0,.000,1.6,4.2,.390,.387,0.4,0.5,.733,0.8,1.5,2.4,1.1,0.2,0.8,1.0,1.3,3.7)
(2016,374,Kyle Singler,SF,27,OKC,35,1,12.1,1.1,2.9,.363,0.5,1.5,.314,0.6,1.5,.412,.441,0.4,0.7,.652,0.5,1.2,1.7,0.2,0.4,0.1,0.5,1.6,3.0)
(2016,377,Ish Smith,PG,27,NOP,27,3,22.9,3.6,8.4,.430,0.4,1.2,.303,3.3,7.2,.451,.452,1.2,1.6,.767,0.5,2.9,3.4,5.7,0.9,0.2,1.7,1.4,8.9)
(2016,380,Josh Smith,PF,30,TOT,34,1,14.8,2.2,6.0,.373,0.6,2.0,.294,1.6,4.0,.412,.422,0.8,1.4,.587,1.1,2.8,3.9,1.5,0.6,1.1,1.3,2.0,5.9)
(2016,381,Russ Smith,PG,24,MEM,15,0,4.4,0.5,1.5,.318,0.1,0.3,.200,0.4,1.1,.353,.341,0.5,0.9,.615,0.1,0.5,0.6,0.7,0.3,0.1,0.5,0.3,1.5)
(2016,385,Nik Stauskas,SG,22,PHI,39,18,23.4,2.5,7.1,.351,1.4,4.5,.314,1.1,2.6,.416,.451,0.6,1.0,.641,0.3,2.1,2.3,1.8,0.6,0.4,1.2,1.4,7.0)
(2016,387,Jarnell Stokes,C,22,MIA,2,0,3.5,1.0,2.0,.500,0.0,0.0,,1.0,2.0,.500,.500,0.0,0.0,,0.0,0.5,0.5,0.0,0.0,0.0,0.0,0.0,2.0)
(2016,391,Walter Tavares,C,23,ATL,8,0,7.3,1.0,1.9,.533,0.0,0.0,,1.0,1.9,.533,.533,0.4,1.0,.375,0.8,1.1,1.9,0.3,0.1,0.6,0.5,0.6,2.4)
(2016,395,Jason Terry,SG,38,HOU,39,7,17.3,2.1,4.9,.435,1.3,3.5,.368,0.8,1.4,.600,.565,0.5,0.6,.792,0.1,0.9,0.9,1.4,0.7,0.2,0.7,1.4,6.0)
(2016,399,Jason Thompson,C,29,GSW,21,1,6.8,0.7,1.7,.429,0.0,0.0,,0.7,1.7,.429,.429,0.7,1.1,.625,0.4,1.9,2.3,0.8,0.1,0.3,0.2,1.6,2.1)
(2016,402,Marcus Thornton,SG,28,HOU,39,6,19.3,3.9,9.5,.411,1.6,4.6,.348,2.3,4.9,.469,.495,1.1,1.2,.875,0.6,1.8,2.5,1.3,0.8,0.0,0.9,1.5,10.5)
(2016,406,Evan Turner,SG,27,BOS,45,4,26.8,3.7,8.6,.425,0.2,1.4,.148,3.5,7.3,.477,.437,1.6,1.9,.833,0.6,3.9,4.5,4.0,0.9,0.3,2.1,1.6,9.1)
(2016,408,Beno Udrih,PG,33,MIA,24,3,15.4,1.5,3.6,.430,0.3,0.8,.368,1.3,2.8,.448,.471,0.4,0.4,.900,0.1,1.5,1.6,2.6,0.2,0.0,0.9,1.1,3.8)
(2016,412,Rashad Vaughn,SG,19,MIL,38,0,11.3,0.8,2.7,.298,0.5,1.4,.365,0.3,1.4,.231,.389,0.2,0.2,.889,0.2,1.0,1.2,0.4,0.3,0.2,0.4,0.8,2.3)
(2016,416,Sasha Vujacic,SG,31,NYK,29,8,12.2,1.1,3.6,.295,0.4,1.8,.235,0.7,1.9,.352,.352,0.3,0.5,.714,0.3,1.4,1.8,1.2,0.5,0.1,0.7,1.1,2.9)
(2016,420,John Wall,PG,25,WAS,41,41,35.7,7.5,17.3,.433,1.5,4.2,.349,6.0,13.1,.460,.475,3.5,4.4,.786,0.7,3.6,4.2,9.7,2.1,0.7,4.4,2.1,19.9)
(2016,423,Sonny Weems,SG,29,PHO,23,0,10.3,0.7,1.9,.372,0.3,0.7,.375,0.4,1.2,.370,.442,0.3,0.5,.636,0.2,1.0,1.2,1.3,0.3,0.0,1.0,1.0,2.0)
(2016,427,Shayne Whittington,PF,24,IND,2,0,3.5,0.5,0.5,1.000,0.0,0.0,,0.5,0.5,1.000,1.000,0.0,0.0,,0.0,0.5,0.5,1.0,0.0,0.5,1.0,1.0,1.0)
(2016,431,Derrick Williams,PF,24,NYK,45,0,16.7,3.0,6.8,.441,0.4,1.9,.233,2.6,4.9,.523,.474,2.7,3.6,.755,0.6,3.0,3.6,0.8,0.4,0.1,0.7,1.0,9.2)
(2016,435,Mo Williams,PG,33,CLE,27,14,22.9,4.1,9.0,.453,1.0,3.0,.338,3.1,6.0,.509,.508,1.3,1.5,.900,0.1,2.2,2.3,3.3,0.4,0.2,1.9,1.8,10.5)
(2016,439,Metta World Peace,SF,36,LAL,19,3,17.5,1.6,5.1,.313,0.9,2.4,.370,0.7,2.6,.260,.401,0.8,1.2,.696,0.5,2.0,2.5,0.9,0.6,0.5,0.4,1.8,4.9)
(2016,442,Tony Wroten,PG,22,PHI,8,3,18.0,2.8,8.1,.338,0.4,2.1,.176,2.4,6.0,.396,.362,2.5,4.6,.541,0.3,2.4,2.6,2.5,0.4,0.0,3.6,1.4,8.4)
(2016,446,Thaddeus Young,PF,27,BRK,45,45,32.3,6.9,13.5,.510,0.1,0.5,.217,6.8,13.0,.521,.514,1.4,2.3,.596,2.7,6.3,9.0,1.6,1.5,0.4,1.8,2.4,15.2)
