(2016,1,Quincy Acy,PF,25,SAC,22,7,11.0,1.4,2.5,.574,0.2,0.4,.500,1.2,2.1,.587,.611,0.7,1.0,.727,0.9,1.5,2.4,0.4,0.4,0.4,0.3,1.3,3.7)
(2016,5,Alexis Ajinca,C,27,NOP,33,6,12.4,2.2,4.2,.529,0.0,0.0,.000,2.2,4.2,.533,.529,0.5,0.6,.947,1.2,2.9,4.1,0.5,0.3,0.5,0.5,2.2,5.0)
(2016,9,Lavoy Allen,PF,26,IND,43,20,21.7,2.6,5.2,.493,0.0,0.0,,2.6,5.2,.493,.493,0.4,0.7,.571,2.1,3.3,5.4,1.0,0.4,0.5,1.0,1.8,5.5)
(2016,13,Chris Andersen,C,37,MIA,7,1,5.1,0.6,1.4,.400,0.3,0.7,.400,0.3,0.7,.400,.500,0.4,0.6,.750,0.4,0.9,1.3,0.4,0.1,0.4,0.3,0.6,1.9)
(2016,17,Ryan Anderson,PF,27,NOP,41,6,31.3,5.9,13.6,.436,2.1,5.4,.391,3.8,8.2,.466,.513,2.9,3.3,.881,1.9,4.1,6.0,1.0,0.6,0.4,1.6,1.7,16.8)
(2016,Rk,Player,Pos,Age,Tm,G,GS,MP,FG,FGA,FG%,3P,3PA,3P,2P,2PA,2P,eFG%,FT,FTA,FT%,ORB,DRB,TRB,AST,STL,BLK,TOV,PF,PTS)
(2016,24,Omer Asik,C,29,NOP,36,32,16.9,1.2,2.3,.500,0.0,0.0,,1.2,2.3,.500,.500,1.1,1.7,.633,1.7,3.8,5.5,0.4,0.3,0.4,1.0,2.0,3.4)
(2016,28,Cameron Bairstow,C,25,CHI,9,0,3.8,0.4,1.7,.267,0.0,0.2,.000,0.4,1.4,.308,.267,0.0,0.0,,0.4,0.9,1.3,0.0,0.1,0.1,0.1,0.7,0.9)
(2016,32,Harrison Barnes,SF,23,GSW,28,21,29.1,4.7,9.9,.471,1.1,2.9,.395,3.5,7.0,.503,.529,1.9,2.3,.841,1.1,3.6,4.7,1.9,0.9,0.2,1.0,1.9,12.4)
(2016,36,Nicolas Batum,SG,27,CHO,37,37,34.8,5.2,12.4,.415,2.0,5.8,.350,3.1,6.6,.472,.497,2.8,3.3,.844,0.9,5.3,6.3,5.4,0.9,0.5,3.1,1.8,15.1)
(2016,40,Bradley Beal,SG,22,WAS,21,17,34.0,7.1,15.8,.449,2.2,5.3,.411,4.9,10.5,.468,.518,2.8,3.7,.766,1.0,3.4,4.4,3.1,1.0,0.3,2.6,2.4,19.2)
(2016,43,Patrick Beverley,PG,27,HOU,35,27,25.8,3.2,7.7,.420,1.7,4.1,.423,1.5,3.6,.417,.532,0.7,1.0,.694,0.7,2.1,2.8,2.6,1.1,0.3,1.3,3.0,8.9)
(2016,47,DeJuan Blair,C,26,WAS,24,0,8.3,1.2,2.7,.438,0.0,0.0,.000,1.2,2.6,.444,.438,0.2,0.5,.455,0.8,1.3,2.2,0.4,0.3,0.1,0.6,2.0,2.5)
(2016,51,Andrew Bogut,C,31,GSW,37,33,20.9,2.6,4.2,.636,0.0,0.0,,2.6,4.2,.636,.636,0.3,0.8,.414,1.8,5.4,7.2,1.9,0.3,1.7,1.2,3.1,5.6)
(2016,55,Chris Bosh,PF,31,MIA,44,44,33.6,6.7,14.2,.470,1.6,4.3,.378,5.1,9.9,.510,.527,4.1,5.1,.807,1.0,6.7,7.7,2.4,0.8,0.7,1.4,1.7,19.1)
(2016,59,Anthony Brown,SF,23,LAL,21,5,18.1,1.2,3.9,.317,0.6,2.1,.289,0.6,1.8,.351,.396,0.6,0.7,.800,0.3,1.9,2.2,0.4,0.4,0.2,0.6,1.0,3.7)
(2016,62,Kobe Bryant,SF,37,LAL,38,38,29.1,5.5,15.9,.347,1.6,6.6,.249,3.9,9.4,.415,.398,3.2,4.0,.784,0.7,3.3,3.9,3.5,0.9,0.2,2.3,1.9,15.8)
(2016,66,Alec Burks,SG,24,UTA,28,3,27.1,4.8,11.6,.409,1.0,2.7,.387,3.7,8.9,.416,.454,3.8,5.0,.752,0.6,3.0,3.6,2.1,0.6,0.1,1.8,2.5,14.3)
(2016,70,Bruno Caboclo,SF,20,TOR,2,0,1.0,0.0,0.5,.000,0.0,0.0,,0.0,0.5,.000,.000,0.0,0.0,,0.0,0.5,0.5,0.0,0.5,0.0,0.5,0.0,0.0)
(2016,74,Clint Capela,C,21,HOU,45,34,21.7,3.2,5.7,.569,0.0,0.0,,3.2,5.7,.569,.569,1.1,2.6,.426,2.7,4.4,7.1,0.8,0.9,1.2,1.0,2.6,7.5)
(2016,78,Omri Casspi,SF,27,SAC,38,17,30.0,4.7,9.2,.509,1.9,4.3,.448,2.7,4.9,.562,.614,1.2,2.1,.590,0.8,5.6,6.4,1.5,0.8,0.3,1.7,2.7,12.4)
(2016,80,Mario Chalmers,PG,29,MEM,36,5,22.7,3.2,7.4,.431,0.9,2.8,.343,2.3,4.7,.482,.494,3.7,4.6,.812,0.3,2.2,2.5,3.8,1.4,0.2,1.9,3.1,11.1)
(2016,83,Jordan Clarkson,SG,23,LAL,44,44,32.0,5.9,13.5,.439,1.0,3.0,.326,5.0,10.5,.472,.476,2.2,2.8,.784,1.1,2.7,3.8,2.4,1.2,0.2,1.8,2.1,15.1)
(2016,87,Mike Conley,PG,28,MEM,39,39,31.5,5.1,12.6,.406,1.4,4.0,.359,3.7,8.6,.427,.462,3.3,3.9,.850,0.5,2.4,2.9,5.8,1.3,0.3,1.5,1.8,15.0)
(2016,91,DeMarcus Cousins,C,25,SAC,35,35,33.7,9.1,20.3,.447,1.2,3.5,.347,7.8,16.7,.468,.477,7.4,10.0,.740,2.5,8.9,11.4,2.7,1.3,1.3,3.5,3.9,26.7)
(2016,95,Jae Crowder,SF,25,BOS,45,45,32.5,5.0,11.0,.454,1.8,4.8,.370,3.2,6.2,.518,.534,2.8,3.4,.822,1.1,4.1,5.1,1.9,1.8,0.5,1.4,2.6,14.6)
(2016,99,Stephen Curry,PG,27,GSW,42,42,33.9,10.0,19.5,.510,4.9,10.8,.451,5.1,8.7,.583,.635,5.3,5.9,.911,0.8,4.6,5.4,6.6,2.1,0.1,3.4,2.0,30.1)
(2016,102,Ed Davis,PF,26,POR,45,0,21.1,2.7,4.3,.619,0.0,0.0,,2.7,4.3,.619,.619,1.4,2.7,.525,3.0,4.4,7.3,1.1,0.6,0.7,0.8,2.6,6.8)
(2016,106,Sam Dekker,SF,21,HOU,3,0,2.0,0.0,0.0,,0.0,0.0,,0.0,0.0,,,0.0,0.0,,0.0,0.3,0.3,0.0,0.3,0.0,0.0,0.0,0.0)
(2016,110,Boris Diaw,PF,33,SAS,44,0,19.1,3.0,5.5,.535,0.4,1.0,.400,2.5,4.5,.566,.572,0.8,1.1,.740,0.9,2.5,3.3,2.5,0.4,0.3,1.3,1.4,7.2)
(2016,114,Goran Dragic,SG,29,MIA,37,37,32.5,5.0,10.7,.466,0.9,2.8,.327,4.1,7.9,.515,.509,1.4,1.9,.722,0.7,2.6,3.3,5.0,1.0,0.2,2.5,2.4,12.3)
(2016,118,Kevin Durant,SF,27,OKC,39,39,35.7,9.2,18.1,.507,2.3,6.0,.382,6.9,12.1,.569,.570,6.0,6.7,.886,0.4,7.3,7.7,4.5,1.0,1.2,3.0,1.6,26.6)
(2016,121,Wayne Ellington,SG,28,BRK,44,10,18.7,2.5,6.5,.378,0.9,2.9,.307,1.6,3.6,.434,.446,0.5,0.7,.800,0.2,1.9,2.1,0.9,0.6,0.1,0.6,0.9,6.3)
(2016,123,James Ennis,SF,25,MEM,7,0,4.0,0.4,1.1,.375,0.3,0.7,.400,0.1,0.4,.333,.500,0.7,1.1,.625,0.3,0.4,0.7,0.3,0.4,0.3,0.3,0.1,1.9)
(2016,127,Festus Ezeli,C,26,GSW,39,11,17.9,2.9,5.3,.556,0.0,0.0,,2.9,5.3,.556,.556,1.7,3.2,.532,2.1,3.8,5.9,0.7,0.4,1.3,0.9,2.3,7.6)
(2016,131,Raymond Felton,PG,31,DAL,45,20,26.7,3.4,8.2,.410,0.9,2.7,.325,2.5,5.5,.452,.464,1.7,2.0,.854,0.4,2.9,3.2,3.4,0.8,0.2,1.6,1.6,9.3)
(2016,135,Jimmer Fredette,SG,26,NOP,4,0,3.3,0.3,1.0,.250,0.0,0.3,.000,0.3,0.8,.333,.250,0.0,0.0,,0.0,0.0,0.0,0.3,0.3,0.0,0.3,0.3,0.5)
(2016,139,Kevin Garnett,PF,39,MIN,38,38,14.6,1.4,3.0,.470,0.0,0.0,.000,1.4,3.0,.474,.470,0.4,0.6,.667,0.4,3.6,3.9,1.6,0.7,0.3,0.4,1.8,3.2)
(2016,142,Rudy Gay,SF,29,SAC,39,39,34.0,7.1,15.2,.466,1.0,3.2,.325,6.1,12.1,.503,.500,2.7,3.4,.789,1.6,5.2,6.8,1.7,1.3,0.7,1.8,2.6,17.9)
(2016,146,Manu Ginobili,SG,38,SAS,38,0,19.8,3.7,8.0,.469,1.2,3.2,.383,2.5,4.8,.525,.545,1.6,2.0,.803,0.6,2.4,2.9,3.4,1.1,0.2,1.7,1.6,10.3)
(2016,150,Aaron Gordon,PF,20,ORL,41,1,19.6,2.7,5.5,.496,0.5,1.3,.345,2.3,4.2,.544,.538,1.3,2.0,.688,1.7,3.3,5.0,1.2,0.6,0.7,0.8,1.9,7.3)
(2016,154,Jerian Grant,PG,23,NYK,43,0,15.8,1.7,4.8,.341,0.2,1.1,.146,1.5,3.7,.400,.358,1.3,1.6,.824,0.3,1.5,1.7,2.3,0.5,0.1,1.1,1.4,4.8)
(2016,158,Gerald Green,SG,30,MIA,38,9,26.4,3.9,9.9,.399,1.6,4.7,.339,2.4,5.2,.452,.479,1.2,1.6,.783,0.4,2.1,2.6,0.9,0.6,0.4,0.9,2.2,10.7)
(2016,161,Blake Griffin,PF,26,LAC,30,30,34.9,9.4,18.4,.508,0.2,0.6,.353,9.2,17.9,.513,.514,4.3,5.9,.725,1.6,7.0,8.7,5.0,0.7,0.6,2.4,2.8,23.2)
(2016,165,James Harden,SG,26,HOU,46,46,37.4,8.1,19.2,.422,2.7,8.0,.339,5.4,11.2,.481,.493,8.7,10.0,.863,0.8,5.4,6.2,7.0,1.5,0.7,4.5,2.7,27.5)
(2016,169,Gary Harris,SG,21,DEN,38,38,30.4,4.3,9.4,.454,1.3,3.6,.368,2.9,5.8,.507,.524,1.2,1.5,.793,0.7,2.1,2.8,1.8,1.1,0.2,1.4,2.0,11.1)
(2016,173,Udonis Haslem,PF,35,MIA,21,0,8.0,0.7,1.8,.368,0.0,0.3,.167,0.6,1.5,.406,.382,0.4,0.4,.889,0.3,1.9,2.2,0.6,0.2,0.1,0.2,0.6,1.8)
(2016,177,Gerald Henderson,SG,28,POR,37,0,16.2,2.4,6.1,.396,0.6,1.8,.364,1.8,4.4,.410,.449,1.2,1.6,.721,0.4,2.1,2.5,0.9,0.2,0.2,0.9,0.8,6.7)
(2016,Rk,Player,Pos,Age,Tm,G,GS,MP,FG,FGA,FG%,3P,3PA,3P,2P,2PA,2P,eFG%,FT,FTA,FT%,ORB,DRB,TRB,AST,STL,BLK,TOV,PF,PTS)
(2016,184,Jordan Hill,PF,28,IND,40,6,21.7,4.0,7.9,.505,0.0,0.0,.000,4.0,7.9,.506,.505,1.5,2.2,.686,2.6,4.6,7.1,1.2,0.6,0.4,1.3,2.4,9.4)
(2016,188,Jrue Holiday,PG,25,NOP,37,14,25.0,5.0,11.4,.439,1.2,3.1,.379,3.8,8.2,.462,.492,2.3,2.9,.785,0.3,2.4,2.6,5.1,1.1,0.4,2.1,2.3,13.5)
(2016,190,Ryan Hollins,C,31,MEM,6,0,10.0,1.2,2.0,.583,0.0,0.0,,1.2,2.0,.583,.583,0.3,0.5,.667,1.2,1.0,2.2,0.5,0.3,0.8,0.5,1.8,2.7)
(2016,194,Al Horford,C,29,ATL,45,45,31.5,6.5,13.0,.498,0.9,2.9,.318,5.6,10.1,.551,.534,1.3,1.6,.781,2.2,5.0,7.2,3.0,0.8,1.5,1.3,1.9,15.2)
(2016,198,R.J. Hunter,SG,22,BOS,23,0,10.6,1.1,3.2,.342,0.5,2.1,.250,0.6,1.1,.520,.425,0.2,0.3,.833,0.1,1.2,1.3,0.4,0.5,0.2,0.3,1.3,2.9)
(2016,201,Ersan Ilyasova,PF,28,DET,44,44,28.0,4.2,9.8,.425,1.5,4.1,.368,2.6,5.7,.466,.502,1.4,2.0,.709,2.0,3.5,5.5,1.2,0.8,0.6,1.1,2.3,11.2)
(2016,205,Jarrett Jack,PG,32,BRK,32,32,32.1,4.4,11.2,.391,1.0,3.2,.304,3.4,8.0,.426,.434,3.1,3.5,.893,0.3,4.0,4.3,7.4,1.1,0.2,2.9,2.4,12.8)
(2016,209,Cory Jefferson,PF,25,PHO,7,0,6.4,1.0,2.9,.350,0.0,0.1,.000,1.0,2.7,.368,.350,0.3,0.6,.500,0.7,1.4,2.1,0.0,0.0,0.1,0.0,1.1,2.3)
(2016,213,Jonas Jerebko,PF,28,BOS,44,0,13.7,1.3,3.3,.379,0.5,1.1,.408,0.8,2.2,.365,.448,0.6,0.8,.771,0.9,2.3,3.2,0.8,0.3,0.2,0.6,1.7,3.6)
(2016,217,Joe Johnson,SF,34,BRK,45,45,34.2,4.3,11.0,.390,1.5,4.0,.365,2.8,7.0,.405,.457,1.3,1.6,.822,0.7,3.2,3.9,3.7,0.7,0.0,1.8,1.9,11.4)
(2016,Rk,Player,Pos,Age,Tm,G,GS,MP,FG,FGA,FG%,3P,3PA,3P,2P,2PA,2P,eFG%,FT,FTA,FT%,ORB,DRB,TRB,AST,STL,BLK,TOV,PF,PTS)
(2016,224,Tyus Jones,PG,19,MIN,9,0,10.9,1.2,3.4,.355,0.2,0.4,.500,1.0,3.0,.333,.387,0.3,0.6,.600,0.3,1.3,1.7,1.6,0.4,0.1,0.9,0.7,3.0)
(2016,226,Cory Joseph,PG,24,TOR,44,0,25.7,3.0,6.7,.449,0.3,1.2,.269,2.7,5.5,.488,.473,2.0,2.6,.761,0.5,2.0,2.5,3.0,0.9,0.3,1.3,1.6,8.3)
(2016,230,Sergey Karasev,SF,22,BRK,20,0,6.1,0.5,1.1,.429,0.1,0.5,.200,0.4,0.6,.636,.476,0.3,0.3,1.000,0.1,0.7,0.8,0.2,0.1,0.0,0.4,0.3,1.3)
(2016,234,Brandon Knight,SG,24,PHO,42,41,36.3,7.4,17.3,.424,2.1,6.2,.333,5.3,11.1,.475,.484,2.9,3.4,.847,0.6,3.1,3.7,5.1,1.3,0.3,3.5,2.4,19.7)
(2016,238,Carl Landry,PF,32,PHI,11,2,12.8,3.2,5.5,.574,0.1,0.2,.500,3.1,5.4,.576,.582,1.4,2.1,.652,0.9,2.0,2.9,0.4,0.5,0.3,0.8,1.7,7.8)
(2016,241,Zach LaVine,PG,20,MIN,45,6,23.0,4.4,10.6,.414,0.9,2.8,.331,3.5,7.8,.444,.458,2.1,2.5,.833,0.4,2.6,3.1,3.1,0.6,0.1,2.0,2.2,11.8)
(2016,245,Alex Len,C,22,PHO,42,17,19.2,2.5,5.5,.459,0.0,0.1,.250,2.5,5.5,.463,.461,1.6,2.3,.716,1.7,4.1,5.9,0.9,0.5,0.9,1.4,2.5,6.7)
(2016,249,Damian Lillard,PG,25,POR,39,39,36.2,8.4,19.9,.423,3.1,8.1,.380,5.4,11.8,.452,.500,4.6,5.3,.870,0.6,3.7,4.4,6.9,0.9,0.3,3.3,2.4,24.6)
(2016,253,Robin Lopez,C,27,NYK,46,46,25.1,3.8,7.3,.519,0.0,0.0,,3.8,7.3,.519,.519,1.2,1.5,.824,2.5,3.5,6.0,1.5,0.2,1.4,1.6,2.6,8.8)
(2016,257,Shelvin Mack,PG,25,ATL,18,0,8.7,1.9,4.3,.436,0.2,1.2,.182,1.7,3.1,.536,.462,0.4,0.6,.727,0.1,0.9,1.0,1.9,0.4,0.0,0.7,0.3,4.4)
(2016,Rk,Player,Pos,Age,Tm,G,GS,MP,FG,FGA,FG%,3P,3PA,3P,2P,2PA,2P,eFG%,FT,FTA,FT%,ORB,DRB,TRB,AST,STL,BLK,TOV,PF,PTS)
(2016,264,Wesley Matthews,SG,29,DAL,42,42,33.0,4.4,11.3,.391,2.5,6.9,.361,1.9,4.3,.440,.502,1.6,1.9,.850,0.4,2.7,3.2,1.7,1.1,0.3,1.1,2.2,12.9)
(2016,268,Ray McCallum,PG,24,SAS,18,2,9.9,1.1,2.4,.432,0.1,0.5,.222,0.9,1.9,.486,.455,0.3,0.3,1.000,0.2,0.9,1.1,1.3,0.2,0.2,0.4,0.6,2.6)
(2016,272,Doug McDermott,SF,24,CHI,42,4,21.5,3.0,6.8,.436,1.3,3.0,.433,1.7,3.8,.438,.531,0.4,0.5,.842,0.5,1.9,2.3,0.7,0.2,0.1,0.7,1.4,7.6)
(2016,276,Josh McRoberts,PF,28,MIA,20,0,15.6,1.2,3.0,.400,0.2,1.1,.136,1.1,1.9,.553,.425,0.8,1.1,.682,0.8,2.2,3.0,1.8,0.5,0.2,0.9,1.7,3.3)
(2016,280,Khris Middleton,SG,24,MIL,46,46,36.0,6.2,14.0,.444,2.0,4.8,.423,4.2,9.2,.455,.516,3.3,3.7,.878,0.4,3.2,3.5,4.0,1.1,0.2,1.9,2.7,17.7)
(2016,283,Mike Miller,SF,35,DEN,32,1,8.7,0.5,1.3,.372,0.4,1.2,.359,0.1,0.1,.500,.535,0.0,0.0,,0.2,1.1,1.3,1.0,0.3,0.1,0.4,1.1,1.4)
(2016,287,Nikola Mirotic,PF,24,CHI,43,31,24.1,3.3,8.8,.381,1.7,4.8,.353,1.7,4.0,.415,.478,2.1,2.7,.783,0.9,4.9,5.8,1.4,0.9,0.7,1.5,2.1,10.5)
(2016,291,Eric Moreland,PF,24,SAC,5,0,4.8,0.4,0.6,.667,0.0,0.0,,0.4,0.6,.667,.667,0.0,0.4,.000,0.2,1.0,1.2,0.0,0.0,0.8,0.0,0.4,0.8)
(2016,295,Donatas Motiejunas,PF,25,HOU,14,1,13.4,2.2,4.4,.500,0.5,1.2,.412,1.7,3.2,.533,.556,0.6,1.0,.643,0.5,1.6,2.1,1.0,0.4,0.1,1.8,1.8,5.6)
(2016,299,Mike Muscala,PF,24,ATL,31,0,11.2,1.4,3.0,.467,0.3,0.9,.310,1.1,2.0,.540,.516,0.5,0.6,.833,0.5,1.6,2.2,0.5,0.3,0.5,0.6,1.3,3.5)
(2016,302,Gary Neal,SG,31,WAS,33,2,21.3,3.9,8.5,.459,1.1,2.6,.425,2.8,5.8,.474,.525,1.3,1.5,.863,0.3,1.8,2.1,1.3,0.5,0.0,0.8,1.3,10.2)
(2016,306,Joakim Noah,C,30,CHI,29,2,21.9,1.8,4.6,.383,0.0,0.0,.000,1.8,4.6,.386,.383,0.8,1.6,.489,3.0,5.8,8.8,3.8,0.6,1.0,1.8,2.7,4.3)
(2016,310,Dirk Nowitzki,PF,37,DAL,42,42,30.7,6.4,14.2,.450,1.8,4.5,.400,4.6,9.7,.473,.513,3.1,3.4,.903,0.7,5.9,6.7,1.8,0.6,0.6,1.1,1.8,17.7)
(2016,314,Kyle O'Quinn,PF,25,NYK,36,0,11.7,1.9,3.8,.504,0.0,0.3,.000,1.9,3.5,.543,.504,0.8,1.1,.769,1.2,2.6,3.9,1.2,0.4,0.6,1.1,1.8,4.7)
(2016,318,Kelly Oubre,SF,20,WAS,34,9,13.8,1.6,4.0,.401,0.6,1.6,.375,1.0,2.4,.420,.478,0.7,1.0,.697,0.5,2.1,2.6,0.3,0.4,0.1,0.6,1.8,4.5)
(2016,321,Jabari Parker,PF,20,MIL,40,36,27.8,4.7,9.8,.482,0.0,0.2,.000,4.7,9.7,.490,.482,1.9,2.4,.787,1.5,3.0,4.5,1.5,0.8,0.4,1.0,1.8,11.3)
(2016,325,Patrick Patterson,PF,26,TOR,44,0,24.0,2.4,6.1,.396,1.4,4.0,.341,1.1,2.1,.500,.507,0.2,0.2,.900,0.8,3.5,4.2,1.2,0.7,0.4,0.8,1.4,6.4)
(2016,329,Elfrid Payton,PG,21,ORL,38,37,29.5,4.5,10.7,.420,0.4,1.1,.357,4.1,9.6,.427,.439,1.8,2.9,.618,1.0,2.7,3.7,6.0,1.4,0.2,2.5,2.1,11.2)
(2016,333,Tibor Pleiss,C,26,UTA,11,0,7.1,1.0,2.3,.440,0.0,0.2,.000,1.0,2.1,.478,.440,0.2,0.2,1.000,0.5,0.8,1.4,0.2,0.1,0.2,0.7,1.7,2.2)
(2016,337,Bobby Portis,PF,20,CHI,23,0,14.4,2.8,6.3,.448,0.3,0.8,.316,2.6,5.5,.468,.469,0.7,1.0,.739,1.4,2.8,4.3,0.5,0.4,0.4,1.2,1.4,6.7)
(2016,Rk,Player,Pos,Age,Tm,G,GS,MP,FG,FGA,FG%,3P,3PA,3P,2P,2PA,2P,eFG%,FT,FTA,FT%,ORB,DRB,TRB,AST,STL,BLK,TOV,PF,PTS)
(2016,344,Tayshaun Prince,SF,35,MIN,45,34,20.9,1.5,3.2,.479,0.0,0.3,.167,1.5,2.9,.508,.486,0.1,0.2,.545,0.4,1.6,2.0,0.9,0.5,0.2,0.4,0.8,3.2)
(2016,348,Willie Reed,PF,25,BRK,25,0,10.5,1.8,3.2,.582,0.0,0.0,,1.8,3.2,.582,.582,0.6,1.3,.500,1.0,1.8,2.8,0.2,0.1,0.6,0.5,1.4,4.3)
(2016,352,Brian Roberts,PG,30,CHO,24,0,10.2,1.4,3.1,.440,0.2,0.7,.294,1.2,2.4,.483,.473,0.7,0.8,.944,0.1,0.8,0.9,1.2,0.3,0.0,0.5,0.6,3.7)
(2016,356,Rajon Rondo,PG,29,SAC,41,41,35.0,4.9,10.9,.449,0.7,2.1,.329,4.2,8.8,.478,.481,1.2,2.2,.560,1.2,5.3,6.5,11.6,1.8,0.2,3.9,2.2,11.7)
(2016,360,Ricky Rubio,PG,25,MIN,39,39,30.2,2.8,7.9,.352,0.7,2.3,.303,2.1,5.7,.371,.395,3.4,4.1,.832,0.7,3.7,4.4,8.6,2.2,0.1,2.4,2.6,9.7)
(2016,363,D'Angelo Russell,PG,19,LAL,44,22,27.0,4.8,11.5,.419,1.6,4.7,.332,3.3,6.8,.480,.487,1.0,1.5,.667,0.6,3.1,3.7,3.4,1.2,0.2,2.4,1.6,12.3)
(2016,367,Luis Scola,PF,35,TOR,44,44,23.4,4.1,9.0,.459,0.7,1.7,.432,3.4,7.3,.466,.500,1.0,1.2,.792,1.4,4.2,5.6,0.8,0.6,0.4,0.9,2.5,9.9)
(2016,371,Ramon Sessions,PG,29,WAS,41,0,21.3,3.4,7.1,.474,0.5,1.4,.322,2.9,5.7,.513,.507,2.8,3.7,.768,0.3,2.2,2.5,3.0,0.7,0.1,1.3,1.5,10.1)
(2016,375,Donald Sloan,PG,28,BRK,25,8,17.4,1.8,4.2,.429,0.4,1.1,.407,1.4,3.1,.436,.481,0.9,1.3,.697,0.4,2.2,2.7,4.1,0.4,0.0,1.4,0.9,5.0)
(2016,377,Ish Smith,PG,27,PHI,14,14,31.1,6.6,16.6,.401,0.5,1.5,.333,6.1,15.1,.408,.416,2.1,2.8,.744,0.6,2.7,3.3,8.1,1.5,0.3,2.9,2.0,15.9)
(2016,380,Josh Smith,PF,30,LAC,32,1,14.3,2.2,5.6,.383,0.6,1.8,.310,1.6,3.8,.418,.433,0.8,1.3,.595,1.0,2.9,3.9,1.3,0.6,1.1,1.3,1.9,5.7)
(2016,382,Tony Snell,SF,24,CHI,41,26,21.9,2.1,5.8,.369,1.0,2.9,.368,1.1,2.9,.370,.460,0.5,0.5,.909,0.3,3.2,3.5,1.0,0.3,0.3,1.0,1.5,5.8)
(2016,386,Lance Stephenson,SF,25,LAC,36,10,15.5,1.6,3.7,.439,0.4,1.1,.350,1.2,2.6,.478,.492,0.4,0.6,.696,0.5,1.9,2.4,1.4,0.5,0.1,1.1,1.8,4.1)
(2016,388,Amar'e Stoudemire,C,33,MIA,16,1,11.1,1.6,2.9,.553,0.0,0.0,,1.6,2.9,.553,.553,0.9,1.3,.714,0.9,1.6,2.5,0.6,0.2,0.4,0.9,1.1,4.2)
(2016,392,Jeff Teague,PG,27,ATL,42,41,28.4,4.9,12.0,.412,1.1,2.9,.383,3.8,9.1,.421,.458,3.4,4.0,.841,0.5,2.1,2.6,5.5,1.2,0.3,2.7,2.1,14.4)
(2016,396,Isaiah Thomas,PG,26,BOS,45,42,32.5,7.0,16.6,.422,2.0,5.9,.345,5.0,10.6,.466,.484,5.7,6.4,.892,0.6,2.4,3.0,6.6,1.2,0.1,2.7,1.9,21.7)
(2016,400,Klay Thompson,SG,25,GSW,42,42,32.9,7.4,16.1,.460,3.2,7.5,.425,4.2,8.6,.490,.558,2.6,3.1,.824,0.5,3.4,3.9,2.4,0.5,0.8,1.9,2.0,20.5)
(2016,403,Anthony Tolliver,PF,30,DET,43,0,19.2,1.7,4.6,.383,1.3,3.7,.363,0.4,0.9,.462,.528,0.5,0.8,.636,0.5,2.8,3.3,0.9,0.4,0.3,0.3,1.2,5.3)
(2016,407,Myles Turner,C,19,IND,22,0,16.8,3.5,6.2,.562,0.0,0.1,.000,3.5,6.1,.570,.562,1.6,2.3,.686,0.9,3.0,4.0,0.3,0.3,1.3,0.6,2.0,8.6)
(2016,409,Jonas Valanciunas,C,23,TOR,27,26,26.8,4.9,8.7,.555,0.0,0.0,,4.9,8.7,.555,.555,2.7,3.6,.745,3.1,6.1,9.2,0.9,0.4,1.3,1.6,2.5,12.4)
(2016,413,Charlie Villanueva,PF,31,DAL,38,4,12.0,2.3,6.1,.381,0.7,3.1,.237,1.6,3.0,.531,.442,0.4,0.4,.875,0.3,2.3,2.6,0.4,0.3,0.3,0.5,1.3,5.7)
(2016,417,Dwyane Wade,SG,34,MIA,41,40,30.1,7.1,15.6,.456,0.2,0.8,.226,7.0,14.9,.468,.462,3.8,5.0,.765,1.2,2.8,4.0,4.5,0.9,0.4,2.6,1.4,18.2)
(2016,Rk,Player,Pos,Age,Tm,G,GS,MP,FG,FGA,FG%,3P,3PA,3P,2P,2PA,2P,eFG%,FT,FTA,FT%,ORB,DRB,TRB,AST,STL,BLK,TOV,PF,PTS)
(2016,424,David West,PF,35,SAS,43,9,16.7,2.9,5.2,.563,0.0,0.1,.333,2.9,5.1,.566,.565,0.7,1.0,.727,0.8,3.2,4.0,1.7,0.6,0.6,0.9,1.7,6.6)
(2016,428,Andrew Wiggins,SG,20,MIN,44,44,34.9,7.4,16.6,.447,0.6,2.4,.243,6.8,14.2,.482,.464,5.4,7.3,.740,1.6,2.3,3.9,1.8,0.8,0.5,2.3,2.1,20.8)
(2016,432,Elliot Williams,PG,26,MEM,5,0,9.0,0.4,2.0,.200,0.2,0.8,.250,0.2,1.2,.167,.250,0.6,0.8,.750,0.2,0.6,0.8,0.8,0.0,0.0,0.2,0.4,1.6)
(2016,436,Justise Winslow,SF,19,MIA,41,3,27.0,2.0,5.3,.387,0.5,2.0,.263,1.5,3.3,.460,.435,0.8,1.2,.660,0.8,3.8,4.6,1.3,0.7,0.4,1.4,2.2,5.4)
(2016,440,Brandan Wright,PF,28,MEM,7,0,17.1,2.6,4.3,.600,0.0,0.0,,2.6,4.3,.600,.600,1.4,2.6,.556,0.9,2.6,3.4,0.6,0.1,1.4,0.6,1.3,6.6)
(2016,443,James Young,SG,20,BOS,17,0,8.9,0.5,1.6,.296,0.2,1.2,.200,0.2,0.4,.571,.370,0.1,0.2,.250,0.2,1.0,1.2,0.4,0.2,0.1,0.2,0.8,1.2)
(2016,447,Cody Zeller,C,23,CHO,40,27,24.8,3.2,6.5,.496,0.0,0.2,.000,3.2,6.2,.514,.496,2.6,3.5,.736,1.8,4.1,5.9,0.9,0.9,0.7,0.9,3.0,9.0)
