(2016,2,Jordan Adams,SG,21,MEM,2,0,7.5,1.0,3.0,.333,0.0,0.5,.000,1.0,2.5,.400,.333,1.5,2.5,.600,0.0,1.0,1.0,1.5,1.5,0.0,1.0,1.0,3.5)
(2016,6,Cole Aldrich,C,27,LAC,22,2,11.8,2.4,4.5,.530,0.0,0.0,,2.4,4.5,.530,.530,1.3,1.8,.725,1.1,2.7,3.8,0.9,0.7,0.7,0.9,2.1,6.1)
(2016,10,Tony Allen,SF,34,MEM,38,31,24.1,2.7,6.4,.420,0.2,0.6,.375,2.4,5.8,.425,.438,0.9,1.6,.574,1.7,2.8,4.5,1.0,1.7,0.3,1.1,2.9,6.5)
(2016,14,James Anderson,SG,26,SAC,22,6,9.7,0.6,2.3,.275,0.4,1.2,.346,0.2,1.1,.200,.363,0.4,0.5,.900,0.3,0.9,1.2,0.5,0.2,0.1,0.6,0.8,2.1)
(2016,18,Giannis Antetokounmpo,SF,21,MIL,44,43,34.1,5.9,11.6,.504,0.3,1.3,.228,5.6,10.3,.538,.517,3.5,4.6,.771,1.4,5.7,7.2,2.8,1.0,1.2,2.5,3.5,15.5)
(2016,21,Keith Appling,PG,23,ORL,2,0,7.5,1.0,3.0,.333,0.0,0.5,.000,1.0,2.5,.400,.333,1.0,1.0,1.000,0.0,0.5,0.5,0.0,0.5,0.0,1.0,1.5,3.0)
(2016,25,D.J. Augustin,PG,28,OKC,32,0,15.4,1.4,3.7,.376,0.7,1.9,.383,0.7,1.8,.368,.474,0.8,1.1,.765,0.2,1.0,1.1,1.9,0.4,0.1,0.9,1.2,4.3)
(2016,29,Leandro Barbosa,SG,33,GSW,31,0,14.4,2.6,5.8,.456,0.6,1.7,.385,2.0,4.1,.484,.511,0.7,0.8,.840,0.3,1.1,1.4,1.5,0.9,0.2,1.0,1.6,6.6)
(2016,33,Matt Barnes,SF,35,MEM,42,18,26.7,3.2,7.9,.411,1.4,4.3,.335,1.8,3.6,.500,.502,1.2,1.5,.820,1.1,4.0,5.1,1.7,1.2,0.7,1.3,3.1,9.1)
(2016,37,Jerryd Bayless,SG,27,MIL,28,7,28.5,3.8,8.8,.425,2.0,4.6,.423,1.8,4.2,.427,.536,1.2,1.5,.791,0.4,2.3,2.7,3.6,1.0,0.2,1.9,2.2,10.7)
(2016,Rk,Player,Pos,Age,Tm,G,GS,MP,FG,FGA,FG%,3P,3PA,3P,2P,2PA,2P,eFG%,FT,FTA,FT%,ORB,DRB,TRB,AST,STL,BLK,TOV,PF,PTS)
(2016,44,Bismack Biyombo,C,23,TOR,44,18,22.8,1.9,3.7,.509,0.0,0.0,,1.9,3.7,.509,.509,1.8,2.7,.667,2.4,6.0,8.4,0.3,0.2,1.5,1.1,2.8,5.5)
(2016,48,Steve Blake,PG,35,DET,29,0,15.5,1.6,4.2,.388,0.9,2.7,.351,0.7,1.5,.455,.500,0.2,0.2,.714,0.2,1.3,1.6,3.0,0.5,0.1,1.4,1.0,4.3)
(2016,52,Matt Bonner,C,35,SAS,18,1,5.9,0.8,1.6,.517,0.4,0.9,.500,0.4,0.7,.538,.655,0.1,0.1,.500,0.2,0.8,0.9,0.3,0.3,0.0,0.1,0.3,2.2)
(2016,56,Avery Bradley,SG,25,BOS,40,36,32.6,5.8,13.3,.438,2.0,5.5,.367,3.8,7.8,.487,.513,1.3,1.6,.769,0.7,2.0,2.6,2.1,1.6,0.3,1.5,2.0,14.9)
(2016,60,Lorenzo Brown,PG,25,PHO,6,0,9.2,1.2,3.8,.304,0.2,1.2,.143,1.0,2.7,.375,.326,0.5,0.7,.750,0.0,1.2,1.2,1.8,0.5,0.0,1.3,0.5,3.0)
(2016,63,Chase Budinger,SF,27,IND,39,2,16.0,1.7,4.2,.402,0.5,1.6,.295,1.2,2.6,.466,.457,0.8,1.1,.705,0.6,1.9,2.5,1.1,0.5,0.2,0.6,0.9,4.6)
(2016,67,Caron Butler,SF,35,SAC,9,1,9.6,1.2,2.9,.423,0.1,0.9,.125,1.1,2.0,.556,.442,0.1,0.2,.500,0.3,0.9,1.2,0.3,0.6,0.0,0.2,0.8,2.7)
(2016,71,Jose Calderon,PG,34,NYK,46,46,27.9,2.9,6.1,.473,1.2,2.8,.411,1.7,3.3,.527,.568,0.6,0.7,.875,0.4,2.7,3.1,4.0,1.0,0.1,1.1,1.7,7.5)
(2016,75,DeMarre Carroll,SF,29,TOR,23,22,32.0,4.3,11.1,.388,1.8,4.8,.378,2.5,6.3,.396,.471,1.2,2.1,.583,1.2,3.6,4.8,1.0,1.7,0.2,1.2,2.5,11.7)
(2016,79,Willie Cauley-Stein,C,22,SAC,29,19,19.1,2.3,3.8,.606,0.0,0.0,,2.3,3.8,.606,.606,1.0,1.9,.527,2.0,3.6,5.6,0.4,0.7,1.1,0.6,2.2,5.6)
(2016,Rk,Player,Pos,Age,Tm,G,GS,MP,FG,FGA,FG%,3P,3PA,3P,2P,2PA,2P,eFG%,FT,FTA,FT%,ORB,DRB,TRB,AST,STL,BLK,TOV,PF,PTS)
(2016,84,Norris Cole,PG,27,NOP,26,4,24.3,3.6,9.4,.380,0.6,2.4,.242,3.0,7.0,.426,.410,0.8,1.1,.750,0.2,3.0,3.3,2.4,0.8,0.2,1.4,2.2,8.5)
(2016,88,Pat Connaughton,SG,23,POR,18,0,2.9,0.2,1.0,.222,0.1,0.4,.250,0.1,0.6,.200,.278,0.1,0.1,1.000,0.2,0.4,0.6,0.1,0.1,0.0,0.3,0.2,0.7)
(2016,92,Robert Covington,SF,25,PHI,36,22,26.4,3.6,9.7,.374,2.1,6.3,.342,1.5,3.5,.432,.484,1.9,2.4,.788,0.8,4.8,5.6,1.6,1.6,0.6,2.4,3.4,11.3)
(2016,96,Dante Cunningham,SF,28,NOP,41,12,19.6,1.7,3.9,.430,0.6,1.8,.351,1.0,2.0,.500,.513,0.3,0.5,.650,0.6,2.6,3.2,0.6,0.5,0.4,0.3,1.9,4.3)
(2016,100,Troy Daniels,SG,24,CHO,22,0,9.5,1.6,3.6,.438,1.1,2.4,.481,0.5,1.3,.357,.594,0.1,0.2,.750,0.1,0.9,1.0,0.4,0.3,0.0,0.4,0.9,4.5)
(2016,103,Branden Dawson,PF,22,LAC,2,0,6.5,0.5,1.5,.333,0.0,0.0,,0.5,1.5,.333,.333,0.0,0.0,,1.0,0.5,1.5,0.0,0.0,0.5,0.0,1.0,1.0)
(2016,107,Matthew Dellavedova,SG,25,CLE,41,11,27.1,3.0,7.1,.428,1.3,3.1,.430,1.7,4.0,.426,.522,0.8,0.9,.892,0.5,1.9,2.4,4.8,0.7,0.1,1.5,2.3,8.2)
(2016,111,Gorgui Dieng,C,26,MIN,45,3,23.7,3.0,6.0,.506,0.0,0.0,.500,3.0,6.0,.506,.507,1.8,2.2,.856,1.6,4.8,6.4,1.3,1.1,1.0,1.9,2.6,8.0)
(2016,115,Andre Drummond,C,22,DET,44,44,33.8,7.3,14.0,.519,0.0,0.1,.333,7.3,14.0,.520,.520,2.7,7.7,.354,5.4,10.0,15.4,0.9,1.7,1.5,2.1,3.1,17.3)
(2016,119,Cleanthony Early,SF,24,NYK,10,0,3.4,0.3,0.6,.500,0.1,0.4,.250,0.2,0.2,1.000,.583,0.0,0.0,,0.0,0.2,0.2,0.1,0.1,0.1,0.1,0.3,0.7)
(2016,122,Monta Ellis,SG,30,IND,44,44,33.3,5.6,12.7,.439,0.9,3.1,.281,4.7,9.7,.489,.473,1.8,2.5,.743,0.4,2.3,2.8,5.0,1.7,0.5,2.7,2.1,13.9)
(2016,124,Tyler Ennis,PG,21,MIL,20,5,9.3,1.2,2.9,.404,0.2,0.7,.308,1.0,2.2,.432,.439,0.4,0.5,.700,0.2,0.8,0.9,1.0,0.2,0.1,0.6,1.0,2.9)
(2016,128,Kenneth Faried,PF,26,DEN,37,35,26.5,5.2,9.7,.536,0.0,0.0,.000,5.2,9.6,.538,.536,2.1,3.7,.566,3.7,5.3,8.9,1.1,0.5,1.1,1.4,2.6,12.5)
(2016,132,Evan Fournier,SF,23,ORL,42,41,31.9,4.9,11.3,.431,1.9,5.0,.374,3.0,6.3,.475,.514,2.0,2.4,.850,0.4,2.5,2.9,2.6,1.4,0.0,1.5,2.6,13.7)
(2016,136,Channing Frye,C,32,ORL,37,29,18.0,1.9,4.3,.444,1.2,2.9,.413,0.7,1.4,.510,.584,0.5,0.5,.895,0.5,2.7,3.2,1.2,0.5,0.5,0.7,1.6,5.5)
(2016,140,Marc Gasol,C,31,MEM,45,45,35.0,6.3,13.7,.456,0.0,0.1,.667,6.2,13.7,.455,.458,4.1,4.9,.836,1.2,6.0,7.2,3.8,0.9,1.3,2.4,2.8,16.7)
(2016,143,Alonzo Gee,SF,28,NOP,43,28,20.9,1.6,3.3,.500,0.3,0.9,.297,1.4,2.4,.573,.539,0.5,0.6,.840,0.8,2.5,3.3,1.0,0.8,0.2,0.7,2.3,4.0)
(2016,147,Rudy Gobert,C,23,UTA,23,22,32.7,3.4,5.9,.578,0.0,0.0,,3.4,5.9,.578,.578,2.4,4.0,.609,3.1,7.0,10.1,1.7,0.8,2.7,1.9,3.2,9.2)
(2016,151,Eric Gordon,SG,27,NOP,41,40,33.4,5.0,12.2,.410,2.5,6.5,.377,2.5,5.7,.448,.511,2.4,2.8,.885,0.2,1.9,2.1,2.7,1.0,0.3,1.6,2.2,14.9)
(2016,155,Danny Green,SG,28,SAS,44,44,25.1,2.5,7.0,.363,1.4,4.2,.333,1.1,2.7,.408,.464,0.5,0.6,.800,0.5,3.1,3.6,1.8,0.7,0.8,1.1,1.4,6.9)
(2016,159,JaMychal Green,PF,25,MEM,45,2,14.8,2.1,4.3,.492,0.2,0.4,.529,1.9,4.0,.489,.515,1.2,1.5,.765,1.2,2.8,4.0,0.4,0.3,0.3,1.0,2.2,5.6)
(2016,162,P.J. Hairston,SF,23,CHO,41,41,19.9,2.2,6.1,.368,1.2,3.8,.316,1.0,2.3,.453,.466,0.8,1.0,.821,0.4,2.4,2.8,0.7,0.5,0.1,0.5,2.3,6.5)
(2016,166,Maurice Harkless,SF,22,POR,46,0,17.2,2.0,4.3,.455,0.4,1.6,.264,1.5,2.7,.563,.503,0.7,1.2,.574,1.0,2.1,3.1,0.8,0.5,0.3,0.9,1.2,5.0)
(2016,170,Joe Harris,SG,24,CLE,5,0,3.0,0.2,0.8,.250,0.2,0.8,.250,0.0,0.0,,.375,0.0,0.0,,0.0,0.6,0.6,0.4,0.0,0.0,0.2,0.2,0.6)
(2016,174,Spencer Hawes,PF,27,CHO,38,2,17.8,2.1,5.3,.390,0.6,1.8,.328,1.5,3.5,.421,.445,0.9,1.1,.857,0.8,3.4,4.2,2.0,0.4,0.3,1.0,1.9,5.6)
(2016,178,John Henson,C,25,MIL,41,1,16.7,2.9,4.9,.595,0.0,0.0,,2.9,4.9,.595,.595,1.1,2.0,.537,1.5,2.4,3.9,0.9,0.3,1.9,1.2,2.3,6.9)
(2016,181,J.J. Hickson,C,27,DEN,18,9,16.8,3.1,6.1,.505,0.0,0.0,,3.1,6.1,.505,.505,1.5,3.3,.458,1.2,3.6,4.8,0.9,0.6,0.7,0.9,1.9,7.6)
(2016,185,Solomon Hill,SF,24,IND,23,1,10.7,1.2,2.9,.403,0.1,0.9,.150,1.0,2.0,.511,.425,0.4,0.4,1.000,0.5,1.5,2.0,0.7,0.4,0.3,0.3,0.9,2.9)
(2016,189,Justin Holiday,SG,26,ATL,25,1,10.4,0.9,2.8,.324,0.4,1.8,.227,0.5,1.1,.481,.394,0.2,0.4,.500,0.1,0.9,1.0,0.4,0.5,0.2,0.5,0.8,2.4)
(2016,191,Rondae Hollis-Jefferson,SF,21,BRK,19,14,22.1,2.1,4.3,.481,0.1,0.3,.200,2.0,4.0,.500,.488,1.1,1.6,.667,1.7,4.4,6.1,1.4,1.4,0.4,1.1,2.2,5.2)
(2016,195,Dwight Howard,C,30,HOU,37,37,32.5,5.3,8.7,.612,0.0,0.1,.000,5.3,8.6,.616,.612,3.8,6.9,.551,3.6,8.5,12.1,1.5,1.0,1.6,2.4,3.2,14.4)
(2016,199,Serge Ibaka,PF,26,OKC,46,46,32.5,5.6,11.3,.495,0.8,2.0,.394,4.8,9.3,.518,.531,1.2,1.5,.757,1.8,4.9,6.7,0.8,0.4,2.2,1.6,2.6,13.2)
(2016,202,Joe Ingles,SF,28,UTA,42,0,13.9,1.5,3.7,.417,1.0,2.5,.377,0.6,1.2,.500,.545,0.1,0.1,.833,0.2,1.3,1.5,1.0,0.5,0.1,0.7,1.2,4.2)
(2016,206,Reggie Jackson,PG,25,DET,44,44,31.0,7.0,16.2,.433,1.4,4.1,.341,5.6,12.1,.464,.476,3.5,4.1,.846,0.8,2.9,3.7,6.6,0.8,0.1,2.8,2.2,18.9)
(2016,210,Richard Jefferson,SF,35,CLE,39,3,19.5,2.0,4.6,.436,0.9,2.5,.375,1.1,2.2,.506,.536,0.7,1.3,.580,0.2,1.3,1.4,0.8,0.5,0.3,0.7,1.9,5.7)
(2016,214,Amir Johnson,PF,28,BOS,42,39,23.8,3.5,5.9,.586,0.2,0.8,.273,3.3,5.1,.634,.604,0.9,1.6,.545,2.1,4.2,6.3,1.7,0.7,1.2,1.2,2.8,8.0)
(2016,218,Stanley Johnson,SF,19,DET,44,1,22.3,3.1,8.3,.378,0.9,2.8,.317,2.3,5.5,.409,.432,1.0,1.3,.793,0.8,3.2,4.0,1.3,0.7,0.2,1.4,2.3,8.2)
(2016,221,Nikola Jokic,C,20,DEN,42,17,19.0,3.4,6.3,.548,0.2,0.6,.370,3.2,5.6,.568,.567,1.8,2.2,.806,2.0,3.3,5.3,1.7,0.9,0.5,1.2,2.2,8.9)
(2016,225,DeAndre Jordan,C,27,LAC,42,42,33.2,4.4,6.1,.719,0.0,0.0,,4.4,6.1,.719,.719,3.2,7.7,.415,3.6,9.7,13.3,1.0,0.5,2.2,1.1,2.9,12.0)
(2016,227,Chris Kaman,C,33,POR,6,2,9.8,1.5,3.8,.391,0.0,0.0,,1.5,3.8,.391,.391,0.0,0.0,,0.5,1.0,1.5,0.8,0.0,0.0,0.7,1.0,3.0)
(2016,231,Sasha Kaun,C,30,CLE,9,0,4.3,0.3,0.6,.600,0.0,0.0,,0.3,0.6,.600,.600,0.2,0.4,.500,0.9,0.2,1.1,0.2,0.2,0.2,0.7,0.7,0.9)
(2016,235,Kyle Korver,SG,34,ATL,43,43,30.5,3.4,8.0,.423,1.9,5.1,.364,1.5,2.9,.528,.539,0.7,0.8,.861,0.2,3.4,3.6,2.1,0.8,0.5,1.4,2.0,9.4)
(2016,239,Shane Larkin,PG,23,BRK,41,5,20.3,2.8,6.1,.448,0.6,1.5,.383,2.2,4.7,.469,.494,0.8,1.0,.775,0.2,1.9,2.1,3.7,1.3,0.2,1.6,1.6,6.8)
(2016,242,Ty Lawson,PG,28,HOU,39,12,24.6,2.5,6.2,.398,0.6,1.9,.329,1.8,4.2,.430,.450,1.2,1.7,.712,0.5,1.5,1.9,4.0,0.9,0.1,1.7,1.5,6.8)
(2016,246,Kawhi Leonard,SF,24,SAS,42,42,32.8,7.3,14.5,.502,1.8,3.8,.478,5.5,10.7,.511,.565,3.7,4.2,.880,1.3,5.6,6.9,2.6,1.9,0.9,1.3,1.8,20.0)
(2016,250,Jeremy Lin,PG,27,CHO,42,8,27.1,4.1,9.7,.429,1.0,3.1,.315,3.2,6.6,.482,.479,3.2,4.0,.799,0.6,2.6,3.2,3.1,0.7,0.6,1.9,2.4,12.5)
(2016,254,Kevin Love,PF,27,CLE,42,42,32.4,5.3,12.7,.415,2.0,5.5,.364,3.3,7.2,.455,.494,3.1,4.0,.789,2.4,8.5,10.9,2.4,0.9,0.5,2.0,2.0,15.6)
(2016,258,Ian Mahinmi,C,29,IND,39,39,23.8,3.4,5.6,.606,0.0,0.0,,3.4,5.6,.606,.606,1.6,2.8,.568,2.1,5.1,7.1,1.3,0.9,1.0,1.2,3.2,8.4)
(2016,261,Kendall Marshall,PG,24,PHI,12,5,14.3,1.5,4.4,.340,0.5,1.8,.286,1.0,2.7,.375,.396,0.3,0.5,.667,0.1,1.0,1.1,3.3,0.5,0.0,2.1,0.7,3.8)
(2016,265,O.J. Mayo,SG,28,MIL,29,12,27.1,3.4,9.1,.374,1.2,4.1,.294,2.2,5.0,.438,.440,1.0,1.3,.789,0.3,2.3,2.6,3.1,1.2,0.1,1.6,2.8,9.1)
(2016,269,C.J. McCollum,SG,24,POR,44,44,35.3,8.1,18.4,.441,2.5,6.4,.395,5.6,12.0,.465,.509,2.1,2.6,.800,0.6,3.0,3.6,4.3,1.2,0.2,2.3,2.3,20.8)
(2016,273,Mitch McGary,PF,23,OKC,13,0,4.2,0.5,1.1,.429,0.0,0.2,.000,0.5,0.8,.545,.429,0.3,0.6,.500,0.3,0.7,1.0,0.2,0.0,0.2,0.5,0.6,1.2)
(2016,277,Jodie Meeks,SG,28,DET,2,0,8.5,0.5,2.5,.200,0.0,0.0,,0.5,2.5,.200,.200,0.0,0.0,,0.5,0.5,1.0,0.0,0.0,0.0,0.5,1.0,1.0)
(2016,Rk,Player,Pos,Age,Tm,G,GS,MP,FG,FGA,FG%,3P,3PA,3P,2P,2PA,2P,eFG%,FT,FTA,FT%,ORB,DRB,TRB,AST,STL,BLK,TOV,PF,PTS)
(2016,284,Patrick Mills,PG,27,SAS,44,2,20.3,3.0,7.0,.434,1.4,3.6,.380,1.7,3.4,.490,.531,0.4,0.5,.800,0.3,1.5,1.8,2.4,0.9,0.1,0.8,1.1,7.8)
(2016,288,Greg Monroe,C,25,MIL,44,44,30.3,6.6,12.7,.517,0.0,0.0,,6.6,12.7,.517,.517,2.9,3.9,.749,3.0,6.8,9.8,2.3,1.0,0.9,1.7,2.2,16.0)
(2016,292,Marcus Morris,SF,26,DET,43,43,36.4,5.1,11.9,.426,1.1,3.3,.319,4.0,8.6,.467,.471,2.8,3.7,.772,1.3,4.0,5.3,2.1,0.9,0.3,1.8,2.1,14.0)
(2016,296,Timofey Mozgov,C,29,CLE,39,30,17.9,2.6,5.1,.510,0.0,0.2,.143,2.6,4.9,.524,.513,1.1,1.4,.764,1.5,2.8,4.3,0.4,0.4,0.8,1.0,2.1,6.3)
(2016,300,Larry Nance Jr.,PF,23,LAL,37,22,20.5,2.7,5.0,.541,0.0,0.1,.333,2.7,4.9,.544,.543,0.5,0.8,.714,1.5,3.5,5.0,0.6,0.9,0.3,0.6,1.9,6.0)
(2016,303,Jameer Nelson,PG,33,DEN,36,15,27.6,3.1,8.3,.371,1.1,3.9,.295,1.9,4.4,.438,.440,0.8,1.0,.857,0.5,2.5,3.1,5.1,0.7,0.1,1.8,2.6,8.1)
(2016,307,Nerlens Noel,PF,21,PHI,39,35,29.3,4.3,8.4,.514,0.0,0.0,,4.3,8.4,.514,.514,1.8,3.2,.561,2.2,6.1,8.3,1.3,1.5,1.5,2.4,2.4,10.4)
(2016,311,Jusuf Nurkic,C,21,DEN,7,0,13.1,2.6,7.3,.353,0.0,0.0,,2.6,7.3,.353,.353,2.1,3.7,.577,2.0,3.3,5.3,0.4,0.1,1.3,0.7,2.9,7.3)
(2016,315,Jahlil Okafor,C,20,PHI,41,37,30.8,7.4,15.1,.489,0.0,0.1,.000,7.4,15.0,.492,.489,2.6,3.8,.684,2.3,5.0,7.3,1.2,0.4,1.1,2.2,2.4,17.4)
(2016,319,Zaza Pachulia,C,31,DAL,43,43,29.2,3.5,7.3,.479,0.0,0.0,.000,3.5,7.2,.482,.479,3.4,4.3,.793,3.7,7.0,10.7,1.9,1.0,0.4,1.9,2.7,10.4)
(2016,322,Tony Parker,PG,33,SAS,40,40,27.1,5.3,10.0,.526,0.4,0.9,.412,4.9,9.2,.537,.544,1.8,2.4,.760,0.3,2.3,2.6,5.1,0.9,0.2,1.6,1.6,12.7)
(2016,326,Chris Paul,PG,30,LAC,39,39,32.3,6.6,14.6,.454,1.5,3.8,.389,5.2,10.8,.476,.504,3.8,4.3,.882,0.6,3.3,3.8,9.7,2.1,0.2,2.8,2.8,18.6)
(2016,330,Nikola Pekovic,C,30,MIN,8,2,14.4,2.1,4.6,.459,0.0,0.0,,2.1,4.6,.459,.459,1.9,2.3,.833,0.6,1.1,1.8,0.9,0.0,0.0,0.9,2.3,6.1)
(2016,334,Mason Plumlee,C,25,POR,46,46,26.1,3.4,6.7,.503,0.0,0.0,.000,3.4,6.7,.507,.503,2.5,4.1,.622,2.7,5.1,7.8,2.8,0.8,0.9,2.0,3.1,9.3)
(2016,338,Kristaps Porzingis,PF,20,NYK,46,46,28.2,5.1,12.0,.426,1.1,3.2,.338,4.0,8.8,.459,.472,2.7,3.1,.854,2.1,5.8,7.8,1.2,0.8,2.0,1.7,2.9,14.0)
(2016,341,Phil Pressey,PG,24,PHI,14,0,12.1,1.5,3.9,.382,0.3,0.9,.308,1.2,3.0,.405,.418,0.6,1.3,.500,0.0,1.6,1.6,3.3,0.8,0.1,1.4,1.0,3.9)
(2016,345,Julius Randle,PF,21,LAL,45,24,26.6,4.1,10.2,.403,0.1,0.4,.278,4.0,9.8,.408,.408,2.2,3.2,.676,2.3,7.3,9.6,1.6,0.7,0.4,1.7,3.0,10.5)
(2016,349,Josh Richardson,SG,22,MIA,21,1,12.4,0.7,2.5,.264,0.2,1.1,.208,0.4,1.4,.310,.311,0.5,0.8,.688,0.2,1.0,1.2,0.9,0.4,0.2,0.6,1.6,2.1)
(2016,353,Nate Robinson,PG,31,NOP,2,1,11.5,0.0,0.5,.000,0.0,0.5,.000,0.0,0.0,,.000,0.0,0.0,,0.0,0.0,0.0,2.0,0.5,0.0,0.0,2.5,0.0)
(2016,357,Derrick Rose,PG,27,CHI,37,37,32.6,6.4,15.8,.407,0.6,2.4,.264,5.8,13.4,.431,.426,2.2,2.7,.792,0.5,2.7,3.2,4.6,0.6,0.3,2.7,1.5,15.6)
(2016,Rk,Player,Pos,Age,Tm,G,GS,MP,FG,FGA,FG%,3P,3PA,3P,2P,2PA,2P,eFG%,FT,FTA,FT%,ORB,DRB,TRB,AST,STL,BLK,TOV,PF,PTS)
(2016,364,Robert Sacre,C,26,LAL,15,0,13.0,1.2,2.9,.409,0.0,0.0,,1.2,2.9,.409,.409,0.7,1.3,.500,1.1,1.3,2.5,0.7,0.1,0.5,0.5,1.8,3.1)
(2016,368,Mike Scott,PF,27,ATL,39,0,14.3,2.6,5.1,.515,0.9,2.1,.420,1.8,3.1,.580,.600,0.7,0.9,.800,0.5,1.7,2.2,1.0,0.3,0.3,0.6,1.3,6.9)
(2016,372,Iman Shumpert,SG,25,CLE,20,0,24.3,2.7,6.8,.400,1.1,3.2,.333,1.7,3.6,.458,.478,0.5,0.7,.714,0.5,2.3,2.8,1.5,1.1,0.4,1.0,2.1,7.0)
(2016,376,Marcus Smart,PG,21,BOS,24,8,26.9,3.1,9.1,.344,0.8,3.9,.215,2.3,5.2,.440,.390,1.9,2.7,.708,1.4,3.0,4.4,3.1,1.7,0.4,1.3,3.0,9.0)
(2016,378,J.R. Smith,SG,30,CLE,38,38,29.9,4.6,11.1,.416,2.4,6.2,.387,2.2,4.9,.452,.524,0.7,1.2,.591,0.6,2.2,2.9,1.5,1.0,0.4,0.8,2.8,12.3)
(2016,380,Josh Smith,F,30,HOU,2,0,22.0,3.5,12.0,.292,1.0,5.0,.200,2.5,7.0,.357,.333,1.0,2.0,.500,2.0,2.0,4.0,4.0,2.0,2.5,1.5,3.5,9.0)
(2016,383,Marreese Speights,PF,28,GSW,35,0,10.5,2.1,5.6,.371,0.1,0.3,.250,2.0,5.3,.378,.378,1.2,1.5,.792,1.0,2.0,3.0,0.6,0.2,0.3,1.0,1.5,5.5)
(2016,387,Jarnell Stokes,C,22,TOT,4,0,2.8,0.5,1.0,.500,0.0,0.0,,0.5,1.0,.500,.500,0.0,0.0,,0.3,0.5,0.8,0.0,0.0,0.0,0.0,0.0,1.0)
(2016,389,Rodney Stuckey,PG,29,IND,33,0,25.0,3.6,8.8,.410,0.3,1.5,.208,3.3,7.3,.450,.428,2.3,2.8,.828,0.5,3.0,3.4,2.6,0.8,0.2,1.5,1.4,9.8)
(2016,393,Mirza Teletovic,PF,30,PHO,44,0,18.0,3.4,7.8,.430,2.1,5.0,.425,1.3,2.8,.440,.565,0.9,1.2,.736,0.6,2.6,3.2,1.0,0.3,0.3,0.9,1.4,9.7)
(2016,397,Lance Thomas,SF,27,NYK,43,3,21.3,3.1,6.6,.463,0.8,1.9,.415,2.3,4.7,.483,.523,1.8,2.0,.895,0.6,1.5,2.1,0.9,0.4,0.1,1.0,1.7,8.7)
(2016,Rk,Player,Pos,Age,Tm,G,GS,MP,FG,FGA,FG%,3P,3PA,3P,2P,2PA,2P,eFG%,FT,FTA,FT%,ORB,DRB,TRB,AST,STL,BLK,TOV,PF,PTS)
(2016,404,Karl-Anthony Towns,C,20,MIN,45,45,29.3,6.6,12.4,.529,0.3,0.8,.389,6.3,11.6,.538,.541,2.4,2.8,.856,2.6,7.1,9.7,1.3,0.7,1.8,2.1,3.1,15.8)
(2016,408,Beno Udrih,PG,33,TOT,32,3,15.3,1.8,4.1,.432,0.3,0.9,.367,1.4,3.2,.451,.473,0.4,0.4,.923,0.1,1.4,1.5,2.8,0.3,0.0,1.0,1.2,4.3)
(2016,410,Anderson Varejao,C,33,CLE,26,0,9.1,0.9,2.2,.404,0.0,0.0,.000,0.9,2.2,.411,.404,0.5,0.7,.765,0.7,2.0,2.7,0.7,0.3,0.1,0.5,1.0,2.3)
(2016,414,Noah Vonleh,PF,20,POR,46,35,15.8,1.4,3.4,.420,0.1,0.5,.174,1.3,2.9,.463,.433,0.6,0.7,.813,1.3,2.7,4.0,0.5,0.5,0.2,0.6,2.0,3.5)
(2016,418,Dion Waiters,SG,24,OKC,46,2,27.0,3.7,9.2,.397,1.0,2.8,.346,2.7,6.4,.420,.450,1.4,2.0,.725,0.5,2.4,2.9,2.0,0.9,0.2,1.6,1.8,9.7)
(2016,421,T.J. Warren,SF,22,PHO,44,4,22.8,4.7,9.5,.498,0.6,1.5,.409,4.1,8.0,.514,.530,1.0,1.4,.717,1.3,1.9,3.2,0.9,0.8,0.4,0.7,2.0,11.0)
(2016,425,Russell Westbrook,PG,27,OKC,46,46,33.9,8.4,18.7,.452,1.2,4.1,.284,7.3,14.5,.500,.484,5.9,7.3,.811,1.7,5.5,7.2,9.7,2.5,0.3,4.2,2.4,23.9)
(2016,429,C.J. Wilcox,SG,25,LAC,5,0,3.4,0.4,1.2,.333,0.0,0.0,,0.4,1.2,.333,.333,0.0,0.0,,0.0,0.2,0.2,0.4,0.0,0.0,0.0,0.2,0.8)
(2016,433,Lou Williams,SG,29,LAL,44,26,29.2,4.4,10.8,.408,1.6,4.8,.335,2.8,6.1,.464,.481,5.1,6.2,.831,0.4,2.3,2.7,2.7,1.0,0.3,1.6,1.8,15.5)
(2016,437,Jeff Withey,C,25,UTA,35,9,15.5,2.0,3.7,.543,0.0,0.0,,2.0,3.7,.543,.543,1.1,1.5,.717,1.4,2.8,4.2,0.5,0.5,1.3,0.7,1.7,5.1)
(2016,Rk,Player,Pos,Age,Tm,G,GS,MP,FG,FGA,FG%,3P,3PA,3P,2P,2PA,2P,eFG%,FT,FTA,FT%,ORB,DRB,TRB,AST,STL,BLK,TOV,PF,PTS)
(2016,444,Joseph Young,PG,23,IND,19,0,8.2,1.5,3.7,.408,0.2,0.7,.231,1.4,3.1,.448,.430,0.8,1.0,.789,0.1,0.9,1.0,1.7,0.5,0.0,0.6,0.6,4.0)
(2016,448,Tyler Zeller,C,26,BOS,28,3,8.8,1.8,3.9,.463,0.0,0.0,,1.8,3.9,.463,.463,0.9,1.3,.676,0.9,1.5,2.4,0.3,0.1,0.1,0.8,1.4,4.5)
