(2016,3,Steven Adams,C,22,OKC,44,44,24.3,2.8,4.7,.600,0.0,0.0,,2.8,4.7,.600,.600,1.5,2.4,.625,2.5,3.8,6.3,0.6,0.4,1.2,0.9,2.8,7.1)
(2016,7,LaMarcus Aldridge,PF,30,SAS,40,40,29.6,6.6,13.6,.487,0.0,0.3,.000,6.6,13.3,.496,.487,2.7,3.4,.806,2.6,6.3,8.9,1.3,0.3,0.9,1.4,2.2,15.9)
(2016,11,Al-Farouq Aminu,SF,25,POR,46,45,29.1,3.8,9.2,.411,1.5,4.2,.352,2.3,5.0,.461,.492,1.4,2.0,.725,1.2,5.3,6.5,1.5,0.8,0.7,1.6,2.2,10.5)
(2016,15,Justin Anderson,SG,22,DAL,24,1,7.4,0.8,2.3,.357,0.3,1.3,.200,0.6,1.1,.538,.411,0.3,0.5,.583,0.0,1.1,1.2,0.3,0.3,0.2,0.4,0.6,2.2)
(2016,19,Carmelo Anthony,SF,31,NYK,42,42,34.6,7.6,17.6,.433,1.4,4.1,.331,6.3,13.5,.464,.472,4.7,5.7,.817,1.5,6.0,7.5,4.0,0.9,0.5,2.5,2.4,21.3)
(2016,22,Trevor Ariza,SF,30,HOU,45,45,34.3,4.2,10.4,.406,2.2,5.9,.365,2.1,4.5,.460,.510,1.3,1.8,.738,0.7,4.0,4.6,1.9,1.8,0.2,1.4,2.2,11.9)
(2016,26,Jeff Ayres,F,28,LAC,1,0,5.0,0.0,0.0,,0.0,0.0,,0.0,0.0,,,2.0,2.0,1.000,0.0,1.0,1.0,1.0,0.0,0.0,0.0,0.0,2.0)
(2016,30,J.J. Barea,PG,31,DAL,40,8,21.4,3.5,8.5,.413,1.2,3.3,.361,2.3,5.2,.447,.484,1.0,1.3,.774,0.3,1.6,1.9,4.0,0.4,0.1,1.7,1.4,9.3)
(2016,34,Will Barton,SG,25,DEN,44,1,29.0,5.6,12.7,.442,1.6,4.3,.381,4.0,8.4,.473,.506,2.5,3.0,.855,0.9,5.1,6.1,2.4,0.9,0.4,1.6,1.8,15.4)
(2016,38,Aron Baynes,C,29,DET,43,0,14.2,2.2,4.4,.497,0.0,0.0,.000,2.2,4.4,.500,.497,1.0,1.4,.738,1.6,2.8,4.4,0.7,0.2,0.5,0.9,1.9,5.4)
(2016,41,Marco Belinelli,SG,29,SAC,43,1,25.6,3.7,9.5,.386,1.5,4.6,.317,2.2,4.8,.452,.463,2.1,2.4,.856,0.1,1.7,1.8,2.0,0.5,0.0,1.3,1.5,10.8)
(2016,45,Nemanja Bjelica,PF,27,MIN,39,0,18.8,1.6,3.8,.416,0.8,2.4,.359,0.7,1.5,.509,.527,0.5,0.8,.606,0.7,2.7,3.5,1.4,0.4,0.4,0.7,2.7,4.5)
(2016,49,Eric Bledsoe,PG,26,PHO,31,31,34.2,7.2,15.9,.453,1.5,4.2,.372,5.6,11.7,.482,.502,4.5,5.5,.802,0.6,3.5,4.0,6.1,2.0,0.6,3.5,2.4,20.4)
(2016,53,Devin Booker,SG,19,PHO,39,14,20.4,3.3,7.0,.473,1.0,2.3,.427,2.3,4.7,.495,.542,1.6,2.0,.810,0.3,1.5,1.8,1.2,0.5,0.1,1.2,2.2,9.2)
(2016,57,Corey Brewer,SF,29,HOU,46,3,20.3,2.4,6.7,.364,0.8,2.7,.286,1.7,4.0,.418,.422,1.3,1.7,.816,0.5,2.0,2.5,1.5,1.2,0.1,1.0,2.2,7.0)
(2016,Rk,Player,Pos,Age,Tm,G,GS,MP,FG,FGA,FG%,3P,3PA,3P,2P,2PA,2P,eFG%,FT,FTA,FT%,ORB,DRB,TRB,AST,STL,BLK,TOV,PF,PTS)
(2016,64,Reggie Bullock,SF,24,DET,17,0,5.1,0.1,1.1,.053,0.1,0.6,.100,0.0,0.5,.000,.079,0.2,0.2,1.000,0.2,0.3,0.5,0.2,0.1,0.0,0.1,0.3,0.4)
(2016,68,Jimmy Butler,SG,26,CHI,43,43,38.2,7.4,16.3,.453,1.1,3.4,.318,6.3,12.8,.489,.486,6.7,8.0,.834,1.2,4.1,5.3,4.2,1.7,0.7,2.1,2.0,22.5)
(2016,72,Kentavious Caldwell-Pope,SG,22,DET,44,44,37.5,5.4,12.8,.421,1.6,5.1,.320,3.8,7.7,.488,.485,2.4,2.9,.813,0.8,2.9,3.6,1.9,1.6,0.3,1.4,2.4,14.8)
(2016,76,Vince Carter,SG,39,MEM,27,0,13.1,1.2,3.9,.305,0.5,2.1,.241,0.7,1.7,.383,.371,0.7,0.8,.857,0.3,1.4,1.7,0.7,0.4,0.3,0.4,1.6,3.6)
(2016,80,Mario Chalmers,PG,29,TOT,42,5,22.3,3.0,7.1,.418,0.8,2.6,.318,2.1,4.5,.476,.477,3.5,4.2,.820,0.3,2.2,2.5,3.7,1.4,0.2,1.9,3.0,10.3)
(2016,81,Tyson Chandler,C,33,PHO,36,30,23.1,1.9,4.1,.479,0.0,0.0,.000,1.9,4.0,.483,.479,1.7,2.6,.663,2.6,5.7,8.3,0.9,0.6,0.6,1.2,2.0,5.6)
(2016,85,Darren Collison,PG,28,SAC,38,4,28.5,4.6,10.2,.455,1.1,2.9,.375,3.5,7.2,.487,.509,2.4,2.8,.833,0.4,1.8,2.2,4.2,0.9,0.0,1.8,1.8,12.7)
(2016,89,Chris Copeland,PF,31,MIL,22,1,6.7,0.8,2.2,.354,0.5,1.5,.303,0.3,0.7,.467,.458,0.2,0.2,.800,0.0,0.4,0.5,0.5,0.1,0.0,0.2,0.7,2.2)
(2016,93,Allen Crabbe,SG,23,POR,46,9,26.0,4.3,9.2,.465,1.4,3.7,.384,2.8,5.5,.520,.542,1.0,1.2,.839,0.3,2.4,2.6,1.2,0.8,0.1,0.9,2.5,11.0)
(2016,97,Jared Cunningham,SG,24,CLE,34,3,10.1,0.9,2.6,.360,0.3,0.9,.333,0.6,1.7,.373,.416,0.9,1.4,.625,0.1,0.8,0.9,0.6,0.3,0.1,0.5,1.1,3.1)
(2016,Rk,Player,Pos,Age,Tm,G,GS,MP,FG,FGA,FG%,3P,3PA,3P,2P,2PA,2P,eFG%,FT,FTA,FT%,ORB,DRB,TRB,AST,STL,BLK,TOV,PF,PTS)
(2016,104,Dewayne Dedmon,C,26,ORL,26,4,11.7,1.2,2.5,.500,0.0,0.0,,1.2,2.5,.500,.500,0.8,1.2,.710,0.9,2.5,3.4,0.1,0.4,1.0,0.5,2.1,3.3)
(2016,108,Luol Deng,SF,30,MIA,37,36,31.2,3.6,8.5,.421,1.2,3.5,.354,2.4,5.0,.468,.494,1.5,1.9,.789,0.9,3.8,4.7,1.5,0.9,0.3,0.9,1.5,9.9)
(2016,112,Spencer Dinwiddie,PG,22,DET,9,0,12.3,1.6,3.9,.400,0.1,0.8,.143,1.4,3.1,.464,.414,1.2,2.1,.579,0.0,1.0,1.0,1.4,0.2,0.0,0.6,1.8,4.4)
(2016,116,Jared Dudley,PF,30,WAS,40,26,28.9,3.1,6.5,.479,1.5,3.3,.462,1.6,3.2,.496,.595,0.9,1.2,.750,0.8,3.0,3.8,1.9,1.0,0.1,0.9,2.4,8.6)
(2016,120,Jarell Eddie,SF,24,WAS,9,0,7.4,1.1,3.1,.357,1.1,2.7,.417,0.0,0.4,.000,.536,0.4,0.4,1.000,0.1,1.1,1.2,0.2,0.2,0.1,0.0,0.3,3.8)
(2016,123,James Ennis,SF-PF,25,TOT,10,0,3.5,0.3,0.8,.375,0.2,0.5,.400,0.1,0.3,.333,.500,0.5,0.8,.625,0.2,0.3,0.5,0.3,0.3,0.2,0.2,0.2,1.3)
(2016,125,Jeremy Evans,SF,28,DAL,26,2,8.9,0.8,1.6,.512,0.1,0.5,.214,0.7,1.0,.667,.549,0.5,0.7,.722,0.4,1.6,2.0,0.1,0.2,0.3,0.3,0.7,2.2)
(2016,129,Derrick Favors,PF,24,UTA,26,26,32.6,6.9,13.2,.523,0.0,0.0,.000,6.9,13.1,.525,.523,3.1,4.4,.702,3.2,5.4,8.6,1.5,1.5,1.2,1.5,2.4,16.8)
(2016,133,Randy Foye,SG,32,DEN,44,7,19.9,2.2,6.4,.343,0.9,3.2,.282,1.3,3.2,.404,.413,0.8,1.0,.822,0.3,1.5,1.8,2.1,0.5,0.3,1.1,1.5,6.2)
(2016,137,Danilo Gallinari,SF,27,DEN,38,38,34.5,5.4,13.2,.406,1.7,4.6,.364,3.7,8.6,.429,.470,6.8,7.8,.875,1.1,4.7,5.7,2.5,0.7,0.4,1.3,1.8,19.3)
(2016,Rk,Player,Pos,Age,Tm,G,GS,MP,FG,FGA,FG%,3P,3PA,3P,2P,2PA,2P,eFG%,FT,FTA,FT%,ORB,DRB,TRB,AST,STL,BLK,TOV,PF,PTS)
(2016,144,Paul George,PF,25,IND,44,44,35.4,7.5,18.1,.412,2.9,7.5,.381,4.6,10.6,.435,.491,5.9,6.9,.849,0.9,6.3,7.2,3.8,2.0,0.3,3.8,2.9,23.7)
(2016,148,Drew Gooden,PF,34,WAS,12,0,14.8,1.6,5.0,.317,0.3,1.9,.174,1.3,3.1,.405,.350,0.4,0.5,.833,1.8,2.7,4.4,0.7,0.3,0.6,0.7,1.8,3.9)
(2016,152,Marcin Gortat,C,31,WAS,35,35,31.8,5.8,10.9,.530,0.0,0.0,,5.8,10.9,.530,.530,2.0,2.7,.747,2.9,7.0,9.9,1.6,0.7,1.3,1.9,2.5,13.6)
(2016,156,Draymond Green,PF,25,GSW,43,43,34.6,5.2,11.0,.473,1.5,3.6,.409,3.7,7.4,.503,.539,2.8,4.2,.674,1.8,7.7,9.5,7.3,1.4,1.3,2.8,2.9,14.7)
(2016,160,Jeff Green,SF,29,MEM,45,31,28.6,4.0,9.8,.407,0.6,2.2,.273,3.4,7.6,.446,.438,2.2,2.8,.787,1.0,3.4,4.4,1.9,0.7,0.3,1.4,2.0,10.8)
(2016,163,Tyler Hansbrough,PF,30,CHO,24,0,7.7,0.8,1.8,.432,0.1,0.1,.667,0.7,1.7,.415,.455,0.7,1.3,.500,1.0,1.0,2.0,0.3,0.2,0.2,0.5,1.3,2.3)
(2016,167,Montrezl Harrell,PF,22,HOU,25,1,10.3,1.4,2.1,.654,0.0,0.0,,1.4,2.1,.654,.654,0.8,1.4,.543,0.6,1.1,1.7,0.4,0.2,0.2,0.4,1.5,3.5)
(2016,171,Tobias Harris,PF,23,ORL,42,42,33.1,5.1,11.1,.463,0.9,3.0,.294,4.3,8.1,.525,.502,2.5,3.2,.797,1.4,5.7,7.2,2.2,1.0,0.6,1.6,1.9,13.7)
(2016,175,Chuck Hayes,C,32,HOU,2,0,12.0,0.5,1.0,.500,0.0,0.0,,0.5,1.0,.500,.500,1.0,1.0,1.000,0.0,4.0,4.0,1.0,0.0,0.0,1.5,3.0,2.0)
(2016,179,Mario Hezonja,SF,20,ORL,39,0,13.7,1.6,3.8,.409,0.6,1.6,.359,1.0,2.2,.447,.487,0.7,0.8,.933,0.4,1.3,1.6,1.0,0.2,0.1,1.1,1.2,4.4)
(2016,182,Nene Hilario,PF,33,WAS,20,4,17.7,3.5,6.2,.565,0.0,0.1,.000,3.5,6.2,.569,.565,1.4,2.5,.551,0.8,3.7,4.5,1.7,1.1,0.4,1.4,3.1,8.4)
(2016,186,Darrun Hilliard,SF,22,DET,14,0,6.4,0.9,2.7,.316,0.3,0.9,.333,0.6,1.9,.308,.368,0.6,0.8,.818,0.2,0.6,0.8,0.3,0.1,0.0,0.4,0.4,2.6)
(2016,190,Ryan Hollins,C,31,TOT,11,3,9.8,1.0,1.7,.579,0.0,0.0,,1.0,1.7,.579,.579,0.2,0.3,.667,1.3,0.9,2.2,0.3,0.2,0.5,0.5,1.4,2.2)
(2016,192,Richaun Holmes,PF,22,PHI,33,1,14.1,2.5,4.3,.574,0.2,0.9,.200,2.3,3.4,.676,.596,1.0,1.5,.708,1.2,1.3,2.5,0.6,0.3,0.7,0.6,1.7,6.1)
(2016,196,Marcelo Huertas,PG,32,LAL,27,0,11.8,1.1,2.9,.403,0.3,0.9,.292,0.9,2.0,.453,.448,0.2,0.2,1.000,0.3,0.9,1.3,2.5,0.5,0.1,1.2,1.2,2.8)
(2016,200,Andre Iguodala,SG,32,GSW,44,1,27.6,2.9,5.9,.496,1.0,2.5,.387,1.9,3.3,.578,.579,0.8,1.1,.714,0.9,3.4,4.3,3.4,1.3,0.4,1.2,1.7,7.6)
(2016,203,Damien Inglis,SF,20,MIL,8,0,5.3,0.3,1.0,.250,0.1,0.6,.200,0.1,0.4,.333,.313,0.4,0.5,.750,0.1,1.0,1.1,0.3,0.3,0.0,0.5,0.6,1.0)
(2016,207,LeBron James,SF,31,CLE,41,41,35.8,9.5,19.0,.499,1.1,4.0,.288,8.4,15.1,.555,.529,4.9,6.8,.711,1.2,6.0,7.3,6.2,1.4,0.7,3.2,1.9,25.0)
(2016,211,John Jenkins,SG,24,DAL,19,1,9.4,1.4,3.2,.426,0.2,0.9,.167,1.2,2.3,.535,.451,0.4,0.4,.875,0.2,0.9,1.1,0.4,0.2,0.0,0.6,0.5,3.3)
(2016,215,Chris Johnson,SF,25,UTA,34,1,10.9,1.0,2.7,.376,0.4,1.3,.273,0.7,1.4,.469,.441,0.4,0.6,.750,0.3,1.4,1.6,0.8,0.6,0.2,0.6,1.2,2.9)
(2016,219,Tyler Johnson,SG,23,MIA,34,5,24.0,3.3,6.9,.483,0.8,2.0,.391,2.5,4.9,.521,.541,1.5,1.9,.797,0.8,2.2,3.1,2.2,0.7,0.4,1.3,1.8,8.9)
(2016,222,James Jones,SF,35,CLE,34,0,9.9,1.1,2.9,.370,0.8,2.2,.355,0.3,0.7,.417,.505,0.5,0.6,.762,0.2,0.9,1.1,0.4,0.2,0.2,0.3,1.3,3.4)
(2016,228,Frank Kaminsky,C,22,CHO,43,0,21.3,2.7,6.8,.405,0.9,2.4,.362,1.9,4.3,.430,.471,1.5,2.0,.724,0.8,3.2,4.0,1.3,0.4,0.6,0.8,1.6,7.8)
(2016,232,Ryan Kelly,PF,24,LAL,17,0,13.5,1.8,4.6,.380,0.3,1.5,.192,1.5,3.1,.472,.411,1.4,1.9,.727,0.6,3.2,3.8,0.8,0.3,0.4,0.6,0.9,5.2)
(2016,236,Kosta Koufos,PF,26,SAC,42,8,20.6,3.2,5.9,.534,0.0,0.0,,3.2,5.9,.534,.534,1.0,1.6,.580,2.4,3.6,6.0,0.3,0.5,0.9,0.8,2.6,7.3)
(2016,240,Joffrey Lauvergne,C,24,DEN,25,15,18.3,3.4,6.8,.503,0.5,1.1,.429,3.0,5.7,.517,.538,0.8,1.0,.875,1.6,3.9,5.5,1.2,0.2,0.3,0.9,2.1,8.2)
(2016,243,Courtney Lee,SG,30,MEM,43,29,29.4,3.8,8.4,.450,0.9,2.6,.342,2.9,5.8,.498,.503,1.6,1.9,.863,0.4,2.2,2.6,1.4,1.1,0.3,0.9,1.5,10.0)
(2016,247,Meyers Leonard,PF,23,POR,39,9,23.3,3.4,7.8,.442,1.4,4.0,.340,2.1,3.8,.551,.530,0.6,0.8,.758,0.9,4.1,5.0,1.5,0.1,0.3,1.2,3.0,8.9)
(2016,251,Shaun Livingston,PG,30,GSW,41,2,19.9,2.6,5.1,.507,0.0,0.3,.091,2.6,4.9,.530,.509,0.9,1.0,.923,0.6,1.3,1.9,2.9,0.5,0.3,0.8,1.8,6.1)
(2016,255,Kyle Lowry,PG,29,TOR,44,44,36.5,6.6,15.7,.421,2.7,7.1,.383,3.9,8.5,.452,.508,4.8,5.5,.880,0.7,4.3,5.0,6.4,2.2,0.5,3.0,2.7,20.7)
(2016,259,Devyn Marble,SG,23,ORL,8,0,2.5,0.1,0.8,.167,0.0,0.3,.000,0.1,0.5,.250,.167,0.0,0.1,.000,0.1,0.3,0.4,0.0,0.1,0.0,0.1,0.3,0.3)
(2016,262,Jarell Martin,PF,21,MEM,2,0,4.5,0.5,2.5,.200,0.0,0.0,,0.5,2.5,.200,.200,0.0,0.0,,0.0,0.0,0.0,0.0,0.0,0.0,0.0,1.0,1.0)
(2016,266,Luc Mbah a Moute,PF,29,LAC,42,28,15.4,1.1,2.6,.431,0.2,0.6,.360,0.9,2.0,.452,.472,0.5,0.8,.618,0.9,1.5,2.4,0.3,0.4,0.3,0.4,1.3,3.0)
(2016,270,T.J. McConnell,PG,23,PHI,45,16,21.2,2.6,5.7,.463,0.4,1.3,.339,2.2,4.4,.500,.502,0.3,0.5,.682,0.6,3.2,3.8,4.8,1.3,0.2,2.0,1.4,6.0)
(2016,274,JaVale McGee,C,28,DAL,25,2,12.0,2.6,4.4,.582,0.0,0.0,,2.6,4.4,.582,.582,0.6,1.1,.500,1.6,2.8,4.4,0.1,0.1,0.9,0.7,1.6,5.7)
(2016,278,Salah Mejri,C,29,DAL,8,1,10.3,1.5,2.0,.750,0.0,0.0,,1.5,2.0,.750,.750,1.0,1.4,.727,1.1,2.1,3.3,0.1,0.1,1.0,0.8,1.4,4.0)
(2016,281,C.J. Miles,SF,28,IND,39,24,26.5,4.2,10.7,.392,2.4,6.7,.355,1.8,4.0,.455,.504,1.8,2.5,.750,0.5,2.7,3.2,1.1,1.1,0.5,1.1,2.4,12.6)
(2016,285,Elijah Millsap,SG,28,UTA,20,0,8.7,0.6,2.0,.282,0.1,0.6,.083,0.5,1.4,.370,.295,0.7,0.9,.722,0.3,1.5,1.8,1.0,0.4,0.2,0.5,1.7,1.8)
(2016,289,Luis Montero,SG,22,POR,7,0,3.3,0.7,1.9,.385,0.1,0.7,.200,0.6,1.1,.500,.423,0.3,0.3,1.000,0.0,0.3,0.3,0.1,0.0,0.0,0.3,0.1,1.9)
(2016,293,Markieff Morris,PF,26,PHO,28,19,22.8,4.1,10.9,.382,0.6,2.0,.298,3.5,8.8,.401,.410,1.4,1.9,.717,1.1,3.8,4.8,1.9,0.7,0.3,2.1,2.7,10.3)
(2016,297,Emmanuel Mudiay,PG,19,DEN,30,28,29.6,4.1,12.6,.325,0.8,3.1,.261,3.3,9.6,.345,.356,2.0,3.2,.642,0.6,2.8,3.4,5.7,1.0,0.6,3.8,2.1,11.0)
(2016,Rk,Player,Pos,Age,Tm,G,GS,MP,FG,FGA,FG%,3P,3PA,3P,2P,2PA,2P,eFG%,FT,FTA,FT%,ORB,DRB,TRB,AST,STL,BLK,TOV,PF,PTS)
(2016,304,Raul Neto,PG,23,UTA,42,41,19.3,2.3,5.4,.417,0.8,2.1,.389,1.4,3.3,.435,.493,0.5,0.6,.741,0.3,1.2,1.5,2.4,0.9,0.0,1.4,1.6,5.8)
(2016,308,Lucas Nogueira,C,23,TOR,14,0,8.1,1.2,1.6,.739,0.0,0.1,.000,1.2,1.6,.773,.739,0.3,0.5,.571,0.5,1.1,1.6,0.2,0.5,0.3,0.3,1.1,2.7)
(2016,312,J.J. O'Brien,SF,23,UTA,2,0,3.0,0.0,0.5,.000,0.0,0.0,,0.0,0.5,.000,.000,0.0,0.0,,0.0,0.5,0.5,0.0,0.5,0.0,0.0,0.5,0.0)
(2016,316,Victor Oladipo,SG,23,ORL,38,18,30.3,5.2,12.6,.412,1.4,3.9,.361,3.8,8.7,.435,.468,2.1,2.6,.816,0.6,4.3,4.8,3.9,1.3,0.6,2.2,2.3,13.9)
(2016,320,Kostas Papanikolaou,SF,25,DEN,26,6,11.3,0.9,2.5,.364,0.4,1.2,.313,0.5,1.3,.412,.439,0.3,0.5,.643,0.3,1.2,1.5,0.6,0.5,0.2,0.8,0.9,2.6)
(2016,323,Chandler Parsons,SF,27,DAL,38,28,26.9,4.4,9.2,.481,1.3,3.3,.392,3.2,5.9,.531,.551,1.1,1.9,.583,0.4,3.6,3.9,2.4,0.6,0.4,1.4,1.7,11.3)
(2016,327,Adreian Payne,PF,24,MIN,30,2,9.5,1.1,2.7,.407,0.3,0.7,.381,0.8,2.0,.417,.457,0.3,0.4,.667,0.3,1.7,2.0,0.5,0.3,0.3,0.6,1.5,2.7)
(2016,331,Kendrick Perkins,C,31,NOP,9,2,9.2,1.4,1.8,.813,0.0,0.0,,1.4,1.8,.813,.813,0.1,0.4,.250,0.7,1.4,2.1,0.6,0.0,0.2,0.7,1.0,3.0)
(2016,335,Miles Plumlee,C,27,MIL,26,1,7.7,1.0,1.7,.581,0.0,0.0,,1.0,1.7,.581,.581,0.4,0.5,.786,0.7,1.2,1.9,0.2,0.2,0.5,0.4,0.8,2.3)
(2016,339,Dwight Powell,PF,24,DAL,44,0,17.2,2.5,5.3,.483,0.0,0.2,.200,2.5,5.0,.495,.487,1.7,2.3,.728,1.4,3.5,4.9,0.7,0.6,0.5,0.7,2.1,6.8)
(2016,342,Ronnie Price,PG,32,PHO,34,1,14.8,1.4,3.6,.382,0.9,2.5,.381,0.4,1.1,.385,.512,0.5,0.6,.895,0.3,0.8,1.1,1.7,1.1,0.1,0.8,2.3,4.2)
(2016,346,Zach Randolph,PF,34,MEM,40,25,28.6,5.7,11.9,.481,0.0,0.2,.167,5.7,11.8,.485,.482,2.3,3.0,.760,3.0,5.1,8.0,1.5,0.6,0.2,1.4,2.0,13.8)
(2016,350,Austin Rivers,SG,23,LAC,41,5,21.9,3.1,7.3,.425,0.7,2.5,.265,2.4,4.8,.508,.470,1.0,1.4,.702,0.3,1.4,1.8,1.4,0.6,0.1,0.9,2.2,7.8)
(2016,354,Thomas Robinson,PF,24,BRK,39,0,9.9,1.5,3.0,.492,0.0,0.0,,1.5,3.0,.492,.492,0.5,0.9,.556,1.3,2.2,3.5,0.2,0.4,0.5,0.7,1.1,3.5)
(2016,358,Terrence Ross,SF,24,TOR,38,7,23.1,3.2,7.3,.438,1.7,4.2,.391,1.5,3.0,.504,.553,0.6,0.6,.875,0.3,2.0,2.3,0.7,0.8,0.4,0.8,1.5,8.6)
(2016,361,Damjan Rudez,SF,29,MIN,17,0,8.3,0.8,1.9,.438,0.6,1.5,.400,0.2,0.4,.571,.594,0.2,0.2,1.000,0.1,0.4,0.4,0.4,0.0,0.0,0.4,0.9,2.5)
(2016,365,JaKarr Sampson,SF,22,PHI,44,18,15.4,1.9,4.4,.438,0.1,0.7,.194,1.8,3.7,.484,.453,1.4,2.2,.635,0.7,2.2,2.9,0.7,0.3,0.4,1.1,2.1,5.3)
(2016,369,Thabo Sefolosha,SF,31,ATL,39,10,24.3,2.8,5.5,.516,0.5,1.8,.286,2.3,3.7,.629,.563,0.9,1.4,.642,0.7,3.9,4.6,1.5,1.4,0.5,0.9,1.5,7.0)
(2016,373,Jonathon Simmons,SG,26,SAS,30,0,13.4,2.2,4.1,.537,0.4,0.9,.462,1.8,3.2,.557,.585,1.3,1.7,.765,0.2,1.4,1.6,1.2,0.4,0.1,1.0,1.9,6.1)
(2016,377,Ish Smith,PG,27,TOT,41,17,25.7,4.7,11.2,.415,0.4,1.3,.315,4.2,9.9,.429,.434,1.5,2.0,.756,0.5,2.8,3.4,6.5,1.1,0.2,2.1,1.6,11.2)
(2016,379,Jason Smith,C,29,ORL,37,0,14.9,2.7,5.3,.503,0.1,0.3,.200,2.6,5.1,.519,.508,0.6,0.6,.917,0.5,1.9,2.5,0.6,0.4,0.7,0.7,2.1,6.0)
(2016,Rk,Player,Pos,Age,Tm,G,GS,MP,FG,FGA,FG%,3P,3PA,3P,2P,2PA,2P,eFG%,FT,FTA,FT%,ORB,DRB,TRB,AST,STL,BLK,TOV,PF,PTS)
(2016,384,Tiago Splitter,C,31,ATL,32,2,16.0,2.3,4.4,.511,0.0,0.1,.000,2.3,4.3,.518,.511,1.0,1.3,.800,1.3,2.0,3.3,0.8,0.5,0.4,0.7,2.0,5.5)
(2016,387,Jarnell Stokes,C,22,MEM,2,0,2.0,0.0,0.0,,0.0,0.0,,0.0,0.0,,,0.0,0.0,,0.5,0.5,1.0,0.0,0.0,0.0,0.0,0.0,0.0)
(2016,390,Jared Sullinger,PF,23,BOS,44,36,24.1,4.0,9.7,.419,0.4,1.6,.268,3.6,8.0,.449,.441,1.3,2.1,.637,2.5,6.2,8.8,2.3,0.9,0.7,1.3,2.7,9.8)
(2016,394,Garrett Temple,SF,29,WAS,39,22,24.5,2.8,6.9,.411,1.1,3.3,.341,1.7,3.6,.475,.493,1.5,2.0,.731,0.5,2.1,2.6,1.9,0.9,0.3,0.7,2.1,8.3)
(2016,398,Hollis Thompson,SG,24,PHI,43,2,26.6,3.1,7.7,.404,1.7,4.4,.389,1.4,3.2,.424,.517,0.7,1.0,.651,0.6,2.8,3.3,1.2,0.4,0.3,1.2,2.6,8.6)
(2016,401,Tristan Thompson,PF,24,CLE,42,12,27.2,2.9,5.3,.554,0.0,0.0,,2.9,5.3,.554,.554,1.7,2.9,.595,3.2,6.1,9.4,0.7,0.3,0.4,0.7,2.5,7.6)
(2016,405,P.J. Tucker,SF,30,PHO,45,43,28.4,2.5,6.0,.410,0.8,2.2,.350,1.7,3.8,.444,.474,1.0,1.3,.741,1.7,4.0,5.6,1.6,1.2,0.2,1.1,2.2,6.7)
(2016,408,Beno Udrih,PG,33,MEM,8,0,15.0,2.5,5.8,.435,0.5,1.4,.364,2.0,4.4,.457,.478,0.4,0.4,1.000,0.3,0.9,1.1,3.3,0.4,0.1,1.4,1.4,5.9)
(2016,411,Greivis Vasquez,PG,29,MIL,16,0,22.6,2.4,7.0,.348,0.9,3.4,.259,1.6,3.6,.431,.411,1.4,1.6,.880,0.3,2.1,2.3,4.4,0.4,0.0,1.9,2.1,7.1)
(2016,415,Nikola Vucevic,C,25,ORL,39,38,31.1,7.8,15.3,.510,0.0,0.2,.167,7.8,15.1,.514,.511,1.2,1.6,.738,2.9,5.7,8.6,2.7,0.9,1.1,1.7,2.5,16.8)
(2016,419,Kemba Walker,PG,25,CHO,44,44,35.9,7.1,16.5,.433,1.8,4.9,.373,5.3,11.5,.459,.489,4.4,5.1,.862,0.8,3.4,4.2,5.0,1.8,0.6,2.2,1.4,20.5)
(2016,422,C.J. Watson,PG,31,ORL,8,0,19.5,1.8,4.8,.368,0.6,2.0,.313,1.1,2.8,.409,.434,0.6,0.9,.714,0.5,1.5,2.0,3.1,1.0,0.0,0.8,1.3,4.8)
(2016,426,Hassan Whiteside,C,26,MIA,41,40,28.9,5.1,8.4,.613,0.0,0.0,,5.1,8.4,.613,.613,2.0,3.7,.542,3.1,8.1,11.2,0.3,0.6,3.9,2.1,2.4,12.3)
(2016,430,Deron Williams,PG,31,DAL,38,36,32.5,5.1,12.0,.420,1.4,4.1,.348,3.6,7.9,.457,.479,2.6,2.9,.901,0.3,2.8,3.1,5.6,1.0,0.3,2.4,2.3,14.2)
(2016,434,Marvin Williams,PF,29,CHO,44,44,29.4,3.3,8.0,.409,1.5,4.2,.360,1.8,3.8,.464,.504,1.4,1.5,.912,1.5,5.2,6.7,1.4,0.6,1.0,0.7,1.6,9.5)
(2016,438,Christian Wood,PF,20,PHI,14,0,8.1,1.4,3.1,.442,0.3,0.6,.444,1.1,2.4,.441,.488,0.6,0.9,.692,0.7,1.6,2.3,0.2,0.4,0.4,0.1,0.6,3.6)
(2016,441,Delon Wright,PG,23,TOR,10,0,2.9,0.2,0.9,.222,0.0,0.1,.000,0.2,0.8,.250,.222,0.1,0.4,.250,0.1,0.5,0.6,0.4,0.0,0.0,0.3,0.2,0.5)
(2016,445,Nick Young,SG,30,LAL,36,0,18.7,2.6,7.2,.364,1.6,4.4,.350,1.1,2.7,.388,.473,0.7,0.9,.788,0.2,1.3,1.5,0.5,0.5,0.1,0.6,0.8,7.5)
