(1990,2,Michael Adams,PG,27,DEN,79,74,34.1,5.0,12.5,.402,2.0,5.5,.366,3.0,7.1,.431,.482,3.4,4.0,.850,0.6,2.2,2.8,6.3,1.5,0.0,1.8,1.7,15.5)
(1990,6,Steve Alford,PG,25,DAL,41,0,7.4,1.5,3.4,.457,0.2,0.5,.318,1.4,2.8,.483,.482,0.9,0.9,.946,0.0,0.6,0.6,1.0,0.4,0.1,0.4,0.5,4.1)
(1990,10,Richard Anderson,PF,29,CHH,54,2,11.2,1.6,3.9,.417,0.7,1.9,.370,0.9,2.1,.459,.505,0.3,0.4,.783,0.6,1.7,2.4,1.0,0.4,0.2,0.5,1.2,4.3)
(1990,14,B.J. Armstrong,PG,22,CHI,81,0,15.9,2.3,4.8,.485,0.0,0.1,.500,2.3,4.8,.484,.489,0.9,1.0,.885,0.2,1.0,1.3,2.5,0.6,0.1,1.0,1.3,5.6)
(1990,18,Charles Barkley*,PF,26,PHI,79,79,39.1,8.9,14.9,.600,0.3,1.2,.217,8.7,13.7,.632,.608,7.1,9.4,.749,4.6,6.9,11.5,3.9,1.9,0.6,3.1,3.2,25.2)
(1990,21,Kenny Battle,SG,25,PHO,59,8,12.4,1.6,2.9,.547,0.0,0.1,.250,1.6,2.8,.554,.550,0.9,1.4,.671,0.7,1.4,2.1,0.6,0.6,0.2,0.5,1.6,4.1)
(1990,25,Larry Bird*,SF,33,BOS,75,75,39.3,9.6,20.2,.473,0.9,2.6,.333,8.7,17.6,.494,.495,4.3,4.6,.930,1.2,8.3,9.5,7.5,1.4,0.8,3.2,2.3,24.3)
(1990,29,Muggsy Bogues,PG,25,CHH,81,65,33.9,4.0,8.2,.491,0.1,0.3,.192,4.0,7.9,.503,.495,1.3,1.7,.791,0.6,2.0,2.6,10.7,2.0,0.0,1.8,2.1,9.4)
(1990,33,Adrian Branch,SF,26,MIN,11,0,8.3,2.3,5.5,.410,0.1,0.1,1.000,2.2,5.5,.400,.418,1.3,2.0,.636,0.7,1.1,1.8,0.4,0.5,0.0,0.7,1.3,5.9)
(1990,37,Chucky Brown,SF,21,CLE,75,35,17.9,2.8,6.0,.470,0.0,0.1,.000,2.8,5.9,.477,.470,1.7,2.2,.762,1.1,2.0,3.1,0.7,0.4,0.3,0.9,2.0,7.3)
(1990,Rk,Player,Pos,Age,Tm,G,GS,MP,FG,FGA,FG%,3P,3PA,3P%,2P,2PA,2P%,eFG%,FT,FTA,FT%,ORB,DRB,TRB,AST,STL,BLK,TOV,PF,PTS)
(1990,44,Steve Bucknall,SG,23,LAL,18,0,4.2,0.5,1.8,.273,0.0,0.1,.000,0.5,1.8,.281,.273,0.3,0.3,.833,0.3,0.1,0.4,0.6,0.1,0.1,0.6,0.6,1.3)
(1990,48,Tony Campbell,SG,27,MIN,82,81,38.6,8.8,19.3,.457,0.1,0.7,.167,8.7,18.6,.468,.460,5.5,6.9,.787,2.5,3.0,5.5,2.6,1.4,0.4,3.1,3.2,23.2)
(1990,52,Bill Cartwright,C,32,CHI,71,71,30.4,4.1,8.4,.488,0.0,0.0,,4.1,8.4,.488,.488,3.2,3.9,.811,1.9,4.6,6.5,2.0,0.5,0.5,1.7,3.4,11.4)
(1990,56,Maurice Cheeks,PG,33,TOT,81,62,31.1,3.8,7.5,.504,0.0,0.2,.250,3.7,7.3,.511,.507,2.1,2.5,.847,0.6,2.3,3.0,5.6,1.5,0.1,1.5,1.0,9.7)
(1990,60,Lester Conner,PG,30,NJN,82,61,28.7,2.9,7.0,.414,0.0,0.2,.154,2.9,6.8,.420,.415,2.1,2.6,.804,1.1,2.1,3.2,4.7,2.1,0.1,1.7,2.2,7.9)
(1990,63,Lanard Copeland,SG,24,PHI,23,0,4.8,1.3,3.0,.456,0.0,0.2,.200,1.3,2.7,.476,.463,0.5,0.6,.786,0.2,0.3,0.4,0.4,0.0,0.0,0.8,0.5,3.2)
(1990,67,Terry Cummings,PF,28,SAS,81,78,34.8,9.0,18.9,.475,0.2,0.7,.322,8.8,18.2,.481,.481,4.2,5.4,.780,2.8,5.6,8.4,2.7,1.4,0.6,2.5,3.5,22.4)
(1990,71,Brad Daugherty,C,24,CLE,41,40,35.1,6.0,12.4,.479,0.0,0.0,.000,6.0,12.4,.481,.479,4.9,7.0,.704,1.9,7.2,9.1,3.2,0.7,0.5,2.7,2.6,16.8)
(1990,75,Walter Davis,SG,35,DEN,69,0,23.7,7.2,15.0,.481,0.1,0.7,.130,7.1,14.3,.497,.484,3.0,3.3,.912,0.7,1.9,2.6,2.2,0.9,0.1,1.5,2.3,17.5)
(1990,79,Vlade Divac,C,21,LAL,82,5,19.6,3.3,6.7,.499,0.0,0.1,.000,3.3,6.6,.504,.499,1.9,2.6,.708,2.0,4.2,6.2,0.9,1.0,1.4,1.3,2.9,8.5)
(1990,82,Terry Dozier,SF,23,CHH,9,0,10.2,1.0,3.0,.333,0.0,0.1,.000,1.0,2.9,.346,.333,0.4,0.9,.500,0.8,0.9,1.7,0.3,0.7,0.2,0.8,1.1,2.4)
(1990,86,Kevin Duckworth,C,25,POR,82,82,30.0,6.7,14.0,.478,0.0,0.0,,6.7,14.0,.478,.478,2.8,3.8,.740,2.2,4.0,6.2,1.1,0.4,0.4,2.1,3.3,16.2)
(1990,90,T.R. Dunn,SF,34,DEN,65,2,10.1,0.7,1.5,.454,0.0,0.0,.000,0.7,1.5,.463,.454,0.4,0.6,.667,0.9,1.3,2.1,0.7,0.6,0.1,0.3,1.0,1.8)
(1990,94,James Edwards,C,34,DET,82,70,27.8,5.6,11.3,.498,0.0,0.0,.000,5.6,11.3,.499,.498,3.2,4.3,.749,1.4,2.8,4.2,0.8,0.3,0.5,1.6,3.6,14.5)
(1990,98,Sean Elliott,SF,21,SAS,81,69,25.1,3.8,8.0,.481,0.0,0.1,.111,3.8,7.9,.486,.481,2.3,2.7,.866,1.6,2.1,3.7,1.9,0.6,0.2,1.4,2.1,10.0)
(1990,101,Alex English*,SF,36,DEN,80,80,27.6,7.9,16.2,.491,0.0,0.1,.400,7.9,16.1,.491,.492,2.0,2.3,.880,1.5,2.1,3.6,2.8,0.6,0.3,1.2,1.6,17.9)
(1990,105,Vern Fleming,PG,27,IND,82,82,35.1,5.7,11.2,.508,0.1,0.4,.353,5.5,10.8,.514,.515,2.8,3.6,.782,1.4,2.5,3.9,7.4,1.1,0.1,2.5,2.6,14.3)
(1990,109,Kevin Gamble,SF,24,BOS,71,10,13.9,1.9,4.2,.455,0.0,0.3,.167,1.9,4.0,.473,.460,1.2,1.5,.794,0.6,1.0,1.6,1.7,0.4,0.1,0.6,1.1,5.1)
(1990,113,Derrick Gervin,PF,26,NJN,21,0,16.1,4.4,9.4,.472,0.0,0.1,.000,4.4,9.2,.479,.472,3.1,4.2,.730,1.4,1.7,3.1,0.4,1.0,0.3,0.6,2.2,12.0)
(1990,117,Greg Grant,PG,23,PHO,67,3,10.1,1.2,3.2,.384,0.0,0.2,.188,1.2,3.0,.400,.391,0.6,0.9,.661,0.2,0.6,0.9,2.5,0.5,0.0,1.1,0.9,3.1)
(1990,Rk,Player,Pos,Age,Tm,G,GS,MP,FG,FGA,FG%,3P,3PA,3P%,2P,2PA,2P%,eFG%,FT,FTA,FT%,ORB,DRB,TRB,AST,STL,BLK,TOV,PF,PTS)
(1990,124,Sidney Green,C,29,ORL,73,31,25.5,4.3,9.1,.468,0.0,0.0,.333,4.3,9.1,.468,.469,1.9,2.9,.651,2.3,5.8,8.1,1.4,0.7,0.4,1.6,3.2,10.4)
(1990,128,Jack Haley,PF,26,TOT,67,26,16.2,2.1,5.2,.398,0.0,0.0,.000,2.1,5.2,.399,.398,1.3,1.9,.680,1.7,2.8,4.5,0.4,0.3,0.2,1.1,2.5,5.4)
(1990,132,Tim Hardaway,PG,23,GSW,79,78,33.7,5.9,12.5,.471,0.3,1.1,.274,5.6,11.4,.489,.483,2.7,3.5,.764,0.7,3.2,3.9,8.7,2.1,0.2,3.3,2.9,14.7)
(1990,136,Scott Hastings,PF,29,DET,40,0,4.2,0.3,0.8,.303,0.1,0.3,.250,0.2,0.5,.333,.348,0.5,0.6,.864,0.2,0.6,0.8,0.2,0.1,0.1,0.2,0.8,1.1)
(1990,140,Rod Higgins,PF,30,GSW,82,22,24.3,3.7,7.7,.481,0.8,2.4,.347,2.9,5.4,.540,.534,2.9,3.5,.821,1.5,3.7,5.1,1.6,0.6,0.6,1.1,2.2,11.1)
(1990,143,Mike Holton,PG,28,CHH,16,0,6.8,0.9,1.6,.538,0.0,0.0,,0.9,1.6,.538,.538,0.1,0.1,.500,0.1,0.1,0.1,1.0,0.1,0.0,0.8,1.2,1.8)
(1990,147,Jeff Hornacek,SG,26,PHO,67,60,34.0,7.2,13.4,.536,0.6,1.5,.408,6.6,12.0,.552,.558,2.6,3.0,.856,1.3,3.4,4.7,5.0,1.7,0.2,1.9,2.1,17.6)
(1990,151,Byron Irvin,SG,23,POR,50,2,9.8,1.9,4.1,.473,0.1,0.3,.357,1.8,3.8,.481,.485,1.2,1.8,.670,0.6,0.9,1.5,0.9,0.6,0.0,0.8,0.8,5.2)
(1990,155,Avery Johnson,PG,24,SEA,53,10,10.8,1.0,2.7,.387,0.0,0.1,.250,1.0,2.6,.391,.391,0.5,0.8,.725,0.4,0.4,0.8,3.1,0.5,0.0,0.9,1.0,2.6)
(1990,159,Eric Johnson,PG,23,UTA,48,2,5.7,0.4,1.8,.238,0.0,0.1,.167,0.4,1.6,.244,.244,0.3,0.4,.765,0.2,0.4,0.6,1.3,0.4,0.0,0.5,1.0,1.1)
(1990,162,Marques Johnson,SF,33,GSW,10,0,9.9,1.2,3.2,.375,0.2,0.3,.667,1.0,2.9,.345,.406,1.4,1.7,.824,0.8,0.9,1.7,0.9,0.0,0.1,1.0,1.2,4.0)
(1990,166,Anthony Jones,SG,27,DAL,66,0,9.8,1.1,2.9,.371,0.1,0.2,.308,1.0,2.7,.376,.381,0.7,1.0,.681,0.5,0.7,1.2,0.4,0.5,0.2,0.6,1.2,3.0)
(1990,170,Shawn Kemp,PF,20,SEA,81,1,13.8,2.5,5.2,.479,0.0,0.1,.167,2.5,5.1,.488,.481,1.4,2.0,.736,1.8,2.5,4.3,0.3,0.6,0.9,1.3,2.5,6.5)
(1990,174,Randolph Keys,SF,23,TOT,80,18,20.2,3.7,8.5,.432,0.2,0.5,.326,3.5,7.9,.439,.442,1.3,1.8,.721,1.3,1.9,3.2,1.1,0.9,0.1,1.1,2.8,8.8)
(1990,178,Greg Kite,C,28,SAC,71,47,21.3,1.4,3.3,.432,0.0,0.0,1.000,1.4,3.3,.429,.434,0.4,0.8,.500,1.8,3.5,5.3,1.1,0.4,0.7,1.1,2.8,3.2)
(1990,181,Frank Kornet,PF,23,MIL,57,0,7.7,0.7,2.0,.368,0.1,0.4,.250,0.6,1.6,.394,.390,0.4,0.7,.615,0.4,0.8,1.2,0.4,0.2,0.1,0.4,0.9,2.0)
(1990,185,Andrew Lang,C,23,PHO,74,0,13.7,1.3,2.4,.557,0.0,0.0,,1.3,2.4,.557,.557,0.9,1.3,.653,1.1,2.5,3.7,0.3,0.3,1.8,0.6,2.3,3.5)
(1990,189,Gary Leonard,C,22,MIN,22,0,5.8,0.6,1.4,.419,0.0,0.0,.000,0.6,1.4,.433,.419,0.3,0.6,.429,0.5,0.8,1.2,0.0,0.1,0.4,0.4,1.2,1.5)
(1990,194,Ralph Lewis,SG,26,TOT,7,0,3.7,0.6,1.0,.571,0.0,0.0,,0.6,1.0,.571,.571,0.3,0.3,1.000,0.6,0.3,0.9,0.0,0.1,0.0,0.3,0.4,1.4)
(1990,198,Lewis Lloyd,SG,30,TOT,21,0,5.9,1.4,2.5,.566,0.0,0.0,,1.4,2.5,.566,.566,0.4,0.8,.563,0.4,0.5,0.9,0.5,0.1,0.0,1.0,0.6,3.3)
(1990,201,John Long,SG,33,ATL,48,19,21.5,3.6,8.0,.453,0.2,0.6,.345,3.4,7.4,.462,.466,1.0,1.1,.836,0.5,1.2,1.7,1.8,0.9,0.1,1.6,1.4,8.4)
(1990,205,Dan Majerle,SG,24,PHO,73,23,30.7,4.1,9.6,.424,0.3,1.1,.238,3.8,8.5,.448,.438,2.7,3.6,.762,2.0,3.9,5.9,2.6,1.4,0.4,1.1,2.4,11.1)
(1990,209,Danny Manning,PF,23,LAC,71,42,32.0,6.2,11.6,.533,0.0,0.1,.000,6.2,11.6,.536,.533,3.9,5.2,.741,2.0,3.9,5.9,2.6,1.3,0.5,2.6,3.7,16.3)
(1990,213,Anthony Mason,PF,23,NJN,21,0,5.1,0.7,1.9,.350,0.0,0.0,,0.7,1.9,.350,.350,0.4,0.7,.600,0.5,1.1,1.6,0.3,0.1,0.1,0.5,1.0,1.8)
(1990,217,Mel McCants,SF,22,LAL,13,0,5.0,0.6,2.0,.308,0.0,0.0,,0.6,2.0,.308,.308,0.5,0.6,.750,0.1,0.4,0.5,0.2,0.2,0.1,0.1,0.8,1.7)
(1990,Rk,Player,Pos,Age,Tm,G,GS,MP,FG,FGA,FG%,3P,3PA,3P%,2P,2PA,2P%,eFG%,FT,FTA,FT%,ORB,DRB,TRB,AST,STL,BLK,TOV,PF,PTS)
(1990,224,Derrick McKey,SF,23,SEA,80,80,34.4,5.9,11.9,.493,0.0,0.3,.130,5.8,11.6,.502,.495,3.9,5.0,.782,2.1,4.0,6.1,2.3,1.1,1.0,2.4,3.1,15.7)
(1990,228,Scott Meents,PF,26,SEA,26,0,5.7,0.7,1.7,.432,0.0,0.0,,0.7,1.7,.432,.432,0.7,0.9,.739,0.3,0.9,1.2,0.3,0.2,0.1,0.3,0.5,2.1)
(1990,232,Johnny Moore,PG,31,SAS,53,8,9.7,0.9,2.4,.373,0.2,0.6,.235,0.7,1.7,.424,.405,0.3,0.5,.593,0.3,0.7,1.0,1.5,0.6,0.1,0.7,1.0,2.2)
(1990,236,Chris Mullin*,SF,26,GSW,78,78,36.3,8.7,16.3,.536,1.1,3.0,.372,7.6,13.3,.573,.570,6.5,7.3,.889,1.7,4.3,5.9,4.1,1.6,0.6,3.1,1.8,25.1)
(1990,240,Calvin Natt,SF,33,IND,14,0,11.7,1.4,2.2,.645,0.0,0.0,,1.4,2.2,.645,.645,1.2,1.6,.773,0.7,1.8,2.5,0.6,0.1,0.0,0.4,1.0,4.1)
(1990,243,Johnny Newman,SF,26,NYK,80,69,28.5,4.7,9.8,.476,0.6,1.8,.317,4.1,8.1,.511,.504,3.0,3.7,.799,0.8,1.6,2.4,2.3,1.2,0.3,1.8,3.2,12.9)
(1990,247,Charles Oakley,PF,26,NYK,61,61,36.0,5.5,10.5,.524,0.0,0.0,.000,5.5,10.5,.527,.524,3.6,4.7,.761,4.2,7.7,11.9,2.4,1.0,0.3,2.7,3.6,14.6)
(1990,251,Robert Parish*,C,36,BOS,79,78,30.3,6.4,11.0,.580,0.0,0.0,,6.4,11.0,.580,.580,2.9,3.9,.747,3.3,6.8,10.1,1.3,0.5,0.9,2.1,2.4,15.7)
(1990,255,Kenny Payne,SF,23,PHI,35,4,6.2,1.3,3.1,.435,0.1,0.3,.400,1.2,2.8,.439,.454,0.5,0.5,.889,0.3,0.4,0.7,0.3,0.2,0.2,0.6,1.1,3.3)
(1990,259,Chuck Person,SF,25,IND,77,73,35.2,7.9,16.1,.487,1.2,3.3,.372,6.6,12.8,.517,.525,2.7,3.5,.781,1.6,4.1,5.8,3.0,0.7,0.3,2.2,2.8,19.7)
(1990,262,Ricky Pierce,SG,30,MIL,59,0,29.0,8.5,16.7,.510,0.8,2.3,.346,7.7,14.5,.535,.533,5.2,6.2,.839,1.1,1.7,2.8,2.3,0.8,0.1,2.2,2.7,23.0)
(1990,266,Terry Porter,PG,26,POR,80,80,34.8,5.6,12.1,.462,1.1,3.0,.374,4.5,9.1,.491,.508,5.3,5.9,.892,0.7,2.7,3.4,9.1,1.9,0.1,3.1,1.9,17.6)
(1990,270,Brian Quinnett,SG,23,NYK,31,0,6.2,0.6,1.9,.328,0.0,0.1,.000,0.6,1.8,.339,.328,0.1,0.1,.667,0.3,0.6,0.9,0.4,0.1,0.1,0.1,0.9,1.3)
(1990,274,Robert Reid,SF,34,TOT,72,28,16.7,2.4,6.2,.391,0.1,0.4,.313,2.3,5.8,.398,.403,0.8,1.2,.628,0.5,1.6,2.1,1.3,0.5,0.2,0.6,2.1,5.8)
(1990,278,Mitch Richmond*,SG,24,GSW,78,78,35.9,8.2,16.5,.497,0.4,1.2,.358,7.8,15.3,.508,.510,5.2,6.0,.866,1.3,3.4,4.6,2.9,1.3,0.3,2.6,2.7,22.1)
(1990,281,Fred Roberts,PF,29,MIL,82,66,27.3,4.0,8.1,.495,0.0,0.1,.182,4.0,8.0,.501,.497,2.4,3.0,.783,1.3,2.5,3.8,1.8,0.7,0.3,1.6,2.6,10.5)
(1990,285,Dennis Rodman*,PF,28,DET,82,43,29.0,3.5,6.0,.581,0.0,0.1,.111,3.5,5.9,.589,.582,1.7,2.6,.654,4.1,5.6,9.7,0.9,0.6,0.7,1.1,3.4,8.8)
(1990,289,Jim Rowinski,PF,29,MIA,14,0,8.0,1.0,2.3,.438,0.0,0.0,,1.0,2.3,.438,.438,1.6,1.9,.846,1.2,0.9,2.1,0.4,0.1,0.1,0.7,1.4,3.6)
(1990,293,John Salley,PF,25,DET,82,12,23.3,2.5,5.0,.512,0.0,0.0,.250,2.5,4.9,.515,.513,2.1,3.0,.713,1.9,3.5,5.4,0.8,0.6,1.9,1.2,3.4,7.2)
(1990,297,Danny Schayes,C,30,DEN,53,22,22.5,3.1,6.2,.494,0.0,0.1,.000,3.1,6.2,.500,.494,4.2,5.0,.852,2.2,4.2,6.5,1.2,0.8,0.8,1.4,3.8,10.4)
(1990,Rk,Player,Pos,Age,Tm,G,GS,MP,FG,FGA,FG%,3P,3PA,3P%,2P,2PA,2P%,eFG%,FT,FTA,FT%,ORB,DRB,TRB,AST,STL,BLK,TOV,PF,PTS)
(1990,304,Purvis Short,SF,32,NJN,82,24,27.0,5.3,11.6,.455,0.1,0.4,.286,5.1,11.2,.461,.460,2.4,2.9,.835,1.2,1.8,3.0,1.8,0.8,0.2,1.5,2.5,13.1)
(1990,308,Scott Skiles,PG,25,ORL,70,32,20.9,2.7,6.6,.409,0.7,1.9,.394,2.0,4.7,.416,.466,1.5,1.7,.874,0.3,1.9,2.3,4.8,0.5,0.1,1.3,1.8,7.7)
(1990,312,Kenny Smith,PG,24,TOT,79,51,30.6,4.8,10.3,.466,0.3,1.1,.313,4.5,9.2,.484,.482,2.0,2.5,.821,0.2,1.8,2.0,5.6,1.0,0.1,2.1,1.8,11.9)
(1990,316,Rik Smits,C,23,IND,82,82,29.3,6.3,11.8,.533,0.0,0.0,.000,6.3,11.8,.533,.533,2.9,3.6,.811,1.6,4.6,6.2,1.7,0.5,2.1,1.7,4.0,15.5)
(1990,320,Greg Stokes,PF,26,SAC,11,0,3.1,0.1,0.8,.111,0.0,0.0,,0.1,0.8,.111,.111,0.2,0.2,1.000,0.2,0.3,0.5,0.0,0.0,0.0,0.3,0.7,0.4)
(1990,323,Roy Tarpley,PF,25,DAL,45,35,36.6,7.0,15.5,.451,0.0,0.1,.000,7.0,15.3,.455,.451,2.9,3.8,.756,4.2,8.9,13.1,1.5,1.8,1.6,2.6,3.6,16.8)
(1990,327,Reggie Theus,SG,32,ORL,76,71,30.9,6.8,15.5,.439,0.3,1.4,.248,6.5,14.1,.458,.450,5.0,5.8,.853,1.0,1.9,2.9,5.4,0.8,0.2,3.0,2.6,18.9)
(1990,331,Mychal Thompson,C,35,LAL,70,70,26.9,4.0,8.0,.500,0.0,0.0,,4.0,8.0,.500,.500,2.1,2.9,.706,2.5,4.3,6.8,0.6,0.5,1.0,1.1,3.0,10.1)
(1990,335,Wayman Tisdale,PF,25,SAC,79,79,37.2,9.2,17.5,.525,0.0,0.1,.000,9.2,17.4,.527,.525,3.9,4.9,.783,2.3,5.2,7.5,1.4,0.7,0.7,1.9,3.2,22.3)
(1990,339,Trent Tucker,SG,30,NYK,81,2,21.3,3.1,7.5,.417,1.2,3.0,.388,2.0,4.5,.438,.496,0.8,1.1,.767,0.7,1.4,2.1,2.1,0.9,0.1,0.9,2.0,8.2)
(1990,342,Jeff Turner,PF,27,ORL,60,15,18.4,2.2,5.1,.429,0.0,0.2,.200,2.2,5.0,.436,.432,0.7,0.9,.778,0.9,2.9,3.8,0.9,0.4,0.2,1.0,2.7,5.1)
(1990,346,Jay Vincent,SF,30,TOT,41,6,11.2,2.1,4.5,.470,0.0,0.0,.500,2.1,4.4,.470,.473,1.0,1.2,.837,0.5,1.0,1.5,0.4,0.4,0.1,0.8,1.3,5.2)
(1990,350,Mark Wade,PG,24,DAL,1,0,3.0,0.0,0.0,,0.0,0.0,,0.0,0.0,,,0.0,0.0,,0.0,0.0,0.0,2.0,0.0,0.0,0.0,0.0,0.0)
(1990,354,Chris Welp,C,26,TOT,27,3,7.3,0.9,2.3,.377,0.0,0.0,,0.9,2.3,.377,.377,0.7,0.9,.760,0.7,1.1,1.8,0.3,0.2,0.3,0.6,2.1,2.4)
(1990,358,Randy White,PF,22,DAL,55,2,12.9,1.7,4.6,.369,0.0,0.3,.071,1.7,4.3,.387,.371,0.9,1.6,.562,1.4,1.7,3.1,0.4,0.4,0.1,0.9,2.3,4.3)
(1990,361,Dominique Wilkins*,SF,30,ATL,80,79,36.1,10.1,20.9,.484,0.7,2.3,.322,9.4,18.6,.504,.502,5.7,7.1,.807,2.7,3.8,6.5,2.5,1.6,0.6,2.2,1.8,26.7)
(1990,365,Herb Williams,C,31,DAL,81,19,27.1,3.6,8.2,.444,0.0,0.1,.222,3.6,8.1,.447,.445,1.3,2.0,.679,0.9,3.9,4.8,1.5,0.6,1.3,1.3,3.0,8.6)
(1990,369,Mike Williams,PF-SF,26,TOT,21,0,4.9,0.3,0.9,.333,0.0,0.0,.000,0.3,0.8,.353,.333,0.1,0.3,.500,0.2,0.9,1.1,0.1,0.1,0.3,0.1,1.4,0.7)
(1990,373,Randy Wittman,SF,30,IND,61,0,8.9,1.0,2.0,.508,0.0,0.0,.500,1.0,2.0,.508,.512,0.1,0.1,.833,0.1,0.4,0.5,0.6,0.1,0.1,0.4,0.3,2.1)
(1990,377,Orlando Woolridge,SF,30,LAL,62,2,22.9,4.9,8.9,.556,0.0,0.1,.000,4.9,8.8,.561,.556,2.8,3.9,.733,0.8,2.2,3.0,1.5,0.6,0.7,1.2,2.6,12.7)
(1990,Rk,Player,Pos,Age,Tm,G,GS,MP,FG,FGA,FG%,3P,3PA,3P%,2P,2PA,2P%,eFG%,FT,FTA,FT%,ORB,DRB,TRB,AST,STL,BLK,TOV,PF,PTS)
