(1990,1,Mark Acres,C,27,ORL,80,50,21.1,1.7,3.6,.484,0.0,0.1,.750,1.7,3.5,.480,.489,1.0,1.5,.692,1.9,3.5,5.4,0.8,0.5,0.3,0.9,3.1,4.5)
(1990,5,Mark Alarie,PF,26,WSB,82,10,23.1,4.5,9.6,.473,0.1,0.6,.204,4.4,9.0,.490,.479,1.3,1.6,.812,1.8,2.7,4.6,1.7,0.7,0.5,1.2,2.7,10.5)
(1990,9,Nick Anderson,SG,22,ORL,81,9,22.0,4.6,9.3,.494,0.0,0.2,.059,4.6,9.1,.504,.495,2.3,3.3,.705,1.3,2.6,3.9,1.5,0.9,0.4,1.7,1.7,11.5)
(1990,13,Michael Ansley,SF,22,ORL,72,5,17.0,3.2,6.5,.497,0.0,0.0,,3.2,6.5,.497,.497,2.3,3.2,.722,2.6,2.4,5.0,0.6,0.3,0.2,0.7,2.1,8.7)
(1990,17,Ken Bannister,PF,29,LAC,52,1,11.3,1.5,3.1,.478,0.0,0.0,.000,1.5,3.1,.481,.478,1.0,2.1,.473,0.8,1.4,2.2,0.3,0.3,0.1,0.8,1.8,4.0)
(1990,Rk,Player,Pos,Age,Tm,G,GS,MP,FG,FGA,FG%,3P,3PA,3P%,2P,2PA,2P%,eFG%,FT,FTA,FT%,ORB,DRB,TRB,AST,STL,BLK,TOV,PF,PTS)
(1990,24,Winston Bennett,SF,24,CLE,55,34,18.0,2.5,5.2,.479,0.0,0.0,,2.5,5.2,.479,.479,1.2,1.7,.667,1.5,1.9,3.4,1.0,0.4,0.2,1.1,2.4,6.1)
(1990,28,Mookie Blaylock,PG,22,NJN,50,17,25.3,4.2,11.4,.371,0.4,1.6,.225,3.9,9.8,.395,.387,1.3,1.6,.778,0.8,2.0,2.8,4.2,1.6,0.3,2.2,2.2,10.1)
(1990,32,Sam Bowie,C,28,NJN,68,54,32.5,5.1,12.3,.416,0.1,0.5,.323,5.0,11.8,.420,.422,4.3,5.6,.776,3.0,7.1,10.1,1.3,0.6,1.8,1.8,3.1,14.7)
(1990,36,Scott Brooks,PG,24,PHI,72,1,13.5,1.7,3.8,.431,0.4,1.1,.392,1.2,2.7,.447,.487,0.7,0.8,.877,0.2,0.7,0.9,2.9,0.7,0.0,0.5,1.5,4.4)
(1990,40,Tony Brown,SF,29,MIL,61,10,10.4,1.4,3.4,.427,0.1,0.3,.250,1.4,3.0,.446,.439,0.6,0.9,.679,0.6,0.5,1.2,0.7,0.5,0.1,0.8,1.3,3.6)
(1990,43,Torgeir Bryn,C,25,LAC,3,0,3.3,0.0,0.7,.000,0.0,0.0,,0.0,0.7,.000,.000,1.3,2.0,.667,0.0,0.7,0.7,0.0,0.7,0.3,0.3,1.7,1.3)
(1990,47,Adrian Caldwell,PF,23,HOU,51,0,6.5,0.8,1.5,.553,0.0,0.0,,0.8,1.5,.553,.553,0.3,0.5,.464,0.7,1.4,2.1,0.1,0.2,0.4,0.6,1.4,1.9)
(1990,51,Joe Barry Carroll,C,31,TOT,76,47,22.6,4.1,10.0,.411,0.0,0.0,.000,4.1,10.0,.412,.411,1.8,2.3,.774,1.8,4.1,5.8,1.3,0.6,1.5,1.9,2.5,10.0)
(1990,55,Rex Chapman,SG,22,CHH,54,52,32.6,7.0,17.1,.408,0.9,2.6,.331,6.1,14.5,.422,.433,2.7,3.6,.750,1.0,2.4,3.3,2.4,0.9,0.1,1.9,2.1,17.5)
(1990,59,Steve Colter,PG,27,WSB,73,1,13.4,1.9,4.1,.478,0.0,0.1,.000,1.9,4.0,.486,.478,1.1,1.3,.811,0.8,1.7,2.4,2.0,0.6,0.1,0.5,1.3,4.9)
(1990,62,Wayne Cooper,C,33,POR,79,0,14.9,1.7,3.8,.454,0.0,0.0,.000,1.7,3.8,.458,.454,0.3,0.5,.641,1.5,2.8,4.3,0.6,0.2,1.2,0.5,2.7,3.8)
(1990,66,Pat Cummings,C,33,MIA,37,1,10.6,2.1,4.3,.484,0.0,0.0,,2.1,4.3,.484,.484,0.6,1.0,.568,0.8,1.8,2.5,0.4,0.3,0.1,0.9,1.6,4.7)
(1990,70,Adrian Dantley*,SF,33,DAL,45,45,28.9,5.1,10.8,.477,0.0,0.0,.000,5.1,10.7,.479,.477,4.4,5.6,.787,1.7,2.1,3.8,1.8,0.4,0.2,1.7,2.2,14.7)
(1990,74,Terry Davis,PF,22,MIA,63,9,14.0,1.9,4.2,.466,0.0,0.0,.000,1.9,4.1,.467,.466,0.9,1.4,.621,1.5,2.2,3.6,0.4,0.4,0.4,1.1,2.7,4.7)
(1990,78,Byron Dinkins,PG,22,HOU,33,0,11.0,1.3,3.3,.404,0.0,0.3,.111,1.3,3.0,.430,.408,0.8,0.9,.867,0.4,0.8,1.2,2.3,0.6,0.1,1.1,0.9,3.5)
(1990,81,Sherman Douglas,PG,23,MIA,81,66,30.5,5.7,11.6,.494,0.1,0.4,.161,5.7,11.2,.505,.496,2.8,4.0,.687,0.9,1.7,2.5,7.6,1.8,0.1,3.0,2.3,14.3)
(1990,85,Clyde Drexler*,SG,27,POR,73,73,36.8,9.2,18.6,.494,0.4,1.5,.283,8.8,17.1,.512,.505,4.6,5.9,.774,2.8,4.1,6.9,5.9,2.0,0.7,2.6,3.0,23.3)
(1990,89,Mike Dunleavy,PG,35,MIL,5,0,8.6,0.8,2.8,.286,0.4,1.8,.222,0.4,1.0,.400,.357,1.4,1.6,.875,0.0,0.4,0.4,2.0,0.2,0.0,1.6,1.4,3.4)
(1990,93,Blue Edwards,SF,24,UTA,82,49,23.0,3.5,6.9,.507,0.1,0.4,.300,3.4,6.5,.519,.515,1.8,2.5,.719,0.8,2.2,3.1,1.8,0.9,0.4,1.9,3.4,8.9)
(1990,97,Craig Ehlo,SG,28,CLE,81,64,35.7,5.4,11.6,.464,1.3,3.1,.419,4.1,8.5,.480,.519,1.6,2.3,.681,1.8,3.6,5.4,4.6,1.6,0.3,2.0,2.8,13.6)
(1990,Rk,Player,Pos,Age,Tm,G,GS,MP,FG,FGA,FG%,3P,3PA,3P%,2P,2PA,2P%,eFG%,FT,FTA,FT%,ORB,DRB,TRB,AST,STL,BLK,TOV,PF,PTS)
(1990,104,Duane Ferrell,SF,24,ATL,14,0,2.1,0.4,1.0,.357,0.0,0.1,.000,0.4,0.9,.385,.357,0.1,0.4,.333,0.2,0.3,0.5,0.1,0.1,0.0,0.1,0.2,0.9)
(1990,108,Corey Gaines,SG,24,PHI,9,0,9.0,0.4,1.3,.333,0.1,0.2,.500,0.3,1.1,.300,.375,0.1,0.4,.250,0.1,0.4,0.6,2.9,0.4,0.0,1.1,1.2,1.1)
(1990,112,Kenny Gattison,PF,25,CHH,63,2,14.9,2.3,4.3,.550,0.0,0.0,1.000,2.3,4.3,.549,.552,1.2,1.7,.682,1.2,1.9,3.1,0.6,0.6,0.5,1.1,2.4,5.9)
(1990,116,Gary Grant,PG,24,LAC,44,44,34.8,5.5,11.8,.466,0.1,0.5,.238,5.4,11.3,.476,.471,2.0,2.6,.779,1.3,3.1,4.4,10.0,2.5,0.1,4.7,2.7,13.1)
(1990,120,Stuart Gray,C,26,TOT,58,1,9.7,0.7,1.7,.424,0.0,0.1,.000,0.7,1.6,.447,.424,0.6,0.8,.681,0.7,1.8,2.5,0.3,0.3,0.4,0.4,1.6,2.0)
(1990,123,Rickey Green,PG,35,IND,69,0,13.4,1.4,3.3,.433,0.0,0.2,.091,1.4,3.2,.450,.435,0.6,0.7,.843,0.1,0.7,0.8,2.6,0.7,0.0,0.9,0.9,3.5)
(1990,127,Scott Haffner,PG,23,MIA,43,6,13.0,2.0,5.0,.406,0.1,0.5,.143,2.0,4.6,.434,.412,0.4,0.6,.680,0.2,1.0,1.2,1.9,0.3,0.0,0.8,1.2,4.6)
(1990,131,Bill Hanzlik,PF,32,DEN,81,0,19.8,2.2,4.9,.452,0.1,0.4,.194,2.1,4.5,.474,.460,1.7,2.3,.743,0.8,1.7,2.6,2.3,1.0,0.4,1.1,3.1,6.2)
(1990,135,Steve Harris,SG,26,LAC,15,0,6.2,0.9,2.7,.350,0.0,0.0,,0.9,2.7,.350,.350,0.2,0.3,.750,0.3,0.3,0.7,0.1,0.5,0.1,0.3,0.6,2.1)
(1990,139,Mike Higgins,SF,22,TOT,11,0,4.5,0.3,0.7,.375,0.0,0.0,,0.3,0.7,.375,.375,0.7,0.9,.800,0.2,0.2,0.4,0.3,0.2,0.2,0.1,0.5,1.3)
(1990,142,Craig Hodges,SG,29,CHI,63,0,16.7,2.3,5.3,.438,1.4,2.9,.481,0.9,2.4,.387,.569,0.5,0.5,.909,0.2,0.7,0.8,1.7,0.5,0.0,0.5,1.4,6.5)
(1990,146,Tito Horford,C,24,MIL,35,0,6.7,0.5,1.8,.290,0.0,0.0,,0.5,1.8,.290,.290,0.4,0.7,.625,0.5,1.1,1.7,0.1,0.1,0.5,0.4,0.9,1.5)
(1990,150,Jay Humphries,PG,27,MIL,81,81,34.8,6.1,12.4,.494,0.3,0.9,.300,5.9,11.5,.508,.504,2.8,3.5,.786,1.0,2.3,3.3,5.8,1.9,0.1,1.9,3.1,15.3)
(1990,154,Michael Jackson,PG,25,SAC,17,0,3.4,0.2,0.6,.273,0.1,0.1,.500,0.1,0.5,.222,.318,0.2,0.4,.500,0.1,0.3,0.4,0.5,0.3,0.0,0.2,0.2,0.6)
(1990,158,Eddie Johnson,SF,30,PHO,64,4,28.3,6.4,14.2,.453,1.1,2.9,.380,5.3,11.3,.472,.492,2.9,3.2,.917,1.1,2.8,3.8,1.7,0.5,0.2,1.7,2.7,16.9)
(1990,161,Magic Johnson*,PG,30,LAL,79,79,37.2,6.9,14.4,.480,1.3,3.5,.384,5.6,10.9,.510,.526,7.2,8.1,.890,1.6,5.0,6.6,11.5,1.7,0.4,3.7,2.1,22.3)
(1990,165,Nate Johnston,PF-SF,23,TOT,21,0,4.1,0.9,2.3,.375,0.0,0.2,.250,0.8,2.1,.386,.385,0.4,0.6,.692,0.6,0.5,1.1,0.0,0.1,0.4,0.3,0.5,2.2)
(1990,169,Michael Jordan*,SG,26,CHI,82,82,39.0,12.6,24.0,.526,1.1,3.0,.376,11.5,21.0,.548,.550,7.2,8.5,.848,1.7,5.1,6.9,6.3,2.8,0.7,3.0,2.9,33.6)
(1990,173,Jerome Kersey,SF,27,POR,82,82,34.7,6.3,13.2,.478,0.0,0.2,.150,6.3,13.0,.485,.480,3.3,4.8,.690,3.1,5.4,8.4,2.3,1.5,0.8,1.8,3.7,16.0)
(1990,177,Stacey King,PF,23,CHI,82,2,21.7,3.3,6.5,.504,0.0,0.0,.000,3.3,6.5,.505,.504,2.4,3.3,.727,2.1,2.6,4.7,1.1,0.5,0.7,1.5,2.6,8.9)
(1990,Rk,Player,Pos,Age,Tm,G,GS,MP,FG,FGA,FG%,3P,3PA,3P%,2P,2PA,2P%,eFG%,FT,FTA,FT%,ORB,DRB,TRB,AST,STL,BLK,TOV,PF,PTS)
(1990,184,Jerome Lane,PF,23,DEN,67,46,14.3,2.2,4.6,.469,0.0,0.1,.000,2.2,4.5,.477,.469,0.7,1.8,.367,2.1,3.2,5.4,1.6,0.8,0.3,1.3,2.8,5.0)
(1990,188,Tim Legler,SG,23,PHO,11,0,7.5,1.0,2.6,.379,0.0,0.1,.000,1.0,2.5,.393,.379,0.5,0.5,1.000,0.4,0.4,0.7,0.5,0.2,0.0,0.4,1.1,2.5)
(1990,192,Fat Lever,SG,29,DEN,79,79,35.8,7.2,16.2,.443,0.5,1.1,.414,6.7,15.1,.445,.457,3.4,4.3,.804,2.9,6.4,9.3,6.5,2.1,0.2,2.0,2.2,18.3)
(1990,193,Cliff Levingston,PF,29,ATL,75,5,22.7,2.9,5.7,.509,0.0,0.1,.200,2.9,5.6,.513,.511,1.1,1.6,.680,1.5,2.7,4.3,1.1,0.7,0.5,0.7,2.9,6.9)
(1990,197,Alton Lister,C,31,GSW,3,0,13.3,1.3,2.7,.500,0.0,0.3,.000,1.3,2.3,.571,.500,1.3,2.3,.571,1.7,1.0,2.7,0.7,0.3,0.0,0.0,2.7,4.0)
(1990,Rk,Player,Pos,Age,Tm,G,GS,MP,FG,FGA,FG%,3P,3PA,3P%,2P,2PA,2P%,eFG%,FT,FTA,FT%,ORB,DRB,TRB,AST,STL,BLK,TOV,PF,PTS)
(1990,204,Rick Mahorn,PF,31,PHI,75,66,30.3,4.2,8.4,.497,0.0,0.1,.222,4.1,8.3,.501,.498,2.4,3.4,.715,2.2,5.3,7.6,1.3,0.6,1.4,1.4,3.3,10.8)
(1990,208,Moses Malone*,C,34,ATL,81,81,33.8,6.4,13.3,.480,0.0,0.1,.111,6.4,13.2,.483,.481,6.1,7.8,.781,4.5,5.5,10.0,1.6,0.6,1.0,2.9,2.0,18.9)
(1990,212,Jeff Martin,SG,23,LAC,69,23,19.6,2.5,6.0,.411,0.0,0.2,.133,2.4,5.8,.421,.413,1.3,1.9,.705,1.1,1.2,2.3,0.6,0.6,0.2,0.7,1.4,6.3)
(1990,216,Bob McCann,SF,25,DAL,10,0,6.2,0.7,2.1,.333,0.0,0.0,,0.7,2.1,.333,.333,1.2,1.4,.857,0.4,0.8,1.2,0.6,0.2,0.2,0.6,0.7,2.6)
(1990,220,Rodney McCray,SF,28,SAC,82,82,39.5,6.5,12.7,.515,0.1,0.5,.262,6.4,12.2,.525,.520,3.3,4.2,.784,2.3,5.8,8.2,4.6,0.7,0.9,2.1,2.1,16.6)
(1990,223,Kevin McHale*,PF,32,BOS,82,25,33.2,7.9,14.4,.549,0.3,0.8,.333,7.6,13.6,.562,.558,4.8,5.4,.893,2.5,5.8,8.3,2.1,0.4,1.9,2.2,3.0,20.9)
(1990,227,Mark McNamara,C,30,LAL,33,1,5.8,1.2,2.6,.442,0.0,0.0,,1.2,2.6,.442,.442,0.8,1.2,.650,0.7,1.2,1.9,0.1,0.1,0.0,0.6,0.9,3.1)
(1990,231,Paul Mokeski,C,33,CLE,38,1,11.8,1.7,3.9,.420,0.0,0.0,.000,1.7,3.9,.423,.420,0.7,0.9,.694,0.7,1.9,2.6,0.4,0.2,0.3,0.7,2.0,4.0)
(1990,235,John Morton,SG,22,CLE,37,3,10.9,1.3,4.4,.298,0.2,0.8,.233,1.1,3.5,.313,.320,1.2,1.7,.694,0.2,0.7,0.9,1.8,0.5,0.1,1.4,0.8,3.9)
(1990,239,Larry Nance,PF,30,CLE,62,53,33.3,6.6,13.0,.511,0.0,0.0,1.000,6.6,13.0,.510,.511,3.0,3.9,.778,2.6,5.7,8.3,2.6,0.9,2.0,1.8,3.0,16.3)
(1990,242,Chuck Nevitt,C,30,HOU,3,0,3.0,0.7,0.7,1.000,0.0,0.0,,0.7,0.7,1.000,1.000,0.0,0.0,,0.0,1.0,1.0,0.3,0.0,0.3,0.7,1.0,1.3)
(1990,246,Ken Norman,SF,25,LAC,70,64,33.3,6.9,13.6,.510,0.1,0.2,.438,6.8,13.3,.511,.514,2.2,3.5,.632,2.0,4.7,6.7,2.3,1.1,0.8,2.7,2.8,16.1)
(1990,250,Jose Ortiz,PF,26,UTA,13,0,4.9,1.5,3.2,.452,0.1,0.2,.500,1.4,3.1,.450,.464,0.2,0.4,.600,0.6,0.5,1.2,0.5,0.2,0.1,0.4,1.2,3.2)
(1990,254,John Paxson,PG,29,CHI,82,82,28.8,4.5,8.6,.516,0.4,1.1,.359,4.0,7.5,.539,.539,0.7,0.8,.824,0.3,1.1,1.5,4.1,1.0,0.1,1.0,2.1,10.0)
(1990,258,Tim Perry,C,24,PHO,60,18,10.2,1.7,3.3,.513,0.0,0.0,1.000,1.7,3.2,.510,.515,0.9,1.5,.589,1.3,1.2,2.5,0.3,0.4,0.4,0.8,1.3,4.2)
(1990,261,Drazen Petrovic*,SG,25,POR,77,0,12.6,2.7,5.5,.485,0.4,1.0,.459,2.2,4.6,.490,.525,1.8,2.1,.844,0.6,0.8,1.4,1.5,0.3,0.0,1.2,1.7,7.6)
(1990,265,Olden Polynice,C,25,SEA,79,7,13.7,2.0,3.7,.540,0.0,0.0,.500,2.0,3.6,.540,.542,0.6,1.3,.475,1.6,2.2,3.8,0.2,0.3,0.3,0.4,2.4,4.6)
(1990,269,Mark Price,PG,25,CLE,73,73,37.1,6.7,14.6,.459,2.1,5.1,.406,4.6,9.5,.487,.530,4.1,4.6,.888,0.9,2.5,3.4,9.1,1.6,0.1,2.9,1.2,19.6)
(1990,273,J.R. Reid,C,21,CHH,82,82,33.6,4.4,9.9,.440,0.0,0.1,.000,4.4,9.9,.443,.440,2.3,3.5,.664,2.4,6.0,8.4,1.2,1.1,0.7,2.1,3.6,11.1)
(1990,277,Pooh Richardson,PG,23,MIN,82,48,31.5,5.2,11.3,.461,0.3,1.0,.277,4.9,10.3,.479,.473,0.8,1.3,.589,0.7,2.0,2.6,6.8,1.6,0.3,1.7,1.7,11.4)
(1990,Rk,Player,Pos,Age,Tm,G,GS,MP,FG,FGA,FG%,3P,3PA,3P%,2P,2PA,2P%,eFG%,FT,FTA,FT%,ORB,DRB,TRB,AST,STL,BLK,TOV,PF,PTS)
(1990,284,David Robinson*,C,24,SAS,82,81,36.6,8.4,15.9,.531,0.0,0.0,.000,8.4,15.8,.532,.531,7.5,10.2,.732,3.7,8.3,12.0,2.0,1.7,3.9,3.1,3.2,24.3)
(1990,288,Scott Roth,SF,26,MIN,71,3,14.9,2.2,5.9,.379,0.3,0.7,.346,2.0,5.2,.383,.400,2.1,2.8,.746,0.5,1.1,1.6,1.6,0.7,0.1,1.2,2.0,6.8)
(1990,292,Delaney Rudd,PG,27,UTA,77,2,11.0,1.4,3.4,.429,0.2,0.7,.286,1.2,2.6,.468,.459,0.5,0.7,.660,0.2,0.6,0.7,2.3,0.3,0.0,1.1,1.1,3.5)
(1990,296,Mike Sanders,SF,29,IND,82,13,18.7,2.7,5.8,.470,0.1,0.2,.357,2.7,5.7,.473,.475,0.7,0.9,.733,1.0,1.9,2.8,1.1,0.5,0.3,1.0,2.7,6.2)
(1990,300,Rony Seikaly,C,24,MIA,74,72,32.6,6.6,13.1,.502,0.0,0.0,.000,6.6,13.1,.503,.502,3.5,5.8,.594,3.4,6.9,10.4,1.1,1.1,1.7,3.2,3.5,16.6)
(1990,303,John Shasky,C,25,GSW,14,0,3.6,0.3,1.0,.286,0.0,0.0,,0.3,1.0,.286,.286,0.1,0.4,.333,0.3,0.6,0.9,0.1,0.1,0.1,0.1,0.7,0.7)
(1990,307,Jack Sikma,C,34,MIL,71,70,31.7,4.8,11.6,.416,1.0,2.8,.342,3.9,8.8,.439,.457,3.2,3.7,.885,1.5,5.4,6.9,3.2,1.1,0.7,2.0,3.4,13.9)
(1990,311,Derek Smith,SF,28,PHI,75,7,18.7,3.5,6.9,.508,0.2,0.5,.444,3.3,6.4,.513,.523,1.7,2.5,.699,0.8,1.5,2.3,1.5,0.5,0.3,1.1,2.6,8.9)
(1990,315,Otis Smith,SF,26,ORL,65,35,25.3,5.4,10.9,.492,0.2,0.6,.250,5.2,10.3,.506,.499,2.6,3.4,.761,1.8,2.8,4.6,2.3,1.2,0.9,1.6,2.7,13.5)
(1990,319,John Stockton*,PG,27,UTA,78,78,37.4,6.1,11.8,.514,0.6,1.4,.416,5.4,10.3,.528,.540,4.5,5.5,.819,0.7,1.9,2.6,14.5,2.7,0.2,3.5,3.0,17.2)
(1990,322,Jon Sundvold,SG,28,MIA,63,2,13.8,2.3,5.8,.408,0.7,1.6,.440,1.7,4.2,.395,.468,0.7,0.8,.846,0.2,0.9,1.1,1.6,0.4,0.0,0.8,1.1,6.1)
(1990,326,Terry Teagle,SF,29,GSW,82,49,29.0,6.6,13.7,.480,0.0,0.2,.214,6.5,13.5,.483,.481,3.0,3.6,.830,1.4,3.1,4.5,1.9,1.1,0.2,1.8,2.8,16.1)
(1990,330,LaSalle Thompson,C,28,IND,82,60,25.9,2.7,5.7,.473,0.0,0.1,.200,2.7,5.7,.476,.475,1.3,1.6,.799,2.1,5.5,7.7,1.3,0.8,0.9,1.8,3.8,6.8)
(1990,334,Sedale Threatt,PG,28,SEA,65,18,22.8,4.7,9.2,.506,0.1,0.5,.250,4.5,8.7,.520,.513,2.0,2.4,.828,0.7,1.1,1.8,3.3,1.0,0.1,1.2,2.5,11.4)
(1990,338,Kelly Tripucka,SF,30,CHH,79,73,30.4,5.6,13.0,.430,0.5,1.3,.365,5.1,11.7,.437,.448,3.9,4.4,.883,1.0,3.0,4.1,2.8,0.9,0.2,2.2,2.8,15.6)
(1990,341,Henry Turner,PF,23,SAC,36,1,8.8,1.6,3.4,.475,0.0,0.1,.000,1.6,3.3,.487,.475,1.1,1.8,.615,0.6,0.8,1.4,0.6,0.5,0.2,0.7,1.1,4.3)
(1990,345,Kiki Vandeweghe,SF,31,NYK,22,13,25.6,4.6,10.5,.442,0.5,0.9,.526,4.2,9.6,.434,.463,2.0,2.2,.917,0.7,1.7,2.4,1.9,0.7,0.1,1.2,1.3,11.7)
(1990,349,Alexander Volkov,C,25,ATL,72,4,13.0,1.9,3.9,.482,0.2,0.5,.382,1.7,3.5,.496,.505,1.0,1.7,.583,0.7,0.9,1.7,1.2,0.5,0.3,0.7,2.3,5.0)
(1990,353,Spud Webb,PG,26,ATL,82,46,26.6,3.6,7.5,.477,0.0,0.2,.053,3.6,7.3,.491,.478,2.0,2.3,.871,0.5,2.0,2.5,5.8,1.3,0.1,1.7,2.3,9.2)
(1990,357,Mark West,C,29,PHO,82,79,29.3,4.0,6.5,.625,0.0,0.0,,4.0,6.5,.625,.625,2.4,3.5,.691,2.6,6.3,8.9,0.5,0.4,2.2,1.5,3.4,10.5)
(1990,Rk,Player,Pos,Age,Tm,G,GS,MP,FG,FGA,FG%,3P,3PA,3P%,2P,2PA,2P%,eFG%,FT,FTA,FT%,ORB,DRB,TRB,AST,STL,BLK,TOV,PF,PTS)
(1990,364,Buck Williams,PF,29,POR,82,82,34.2,5.0,9.2,.548,0.0,0.0,.000,5.0,9.2,.548,.548,3.5,5.0,.706,3.0,6.7,9.8,1.4,0.8,0.5,2.0,3.5,13.6)
(1990,368,Micheal Williams,PG,23,TOT,28,1,11.8,2.1,4.3,.504,0.0,0.1,.000,2.1,4.1,.517,.504,1.3,1.6,.783,0.4,0.7,1.1,2.9,0.8,0.0,1.2,1.4,5.6)
(1990,372,David Wingate,SG,26,SAS,78,2,23.8,2.8,6.3,.448,0.0,0.2,.000,2.8,6.1,.460,.448,1.1,1.4,.777,0.8,1.7,2.5,2.7,1.1,0.2,1.6,2.0,6.8)
(1990,376,Mike Woodson,SG,31,HOU,61,11,15.9,2.6,6.6,.395,0.2,0.7,.293,2.4,6.0,.407,.410,1.0,1.4,.721,0.4,1.0,1.4,1.1,0.7,0.2,0.8,1.6,6.5)
(1990,380,Danny Young,PG,27,POR,82,8,17.0,1.7,4.0,.421,0.2,0.7,.271,1.5,3.3,.454,.445,1.1,1.4,.813,0.4,1.1,1.5,2.8,1.0,0.0,1.0,1.0,4.7)
