(1990,Rk,Player,Pos,Age,Tm,G,GS,MP,FG,FGA,FG%,3P,3PA,3P%,2P,2PA,2P%,eFG%,FT,FTA,FT%,ORB,DRB,TRB,AST,STL,BLK,TOV,PF,PTS)
(1990,4,Danny Ainge,PG,30,SAC,75,68,36.4,6.7,15.4,.438,1.4,3.9,.374,5.3,11.5,.460,.485,3.0,3.6,.831,0.9,3.4,4.3,6.0,1.5,0.2,2.5,3.2,17.9)
(1990,8,Greg Anderson,PF,25,MIL,60,28,21.5,3.7,7.2,.507,0.0,0.0,,3.7,7.2,.507,.507,1.5,2.8,.535,1.9,4.4,6.2,0.4,0.5,0.9,1.3,2.9,8.8)
(1990,12,Willie Anderson,SG,23,SAS,82,81,34.0,6.5,13.2,.492,0.1,0.3,.269,6.4,12.9,.497,.495,2.6,3.5,.748,1.4,3.1,4.5,4.4,1.4,0.7,2.4,3.1,15.7)
(1990,16,Thurl Bailey,SF,28,UTA,82,33,31.5,5.7,11.9,.481,0.0,0.1,.000,5.7,11.8,.485,.481,2.7,3.5,.779,1.4,3.6,5.0,1.7,0.4,1.2,1.7,2.1,14.2)
(1990,20,John Battle,SG,27,ATL,60,48,24.6,4.6,9.1,.506,0.0,0.2,.154,4.6,8.9,.514,.507,1.7,2.3,.756,0.5,1.2,1.7,2.6,0.5,0.1,1.5,1.9,10.9)
(1990,23,Benoit Benjamin,C,25,LAC,71,58,32.6,5.1,9.7,.526,0.0,0.0,.000,5.1,9.7,.527,.526,3.3,4.5,.732,2.2,7.1,9.3,2.2,0.8,2.6,2.6,3.1,13.5)
(1990,27,Rolando Blackman,SG,30,DAL,80,80,36.7,7.8,15.7,.498,0.2,0.5,.302,7.7,15.2,.505,.504,3.6,4.3,.844,1.1,2.4,3.5,3.6,1.0,0.3,2.2,1.6,19.4)
(1990,31,Anthony Bowie,SG,26,HOU,66,0,13.9,1.8,4.4,.406,0.1,0.3,.286,1.7,4.1,.415,.416,0.6,0.8,.741,0.5,1.2,1.8,1.5,0.6,0.1,0.9,1.2,4.3)
(1990,35,Frank Brickowski,C,30,SAS,78,12,18.4,2.7,5.0,.545,0.0,0.0,.000,2.7,4.9,.548,.545,1.2,1.8,.674,1.1,3.1,4.2,1.3,0.8,0.5,1.2,2.9,6.6)
(1990,39,Raymond Brown,PF,24,UTA,16,0,3.5,0.5,1.8,.286,0.0,0.0,,0.5,1.8,.286,.286,0.0,0.1,.000,0.6,0.3,0.9,0.3,0.0,0.0,0.4,0.7,1.0)
(1990,42,Mark Bryant,PF,24,POR,58,0,9.7,1.2,2.6,.458,0.0,0.0,,1.2,2.6,.458,.458,0.5,0.9,.560,0.9,1.6,2.5,0.2,0.3,0.2,0.4,1.6,2.9)
(1990,46,Michael Cage,C,28,SEA,82,82,31.6,4.0,7.9,.504,0.0,0.0,,4.0,7.9,.504,.504,1.8,2.6,.698,3.7,6.3,10.0,0.9,1.0,0.5,1.1,2.8,9.7)
(1990,50,Antoine Carr,PF,28,TOT,77,4,22.4,4.6,9.4,.494,0.0,0.1,.000,4.6,9.3,.499,.494,3.1,3.9,.795,1.5,2.7,4.2,1.5,0.4,0.9,1.6,3.2,12.3)
(1990,54,Tom Chambers,PF,30,PHO,81,81,37.6,10.0,20.0,.501,0.3,1.1,.279,9.7,18.9,.513,.508,6.9,8.0,.861,1.5,5.6,7.0,2.3,1.1,0.6,2.7,3.2,27.2)
(1990,58,Ben Coleman,PF,28,MIL,22,0,13.9,2.1,4.4,.474,0.0,0.0,.000,2.1,4.4,.479,.474,1.5,1.9,.829,1.4,2.5,4.0,0.5,0.3,0.3,1.2,2.5,5.7)
(1990,61,Michael Cooper,SG,33,LAL,80,10,23.1,2.4,6.2,.387,0.6,2.0,.318,1.8,4.2,.420,.438,1.0,1.2,.883,0.7,2.1,2.8,2.7,0.8,0.5,1.1,2.6,6.4)
(1990,65,Dave Corzine,C,33,ORL,6,3,13.2,1.8,4.8,.379,0.0,0.0,,1.8,4.8,.379,.379,0.0,0.3,.000,1.2,1.8,3.0,0.3,0.3,0.0,1.3,1.2,3.7)
(1990,69,Quintin Dailey,SG,29,SEA,30,2,16.4,3.2,8.0,.404,0.0,0.2,.200,3.2,7.8,.409,.406,1.7,2.2,.788,0.6,1.1,1.7,1.1,0.4,0.0,1.1,2.1,8.2)
(1990,73,Charles Davis,SF,31,CHI,53,0,8.1,1.1,3.0,.367,0.1,0.5,.280,1.0,2.5,.383,.389,0.1,0.2,.875,0.5,1.1,1.5,0.3,0.2,0.2,0.4,1.0,2.5)
(1990,77,Vinny Del Negro,SG,23,SAC,76,29,24.4,3.9,8.5,.462,0.1,0.4,.313,3.8,8.0,.470,.470,1.8,2.0,.871,0.5,2.1,2.6,3.3,0.8,0.1,1.5,2.4,9.7)
(1990,Rk,Player,Pos,Age,Tm,G,GS,MP,FG,FGA,FG%,3P,3PA,3P%,2P,2PA,2P%,eFG%,FT,FTA,FT%,ORB,DRB,TRB,AST,STL,BLK,TOV,PF,PTS)
(1990,84,Larry Drew,PG,31,LAL,80,3,16.7,2.1,4.8,.444,0.4,1.0,.395,1.7,3.8,.457,.486,0.6,0.8,.767,0.2,1.1,1.2,2.7,0.6,0.1,1.2,1.2,5.2)
(1990,88,Joe Dumars*,SG,26,DET,75,71,34.4,6.8,14.1,.480,0.3,0.7,.400,6.5,13.4,.485,.491,4.0,4.4,.900,0.8,2.0,2.8,4.9,0.8,0.0,1.9,1.7,17.8)
(1990,92,Mark Eaton,C,33,UTA,82,82,27.8,1.9,3.7,.527,0.0,0.0,,1.9,3.7,.527,.527,1.0,1.4,.669,2.1,5.2,7.3,0.5,0.4,2.5,0.9,2.9,4.8)
(1990,96,Kevin Edwards,SG,24,MIA,78,54,28.3,5.1,12.3,.412,0.1,0.4,.300,4.9,11.9,.416,.417,1.8,2.3,.760,1.0,2.6,3.6,3.2,1.6,0.4,2.3,1.9,12.0)
(1990,100,Pervis Ellison,C,22,SAC,34,22,25.5,3.3,7.4,.442,0.0,0.1,.000,3.3,7.3,.446,.442,1.4,2.3,.628,1.9,3.9,5.8,1.9,0.5,1.7,1.8,3.9,8.0)
(1990,103,Jim Farmer,SG,25,SEA,38,0,10.5,2.3,5.3,.438,0.2,0.7,.296,2.1,4.6,.460,.458,1.5,2.1,.713,0.4,0.7,1.1,0.7,0.4,0.0,0.7,1.2,6.4)
(1990,107,Tellis Frank,PF,24,MIA,77,39,22.9,3.6,7.9,.458,0.0,0.0,,3.6,7.9,.458,.458,2.3,3.0,.765,2.0,3.0,5.0,1.1,0.7,0.4,1.7,3.7,9.5)
(1990,111,Tom Garrick,SG,23,LAC,73,22,23.6,2.8,5.8,.494,0.1,0.3,.190,2.8,5.5,.510,.499,1.2,1.6,.772,0.5,1.8,2.2,4.0,1.2,0.1,1.6,2.1,7.0)
(1990,115,Mike Gminski,C,30,PHI,81,81,32.8,5.7,12.4,.457,0.0,0.2,.176,5.6,12.2,.462,.459,2.4,2.9,.821,2.4,6.1,8.5,1.6,0.5,1.3,1.2,1.7,13.7)
(1990,119,Horace Grant,PF,24,CHI,80,80,34.4,5.6,10.7,.523,0.0,0.0,,5.6,10.7,.523,.523,2.2,3.2,.699,3.0,4.9,7.9,2.8,1.2,1.1,1.4,2.9,13.4)
(1990,122,A.C. Green,PF,26,LAL,82,82,33.0,4.7,9.8,.478,0.2,0.6,.283,4.5,9.3,.489,.486,3.4,4.5,.751,3.2,5.5,8.7,1.1,0.8,0.6,1.4,2.5,12.9)
(1990,126,Darrell Griffith,SG,31,UTA,82,1,17.6,3.7,7.9,.464,1.0,2.6,.372,2.7,5.3,.509,.525,0.6,1.0,.654,0.5,1.5,2.0,0.8,0.8,0.2,0.9,1.8,8.9)
(1990,130,Bob Hansen,SG,29,UTA,81,81,26.8,3.3,7.0,.467,0.7,1.9,.351,2.6,5.1,.510,.514,0.4,0.8,.516,0.8,2.0,2.8,1.8,0.6,0.1,1.0,2.4,7.6)
(1990,134,Ron Harper,SG,26,TOT,35,35,39.1,8.6,18.2,.473,0.4,1.5,.275,8.2,16.7,.490,.484,5.2,6.6,.788,2.1,3.8,5.9,5.2,2.3,1.2,2.9,3.0,22.8)
(1990,138,Gerald Henderson,PG,34,TOT,57,0,8.1,0.9,1.9,.486,0.3,0.7,.447,0.6,1.2,.507,.564,0.2,0.3,.800,0.2,0.6,0.8,1.3,0.3,0.0,0.4,0.9,2.4)
(1990,141,Roy Hinson,PF,28,NJN,25,19,31.7,5.8,11.4,.507,0.0,0.0,,5.8,11.4,.507,.507,3.4,4.0,.869,2.4,4.4,6.9,0.9,0.6,1.1,2.1,3.5,15.0)
(1990,145,Dennis Hopson,SG,24,NJN,79,64,32.3,6.0,13.8,.434,0.4,1.3,.317,5.6,12.6,.446,.448,3.4,4.3,.792,1.4,2.1,3.5,1.9,1.3,0.6,2.1,2.3,15.8)
(1990,149,Eddie Hughes,PG,29,DEN,60,7,14.9,1.4,3.4,.411,0.3,0.8,.408,1.1,2.6,.412,.460,0.4,0.6,.676,0.3,0.9,1.2,1.9,0.8,0.0,0.7,1.5,3.5)
(1990,153,Mark Jackson,PG,24,NYK,82,69,29.6,4.0,9.1,.437,0.4,1.6,.267,3.6,7.5,.472,.460,1.5,2.0,.727,1.3,2.6,3.9,7.4,1.3,0.0,2.6,1.5,9.9)
(1990,157,Dennis Johnson*,PG,35,BOS,75,65,27.1,2.7,6.3,.434,0.0,0.3,.042,2.7,6.0,.455,.435,1.6,1.9,.843,0.6,2.0,2.7,6.5,1.1,0.2,1.6,2.4,7.1)
(1990,Rk,Player,Pos,Age,Tm,G,GS,MP,FG,FGA,FG%,3P,3PA,3P%,2P,2PA,2P%,eFG%,FT,FTA,FT%,ORB,DRB,TRB,AST,STL,BLK,TOV,PF,PTS)
(1990,164,Vinnie Johnson,SG,33,DET,82,12,24.0,4.1,9.5,.431,0.1,0.4,.147,4.0,9.0,.444,.434,1.6,2.4,.668,1.3,1.8,3.1,3.1,0.9,0.2,1.5,1.7,9.8)
(1990,168,Charles Jones,C,32,WSB,81,81,27.7,1.2,2.3,.508,0.0,0.0,,1.2,2.3,.508,.508,0.8,1.3,.648,1.8,4.4,6.2,1.7,0.6,2.4,0.9,3.7,3.2)
(1990,172,Steve Kerr,PG,24,CLE,78,5,21.3,2.5,5.5,.444,0.9,1.8,.507,1.5,3.7,.413,.529,0.8,0.9,.863,0.2,1.1,1.3,3.2,0.6,0.1,0.9,0.8,6.7)
(1990,176,Bernard King*,SF,33,WSB,82,82,32.8,8.7,17.8,.487,0.0,0.3,.130,8.6,17.5,.493,.488,5.0,6.3,.803,1.6,3.4,4.9,4.6,0.6,0.1,3.0,2.8,22.4)
(1990,180,Jon Koncak,C,26,ATL,54,28,18.1,1.4,2.4,.614,0.0,0.0,.000,1.4,2.3,.619,.614,0.8,1.5,.532,1.1,3.1,4.2,0.4,0.7,0.6,0.9,3.4,3.7)
(1990,183,Bill Laimbeer,C,32,DET,81,81,33.0,4.7,9.7,.484,0.7,2.0,.361,4.0,7.7,.515,.520,2.0,2.4,.854,2.0,7.6,9.6,2.1,0.7,1.0,1.2,3.4,12.1)
(1990,187,Eric Leckner,C,23,UTA,77,0,9.9,1.6,2.9,.563,0.0,0.0,,1.6,2.9,.563,.563,1.1,1.4,.743,0.6,1.9,2.5,0.2,0.2,0.3,0.8,2.0,4.3)
(1990,191,Clifford Lett,PG,24,CHI,4,0,7.0,0.5,2.0,.250,0.0,0.0,,0.5,2.0,.250,.250,0.0,0.0,,0.0,0.0,0.0,0.3,0.0,0.0,0.5,2.0,1.0)
(1990,196,Todd Lichti,SG,23,DEN,79,4,16.8,3.2,6.5,.486,0.0,0.2,.000,3.2,6.3,.500,.486,1.6,2.2,.747,0.6,1.3,1.9,1.5,0.7,0.2,1.2,1.8,8.0)
(1990,200,Grant Long,PF,23,MIA,81,31,22.9,3.2,6.6,.483,0.0,0.0,.000,3.2,6.5,.486,.483,2.1,3.0,.714,1.9,3.0,5.0,1.2,1.1,0.5,1.7,3.7,8.5)
(1990,203,John Lucas,PG,36,HOU,49,18,19.1,2.2,5.9,.375,0.5,1.8,.299,1.7,4.2,.407,.419,0.9,1.1,.764,0.4,1.4,1.8,4.9,0.9,0.0,1.7,1.2,5.8)
(1990,207,Karl Malone*,PF,26,UTA,82,82,38.1,11.1,19.8,.562,0.2,0.5,.372,11.0,19.3,.567,.567,8.5,11.1,.762,2.8,8.3,11.1,2.8,1.5,0.6,3.7,3.2,31.0)
(1990,211,Sarunas Marciulionis*,SG,25,GSW,75,3,22.6,3.9,7.4,.519,0.1,0.5,.256,3.7,6.9,.539,.528,4.2,5.4,.787,1.1,1.8,2.9,1.6,1.3,0.1,1.8,3.1,12.1)
(1990,215,Vernon Maxwell,SG,24,TOT,79,12,25.2,3.5,7.9,.439,0.4,1.3,.267,3.1,6.6,.473,.461,1.7,2.7,.645,0.6,2.3,2.9,3.7,1.1,0.1,1.8,1.9,9.0)
(1990,219,Tim McCormick,C,27,HOU,18,0,6.4,0.6,1.6,.345,0.0,0.0,,0.6,1.6,.345,.345,0.6,1.1,.526,0.4,1.1,1.5,0.2,0.2,0.1,0.6,1.3,1.7)
(1990,222,Mike McGee,SF,30,PHO,14,7,20.0,3.0,6.2,.483,0.6,1.6,.348,2.4,4.6,.531,.529,0.7,1.5,.476,0.8,1.8,2.6,1.1,0.6,0.1,1.0,2.0,7.3)
(1990,226,Nate McMillan,SG,25,SEA,82,69,28.5,2.5,5.3,.473,0.1,0.4,.355,2.4,5.0,.482,.485,1.2,1.9,.641,1.5,3.4,4.9,7.3,1.7,0.5,2.3,3.5,6.4)
(1990,230,Sam Mitchell,PF,26,MIN,80,30,30.2,4.7,10.4,.446,0.0,0.1,.000,4.7,10.3,.451,.446,3.4,4.4,.768,2.3,3.5,5.8,1.1,0.8,0.7,1.2,3.8,12.7)
(1990,234,Mike Morrison,SG,22,PHO,36,1,4.3,0.6,1.9,.338,0.1,0.2,.286,0.6,1.7,.344,.353,0.7,0.8,.800,0.2,0.4,0.6,0.3,0.1,0.0,0.6,0.6,2.0)
(1990,238,Pete Myers,SG,26,TOT,52,2,14.4,1.7,4.3,.396,0.0,0.1,.000,1.7,4.2,.408,.396,1.3,1.9,.660,0.6,1.2,1.8,2.6,0.7,0.2,1.5,2.1,4.7)
(1990,241,Ed Nealy,PF,29,CHI,46,0,10.9,0.8,1.5,.529,0.0,0.0,.000,0.8,1.5,.544,.529,0.7,0.9,.732,1.0,2.0,3.0,0.6,0.3,0.1,0.4,1.5,2.3)
(1990,245,Dyron Nix,SF,22,IND,20,0,5.5,0.7,2.0,.359,0.0,0.0,,0.7,2.0,.359,.359,0.6,0.8,.688,0.4,0.9,1.3,0.3,0.2,0.1,0.4,0.8,2.0)
(1990,249,Jawann Oldham,C,32,TOT,6,0,7.5,0.5,1.0,.500,0.0,0.0,,0.5,1.0,.500,.500,0.5,1.2,.429,0.7,2.0,2.7,0.2,0.3,0.5,0.7,1.5,1.5)
(1990,253,Jim Paxson,PG,32,BOS,72,25,17.8,2.7,5.9,.453,0.1,0.3,.250,2.6,5.6,.463,.459,1.0,1.3,.811,0.3,0.7,1.1,1.9,0.5,0.1,0.8,1.6,6.4)
(1990,257,Sam Perkins,SF,28,DAL,76,70,35.1,5.7,11.6,.493,0.1,0.4,.214,5.6,11.3,.502,.496,4.3,5.6,.778,2.8,4.8,7.5,2.3,1.2,0.8,1.9,3.0,15.9)
(1990,Rk,Player,Pos,Age,Tm,G,GS,MP,FG,FGA,FG%,3P,3PA,3P%,2P,2PA,2P%,eFG%,FT,FTA,FT%,ORB,DRB,TRB,AST,STL,BLK,TOV,PF,PTS)
(1990,264,Scottie Pippen*,SF,24,CHI,82,82,38.4,6.9,14.0,.489,0.3,1.4,.250,6.5,12.7,.514,.501,2.4,3.6,.675,1.8,4.8,6.7,5.4,2.6,1.2,3.4,3.6,16.5)
(1990,268,Harold Pressley,SF,26,SAC,72,10,22.3,3.3,7.9,.424,0.6,2.1,.311,2.7,5.8,.464,.465,1.5,2.0,.780,1.3,3.0,4.3,2.1,0.8,0.5,1.2,2.1,8.8)
(1990,272,Blair Rasmussen,C,27,DEN,81,55,24.6,5.5,11.0,.497,0.0,0.0,.000,5.5,11.0,.498,.497,1.4,1.7,.828,2.1,5.2,7.3,1.0,0.5,1.3,0.9,3.7,12.4)
(1990,276,Glen Rice,SF,22,MIA,77,60,30.0,6.1,13.9,.439,0.2,0.9,.246,5.9,13.0,.452,.447,1.2,1.6,.734,1.3,3.3,4.6,1.8,0.9,0.4,1.5,2.6,13.6)
(1990,280,Doc Rivers,PG,28,ATL,48,44,31.8,4.5,10.0,.454,0.5,1.4,.364,4.0,8.6,.469,.479,2.9,3.5,.812,1.0,3.2,4.2,5.5,2.4,0.5,2.0,3.1,12.5)
(1990,283,Clifford Robinson,PF,23,POR,82,0,19.1,3.6,9.2,.397,0.1,0.5,.273,3.5,8.6,.405,.405,1.7,3.1,.550,1.3,2.4,3.8,0.9,0.6,0.6,1.6,2.8,9.1)
(1990,287,Doug Roth,C,22,WSB,42,0,9.8,0.9,2.0,.430,0.0,0.0,.000,0.9,2.0,.435,.430,0.2,0.3,.500,1.0,1.8,2.9,0.5,0.2,0.3,0.4,1.7,1.9)
(1990,291,Donald Royal,SF,23,MIN,66,0,11.3,1.8,3.9,.459,0.0,0.0,.000,1.8,3.8,.461,.459,2.3,3.0,.777,1.0,1.0,2.1,0.7,0.5,0.1,1.2,1.6,5.9)
(1990,295,Jeff Sanders,PF,24,CHI,31,0,5.9,0.4,1.3,.325,0.0,0.0,,0.4,1.3,.325,.325,0.1,0.1,.500,0.5,0.7,1.3,0.3,0.1,0.1,0.5,0.9,0.9)
(1990,299,Byron Scott,SG,28,LAL,77,77,33.7,6.1,13.1,.470,1.2,2.9,.423,4.9,10.2,.483,.516,2.1,2.7,.766,0.7,2.5,3.1,3.6,1.0,0.4,1.6,2.3,15.5)
(1990,302,Charles Shackleford,C,23,NJN,70,37,22.2,3.5,7.6,.462,0.0,0.0,.000,3.5,7.6,.463,.462,1.1,1.6,.687,2.6,4.3,6.8,0.8,0.6,0.5,1.7,2.6,8.2)
(1990,306,Jerry Sichting,PG,33,TOT,35,8,14.2,1.4,3.6,.400,0.1,0.3,.250,1.3,3.2,.416,.412,0.5,0.6,.818,0.1,0.5,0.5,2.7,0.5,0.1,0.6,1.1,3.5)
(1990,310,Charles Smith,PF,24,LAC,78,76,35.0,7.6,14.7,.520,0.0,0.2,.083,7.6,14.5,.524,.520,5.8,7.3,.794,2.3,4.4,6.7,1.5,1.1,1.5,2.1,3.8,21.1)
(1990,314,Michael Smith,PF,24,BOS,65,7,9.5,2.1,4.4,.476,0.0,0.4,.071,2.1,4.0,.519,.479,0.8,1.0,.828,0.6,0.9,1.5,1.2,0.1,0.0,0.8,0.8,5.0)
(1990,318,Rory Sparrow,PG,31,MIA,82,25,21.4,2.6,6.2,.412,0.1,0.5,.200,2.5,5.7,.430,.420,0.7,0.9,.766,0.5,1.2,1.7,3.6,0.6,0.0,1.2,1.7,5.9)
(1990,321,Rod Strickland,PG,23,TOT,82,24,26.1,4.2,9.2,.454,0.1,0.4,.267,4.1,8.9,.461,.459,2.1,3.4,.626,1.1,2.1,3.2,5.7,1.5,0.2,2.1,2.0,10.6)
(1990,325,Leonard Taylor,PF,23,GSW,10,0,3.7,0.0,0.6,.000,0.0,0.1,.000,0.0,0.5,.000,.000,1.1,1.6,.688,0.4,0.8,1.2,0.1,0.0,0.0,0.5,0.4,1.1)
(1990,329,Billy Thompson,SF,26,MIA,79,45,27.1,4.7,9.2,.516,0.0,0.1,.500,4.7,9.2,.516,.517,1.5,2.3,.622,3.0,4.0,7.0,2.1,0.7,1.1,2.0,3.0,11.0)
(1990,333,Otis Thorpe,PF,27,HOU,82,82,35.9,6.7,12.2,.548,0.0,0.1,.000,6.7,12.0,.554,.548,3.7,5.4,.688,3.1,5.8,9.0,3.2,0.8,0.3,2.8,3.3,17.1)
(1990,337,Sedric Toney,PG,27,TOT,64,9,15.1,1.4,3.9,.348,0.4,1.0,.365,1.0,2.9,.342,.394,1.0,1.3,.807,0.2,0.7,0.9,2.7,0.5,0.0,1.1,1.7,4.1)
(1990,Rk,Player,Pos,Age,Tm,G,GS,MP,FG,FGA,FG%,3P,3PA,3P%,2P,2PA,2P%,eFG%,FT,FTA,FT%,ORB,DRB,TRB,AST,STL,BLK,TOV,PF,PTS)
(1990,344,Kelvin Upshaw,SG,27,TOT,40,0,9.7,1.6,3.7,.438,0.1,0.4,.267,1.5,3.3,.458,.452,0.7,0.9,.757,0.2,0.8,1.0,1.4,0.7,0.0,0.7,1.3,4.0)
(1990,348,Gary Voce,PF,24,CLE,1,0,4.0,1.0,3.0,.333,0.0,0.0,,1.0,3.0,.333,.333,0.0,0.0,,2.0,0.0,2.0,0.0,0.0,0.0,0.0,0.0,2.0)
(1990,352,Kenny Walker,PF,25,NYK,68,21,23.5,3.0,5.6,.531,0.0,0.1,.400,3.0,5.6,.533,.534,1.8,2.5,.723,1.9,3.1,5.0,0.7,0.5,0.8,0.9,2.6,7.9)
(1990,356,Doug West,SG,22,MIN,52,0,7.3,1.0,2.6,.393,0.1,0.2,.273,1.0,2.4,.403,.404,0.5,0.6,.813,0.5,0.9,1.3,0.3,0.2,0.1,0.6,1.2,2.6)
(1990,360,Morlon Wiley,PG,23,ORL,40,2,16.0,2.3,5.2,.442,0.4,1.2,.370,1.9,4.1,.463,.483,0.7,1.0,.737,0.3,1.0,1.3,2.9,1.1,0.1,1.6,1.6,5.7)
(1990,363,Gerald Wilkins,SG,26,NYK,82,80,31.8,5.8,12.6,.457,0.5,1.5,.312,5.3,11.1,.477,.476,2.5,3.2,.803,1.6,2.9,4.5,4.0,1.2,0.3,2.4,2.3,14.5)
(1990,367,John Williams,SF,23,WSB,18,18,35.1,7.2,15.2,.474,0.1,1.0,.111,7.1,14.2,.500,.478,3.6,4.7,.774,1.5,6.1,7.6,4.7,1.2,0.5,2.4,1.8,18.2)
(1990,371,Kevin Willis,PF,27,ATL,81,51,28.1,5.2,9.9,.519,0.0,0.1,.286,5.1,9.9,.521,.520,2.1,3.0,.683,3.1,4.8,8.0,0.7,0.8,0.6,1.8,3.2,12.4)
(1990,375,Leon Wood,SG,27,NJN,28,2,7.1,0.6,1.8,.327,0.1,0.8,.190,0.4,1.0,.429,.367,0.5,0.6,.875,0.0,0.4,0.4,1.7,0.2,0.0,0.3,0.6,1.8)
(1990,379,James Worthy*,SF,28,LAL,80,80,37.0,8.9,16.2,.548,0.2,0.6,.306,8.7,15.6,.557,.554,3.1,4.0,.782,2.0,4.0,6.0,3.6,1.2,0.6,2.0,2.4,21.1)
