(1990,3,Mark Aguirre,SF,30,DET,78,40,25.7,5.6,11.5,.488,0.4,1.2,.333,5.2,10.3,.506,.505,2.5,3.3,.756,1.5,2.4,3.9,1.9,0.4,0.2,1.6,2.6,14.1)
(1990,7,Randy Allen,SG,25,SAC,63,6,11.8,1.7,3.8,.444,0.0,0.1,.000,1.7,3.7,.457,.444,0.4,0.7,.535,0.8,1.4,2.2,0.4,0.3,0.3,0.4,1.6,3.7)
(1990,11,Ron Anderson,SF,31,PHI,78,3,26.8,4.9,10.8,.451,0.0,0.3,.143,4.8,10.5,.459,.452,2.1,2.5,.838,1.0,2.7,3.8,1.8,0.9,0.2,1.0,1.8,11.9)
(1990,15,John Bagley,PG,29,BOS,54,17,20.3,1.9,4.0,.459,0.0,0.3,.056,1.8,3.7,.495,.461,0.5,0.7,.744,0.5,1.2,1.6,5.5,0.7,0.1,1.7,1.4,4.3)
(1990,19,Dana Barros,PG,22,SEA,81,25,20.1,3.7,9.1,.405,1.2,2.9,.399,2.5,6.2,.408,.470,1.1,1.4,.809,0.4,1.2,1.6,2.5,0.7,0.0,1.5,1.2,9.7)
(1990,22,William Bedford,C,26,DET,42,0,5.9,1.3,3.0,.432,0.0,0.1,.167,1.3,2.8,.445,.436,0.2,0.5,.409,0.4,1.0,1.4,0.1,0.1,0.4,0.5,0.9,2.8)
(1990,26,Uwe Blab,C,27,TOT,47,33,11.3,0.8,2.1,.398,0.0,0.0,,0.8,2.1,.398,.398,0.4,0.8,.541,0.6,1.7,2.3,0.5,0.0,0.5,0.7,2.2,2.1)
(1990,30,Manute Bol,C,27,GSW,75,20,17.5,0.7,2.3,.331,0.1,0.6,.188,0.6,1.6,.388,.358,0.3,0.7,.510,0.4,3.2,3.7,0.5,0.2,3.2,0.7,2.6,1.9)
(1990,34,Randy Breuer,C,29,TOT,81,55,23.2,3.7,8.6,.428,0.0,0.0,.000,3.7,8.6,.429,.428,1.6,2.4,.653,1.9,3.2,5.1,1.2,0.5,1.3,1.2,2.4,8.9)
(1990,38,Mike Brown,C,26,UTA,82,0,17.0,2.2,4.2,.515,0.0,0.0,.500,2.1,4.2,.515,.516,1.9,2.4,.789,1.4,3.2,4.5,0.6,0.4,0.3,1.1,2.3,6.2)
(1990,41,Stanley Brundy,SF,22,NJN,16,0,8.0,0.9,1.9,.500,0.0,0.0,,0.9,1.9,.500,.500,0.4,1.1,.389,0.9,0.7,1.6,0.2,0.4,0.3,0.4,1.5,2.3)
(1990,45,Greg Butler,C,23,NYK,13,0,2.5,0.2,0.9,.250,0.0,0.0,,0.2,0.9,.250,.250,0.0,0.2,.000,0.2,0.5,0.7,0.1,0.0,0.0,0.2,0.6,0.5)
(1990,49,Rick Carlisle,SG,30,NJN,5,0,4.2,0.2,1.4,.143,0.0,0.6,.000,0.2,0.8,.250,.143,0.0,0.0,,0.0,0.0,0.0,1.0,0.2,0.2,0.8,1.4,0.4)
(1990,53,Terry Catledge,PF,26,ORL,74,72,33.3,7.4,15.6,.474,0.0,0.1,.250,7.4,15.5,.476,.475,4.6,6.6,.702,3.7,3.9,7.6,1.0,0.5,0.2,2.4,2.7,19.4)
(1990,57,Derrick Chievous,SF,22,TOT,55,0,10.7,1.9,4.0,.477,0.1,0.2,.333,1.9,3.8,.483,.484,1.5,2.0,.721,0.6,1.0,1.6,0.6,0.5,0.1,0.8,1.3,5.3)
(1990,Rk,Player,Pos,Age,Tm,G,GS,MP,FG,FGA,FG%,3P,3PA,3P%,2P,2PA,2P%,eFG%,FT,FTA,FT%,ORB,DRB,TRB,AST,STL,BLK,TOV,PF,PTS)
(1990,64,Tyrone Corbin,SF,27,MIN,82,80,36.7,6.4,13.2,.481,0.0,0.1,.000,6.4,13.1,.486,.481,2.0,2.5,.770,2.7,4.7,7.4,2.6,2.1,0.5,1.7,3.5,14.7)
(1990,68,Dell Curry,SG,25,CHH,67,13,27.8,6.9,14.8,.466,0.8,2.2,.354,6.1,12.6,.485,.492,1.4,1.6,.923,0.5,2.0,2.5,2.4,1.5,0.4,1.5,2.2,16.0)
(1990,72,Brad Davis,PG,34,DAL,73,2,17.7,2.5,5.0,.490,0.5,1.4,.337,2.0,3.6,.552,.538,1.1,1.4,.770,0.2,1.1,1.3,3.3,0.6,0.1,1.2,2.1,6.4)
(1990,76,Johnny Dawkins,PG,26,PHI,81,81,35.4,5.7,11.7,.489,0.3,0.8,.333,5.5,10.9,.501,.501,2.6,3.0,.861,0.6,2.5,3.0,7.4,1.5,0.1,2.6,2.0,14.3)
(1990,80,James Donaldson,C,32,DAL,73,73,31.0,3.5,6.6,.539,0.0,0.0,,3.5,6.6,.539,.539,2.0,2.9,.700,2.1,6.5,8.6,0.8,0.3,0.6,1.6,1.8,9.1)
(1990,83,Greg Dreiling,C,27,IND,49,0,6.3,0.4,1.1,.377,0.0,0.0,,0.4,1.1,.377,.377,0.5,0.7,.735,0.4,1.3,1.8,0.2,0.1,0.3,0.4,1.4,1.3)
(1990,87,Chris Dudley,PF,24,TOT,64,30,21.2,2.3,5.5,.411,0.0,0.0,,2.3,5.5,.411,.411,0.9,2.8,.319,2.7,3.9,6.6,0.6,0.6,1.1,1.3,2.6,5.5)
(1990,91,Ledell Eackles,SG,23,WSB,78,8,21.7,5.3,12.1,.439,0.2,0.8,.322,5.1,11.3,.447,.449,2.7,3.6,.750,0.9,1.3,2.2,2.3,0.6,0.1,1.8,2.0,13.5)
(1990,95,Jay Edwards,SG,21,LAC,4,0,6.5,0.8,1.8,.429,0.0,0.5,.000,0.8,1.3,.600,.429,0.3,0.8,.333,0.3,0.3,0.5,1.0,0.3,0.0,0.3,1.0,1.8)
(1990,99,Dale Ellis,SG,29,SEA,55,49,37.0,9.1,18.4,.497,1.7,4.7,.375,7.4,13.7,.538,.544,3.5,4.3,.818,1.6,2.7,4.3,2.0,1.1,0.1,2.2,2.3,23.5)
(1990,102,Patrick Ewing*,C,27,NYK,82,82,38.6,11.2,20.4,.551,0.0,0.0,.250,11.2,20.4,.552,.551,6.1,7.9,.775,2.9,8.0,10.9,2.2,1.0,4.0,3.4,4.0,28.6)
(1990,106,Sleepy Floyd,PG,29,HOU,82,73,32.1,4.4,9.8,.451,1.1,2.9,.380,3.3,6.9,.480,.506,2.3,2.8,.806,0.6,1.9,2.4,7.3,1.1,0.1,2.5,1.9,12.2)
(1990,110,Winston Garland,PG,25,TOT,79,19,22.3,2.9,7.3,.401,0.2,0.5,.333,2.8,6.8,.406,.412,1.3,1.5,.836,0.6,2.1,2.7,3.8,1.0,0.1,2.0,1.9,7.3)
(1990,114,Armen Gilliam,PF,25,TOT,76,66,31.9,6.4,12.4,.515,0.0,0.0,.000,6.4,12.3,.516,.515,4.0,5.5,.723,2.8,5.1,7.9,1.3,0.9,0.7,2.4,2.8,16.7)
(1990,118,Harvey Grant,PF,24,WSB,81,25,22.8,3.5,7.4,.473,0.0,0.1,.000,3.5,7.3,.479,.473,1.2,1.7,.701,1.7,2.5,4.2,1.6,0.6,0.5,1.0,2.4,8.2)
(1990,121,Jeff Grayer,SF,24,MIL,71,40,20.1,3.2,6.9,.460,0.0,0.1,.125,3.1,6.7,.466,.461,1.4,2.1,.651,1.3,1.7,3.1,1.5,0.7,0.1,1.2,1.8,7.7)
(1990,125,Dave Greenwood,PF,32,DET,37,0,5.5,0.6,1.4,.423,0.0,0.0,,0.6,1.4,.423,.423,0.4,0.8,.552,0.6,1.5,2.1,0.3,0.1,0.2,0.4,1.1,1.6)
(1990,129,Tom Hammonds,PF,22,WSB,61,8,13.2,2.1,4.8,.437,0.0,0.0,.000,2.1,4.8,.439,.437,1.0,1.6,.643,1.0,1.8,2.8,0.8,0.2,0.2,0.8,1.6,5.3)
(1990,133,Derek Harper,PG,28,DAL,82,82,36.7,6.9,14.2,.488,1.1,2.9,.371,5.8,11.2,.519,.527,3.0,3.8,.794,0.7,2.3,3.0,7.4,2.3,0.3,2.5,2.7,18.0)
(1990,137,Hersey Hawkins,SG,23,PHI,82,82,34.8,6.4,13.9,.460,1.0,2.4,.420,5.3,11.4,.468,.496,4.7,5.3,.888,1.0,2.7,3.7,3.2,1.6,0.3,2.3,2.6,18.5)
(1990,Rk,Player,Pos,Age,Tm,G,GS,MP,FG,FGA,FG%,3P,3PA,3P%,2P,2PA,2P%,eFG%,FT,FTA,FT%,ORB,DRB,TRB,AST,STL,BLK,TOV,PF,PTS)
(1990,144,Dave Hoppen,C,25,CHH,10,2,13.5,1.6,4.1,.390,0.0,0.0,,1.6,4.1,.390,.390,0.8,1.0,.800,1.9,1.7,3.6,0.6,0.2,0.1,0.8,2.6,4.0)
(1990,148,Ed Horton,PF,22,WSB,45,10,8.3,1.8,3.6,.494,0.0,0.1,.000,1.8,3.5,.506,.494,0.9,1.5,.609,1.3,1.1,2.4,0.4,0.2,0.1,0.9,1.4,4.5)
(1990,152,Jaren Jackson,SG,22,NJN,28,0,5.7,0.9,2.5,.362,0.0,0.1,.000,0.9,2.4,.379,.362,0.6,0.8,.810,0.6,0.3,0.9,0.5,0.5,0.0,0.6,0.6,2.4)
(1990,156,Buck Johnson,SF,26,HOU,82,82,34.5,6.1,12.4,.495,0.0,0.2,.118,6.1,12.2,.501,.496,2.5,3.3,.759,1.4,3.3,4.6,3.1,1.3,0.8,2.0,3.9,14.8)
(1990,160,Kevin Johnson,PG,23,PHO,74,74,37.6,7.8,15.7,.499,0.1,0.6,.195,7.7,15.1,.510,.502,6.8,8.1,.838,0.6,3.1,3.6,11.4,1.3,0.2,3.6,1.9,22.5)
(1990,163,Steve Johnson,C,32,TOT,25,0,10.4,1.9,3.7,.522,0.0,0.0,,1.9,3.7,.522,.522,0.8,1.4,.600,0.8,1.4,2.1,0.7,0.1,0.2,1.2,2.2,4.7)
(1990,167,Caldwell Jones,PF,39,SAS,72,2,12.3,0.9,2.0,.465,0.0,0.1,.200,0.9,1.9,.475,.469,0.5,0.8,.704,1.1,2.1,3.2,0.3,0.3,0.4,0.7,2.0,2.4)
(1990,171,Tim Kempton,PF,26,DEN,71,14,14.9,2.2,4.4,.490,0.0,0.0,.000,2.2,4.4,.492,.490,1.1,1.6,.675,0.7,2.4,3.1,1.7,0.4,0.1,1.1,2.0,5.4)
(1990,175,Stan Kimbrough,PG,23,DET,10,0,5.0,0.7,1.6,.438,0.0,0.0,,0.7,1.6,.438,.438,0.2,0.2,1.000,0.4,0.3,0.7,0.5,0.4,0.0,0.4,0.4,1.6)
(1990,179,Joe Kleine,C,28,BOS,81,4,16.9,2.2,4.5,.480,0.0,0.0,.000,2.2,4.5,.485,.480,1.0,1.2,.830,1.4,2.9,4.4,0.6,0.2,0.3,0.8,2.1,5.4)
(1990,182,Larry Krystkowiak,PF,25,MIL,16,7,23.8,2.7,7.4,.364,0.0,0.1,.000,2.7,7.3,.371,.364,1.6,2.1,.788,1.0,3.8,4.8,1.6,0.6,0.1,1.2,2.6,7.0)
(1990,186,Jeff Lebo,SG,23,SAS,4,0,8.0,0.5,1.8,.286,0.0,0.0,,0.5,1.8,.286,.286,0.5,0.5,1.000,0.5,0.5,1.0,0.8,0.5,0.0,0.3,1.8,1.5)
(1990,190,Jim Les,PG,26,TOT,7,0,13.1,0.7,2.0,.357,0.0,0.1,.000,0.7,1.9,.385,.357,1.9,2.4,.765,0.4,0.6,1.0,3.0,0.4,0.0,1.4,1.3,3.3)
(1990,195,Reggie Lewis,SG,24,BOS,79,54,31.9,6.8,13.8,.496,0.1,0.2,.267,6.8,13.6,.499,.498,3.2,4.0,.808,1.4,3.0,4.4,2.8,1.1,0.8,1.5,2.7,17.0)
(1990,199,Brad Lohaus,PF,25,TOT,80,41,24.3,3.8,8.3,.460,0.6,1.7,.343,3.2,6.6,.490,.495,0.9,1.3,.728,1.2,3.8,5.0,2.1,0.7,1.1,1.4,2.6,9.2)
(1990,202,Sidney Lowe,PG,30,MIN,80,38,21.8,0.9,2.9,.319,0.0,0.1,.222,0.9,2.8,.323,.323,0.5,0.7,.722,0.5,1.5,2.0,4.2,0.9,0.1,0.8,1.4,2.3)
(1990,206,Jeff Malone,SG,28,WSB,75,74,34.2,10.4,21.2,.491,0.0,0.1,.167,10.4,21.1,.492,.491,3.4,3.9,.877,0.7,2.0,2.7,3.2,0.6,0.1,1.7,1.5,24.3)
(1990,210,Roy Marble,SG,23,ATL,24,0,6.8,0.7,2.4,.276,0.0,0.1,.000,0.7,2.3,.286,.276,0.8,1.2,.655,0.6,0.4,1.0,0.5,0.3,0.0,0.6,0.7,2.1)
(1990,214,Wes Matthews,PG,30,ATL,1,0,13.0,1.0,3.0,.333,0.0,1.0,.000,1.0,2.0,.500,.333,2.0,2.0,1.000,0.0,0.0,0.0,5.0,0.0,0.0,0.0,0.0,4.0)
(1990,218,George McCloud,SF,22,IND,44,0,9.4,1.0,3.3,.313,0.3,0.9,.325,0.7,2.4,.308,.358,0.3,0.4,.789,0.3,0.7,1.0,1.0,0.4,0.1,0.8,1.3,2.7)
(1990,221,Xavier McDaniel,SF,26,SEA,69,67,35.2,8.9,17.9,.496,0.1,0.2,.294,8.8,17.6,.498,.498,3.5,4.8,.733,2.4,4.1,6.5,2.5,1.1,0.5,2.7,3.3,21.3)
(1990,225,Carlton McKinney,SG,25,LAC,7,0,14.9,1.1,4.6,.250,0.0,0.1,.000,1.1,4.4,.258,.250,0.3,0.6,.500,0.6,1.1,1.7,1.0,0.9,0.1,1.0,2.1,2.6)
(1990,229,Reggie Miller*,SG,24,IND,82,82,38.9,8.1,15.7,.514,1.8,4.4,.414,6.2,11.3,.552,.572,6.6,7.6,.868,1.2,2.4,3.6,3.8,1.3,0.2,2.7,2.1,24.6)
(1990,233,Chris Morris,SF,24,NJN,80,76,30.6,5.6,13.3,.422,0.8,2.4,.316,4.9,10.9,.445,.450,2.9,4.0,.722,2.4,2.9,5.3,1.8,1.6,1.0,2.3,2.7,14.8)
(1990,237,Tod Murphy,C,26,MIN,82,59,30.4,3.2,6.7,.471,0.2,0.5,.372,3.0,6.2,.479,.486,1.8,2.5,.709,2.5,4.4,6.9,1.3,0.9,0.7,0.7,2.8,8.3)
(1990,Rk,Player,Pos,Age,Tm,G,GS,MP,FG,FGA,FG%,3P,3PA,3P%,2P,2PA,2P%,eFG%,FT,FTA,FT%,ORB,DRB,TRB,AST,STL,BLK,TOV,PF,PTS)
(1990,244,Kurt Nimphius,C,31,PHI,38,1,8.3,1.0,2.4,.418,0.0,0.0,.000,1.0,2.4,.422,.418,0.4,0.8,.467,0.6,1.0,1.6,0.2,0.1,0.5,0.3,1.2,2.4)
(1990,248,Hakeem Olajuwon*,C,27,HOU,82,82,38.1,9.8,19.6,.501,0.0,0.1,.167,9.8,19.5,.502,.501,4.7,6.5,.713,3.6,10.4,14.0,2.9,2.1,4.6,3.9,3.8,24.3)
(1990,252,Zarko Paspalj,SF,23,SAS,28,1,6.5,1.0,2.8,.342,0.0,0.0,.000,1.0,2.8,.346,.342,0.6,0.8,.818,0.5,0.5,1.1,0.4,0.1,0.3,0.8,1.3,2.6)
(1990,256,Will Perdue,C,24,CHI,77,11,11.5,1.4,3.5,.414,0.0,0.1,.000,1.4,3.4,.422,.414,0.9,1.4,.692,1.1,1.6,2.8,0.6,0.2,0.3,0.8,1.9,3.8)
(1990,260,Jim Petersen,C,27,GSW,43,19,13.8,1.4,3.3,.426,0.0,0.0,.000,1.4,3.3,.429,.426,1.2,1.7,.712,1.1,2.6,3.7,0.5,0.4,0.5,0.8,2.4,4.0)
(1990,263,Ed Pinckney,PF,26,BOS,77,50,14.1,1.8,3.2,.542,0.0,0.0,.000,1.8,3.2,.544,.542,1.2,1.5,.773,1.2,1.7,2.9,0.9,0.4,0.5,0.7,1.6,4.7)
(1990,267,Paul Pressey,SG,31,MIL,57,2,24.6,4.2,8.9,.472,0.1,0.8,.140,4.1,8.1,.503,.478,2.5,3.3,.758,1.0,2.0,3.0,4.3,1.2,0.4,1.9,2.6,11.0)
(1990,271,Kurt Rambis,PF,31,TOT,74,61,25.7,2.6,5.0,.509,0.0,0.0,.000,2.6,5.0,.514,.509,1.1,1.7,.646,2.1,5.0,7.1,1.8,1.4,0.5,1.4,2.8,6.2)
(1990,275,Jerry Reynolds,SF,27,ORL,67,40,27.1,4.6,11.1,.417,0.0,0.2,.071,4.6,10.9,.424,.418,3.6,4.8,.742,1.4,3.5,4.8,2.7,1.4,1.0,2.1,2.4,12.8)
(1990,279,David Rivers,PG,25,LAC,52,11,13.9,1.5,3.8,.406,0.0,0.1,.000,1.5,3.7,.417,.406,1.1,1.5,.756,0.6,1.1,1.6,3.0,0.6,0.0,1.7,1.0,4.2)
(1990,282,Alvin Robertson,SG,27,MIL,81,81,32.1,5.9,11.7,.503,0.0,0.3,.154,5.8,11.4,.513,.505,2.4,3.3,.741,2.8,4.1,6.9,5.5,2.6,0.2,2.7,3.5,14.2)
(1990,286,Tree Rollins,C,34,CLE,48,19,14.0,1.2,2.6,.456,0.0,0.0,.000,1.2,2.6,.460,.456,0.2,0.3,.688,1.2,2.0,3.2,0.5,0.3,1.1,0.7,1.7,2.6)
(1990,290,Brian Rowsom,PF,24,CHH,44,2,12.7,1.8,4.1,.436,0.0,0.0,.500,1.8,4.0,.435,.439,1.5,1.9,.819,1.0,2.0,3.0,0.5,0.4,0.3,0.6,1.3,5.1)
(1990,294,Ralph Sampson*,C,29,SAC,26,7,16.0,1.8,5.0,.372,0.0,0.2,.250,1.8,4.8,.376,.376,0.5,0.9,.522,0.4,2.8,3.2,1.1,0.5,0.8,1.3,2.5,4.2)
(1990,298,Detlef Schrempf,PF,27,IND,78,18,33.0,5.4,10.5,.516,0.2,0.6,.354,5.2,9.9,.526,.526,5.2,6.3,.820,1.9,6.0,7.9,3.2,0.8,0.2,2.3,3.5,16.2)
(1990,301,Brad Sellers,PF,27,TOT,59,0,11.9,1.7,4.3,.406,0.0,0.1,.000,1.7,4.2,.414,.406,1.0,1.2,.795,0.7,0.8,1.5,0.6,0.3,0.4,0.8,1.3,4.5)
(1990,305,Dexter Shouse,PG,26,PHI,3,0,6.0,0.0,1.3,.000,0.0,0.3,.000,0.0,1.0,.000,.000,0.0,0.0,,0.0,0.0,0.0,0.7,0.3,0.3,0.7,0.7,0.0)
(1990,309,Charles Smith,PG,22,BOS,60,0,8.7,1.0,2.2,.444,0.0,0.1,.000,1.0,2.1,.468,.444,0.9,1.3,.697,0.2,0.9,1.2,1.7,0.6,0.1,0.6,1.3,2.9)
(1990,313,Larry Smith,PF,32,HOU,74,0,17.6,1.4,2.9,.474,0.0,0.0,.000,1.4,2.9,.479,.474,0.3,0.7,.364,2.4,3.7,6.1,0.9,0.8,0.4,0.9,2.7,3.0)
(1990,317,Mike Smrek,C,27,GSW,13,3,8.2,0.8,1.8,.417,0.0,0.0,,0.8,1.8,.417,.417,0.1,0.5,.167,0.8,1.8,2.6,0.1,0.3,0.8,0.7,1.4,1.6)
(1990,Rk,Player,Pos,Age,Tm,G,GS,MP,FG,FGA,FG%,3P,3PA,3P%,2P,2PA,2P%,eFG%,FT,FTA,FT%,ORB,DRB,TRB,AST,STL,BLK,TOV,PF,PTS)
(1990,324,Jay Taylor,SG,22,NJN,17,0,6.7,1.2,3.1,.404,0.2,0.8,.231,1.1,2.3,.462,.433,0.4,0.5,.667,0.3,0.4,0.6,0.3,0.3,0.2,0.6,0.5,3.0)
(1990,328,Isiah Thomas*,PG,28,DET,81,81,37.0,7.1,16.3,.438,0.5,1.7,.309,6.6,14.6,.453,.454,3.6,4.7,.775,0.9,2.9,3.8,9.4,1.7,0.2,4.0,2.5,18.4)
(1990,332,Bob Thornton,PF,27,PHI,56,0,10.6,0.9,2.0,.429,0.0,0.1,.333,0.8,1.9,.431,.433,0.5,0.9,.510,0.8,1.6,2.4,0.3,0.4,0.2,0.6,1.9,2.2)
(1990,336,Tom Tolbert,PF,24,GSW,70,21,19.2,3.1,6.3,.493,0.1,0.3,.278,3.0,6.1,.502,.499,2.5,3.4,.726,1.7,3.4,5.2,0.8,0.3,0.4,1.1,2.7,8.8)
(1990,340,Andre Turner,PG,25,TOT,11,0,10.5,1.0,3.5,.289,0.0,0.2,.000,1.0,3.3,.306,.289,0.4,0.4,1.000,0.4,0.4,0.7,2.1,0.7,0.0,1.1,0.5,2.4)
(1990,343,Melvin Turpin,C,29,WSB,59,12,13.9,1.9,3.5,.526,0.0,0.0,.000,1.9,3.5,.531,.526,0.9,1.2,.789,1.5,2.3,3.7,0.5,0.3,0.8,0.8,2.3,4.7)
(1990,347,Sam Vincent,PG,26,ORL,63,45,26.3,4.1,9.0,.457,0.0,0.2,.071,4.1,8.7,.467,.458,3.0,3.4,.879,0.6,2.5,3.1,5.6,1.0,0.3,2.1,1.7,11.2)
(1990,351,Darrell Walker,PG,28,WSB,81,81,35.6,3.9,8.6,.454,0.0,0.3,.095,3.9,8.3,.465,.455,1.7,2.5,.687,2.1,6.7,8.8,8.0,1.7,0.4,2.1,2.7,9.5)
(1990,355,Bill Wennington,C,26,DAL,60,2,13.6,1.8,3.9,.449,0.0,0.1,.000,1.8,3.8,.457,.449,1.0,1.3,.800,1.1,2.2,3.3,0.7,0.3,0.4,0.8,2.4,4.5)
(1990,359,Mitchell Wiggins,SG,30,HOU,66,52,28.1,6.3,12.9,.488,0.0,0.0,.000,6.3,12.9,.489,.488,2.9,3.6,.810,2.0,2.3,4.3,1.6,1.3,0.0,1.3,2.5,15.5)
(1990,362,Eddie Lee Wilkins,C,27,NYK,79,0,12.3,1.8,3.9,.455,0.0,0.0,.000,1.8,3.9,.458,.455,1.1,1.9,.605,1.4,1.9,3.4,0.2,0.2,0.2,0.9,1.9,4.7)
(1990,366,Hot Rod Williams,PF,27,CLE,82,29,33.9,6.4,13.0,.493,0.0,0.0,,6.4,13.0,.493,.493,4.0,5.4,.739,2.7,5.4,8.1,2.0,1.0,2.0,1.7,2.6,16.8)
(1990,370,Reggie Williams,SF,25,TOT,47,17,15.8,2.8,7.2,.388,0.1,0.8,.162,2.7,6.4,.415,.396,1.1,1.4,.765,0.6,1.2,1.8,1.1,0.7,0.3,1.0,2.2,6.8)
(1990,374,Joe Wolf,C,25,LAC,77,19,17.2,2.0,5.1,.395,0.1,0.3,.200,1.9,4.8,.409,.402,0.7,0.9,.775,0.8,2.2,3.0,0.8,0.4,0.3,1.0,1.7,4.8)
(1990,378,Haywoode Workman,PG,24,ATL,6,0,2.7,0.3,0.5,.667,0.0,0.0,,0.3,0.5,.667,.667,0.3,0.3,1.000,0.0,0.5,0.5,0.3,0.5,0.0,0.0,0.5,1.0)
(1990,381,Michael Young,SF,29,LAC,45,2,10.2,2.0,4.3,.474,0.2,0.6,.308,1.9,3.7,.500,.495,0.6,0.8,.711,0.8,1.1,1.9,0.5,0.6,0.1,0.3,1.0,4.9)
