(2009,1,Alex Acker,SG,26,TOT,25,0,8.0,1.2,3.0,.395,0.3,0.8,.350,0.9,2.2,.411,.441,0.2,0.4,.500,0.3,0.6,1.0,0.5,0.2,0.2,0.3,0.4,2.9)
(2009,5,Blake Ahearn,PG,24,SAS,3,0,6.3,0.7,2.0,.333,0.7,1.3,.500,0.0,0.7,.000,.500,0.7,0.7,1.000,0.0,0.3,0.3,0.7,0.3,0.0,0.3,1.0,2.7)
(2009,9,Malik Allen,PF,30,MIL,49,3,11.8,1.5,3.5,.429,0.0,0.0,.000,1.5,3.4,.432,.429,0.2,0.4,.476,0.7,1.4,2.1,0.7,0.1,0.2,0.4,1.8,3.2)
(2009,13,Rafer Alston,PG,32,TOT,77,76,31.8,4.1,10.6,.385,1.5,4.3,.338,2.6,6.4,.417,.454,2.0,2.7,.750,0.4,2.5,2.9,5.3,1.4,0.1,1.8,1.8,11.7)
(2009,17,Carmelo Anthony,SF,24,DEN,66,66,34.5,8.1,18.3,.443,1.0,2.6,.371,7.2,15.7,.455,.469,5.6,7.1,.793,1.6,5.2,6.8,3.4,1.1,0.4,3.0,3.0,22.8)
(2009,Rk,Player,Pos,Age,Tm,G,GS,MP,FG,FGA,FG%,3P,3PA,3P,2P,2PA,2P,eFG%,FT,FTA,FT%,ORB,DRB,TRB,AST,STL,BLK,TOV,PF,PTS)
(2009,24,D.J. Augustin,PG,21,CHA,72,12,26.5,3.7,8.6,.430,1.5,3.4,.439,2.2,5.2,.424,.517,2.9,3.2,.893,0.2,1.6,1.8,3.5,0.6,0.0,1.7,1.9,11.8)
(2009,28,Leandro Barbosa,SG,26,PHO,70,11,24.4,5.2,10.8,.482,1.3,3.4,.375,3.9,7.4,.532,.542,2.4,2.8,.881,0.5,2.1,2.6,2.3,1.2,0.1,1.3,1.6,14.2)
(2009,32,Brent Barry,SG,37,HOU,56,1,15.3,1.3,3.1,.407,0.9,2.3,.374,0.4,0.7,.512,.549,0.3,0.4,.950,0.3,1.4,1.7,1.4,0.4,0.1,0.9,0.8,3.7)
(2009,36,Shane Battier,SG,30,HOU,60,59,33.9,2.4,5.9,.410,1.5,4.0,.384,0.9,2.0,.462,.538,0.9,1.1,.821,0.9,3.9,4.8,2.3,0.8,0.9,0.8,1.9,7.3)
(2009,40,Marco Belinelli,SG,22,GSW,42,23,21.0,3.3,7.5,.442,1.2,3.1,.397,2.1,4.4,.473,.524,1.0,1.2,.769,0.2,1.5,1.7,2.1,0.9,0.0,1.4,1.7,8.9)
(2009,43,Mike Bibby,PG,30,ATL,79,79,34.7,5.5,12.7,.435,2.1,5.4,.390,3.4,7.3,.468,.518,1.7,2.2,.789,0.5,3.0,3.5,5.0,1.2,0.1,1.6,1.8,14.9)
(2009,47,Andray Blatche,C,22,WAS,71,36,24.0,4.2,8.9,.471,0.1,0.3,.238,4.1,8.6,.479,.475,1.6,2.3,.704,1.8,3.5,5.3,1.7,0.7,1.0,1.6,3.0,10.0)
(2009,51,Matt Bonner,PF,28,SAS,81,67,23.8,3.3,6.6,.496,1.5,3.3,.440,1.8,3.3,.552,.606,0.2,0.3,.739,1.2,3.6,4.8,1.0,0.6,0.3,0.5,2.3,8.2)
(2009,55,Chris Bosh,C,24,TOR,77,77,38.0,8.0,16.4,.487,0.2,0.6,.245,7.8,15.8,.497,.492,6.5,8.0,.817,2.8,7.2,10.0,2.5,0.9,1.0,2.3,2.5,22.7)
(2009,59,Corey Brewer,SF,22,MIN,15,8,20.5,2.5,6.0,.411,0.3,0.8,.417,2.1,5.2,.410,.439,0.9,1.3,.737,1.2,2.1,3.3,1.7,1.0,0.2,0.9,2.5,6.2)
(2009,62,Andre Brown,PF,27,CHA,4,0,10.3,0.3,1.8,.143,0.0,0.0,,0.3,1.8,.143,.143,0.5,0.5,1.000,1.8,1.3,3.0,0.3,0.3,0.0,1.3,2.3,1.0)
(2009,66,Kwame Brown,C,26,DET,58,30,17.2,1.6,2.9,.533,0.0,0.0,,1.6,2.9,.533,.533,1.1,2.1,.516,1.6,3.4,5.0,0.6,0.4,0.4,0.9,2.4,4.2)
(2009,70,Caron Butler,SG,28,WAS,67,67,38.6,7.3,16.2,.453,1.0,3.1,.310,6.4,13.1,.487,.482,5.1,6.0,.858,1.8,4.4,6.2,4.3,1.6,0.3,3.1,2.5,20.8)
(2009,74,Jose Calderon,PG,27,TOR,68,68,34.3,4.7,9.5,.497,1.2,3.0,.406,3.5,6.5,.538,.561,2.2,2.3,.981,0.2,2.6,2.9,8.9,1.1,0.1,2.1,1.7,12.8)
(2009,78,Matt Carroll,SG,28,TOT,55,10,11.2,1.2,3.1,.380,0.2,1.0,.245,0.9,2.1,.441,.418,0.4,0.5,.840,0.1,1.1,1.3,0.5,0.4,0.1,0.6,1.2,3.0)
(2009,81,Mario Chalmers,PG,22,MIA,82,82,32.0,3.4,8.1,.420,1.4,3.8,.367,2.0,4.3,.467,.506,1.8,2.4,.767,0.5,2.3,2.8,4.9,2.0,0.1,2.0,2.9,10.0)
(2009,85,Jarron Collins,C,30,UTA,26,3,7.7,0.6,1.3,.457,0.0,0.0,,0.6,1.3,.457,.457,0.3,0.4,.727,0.8,0.7,1.4,0.3,0.1,0.0,0.3,1.3,1.5)
(2009,89,Mike Conley,PG,21,MEM,82,61,30.6,3.9,8.9,.442,1.1,2.6,.406,2.9,6.3,.458,.503,2.0,2.4,.817,0.3,3.1,3.4,4.3,1.1,0.1,1.7,1.8,10.9)
(2009,93,Joe Crawford,SF,22,NYK,2,0,11.5,1.5,5.0,.300,0.5,2.0,.250,1.0,3.0,.333,.350,1.0,1.0,1.000,0.5,1.5,2.0,0.5,0.5,0.0,0.0,1.0,4.5)
(2009,97,Samuel Dalembert,C,27,PHI,82,82,24.8,2.6,5.3,.498,0.0,0.0,.000,2.6,5.3,.500,.498,1.1,1.5,.734,2.6,5.9,8.5,0.2,0.4,1.8,1.4,3.0,6.4)
(2009,Rk,Player,Pos,Age,Tm,G,GS,MP,FG,FGA,FG%,3P,3PA,3P,2P,2PA,2P,eFG%,FT,FTA,FT%,ORB,DRB,TRB,AST,STL,BLK,TOV,PF,PTS)
(2009,104,Paul Davis,PF,24,LAC,27,1,11.9,1.5,3.6,.408,0.0,0.0,.000,1.5,3.6,.412,.408,1.0,1.3,.794,1.0,1.4,2.5,0.4,0.4,0.1,0.5,1.6,4.0)
(2009,108,Yakhouba Diawara,SF,26,MIA,63,21,13.5,1.2,3.4,.350,0.8,2.6,.313,0.4,0.9,.463,.468,0.2,0.3,.526,0.4,0.9,1.3,0.4,0.2,0.1,0.3,1.2,3.4)
(2009,112,Juan Dixon,PG,30,WAS,50,6,16.3,2.0,5.1,.395,0.5,1.5,.333,1.5,3.6,.420,.443,0.7,0.8,.872,0.2,1.2,1.3,2.4,0.7,0.1,1.4,1.5,5.2)
(2009,116,Chris Douglas-Roberts,SG,22,NJN,44,3,13.3,1.8,4.0,.460,0.1,0.3,.250,1.8,3.7,.476,.469,1.2,1.4,.823,0.3,0.8,1.1,1.2,0.3,0.2,0.7,0.8,4.9)
(2009,120,Tim Duncan,C,32,SAS,75,75,33.7,7.4,14.8,.504,0.0,0.0,.000,7.4,14.7,.505,.504,4.5,6.4,.692,2.7,8.0,10.7,3.5,0.5,1.7,2.2,2.3,19.3)
(2009,123,Monta Ellis,SG,23,GSW,25,25,35.7,7.8,17.2,.451,0.3,1.0,.308,7.4,16.2,.460,.460,3.1,3.8,.830,0.6,3.8,4.3,3.7,1.6,0.3,2.7,2.7,19.0)
(2009,127,Reggie Evans,PF,28,PHI,79,7,14.4,1.0,2.3,.444,0.0,0.0,.000,1.0,2.2,.446,.444,1.3,2.2,.594,1.7,2.9,4.6,0.3,0.5,0.1,0.9,2.0,3.3)
(2009,131,Rudy Fernandez,SG,23,POR,78,4,25.6,3.4,8.1,.425,2.0,5.1,.399,1.4,3.0,.470,.552,1.5,1.8,.839,0.6,2.1,2.7,2.0,0.9,0.2,1.1,1.4,10.4)
(2009,135,T.J. Ford,PG,25,IND,74,49,30.5,5.6,12.3,.452,0.5,1.4,.337,5.1,10.9,.467,.472,3.3,3.8,.872,0.8,2.7,3.5,5.3,1.2,0.2,2.4,2.4,14.9)
(2009,139,Channing Frye,PF,25,POR,63,1,11.8,1.8,4.2,.423,0.2,0.5,.333,1.6,3.7,.436,.444,0.4,0.6,.722,0.7,1.6,2.2,0.4,0.3,0.3,0.5,1.7,4.2)
(2009,142,Francisco Garcia,SF,27,SAC,65,36,30.4,4.5,10.2,.444,1.4,3.4,.398,3.2,6.8,.466,.510,2.2,2.7,.820,0.9,2.5,3.4,2.3,1.2,1.0,1.7,3.0,12.7)
(2009,146,Pau Gasol,C,28,LAL,81,81,37.0,7.3,12.9,.567,0.0,0.0,.500,7.3,12.9,.567,.567,4.2,5.4,.781,3.2,6.4,9.6,3.5,0.6,1.0,1.9,2.1,18.9)
(2009,150,J.R. Giddens,SF,23,BOS,6,0,1.3,0.3,0.5,.667,0.0,0.0,,0.3,0.5,.667,.667,0.0,0.0,,0.3,0.2,0.5,0.0,0.2,0.0,0.2,0.2,0.7)
(2009,154,Drew Gooden,PF,27,TOT,51,28,24.8,4.6,9.9,.468,0.0,0.1,.000,4.6,9.8,.472,.468,2.6,3.1,.840,2.2,4.9,7.1,0.9,0.6,0.4,1.5,2.8,11.9)
(2009,158,Joey Graham,SF,26,TOR,78,10,19.8,3.0,6.2,.481,0.0,0.2,.188,2.9,5.9,.491,.484,1.7,2.1,.825,1.2,2.5,3.7,0.6,0.4,0.2,0.9,2.4,7.7)
(2009,161,Aaron Gray,C,24,CHI,56,18,12.8,1.4,3.0,.485,0.0,0.0,.000,1.4,3.0,.488,.485,0.6,1.1,.576,1.5,2.4,3.9,0.8,0.3,0.3,0.7,2.4,3.5)
(2009,165,Donte Greene,SF,20,SAC,55,4,13.2,1.4,4.3,.326,0.5,1.8,.260,0.9,2.5,.375,.381,0.5,0.6,.853,0.3,1.2,1.6,0.5,0.3,0.3,0.7,1.2,3.8)
(2009,169,Matt Harpring,SG,32,UTA,63,2,11.0,1.8,3.8,.461,0.0,0.0,.000,1.8,3.8,.464,.461,0.9,1.1,.764,0.7,1.2,2.0,0.4,0.5,0.1,0.5,1.6,4.4)
(2009,173,Udonis Haslem,PF,28,MIA,75,75,34.1,4.4,8.6,.518,0.0,0.0,,4.4,8.6,.518,.518,1.7,2.3,.753,2.3,6.0,8.2,1.1,0.6,0.3,1.1,2.7,10.6)
(2009,177,Jarvis Hayes,SF,27,NJN,74,1,24.8,3.5,7.8,.445,1.3,3.3,.385,2.2,4.5,.489,.527,0.5,0.7,.692,0.4,3.2,3.6,0.7,0.7,0.1,0.7,2.2,8.7)
(2009,Rk,Player,Pos,Age,Tm,G,GS,MP,FG,FGA,FG%,3P,3PA,3P,2P,2PA,2P,eFG%,FT,FTA,FT%,ORB,DRB,TRB,AST,STL,BLK,TOV,PF,PTS)
(2009,184,George Hill,PG,22,SAS,77,7,16.5,1.9,4.8,.403,0.3,0.9,.329,1.6,3.9,.421,.435,1.5,1.9,.781,0.4,1.7,2.1,1.8,0.6,0.3,1.0,1.9,5.7)
(2009,188,Ryan Hollins,C,24,TOT,45,3,9.9,1.1,2.1,.532,0.0,0.0,,1.1,2.1,.532,.532,1.0,1.6,.597,1.0,1.1,2.2,0.2,0.2,0.7,0.5,1.7,3.2)
(2009,192,Josh Howard,SF,28,DAL,52,51,32.0,6.8,15.1,.451,1.1,3.2,.345,5.7,11.8,.480,.488,3.3,4.2,.782,1.1,3.9,5.1,1.6,1.1,0.6,1.7,2.6,18.0)
(2009,196,Lindsey Hunter,PG,38,CHI,28,0,9.5,1.0,2.9,.329,0.6,1.7,.333,0.4,1.2,.324,.427,0.1,0.2,.600,0.1,0.4,0.4,1.3,0.7,0.0,0.7,1.0,2.6)
(2009,200,Didier Ilunga-Mbenga,C,28,LAL,23,0,7.9,1.2,2.5,.474,0.0,0.0,.000,1.2,2.4,.482,.474,0.3,0.3,.875,0.4,1.0,1.3,0.4,0.4,1.0,0.6,1.4,2.7)
(2009,203,Jarrett Jack,SG,25,IND,82,53,33.1,4.7,10.4,.453,1.0,2.7,.353,3.8,7.7,.487,.498,2.7,3.2,.852,0.5,2.8,3.4,4.1,1.1,0.2,2.2,2.2,13.1)
(2009,207,Jerome James,C,33,NYK,2,0,5.0,1.5,4.0,.375,0.0,0.0,,1.5,4.0,.375,.375,0.0,0.0,,0.5,1.0,1.5,0.0,0.5,0.5,0.5,1.0,3.0)
(2009,211,Marko Jaric,SG,30,MEM,53,0,11.4,0.9,2.7,.331,0.2,0.5,.393,0.7,2.2,.316,.369,0.5,0.8,.707,0.4,0.8,1.2,1.4,0.5,0.2,0.9,1.2,2.6)
(2009,215,Richard Jefferson,SF,28,MIL,82,82,35.8,6.5,14.9,.439,1.4,3.6,.397,5.1,11.3,.453,.487,5.1,6.3,.805,0.7,3.9,4.6,2.4,0.8,0.2,2.0,3.1,19.6)
(2009,219,Anthony Johnson,PG,34,ORL,80,12,18.5,1.9,4.8,.404,0.7,1.7,.391,1.3,3.1,.411,.472,0.8,1.0,.753,0.4,1.5,1.8,2.5,0.6,0.1,1.0,1.4,5.3)
(2009,222,Trey Johnson,SG,24,CLE,4,0,3.5,0.0,1.3,.000,0.0,0.0,,0.0,1.3,.000,.000,1.0,1.0,1.000,0.0,0.3,0.3,0.0,0.0,0.0,0.3,1.0,1.0)
(2009,224,Damon Jones,PG,32,MIL,18,0,6.0,0.6,1.9,.324,0.6,1.6,.393,0.0,0.3,.000,.485,0.0,0.0,,0.0,0.3,0.3,0.4,0.2,0.0,0.3,0.2,1.8)
(2009,228,Solomon Jones,C,24,ATL,63,0,10.7,1.1,1.8,.604,0.0,0.0,.500,1.0,1.7,.606,.608,0.8,1.2,.716,0.8,1.4,2.3,0.2,0.1,0.5,0.4,2.0,3.0)
(2009,232,Jason Kidd,PG,35,DAL,81,81,35.6,3.2,7.6,.416,1.6,4.0,.406,1.6,3.6,.427,.522,1.1,1.3,.819,1.0,5.1,6.2,8.7,2.0,0.5,2.3,2.1,9.0)
(2009,236,Brevin Knight,PG,33,UTA,74,0,12.7,0.9,2.6,.349,0.0,0.1,.000,0.9,2.5,.361,.349,0.6,0.9,.750,0.2,1.0,1.2,2.6,0.9,0.1,0.9,1.3,2.4)
(2009,240,Rob Kurz,SF,23,GSW,40,5,11.1,1.3,3.3,.389,0.4,1.0,.395,0.9,2.3,.387,.447,1.0,1.3,.800,0.8,1.2,2.0,0.5,0.4,0.5,0.4,2.0,3.9)
(2009,243,Courtney Lee,SG,23,ORL,77,42,25.2,3.2,7.0,.450,1.1,2.6,.404,2.1,4.4,.478,.526,1.0,1.2,.830,0.2,2.1,2.3,1.2,1.0,0.2,0.9,2.0,8.4)
(2009,247,Brook Lopez,C,20,NJN,82,75,30.5,5.5,10.3,.531,0.0,0.0,.000,5.5,10.3,.532,.531,2.1,2.6,.793,2.7,5.4,8.1,1.0,0.5,1.8,1.8,3.1,13.0)
(2009,251,Tyronn Lue,PG,31,TOT,44,0,11.8,1.6,3.7,.438,0.6,1.4,.435,1.0,2.3,.440,.522,0.3,0.4,.737,0.1,0.9,1.0,1.4,0.2,0.0,0.5,1.2,4.2)
(2009,255,Stephon Marbury,PG,31,BOS,23,4,18.0,1.7,4.8,.342,0.3,1.1,.240,1.4,3.7,.372,.369,0.3,0.6,.462,0.1,1.1,1.2,3.3,0.4,0.1,1.6,1.5,3.8)
(2009,259,Cartier Martin,SF,24,CHA,33,1,8.1,0.8,2.3,.364,0.3,1.0,.303,0.5,1.3,.409,.429,0.6,0.8,.800,0.2,0.8,1.0,0.4,0.2,0.1,0.3,1.0,2.6)
(2009,262,Desmond Mason,SG,31,OKC,39,19,27.3,3.2,7.3,.435,0.0,0.1,.000,3.2,7.2,.440,.435,1.2,2.2,.541,1.1,3.0,4.0,1.2,0.4,0.8,1.4,2.5,7.5)
(2009,266,O.J. Mayo,SG,21,MEM,82,82,38.0,6.9,15.6,.438,1.8,4.6,.384,5.1,11.0,.461,.495,3.0,3.4,.879,0.7,3.1,3.8,3.2,1.1,0.2,2.8,2.5,18.5)
(2009,270,JaVale McGee,C,21,WAS,75,14,15.2,2.5,5.2,.494,0.0,0.0,,2.5,5.2,.494,.494,1.4,2.2,.660,1.6,2.3,3.9,0.3,0.4,1.0,0.8,2.1,6.5)
(2009,274,Pops Mensah-Bonsu,PF,25,TOT,22,0,12.9,1.8,4.7,.379,0.0,0.1,.000,1.8,4.6,.386,.379,1.5,2.2,.688,2.5,2.6,5.1,0.3,0.4,0.2,0.9,2.0,5.0)
(2009,278,Darko Milicic,C,23,MEM,61,15,17.0,2.2,4.4,.515,0.0,0.0,,2.2,4.4,.515,.515,1.0,1.7,.562,1.4,3.0,4.3,0.6,0.4,0.8,0.8,2.2,5.5)
(2009,281,Mike Miller,SF,28,MIN,73,47,32.3,3.6,7.5,.482,1.2,3.1,.378,2.5,4.4,.554,.559,1.5,2.0,.732,1.0,5.6,6.6,4.5,0.4,0.4,2.0,1.9,9.9)
(2009,285,Nazr Mohammed,C,31,CHA,39,1,8.7,1.1,2.6,.406,0.0,0.0,,1.1,2.6,.406,.406,0.6,1.0,.550,0.9,1.1,2.0,0.2,0.1,0.4,0.6,1.6,2.7)
(2009,289,Adam Morrison,SF,24,TOT,52,5,13.7,1.5,4.3,.359,0.6,1.8,.333,0.9,2.4,.378,.430,0.3,0.4,.739,0.3,1.2,1.5,0.8,0.2,0.1,0.6,1.5,4.0)
(2009,293,Dikembe Mutombo*,C,42,HOU,9,2,10.7,0.6,1.4,.385,0.0,0.0,,0.6,1.4,.385,.385,0.7,1.0,.667,1.3,2.3,3.7,0.0,0.0,1.2,0.7,1.2,1.8)
(2009,297,Jameer Nelson,PG,26,ORL,42,42,31.2,6.4,12.6,.503,2.0,4.3,.453,4.4,8.3,.529,.580,2.0,2.3,.887,0.5,3.0,3.5,5.4,1.2,0.1,2.0,2.9,16.7)
(2009,Rk,Player,Pos,Age,Tm,G,GS,MP,FG,FGA,FG%,3P,3PA,3P,2P,2PA,2P,eFG%,FT,FTA,FT%,ORB,DRB,TRB,AST,STL,BLK,TOV,PF,PTS)
(2009,304,Patrick O'Bryant,C,22,TOT,39,3,6.5,1.2,2.2,.536,0.0,0.1,.000,1.2,2.1,.549,.536,0.3,0.5,.550,0.3,1.4,1.7,0.3,0.2,0.5,0.6,1.6,2.6)
(2009,308,Greg Oden,C,21,POR,61,39,21.5,3.2,5.8,.564,0.0,0.0,,3.2,5.8,.564,.564,2.4,3.7,.637,2.8,4.2,7.0,0.5,0.4,1.1,1.4,3.9,8.9)
(2009,312,Kevin Ollie,PG,36,MIN,50,21,17.0,1.2,3.0,.407,0.0,0.0,.000,1.2,3.0,.409,.407,1.6,1.9,.833,0.3,1.2,1.5,2.3,0.4,0.1,0.7,1.6,4.0)
(2009,316,Tony Parker,PG,26,SAS,72,71,34.1,8.9,17.5,.506,0.3,0.9,.292,8.6,16.6,.518,.513,3.9,5.0,.782,0.4,2.7,3.1,6.9,0.9,0.1,2.6,1.5,22.0)
(2009,320,Kendrick Perkins,C,24,BOS,76,76,29.6,3.6,6.3,.577,0.0,0.0,.000,3.6,6.3,.580,.577,1.3,2.1,.600,2.7,5.5,8.1,1.3,0.3,2.0,2.2,3.3,8.5)
(2009,323,Paul Pierce,SF,31,BOS,81,81,37.5,6.7,14.6,.457,1.5,3.8,.391,5.2,10.8,.480,.508,5.7,6.8,.830,0.7,5.0,5.6,3.6,1.0,0.3,2.8,2.7,20.5)
(2009,327,Josh Powell,PF,26,LAL,60,1,11.7,1.8,4.0,.444,0.0,0.0,,1.8,4.0,.444,.444,0.6,0.8,.760,1.2,1.8,2.9,0.5,0.2,0.3,0.9,1.6,4.2)
(2009,331,Joel Przybilla,C,29,POR,82,43,23.8,2.0,3.3,.625,0.0,0.0,.000,2.0,3.3,.627,.625,1.4,2.1,.663,2.5,6.3,8.7,0.3,0.4,1.2,1.0,2.6,5.5)
(2009,335,Shavlik Randolph,PF,25,POR,10,0,3.7,0.8,1.3,.615,0.1,0.1,1.000,0.7,1.2,.583,.654,0.1,0.4,.250,1.0,0.8,1.8,0.0,0.0,0.1,0.6,0.4,1.8)
(2009,339,J.J. Redick,SG,24,ORL,64,5,17.4,1.8,4.7,.391,1.0,2.8,.374,0.8,1.9,.417,.503,1.3,1.5,.871,0.1,1.6,1.7,1.1,0.3,0.0,0.8,1.1,6.0)
(2009,342,Quentin Richardson,SG,28,NYK,72,51,26.3,3.6,9.3,.393,1.7,4.6,.365,2.0,4.7,.420,.483,1.2,1.6,.761,1.0,3.4,4.4,1.6,0.7,0.1,1.0,1.8,10.2)
(2009,346,Sergio Rodriguez,PG,22,POR,80,13,15.3,1.6,4.1,.392,0.5,1.4,.325,1.2,2.7,.428,.448,0.8,1.0,.792,0.5,1.1,1.6,3.6,0.7,0.0,1.5,1.7,4.5)
(2009,350,Quinton Ross,SF,27,MEM,68,7,17.1,1.5,3.8,.382,0.5,1.3,.375,1.0,2.5,.386,.446,0.5,0.6,.810,0.4,1.4,1.9,0.7,0.5,0.2,0.5,1.7,3.9)
(2009,354,Kareem Rush,SG,28,PHI,25,1,8.0,0.8,2.3,.345,0.4,1.3,.303,0.4,1.0,.400,.431,0.2,0.2,1.000,0.0,0.6,0.6,0.6,0.2,0.0,0.4,0.4,2.2)
(2009,358,Luis Scola,PF,28,HOU,82,82,30.3,5.2,9.7,.531,0.0,0.0,.000,5.2,9.7,.533,.531,2.4,3.1,.760,2.4,6.3,8.8,1.5,0.8,0.1,1.5,3.2,12.7)
(2009,361,Ramon Sessions,PG,22,MIL,79,39,27.5,4.4,9.8,.445,0.1,0.4,.176,4.3,9.4,.457,.449,3.6,4.5,.794,0.8,2.6,3.4,5.7,1.1,0.1,1.9,2.0,12.4)
(2009,365,Courtney Sims,C,25,TOT,2,0,6.5,1.5,3.0,.500,0.0,0.0,,1.5,3.0,.500,.500,0.0,0.0,,1.0,1.0,2.0,0.0,0.0,0.0,0.5,0.5,3.0)
(2009,369,Craig Smith,PF,25,MIN,74,31,19.7,3.9,6.9,.562,0.0,0.0,.000,3.9,6.9,.563,.562,2.3,3.4,.677,1.3,2.5,3.8,1.1,0.4,0.3,1.4,2.5,10.1)
(2009,373,Will Solomon,PG,30,TOT,53,9,13.4,2.0,4.6,.429,0.5,1.6,.326,1.5,3.0,.484,.486,0.5,0.6,.735,0.2,1.0,1.2,2.5,0.5,0.1,1.0,1.3,5.0)
(2009,377,DeShawn Stevenson,SG,27,WAS,32,25,27.7,2.3,7.2,.312,1.1,4.0,.271,1.2,3.2,.363,.387,1.0,1.9,.533,0.3,2.0,2.4,3.1,0.7,0.1,1.0,1.3,6.6)
(2009,Rk,Player,Pos,Age,Tm,G,GS,MP,FG,FGA,FG%,3P,3PA,3P,2P,2PA,2P,eFG%,FT,FTA,FT%,ORB,DRB,TRB,AST,STL,BLK,TOV,PF,PTS)
(2009,384,Mike Taylor,PG,23,LAC,51,5,15.1,2.2,5.2,.412,0.3,0.8,.325,1.9,4.5,.427,.436,1.1,1.6,.691,0.4,1.3,1.7,2.1,0.7,0.0,1.4,1.6,5.7)
(2009,388,Kenny Thomas,PF,31,SAC,8,0,7.8,0.4,1.0,.375,0.0,0.0,,0.4,1.0,.375,.375,0.0,0.0,,0.5,1.4,1.9,0.1,0.8,0.1,0.1,1.1,0.8)
(2009,392,Jason Thompson,PF,22,SAC,82,56,28.1,4.3,8.7,.497,0.0,0.1,.000,4.3,8.6,.502,.497,2.4,3.5,.692,2.9,4.5,7.4,1.1,0.6,0.7,1.8,3.8,11.1)
(2009,396,Ronny Turiaf,C,26,GSW,79,26,21.5,2.4,4.6,.508,0.0,0.0,.000,2.4,4.6,.512,.508,1.2,1.6,.790,1.1,3.4,4.6,2.1,0.4,2.1,0.9,3.1,5.9)
(2009,400,Roko Ukic,PG,24,TOR,72,0,12.4,1.7,4.5,.380,0.2,0.9,.177,1.6,3.6,.427,.397,0.6,0.8,.733,0.4,0.7,1.0,2.1,0.4,0.0,0.8,1.1,4.2)
(2009,403,Charlie Villanueva,PF,24,MIL,78,47,26.9,6.2,14.0,.447,1.1,3.3,.345,5.1,10.7,.479,.488,2.6,3.1,.838,2.0,4.7,6.7,1.8,0.6,0.7,1.8,3.3,16.2)
(2009,407,Von Wafer,SG,23,HOU,63,11,19.4,3.6,8.1,.447,1.0,2.6,.390,2.6,5.5,.474,.510,1.4,1.9,.752,0.3,1.5,1.8,1.1,0.6,0.1,0.9,1.1,9.7)
(2009,411,Rasheed Wallace,C,34,DET,66,63,32.2,4.6,10.9,.419,1.7,4.8,.354,2.9,6.1,.471,.498,1.2,1.5,.772,0.8,6.6,7.4,1.4,0.9,1.3,0.9,3.0,12.0)
(2009,415,Earl Watson,PG,29,OKC,68,18,26.1,2.6,6.7,.384,0.3,1.3,.235,2.3,5.4,.418,.406,1.2,1.6,.755,0.5,2.2,2.7,5.8,0.7,0.2,2.3,2.0,6.6)
(2009,419,David West,PF,28,NOH,76,76,39.2,8.0,17.0,.472,0.1,0.3,.240,7.9,16.7,.477,.474,4.8,5.5,.884,2.1,6.4,8.5,2.3,0.6,0.9,2.1,2.7,21.0)
(2009,422,Russell Westbrook,PG,20,OKC,82,65,32.5,5.3,13.4,.398,0.4,1.6,.271,4.9,11.8,.415,.414,4.3,5.2,.815,2.2,2.7,4.9,5.3,1.3,0.2,3.3,2.3,15.3)
(2009,426,Damien Wilkins,SG,29,OKC,41,14,15.5,1.9,5.2,.362,0.7,1.8,.375,1.2,3.4,.355,.425,0.9,1.1,.804,0.5,1.2,1.7,0.9,0.5,0.2,0.9,1.3,5.3)
(2009,430,Marcus Williams,PG,23,GSW,9,0,6.0,0.4,1.9,.235,0.2,0.7,.333,0.2,1.2,.182,.294,0.2,0.7,.333,0.0,0.4,0.4,1.4,0.1,0.1,0.4,0.7,1.3)
(2009,434,Sean Williams,PF,22,NJN,33,0,11.1,0.9,2.2,.417,0.0,0.0,,0.9,2.2,.417,.417,0.6,1.0,.625,1.0,1.4,2.4,0.4,0.2,0.9,0.6,2.2,2.4)
(2009,438,Antoine Wright,SF,24,DAL,65,53,23.9,2.8,6.6,.415,0.7,2.3,.302,2.1,4.3,.475,.468,1.1,1.5,.747,0.5,1.6,2.1,1.2,0.7,0.4,0.8,2.6,7.3)
(2009,441,Julian Wright,SF,21,NOH,54,19,14.3,2.0,4.3,.466,0.0,0.4,.095,2.0,3.9,.502,.470,0.3,0.6,.567,0.9,2.0,2.8,0.8,0.6,0.4,0.8,0.9,4.4)
(2009,445,Sun Yue,SG,23,LAL,10,0,2.8,0.3,1.1,.273,0.0,0.6,.000,0.3,0.5,.600,.273,0.0,0.0,,0.0,0.0,0.0,0.2,0.1,0.1,0.3,1.0,0.6)
