(2009,3,Arron Afflalo,SG,23,DET,74,8,16.7,1.8,4.1,.437,0.6,1.4,.402,1.2,2.6,.456,.508,0.8,1.0,.817,0.4,1.4,1.8,0.6,0.4,0.2,0.6,1.9,4.9)
(2009,7,LaMarcus Aldridge,PF,23,POR,81,81,37.1,7.4,15.3,.484,0.1,0.3,.250,7.3,15.0,.489,.486,3.2,4.1,.781,2.9,4.6,7.5,1.9,1.0,1.0,1.5,2.6,18.1)
(2009,11,Tony Allen,SG,27,BOS,46,2,19.3,3.0,6.2,.482,0.1,0.6,.222,2.8,5.6,.510,.493,1.7,2.4,.725,0.5,1.8,2.3,1.4,1.2,0.5,1.7,2.1,7.8)
(2009,15,Chris Andersen,C,30,DEN,71,1,20.6,2.3,4.1,.548,0.0,0.1,.200,2.2,4.0,.560,.551,1.8,2.5,.718,2.3,3.9,6.2,0.4,0.6,2.5,1.0,2.5,6.4)
(2009,19,Gilbert Arenas,PG,27,WAS,2,2,31.5,3.0,11.5,.261,1.0,3.5,.286,2.0,8.0,.250,.304,6.0,8.0,.750,0.5,4.0,4.5,10.0,0.0,0.5,0.5,2.0,13.0)
(2009,22,Darrell Arthur,PF,20,MEM,76,64,19.3,2.5,5.7,.438,0.0,0.0,.000,2.5,5.7,.440,.438,0.5,0.8,.667,1.4,3.1,4.6,0.6,0.7,0.7,0.6,2.7,5.6)
(2009,26,Renaldo Balkman,PF,24,DEN,53,10,14.7,2.1,3.7,.558,0.0,0.1,.286,2.0,3.6,.568,.563,0.8,1.2,.646,1.6,2.2,3.8,0.6,0.9,0.4,0.7,1.8,5.0)
(2009,30,Andrea Bargnani,PF,23,TOR,78,59,31.4,5.5,12.3,.450,1.5,3.7,.409,4.0,8.6,.468,.512,2.8,3.4,.831,0.9,4.4,5.3,1.2,0.4,1.2,1.7,3.1,15.4)
(2009,34,Maceo Baston,PF,33,IND,27,0,8.0,0.9,1.7,.543,0.0,0.0,.000,0.9,1.7,.556,.543,0.6,1.0,.630,0.8,1.1,1.9,0.3,0.2,0.4,0.4,1.4,2.5)
(2009,38,Jerryd Bayless,PG,20,POR,53,0,12.4,1.3,3.6,.365,0.1,0.5,.259,1.2,3.1,.383,.384,1.6,1.9,.806,0.2,0.9,1.1,1.5,0.3,0.0,1.1,1.5,4.3)
(2009,41,Charlie Bell,SG,29,MIL,70,23,25.5,3.1,7.5,.414,1.2,3.4,.363,1.9,4.1,.458,.497,0.9,1.1,.825,0.5,1.5,1.9,2.2,0.7,0.1,1.1,2.0,8.4)
(2009,45,Chauncey Billups,PG,32,TOT,79,79,35.3,5.2,12.4,.418,2.1,5.0,.408,3.1,7.4,.425,.501,5.3,5.8,.913,0.4,2.6,3.0,6.4,1.2,0.2,2.2,2.0,17.7)
(2009,49,Keith Bogans,SG,28,TOT,65,15,19.6,1.8,5.0,.367,1.1,3.4,.339,0.7,1.6,.425,.481,0.8,0.9,.912,0.5,2.6,3.1,1.0,0.7,0.1,0.6,1.6,5.6)
(2009,53,Calvin Booth,C,32,TOT,8,0,7.0,0.6,1.3,.500,0.0,0.0,,0.6,1.3,.500,.500,0.8,1.0,.750,0.6,0.8,1.4,0.0,0.1,0.3,0.1,1.3,2.0)
(2009,57,Ryan Bowen,SF,33,NOH,21,3,10.4,1.0,1.8,.579,0.0,0.0,,1.0,1.8,.579,.579,0.1,0.2,.600,0.5,0.7,1.1,0.4,0.7,0.2,0.2,1.8,2.2)
(2009,Rk,Player,Pos,Age,Tm,G,GS,MP,FG,FGA,FG%,3P,3PA,3P,2P,2PA,2P,eFG%,FT,FTA,FT%,ORB,DRB,TRB,AST,STL,BLK,TOV,PF,PTS)
(2009,64,Dee Brown,PG,24,TOT,19,11,13.7,0.9,2.6,.367,0.4,1.3,.292,0.6,1.3,.440,.439,0.2,0.3,.600,0.4,1.2,1.5,1.9,0.5,0.0,0.9,1.5,2.4)
(2009,68,Kobe Bryant,SG,30,LAL,82,82,36.1,9.8,20.9,.467,1.4,4.1,.351,8.3,16.8,.496,.502,5.9,6.9,.856,1.1,4.1,5.2,4.9,1.5,0.5,2.6,2.3,26.8)
(2009,72,Andrew Bynum,C,21,LAL,50,50,28.9,5.6,10.0,.560,0.0,0.0,,5.6,10.0,.560,.560,3.0,4.3,.707,2.7,5.2,8.0,1.4,0.4,1.8,1.7,3.1,14.3)
(2009,76,Brian Cardinal,PF,31,MIN,64,4,14.2,1.0,2.6,.385,0.5,1.4,.326,0.5,1.2,.455,.473,0.5,0.5,.857,0.6,1.6,2.2,1.2,0.6,0.2,0.8,2.1,3.0)
(2009,80,Vince Carter,SG,32,NJN,80,80,36.8,7.4,16.8,.437,1.9,4.9,.385,5.5,11.9,.459,.493,4.2,5.1,.817,0.9,4.2,5.1,4.7,1.0,0.5,2.1,2.9,20.8)
(2009,83,Wilson Chandler,SF,21,NYK,82,70,33.4,5.5,12.9,.432,1.3,3.8,.328,4.3,9.0,.476,.481,2.1,2.6,.795,1.1,4.3,5.4,2.1,0.9,0.9,1.7,3.0,14.4)
(2009,87,Mardy Collins,PG-SG,24,TOT,48,14,18.5,2.2,5.1,.425,0.3,0.6,.419,1.9,4.5,.426,.451,0.6,1.0,.609,0.6,1.6,2.2,2.3,0.6,0.2,1.2,1.7,5.2)
(2009,91,Daequan Cook,SF,21,MIA,75,4,24.4,3.2,8.6,.375,2.0,5.3,.387,1.2,3.3,.356,.494,0.7,0.7,.875,0.3,2.3,2.5,0.9,0.5,0.1,0.6,1.7,9.1)
(2009,95,Austin Croshere,PF,33,TOT,14,0,7.1,1.0,2.8,.359,0.4,1.1,.333,0.6,1.7,.375,.423,0.5,0.9,.583,0.8,1.6,2.4,0.6,0.1,0.1,0.4,0.4,2.9)
(2009,99,Antonio Daniels,PG,33,TOT,74,9,13.8,1.3,3.2,.419,0.3,0.8,.367,1.0,2.4,.438,.466,1.1,1.4,.800,0.1,1.0,1.0,2.4,0.4,0.0,0.8,0.7,4.1)
(2009,102,Baron Davis,PG,29,LAC,65,60,34.6,5.5,14.8,.370,1.5,5.0,.302,3.9,9.7,.406,.422,2.4,3.2,.757,0.7,3.0,3.7,7.7,1.7,0.5,3.0,3.0,14.9)
(2009,106,Luol Deng,SF,23,CHI,49,46,34.0,5.4,12.1,.448,0.2,0.4,.400,5.2,11.7,.450,.455,3.1,3.9,.796,1.6,4.4,6.0,1.9,1.2,0.5,1.5,1.7,14.1)
(2009,110,Ike Diogu,PF,25,TOT,29,1,7.4,1.3,2.6,.527,0.0,0.1,.500,1.3,2.5,.528,.534,1.4,1.8,.755,0.9,1.0,1.9,0.1,0.1,0.1,0.4,0.8,4.1)
(2009,114,Joey Dorsey,PF,25,HOU,3,0,2.0,0.3,0.7,.500,0.0,0.0,,0.3,0.7,.500,.500,0.0,0.0,,0.0,0.3,0.3,0.3,0.0,0.0,0.0,0.0,0.7)
(2009,118,Jared Dudley,SF,23,TOT,68,7,17.0,2.0,4.2,.477,0.4,1.1,.392,1.6,3.1,.507,.528,1.0,1.5,.676,1.2,1.8,3.0,0.8,0.8,0.1,0.6,1.5,5.5)
(2009,121,Mike Dunleavy,SG,28,IND,18,14,27.5,5.2,12.9,.401,1.8,5.0,.356,3.4,7.9,.430,.470,2.9,3.6,.815,0.8,3.0,3.8,2.4,0.7,0.5,2.1,2.0,15.1)
(2009,125,Melvin Ely,C,30,NOH,31,4,12.0,1.2,3.1,.389,0.0,0.0,,1.2,3.1,.389,.389,0.7,1.2,.639,1.0,1.1,2.1,0.6,0.1,0.3,0.7,1.9,3.1)
(2009,129,Desmon Farmer,SG,27,SAS,3,0,18.0,1.3,4.7,.286,1.0,4.0,.250,0.3,0.7,.500,.393,0.7,0.7,1.000,0.0,2.0,2.0,0.7,0.0,0.0,1.3,2.0,4.3)
(2009,133,Michael Finley,SF,35,SAS,81,77,28.8,3.7,8.5,.437,1.6,3.9,.411,2.1,4.6,.459,.532,0.6,0.8,.823,0.3,3.0,3.3,1.4,0.5,0.2,0.8,1.0,9.7)
(2009,137,Randy Foye,SG,25,MIN,70,61,35.6,5.7,14.0,.407,1.6,4.4,.360,4.1,9.6,.428,.463,3.3,3.9,.846,0.5,2.6,3.1,4.3,1.0,0.4,2.1,2.9,16.3)
(2009,Rk,Player,Pos,Age,Tm,G,GS,MP,FG,FGA,FG%,3P,3PA,3P,2P,2PA,2P,eFG%,FT,FTA,FT%,ORB,DRB,TRB,AST,STL,BLK,TOV,PF,PTS)
(2009,144,Kevin Garnett,PF,32,BOS,57,57,31.1,6.9,13.0,.531,0.0,0.1,.250,6.9,12.8,.534,.532,1.9,2.3,.841,1.4,7.1,8.5,2.5,1.1,1.2,1.6,2.2,15.8)
(2009,148,Devean George,SF,31,DAL,43,17,16.5,1.3,3.3,.380,0.5,1.8,.289,0.7,1.5,.485,.458,0.4,0.5,.773,0.6,1.2,1.8,0.3,0.5,0.3,0.4,1.3,3.4)
(2009,152,Manu Ginobili,SG,31,SAS,44,7,26.8,5.1,11.2,.454,1.6,4.8,.330,3.5,6.4,.546,.524,3.8,4.3,.884,0.5,4.0,4.5,3.6,1.5,0.4,2.0,2.0,15.5)
(2009,156,Eric Gordon,SG,20,LAC,78,65,34.3,5.3,11.6,.456,1.7,4.3,.389,3.6,7.2,.496,.529,3.8,4.5,.854,0.6,2.0,2.6,2.8,1.0,0.4,2.1,2.2,16.1)
(2009,160,Danny Granger,SF,25,IND,67,66,36.2,8.5,19.1,.447,2.7,6.7,.404,5.8,12.3,.470,.518,6.0,6.9,.878,0.7,4.4,5.1,2.7,1.0,1.4,2.5,3.1,25.8)
(2009,163,Jeff Green,PF,22,OKC,78,78,36.8,6.1,13.7,.446,1.2,3.2,.389,4.9,10.5,.463,.491,3.1,3.9,.788,1.5,5.1,6.7,2.0,1.0,0.4,2.2,2.6,16.5)
(2009,167,Malik Hairston,SG,21,SAS,15,0,10.3,1.6,3.3,.490,0.0,0.1,.000,1.6,3.2,.500,.490,0.1,0.5,.286,0.7,1.1,1.9,0.9,0.4,0.5,0.8,1.3,3.3)
(2009,171,Devin Harris,PG,25,NJN,69,69,36.1,6.6,15.1,.438,0.9,3.2,.291,5.7,11.9,.477,.469,7.2,8.8,.820,0.4,2.9,3.3,6.9,1.7,0.2,3.1,2.4,21.3)
(2009,175,Spencer Hawes,C,20,SAC,77,51,29.3,4.8,10.4,.466,0.5,1.5,.348,4.3,8.9,.486,.491,1.2,1.8,.662,1.9,5.2,7.1,1.9,0.6,1.2,2.1,3.2,11.4)
(2009,179,Luther Head,PG-SG,26,TOT,32,4,15.6,1.7,4.5,.382,0.6,1.7,.370,1.1,2.8,.389,.451,0.6,0.8,.792,0.2,1.4,1.6,1.8,0.5,0.1,0.8,1.2,4.7)
(2009,182,J.J. Hickson,C,20,CLE,62,0,11.4,1.6,3.1,.515,0.0,0.0,,1.6,3.1,.515,.515,0.7,1.1,.672,0.8,1.8,2.7,0.1,0.2,0.5,0.7,1.3,4.0)
(2009,186,Steven Hill,PF,23,OKC,1,0,2.0,1.0,1.0,1.000,0.0,0.0,,1.0,1.0,1.000,1.000,0.0,0.0,,2.0,1.0,3.0,0.0,0.0,0.0,0.0,0.0,2.0)
(2009,190,Eddie House,PG,30,BOS,81,0,18.3,3.1,6.9,.445,1.9,4.2,.444,1.2,2.7,.445,.579,0.5,0.7,.792,0.1,1.8,1.9,1.1,0.8,0.1,0.7,1.4,8.5)
(2009,194,Larry Hughes,SF-SG,30,TOT,55,20,26.9,4.1,10.1,.402,1.4,3.5,.389,2.7,6.6,.409,.469,2.1,2.6,.807,0.3,2.6,2.9,2.2,1.3,0.3,1.3,1.7,11.6)
(2009,198,Andre Iguodala,SF,25,PHI,82,82,39.9,6.6,14.0,.473,1.0,3.2,.307,5.6,10.8,.521,.507,4.6,6.4,.724,1.1,4.6,5.7,5.3,1.6,0.4,2.7,1.9,18.8)
(2009,201,Allen Iverson,PG-SG,33,TOT,57,53,36.7,6.1,14.6,.417,0.5,1.7,.283,5.6,12.9,.435,.434,4.8,6.1,.781,0.5,2.5,3.0,5.0,1.5,0.1,2.6,1.5,17.5)
(2009,205,Darnell Jackson,PF,23,CLE,51,2,8.4,0.7,1.7,.430,0.0,0.0,.000,0.7,1.6,.440,.430,0.5,0.7,.686,0.6,1.1,1.7,0.2,0.2,0.1,0.3,1.5,1.9)
(2009,209,Mike James,PG,33,TOT,61,50,27.0,3.2,8.4,.383,1.1,3.0,.375,2.1,5.4,.388,.450,1.1,1.3,.829,0.4,1.8,2.2,3.3,0.7,0.1,1.5,1.8,8.7)
(2009,213,Al Jefferson,C,24,MIN,50,50,36.7,9.7,19.5,.497,0.0,0.1,.000,9.7,19.4,.499,.497,3.7,5.0,.738,3.4,7.5,11.0,1.6,0.8,1.7,1.8,2.8,23.1)
(2009,217,Yi Jianlian,PF,21,NJN,61,52,23.3,3.1,8.2,.382,0.8,2.3,.343,2.3,5.9,.397,.430,1.6,2.0,.772,1.1,4.2,5.3,1.0,0.5,0.6,1.1,2.6,8.6)
(2009,Rk,Player,Pos,Age,Tm,G,GS,MP,FG,FGA,FG%,3P,3PA,3P,2P,2PA,2P,eFG%,FT,FTA,FT%,ORB,DRB,TRB,AST,STL,BLK,TOV,PF,PTS)
(2009,226,Fred Jones,SF,29,LAC,52,21,28.8,2.5,6.1,.407,1.0,2.8,.367,1.4,3.3,.441,.492,1.3,1.6,.815,0.4,2.0,2.4,3.6,1.0,0.2,1.3,2.2,7.3)
(2009,230,Chris Kaman,C,26,LAC,31,24,29.7,5.2,9.8,.528,0.0,0.0,,5.2,9.8,.528,.528,1.6,2.4,.680,2.4,5.5,8.0,1.5,0.5,1.5,2.7,3.0,12.0)
(2009,234,Andrei Kirilenko,PF,27,UTA,67,10,27.3,3.8,8.5,.449,0.3,1.1,.274,3.5,7.4,.475,.467,3.6,4.6,.785,1.3,3.5,4.8,2.6,1.2,1.1,1.8,1.9,11.6)
(2009,238,Kosta Koufos,C,19,UTA,48,7,11.8,2.0,3.9,.508,0.0,0.0,,2.0,3.9,.508,.508,0.8,1.1,.706,1.0,1.8,2.9,0.4,0.3,0.6,0.5,1.5,4.7)
(2009,241,Carl Landry,PF,25,HOU,69,0,21.3,3.5,6.1,.574,0.0,0.0,.333,3.5,6.0,.576,.575,2.3,2.8,.813,1.8,3.2,5.0,0.6,0.4,0.4,1.0,2.4,9.2)
(2009,245,Rashard Lewis,PF,29,ORL,79,79,36.2,6.1,13.8,.439,2.8,7.0,.397,3.3,6.8,.482,.540,2.8,3.4,.836,1.2,4.6,5.7,2.6,1.0,0.6,2.0,2.5,17.7)
(2009,249,Kevin Love,C,20,MIN,81,37,25.3,3.9,8.5,.459,0.0,0.2,.105,3.9,8.3,.469,.461,3.3,4.1,.789,3.4,5.7,9.1,1.0,0.4,0.6,1.5,2.5,11.1)
(2009,253,Corey Maggette,PF,29,GSW,51,19,31.1,5.7,12.4,.461,0.5,1.9,.253,5.3,10.6,.497,.479,6.7,8.1,.824,1.0,4.6,5.5,1.8,0.9,0.2,2.4,3.8,18.6)
(2009,257,Sean Marks,C,33,NOH,60,5,14.0,1.3,2.8,.485,0.0,0.2,.200,1.3,2.6,.503,.491,0.5,0.7,.682,1.0,2.1,3.1,0.2,0.1,0.6,0.6,2.0,3.2)
(2009,Rk,Player,Pos,Age,Tm,G,GS,MP,FG,FGA,FG%,3P,3PA,3P,2P,2PA,2P,eFG%,FT,FTA,FT%,ORB,DRB,TRB,AST,STL,BLK,TOV,PF,PTS)
(2009,264,Jason Maxiell,C,25,DET,78,4,18.1,2.4,4.1,.575,0.0,0.0,.000,2.4,4.1,.577,.575,1.1,2.0,.532,2.2,2.0,4.2,0.3,0.3,0.8,0.6,2.0,5.8)
(2009,268,Rashad McCants,SG,24,TOT,58,3,19.0,3.3,8.4,.393,1.1,3.3,.333,2.2,5.2,.431,.458,1.8,2.4,.759,0.4,1.5,1.9,1.2,0.8,0.2,1.1,1.8,9.6)
(2009,272,Dominic McGuire,SF,23,WAS,79,57,26.2,1.8,4.1,.432,0.0,0.1,.500,1.7,4.1,.431,.435,0.9,1.3,.725,1.4,4.0,5.4,2.5,0.8,0.9,1.2,1.9,4.5)
(2009,276,C.J. Miles,SG,21,UTA,72,72,22.5,3.6,7.8,.459,0.9,2.5,.352,2.7,5.3,.509,.515,1.1,1.2,.876,0.6,1.7,2.3,1.5,0.6,0.2,0.9,2.6,9.1)
(2009,280,Brad Miller,C,32,TOT,70,43,30.0,4.2,8.8,.476,0.3,0.8,.411,3.8,8.0,.482,.494,3.2,3.9,.824,2.1,5.6,7.8,3.3,0.7,0.5,1.9,3.2,11.9)
(2009,283,Yao Ming,C,28,HOU,77,77,33.6,7.4,13.4,.548,0.0,0.0,1.000,7.3,13.4,.548,.549,4.9,5.7,.866,2.6,7.2,9.9,1.8,0.4,1.9,3.0,3.3,19.7)
(2009,287,Mikki Moore,PF-C,33,TOT,70,20,17.2,1.6,2.9,.553,0.0,0.0,,1.6,2.9,.553,.553,0.7,0.9,.787,1.1,2.6,3.7,0.8,0.2,0.3,0.7,3.0,3.9)
(2009,291,Troy Murphy,PF,28,IND,73,73,34.0,5.0,10.5,.475,2.2,4.9,.450,2.8,5.6,.496,.580,2.1,2.5,.826,2.0,9.8,11.8,2.4,0.8,0.5,1.6,3.1,14.3)
(2009,295,Steve Nash,PG,34,PHO,74,74,33.6,5.8,11.5,.503,1.5,3.3,.439,4.3,8.2,.529,.566,2.6,2.8,.933,0.3,2.8,3.0,9.7,0.7,0.1,3.4,1.5,15.7)
(2009,299,Demetris Nichols,SF,24,TOT,4,0,3.5,0.8,2.3,.333,0.0,0.5,.000,0.8,1.8,.429,.333,0.3,0.5,.500,0.0,0.5,0.5,0.3,0.0,0.3,0.0,0.3,1.8)
(2009,302,Steve Novak,PF,25,LAC,71,3,16.4,2.5,5.6,.444,1.7,4.0,.416,0.8,1.5,.518,.595,0.3,0.3,.913,0.3,1.5,1.8,0.6,0.3,0.1,0.3,1.0,6.9)
(2009,306,Shaquille O'Neal,C,36,PHO,75,75,30.0,6.8,11.2,.609,0.0,0.0,.000,6.8,11.2,.610,.609,4.1,6.9,.595,2.5,5.9,8.4,1.7,0.7,1.4,2.2,3.4,17.8)
(2009,310,Emeka Okafor,C,26,CHA,82,81,32.8,5.3,9.4,.561,0.0,0.0,,5.3,9.4,.561,.561,2.7,4.5,.593,3.4,6.7,10.1,0.6,0.6,1.7,1.8,3.0,13.2)
(2009,314,Zaza Pachulia,C,24,ATL,77,26,19.1,2.1,4.2,.497,0.0,0.0,.000,2.1,4.1,.502,.497,2.1,3.0,.709,2.2,3.4,5.7,0.7,0.5,0.3,1.2,2.7,6.2)
(2009,318,Sasha Pavlovic,SF,25,CLE,66,12,16.0,1.8,4.2,.422,0.7,1.8,.410,1.0,2.4,.430,.509,0.4,0.8,.463,0.5,1.5,1.9,1.1,0.3,0.2,0.7,1.8,4.6)
(2009,321,Morris Peterson,SG,31,NOH,43,9,12.0,1.7,4.3,.399,0.8,2.0,.388,0.9,2.3,.408,.489,0.3,0.4,.632,0.3,1.7,2.0,0.4,0.3,0.0,0.3,1.2,4.4)
(2009,325,James Posey,SG,32,NOH,75,0,28.5,2.9,7.0,.412,1.5,4.2,.369,1.3,2.8,.476,.523,1.6,1.9,.822,0.5,4.3,4.8,1.1,0.8,0.3,1.1,2.9,8.9)
(2009,329,Tayshaun Prince,SF,28,DET,82,82,37.3,5.6,12.4,.450,0.7,1.7,.397,4.9,10.7,.458,.477,2.3,3.0,.778,1.6,4.2,5.8,3.1,0.5,0.6,1.2,1.3,14.2)
(2009,333,Vladimir Radmanovic,SF,28,TOT,78,31,18.5,2.5,6.0,.421,1.3,3.4,.401,1.2,2.6,.446,.533,0.6,0.7,.741,0.6,2.3,2.8,1.0,0.6,0.2,1.3,1.4,6.9)
(2009,337,Theo Ratliff,C,35,PHI,46,0,12.6,0.7,1.4,.531,0.0,0.0,,0.7,1.4,.531,.531,0.5,0.8,.600,1.0,1.8,2.8,0.2,0.4,1.0,0.3,1.7,1.9)
(2009,Rk,Player,Pos,Age,Tm,G,GS,MP,FG,FGA,FG%,3P,3PA,3P,2P,2PA,2P,eFG%,FT,FTA,FT%,ORB,DRB,TRB,AST,STL,BLK,TOV,PF,PTS)
(2009,344,Anthony Roberson,PG,25,TOT,29,0,9.5,1.5,4.1,.367,0.9,2.8,.321,0.6,1.3,.462,.475,0.2,0.2,1.000,0.2,0.6,0.8,0.7,0.3,0.0,0.3,0.6,4.1)
(2009,348,Derrick Rose,PG,20,CHI,81,80,37.0,7.1,14.9,.475,0.2,0.9,.222,6.9,14.0,.491,.482,2.4,3.1,.788,1.2,2.7,3.9,6.3,0.8,0.2,2.5,1.5,16.8)
(2009,352,Michael Ruffin,PF,32,POR,11,0,3.2,0.2,0.6,.286,0.0,0.0,,0.2,0.6,.286,.286,0.2,0.2,1.000,0.5,0.5,1.0,0.0,0.3,0.1,0.2,0.6,0.5)
(2009,356,Cheikh Samb,C,24,TOT,18,0,4.6,0.3,1.8,.188,0.0,0.2,.000,0.3,1.6,.207,.188,0.2,0.4,.429,0.6,0.8,1.3,0.1,0.2,0.6,0.2,0.4,0.8)
(2009,360,Mouhamed Sene,C,22,TOT,6,0,4.8,1.0,1.5,.667,0.0,0.0,,1.0,1.5,.667,.667,1.3,1.7,.800,0.8,1.5,2.3,0.0,0.2,0.5,0.7,0.3,3.3)
(2009,363,Bobby Simmons,SF,28,NJN,71,44,24.4,2.8,6.2,.449,1.6,3.7,.447,1.1,2.5,.453,.582,0.6,0.8,.741,1.0,2.9,3.9,1.3,0.7,0.1,0.9,2.6,7.8)
(2009,367,James Singleton,PF,27,DAL,62,6,14.3,1.9,3.6,.529,0.2,0.6,.325,1.7,2.9,.575,.559,1.1,1.3,.859,1.4,2.6,4.0,0.3,0.4,0.5,0.6,1.8,5.1)
(2009,371,Joe Smith,C,33,TOT,57,3,19.3,2.7,5.8,.468,0.1,0.1,.429,2.7,5.7,.469,.473,1.0,1.4,.720,1.6,3.1,4.6,0.7,0.3,0.7,0.4,2.1,6.6)
(2009,375,Marreese Speights,C,21,PHI,79,2,16.0,3.2,6.4,.502,0.0,0.1,.250,3.2,6.3,.506,.504,1.3,1.7,.773,1.6,2.2,3.7,0.4,0.3,0.7,0.6,2.3,7.7)
(2009,379,Amar'e Stoudemire,PF,26,PHO,53,53,36.8,7.6,14.1,.539,0.1,0.1,.429,7.6,14.0,.540,.541,6.1,7.3,.835,2.2,5.9,8.1,2.0,0.9,1.1,2.8,3.1,21.4)
(2009,382,Stromile Swift,PF,29,TOT,19,0,9.7,1.3,2.9,.429,0.1,0.1,1.000,1.2,2.9,.418,.438,0.7,1.4,.500,0.8,1.6,2.4,0.2,0.2,0.4,0.8,2.1,3.3)
(2009,386,Jason Terry,SG,31,DAL,74,11,33.7,7.3,15.8,.463,2.3,6.2,.366,5.1,9.6,.525,.535,2.7,3.0,.880,0.5,1.9,2.4,3.4,1.3,0.3,1.6,1.9,19.6)
(2009,390,Tim Thomas,PF,31,TOT,64,6,19.5,3.0,6.8,.432,1.2,3.0,.413,1.7,3.9,.446,.521,1.4,1.9,.736,0.7,2.5,3.1,1.1,0.5,0.2,1.1,2.3,8.5)
(2009,394,Anthony Tolliver,PF,23,SAS,19,0,10.9,1.0,3.4,.292,0.5,2.2,.220,0.5,1.3,.417,.362,0.3,0.5,.500,0.6,1.5,2.2,0.9,0.3,0.1,0.4,0.8,2.7)
(2009,398,Ime Udoka,SF,31,SAS,67,3,15.4,1.6,4.3,.383,0.6,1.9,.328,1.0,2.4,.426,.455,0.4,0.7,.609,0.4,2.4,2.8,0.8,0.5,0.2,0.6,1.3,4.3)
(2009,401,Anderson Varejao,PF,26,CLE,81,42,28.5,3.3,6.2,.536,0.0,0.0,.000,3.3,6.2,.538,.536,1.9,3.1,.616,2.0,5.1,7.2,1.0,0.9,0.8,1.0,3.0,8.6)
(2009,405,Sasha Vujacic,SG,24,LAL,80,0,16.2,1.9,5.0,.387,1.0,2.8,.363,0.9,2.2,.416,.488,0.9,1.0,.921,0.2,1.5,1.7,1.4,1.0,0.1,0.4,1.9,5.8)
(2009,409,Ben Wallace,PF,34,CLE,56,53,23.5,1.2,2.8,.445,0.0,0.0,,1.2,2.8,.445,.445,0.5,1.1,.422,2.4,4.0,6.5,0.8,0.9,1.3,0.6,1.5,2.9)
(2009,413,Hakim Warrick,PF,26,MEM,82,7,24.7,4.1,8.5,.491,0.1,0.3,.217,4.1,8.2,.500,.494,3.2,4.6,.711,1.6,3.4,5.0,0.8,0.6,0.5,1.2,2.1,11.6)
(2009,417,Martell Webster,SF,22,POR,1,0,5.0,0.0,1.0,.000,0.0,1.0,.000,0.0,0.0,,.000,0.0,0.0,,0.0,0.0,0.0,0.0,0.0,0.0,0.0,0.0,0.0)
(2009,Rk,Player,Pos,Age,Tm,G,GS,MP,FG,FGA,FG%,3P,3PA,3P,2P,2PA,2P,eFG%,FT,FTA,FT%,ORB,DRB,TRB,AST,STL,BLK,TOV,PF,PTS)
(2009,424,James White,SF,26,HOU,4,0,2.8,0.8,1.3,.600,0.3,0.5,.500,0.5,0.8,.667,.700,0.0,0.0,,0.0,0.0,0.0,0.3,0.3,0.3,0.8,0.5,1.8)
(2009,428,Jawad Williams,SF,25,CLE,10,0,2.0,0.5,1.2,.417,0.2,0.6,.333,0.3,0.6,.500,.500,0.0,0.0,,0.1,0.1,0.2,0.0,0.1,0.0,0.1,0.2,1.2)
(2009,432,Marvin Williams,SF,22,ATL,61,59,34.3,4.7,10.2,.458,0.9,2.5,.355,3.8,7.7,.493,.502,3.6,4.5,.806,1.8,4.5,6.3,1.3,0.9,0.6,1.1,2.1,13.9)
(2009,436,Shelden Williams,PF,25,TOT,45,0,11.4,1.6,3.5,.446,0.0,0.0,.000,1.6,3.4,.452,.446,1.0,1.4,.730,1.1,2.3,3.4,0.3,0.5,0.4,0.8,1.4,4.1)
(2009,440,Dorell Wright,SF,23,MIA,6,0,12.2,1.3,3.3,.400,0.0,0.0,,1.3,3.3,.400,.400,0.3,1.0,.333,0.3,3.0,3.3,0.3,0.3,0.0,1.0,1.3,3.0)
(2009,443,Nick Young,SG,23,WAS,82,5,22.4,4.1,9.2,.444,0.7,2.0,.341,3.4,7.2,.473,.481,2.0,2.4,.850,0.4,1.5,1.8,1.2,0.5,0.2,1.1,1.7,10.9)
