(2009,2,Hassan Adams,SG,24,TOR,12,0,4.3,0.3,1.1,.308,0.0,0.0,,0.3,1.1,.308,.308,0.3,0.5,.500,0.1,0.5,0.6,0.1,0.1,0.1,0.3,0.3,0.9)
(2009,6,Alexis Ajinca,PF,20,CHA,31,4,5.9,0.8,2.2,.362,0.0,0.1,.000,0.8,2.2,.373,.362,0.6,0.9,.714,0.3,0.7,1.0,0.1,0.2,0.2,0.4,1.1,2.3)
(2009,10,Ray Allen,SG,33,BOS,79,79,36.4,6.3,13.2,.480,2.5,6.2,.409,3.8,7.0,.542,.575,3.0,3.2,.952,0.8,2.7,3.5,2.8,0.9,0.2,1.7,2.0,18.2)
(2009,14,Louis Amundson,PF,26,PHO,76,0,13.7,1.8,3.3,.536,0.0,0.0,.000,1.8,3.3,.538,.536,0.7,1.6,.442,1.7,1.9,3.6,0.4,0.4,0.9,0.7,2.0,4.2)
(2009,18,Joel Anthony,C,26,MIA,65,28,16.1,0.9,1.8,.483,0.0,0.0,,0.9,1.8,.483,.483,0.5,0.7,.652,1.4,1.7,3.0,0.4,0.3,1.4,0.6,2.1,2.2)
(2009,21,Hilton Armstrong,C,24,NOH,70,29,15.6,2.0,3.5,.561,0.0,0.0,.000,2.0,3.5,.566,.561,0.9,1.4,.633,1.2,1.6,2.8,0.4,0.4,0.6,1.1,2.6,4.8)
(2009,25,Kelenna Azubuike,SF,25,GSW,74,51,32.1,5.3,11.4,.464,1.3,2.8,.448,4.0,8.6,.469,.520,2.5,3.1,.808,1.5,3.5,5.0,1.6,0.8,0.7,1.3,2.5,14.4)
(2009,29,Jose Barea,SG,24,DAL,79,15,20.3,3.1,7.1,.442,0.7,1.9,.357,2.4,5.1,.474,.491,0.9,1.2,.753,0.5,1.8,2.2,3.4,0.5,0.1,1.3,1.5,7.8)
(2009,33,Brandon Bass,C,23,DAL,81,0,19.4,3.1,6.3,.496,0.0,0.1,.000,3.1,6.2,.502,.496,2.2,2.6,.867,1.6,2.9,4.5,0.5,0.3,0.7,1.1,1.7,8.5)
(2009,37,Nicolas Batum,SF,20,POR,79,76,18.4,2.0,4.6,.446,0.8,2.1,.369,1.3,2.4,.513,.532,0.5,0.7,.808,1.1,1.7,2.8,0.9,0.6,0.5,0.6,1.8,5.4)
(2009,Rk,Player,Pos,Age,Tm,G,GS,MP,FG,FGA,FG%,3P,3PA,3P,2P,2PA,2P,eFG%,FT,FTA,FT%,ORB,DRB,TRB,AST,STL,BLK,TOV,PF,PTS)
(2009,44,Andris Biedrins,C,22,GSW,62,58,30.0,5.0,8.6,.578,0.0,0.0,.000,5.0,8.6,.579,.578,1.9,3.5,.551,3.6,7.6,11.2,2.0,1.0,1.5,1.8,3.8,11.9)
(2009,48,Mark Blount,C,33,MIA,20,0,10.4,1.5,3.9,.385,0.6,1.4,.407,1.0,2.6,.373,.455,0.4,0.7,.615,0.5,1.6,2.1,0.2,0.1,0.4,0.7,0.9,4.0)
(2009,52,Josh Boone,C,24,NJN,62,7,16.0,1.8,3.5,.528,0.0,0.0,,1.8,3.5,.528,.528,0.5,1.4,.376,1.7,2.5,4.2,0.5,0.4,0.8,0.5,1.7,4.2)
(2009,56,Bruce Bowen,SF,37,SAS,80,10,18.8,1.0,2.3,.422,0.5,1.2,.429,0.5,1.1,.416,.535,0.2,0.3,.538,0.2,1.6,1.8,0.5,0.5,0.2,0.3,1.5,2.7)
(2009,60,Ronnie Brewer,SF,23,UTA,81,80,32.2,5.2,10.2,.508,0.3,1.0,.259,4.9,9.2,.537,.522,3.0,4.3,.702,1.2,2.5,3.7,2.2,1.7,0.4,1.4,1.6,13.7)
(2009,63,Bobby Brown,SG-PG,24,TOT,68,2,13.7,2.1,5.3,.392,0.7,1.9,.346,1.4,3.4,.417,.454,0.5,0.6,.791,0.2,0.6,0.8,1.7,0.3,0.0,0.9,1.4,5.3)
(2009,67,Shannon Brown,SG,23,TOT,48,0,9.9,1.6,3.4,.473,0.3,0.8,.378,1.3,2.7,.500,.515,0.7,0.8,.821,0.2,0.7,0.9,0.8,0.5,0.1,0.8,0.9,4.2)
(2009,71,Rasual Butler,SF,29,NOH,82,74,31.9,4.2,9.8,.433,1.7,4.4,.390,2.5,5.4,.468,.521,1.0,1.3,.782,0.6,2.7,3.3,0.9,0.6,0.7,0.7,1.9,11.2)
(2009,75,Marcus Camby,C,34,LAC,62,55,31.0,4.1,8.0,.512,0.0,0.1,.250,4.1,7.9,.514,.513,2.1,2.9,.725,2.6,8.5,11.1,2.0,0.8,2.1,1.5,2.1,10.3)
(2009,79,Anthony Carter,PG,33,DEN,78,5,22.9,2.1,4.9,.433,0.3,1.1,.239,1.9,3.8,.490,.460,0.7,1.0,.731,0.5,2.1,2.6,4.7,1.2,0.2,2.0,1.8,5.3)
(2009,82,Tyson Chandler,C,26,NOH,45,45,32.1,3.6,6.3,.565,0.0,0.0,,3.6,6.3,.565,.565,1.7,3.0,.579,3.6,5.1,8.7,0.5,0.3,1.2,1.6,3.2,8.8)
(2009,86,Jason Collins,C,30,MIN,31,22,13.6,0.7,2.3,.314,0.0,0.0,,0.7,2.3,.314,.314,0.4,0.9,.464,0.9,1.4,2.3,0.4,0.3,0.4,0.4,2.4,1.8)
(2009,90,Brian Cook,PF,28,TOT,30,0,5.7,0.9,2.5,.368,0.4,1.0,.433,0.5,1.5,.326,.454,0.2,0.2,.833,0.2,0.8,1.1,0.2,0.1,0.1,0.4,0.9,2.5)
(2009,94,Javaris Crittenton,PG-SG,21,TOT,63,10,18.6,2.1,4.5,.460,0.0,0.2,.133,2.0,4.3,.478,.463,0.8,1.5,.576,0.9,1.7,2.6,2.4,0.6,0.1,1.3,1.6,5.0)
(2009,98,Erick Dampier,C,33,DAL,80,80,23.0,2.3,3.5,.650,0.0,0.0,,2.3,3.5,.650,.650,1.1,1.8,.638,2.7,4.4,7.1,1.0,0.3,1.2,0.9,2.4,5.7)
(2009,101,Jermareo Davidson,SF,24,GSW,14,0,7.9,1.2,2.5,.486,0.0,0.0,,1.2,2.5,.486,.486,0.6,1.2,.471,0.7,1.7,2.4,0.1,0.1,0.2,0.4,0.9,3.0)
(2009,105,Ricky Davis,SG,29,LAC,36,9,21.8,2.3,6.8,.339,1.0,3.1,.315,1.3,3.7,.358,.410,0.9,1.0,.861,0.3,1.4,1.7,2.3,0.5,0.1,1.1,1.8,6.4)
(2009,109,Travis Diener,PG,26,IND,55,0,13.1,1.3,3.3,.413,0.8,2.1,.390,0.5,1.1,.459,.542,0.2,0.3,.800,0.1,1.5,1.6,2.2,0.5,0.1,0.4,0.8,3.7)
(2009,113,Keyon Dooling,PG,28,NJN,77,18,26.9,3.4,7.8,.436,1.3,3.1,.421,2.1,4.7,.446,.519,1.6,2.0,.825,0.3,1.7,2.0,3.5,0.9,0.1,1.4,1.8,9.7)
(2009,117,Goran Dragic,PG,22,PHO,55,1,13.2,1.6,4.1,.393,0.4,1.0,.370,1.2,3.1,.400,.438,0.9,1.2,.769,0.6,1.3,1.9,2.0,0.5,0.1,1.3,1.6,4.5)
(2009,Rk,Player,Pos,Age,Tm,G,GS,MP,FG,FGA,FG%,3P,3PA,3P,2P,2PA,2P,eFG%,FT,FTA,FT%,ORB,DRB,TRB,AST,STL,BLK,TOV,PF,PTS)
(2009,124,Francisco Elson,C,32,MIL,59,23,16.6,1.4,2.9,.491,0.0,0.1,.250,1.4,2.8,.497,.494,0.6,0.7,.846,1.7,2.2,3.9,0.5,0.6,0.6,0.8,2.4,3.4)
(2009,128,Jordan Farmar,PG,22,LAL,65,0,18.3,2.5,6.3,.391,0.8,2.2,.336,1.7,4.1,.421,.450,0.7,1.2,.584,0.3,1.5,1.8,2.4,0.9,0.2,1.3,1.6,6.4)
(2009,132,Kyrylo Fesenko,C,22,UTA,21,1,7.4,1.0,1.7,.583,0.0,0.0,,1.0,1.7,.583,.583,0.3,1.0,.333,0.7,1.1,1.8,0.2,0.3,0.7,0.4,1.7,2.3)
(2009,136,Jeff Foster,C,32,IND,74,26,24.7,2.4,4.8,.501,0.0,0.1,.286,2.4,4.7,.506,.504,1.3,2.0,.658,2.9,4.0,6.9,1.8,0.7,0.7,1.2,3.1,6.1)
(2009,140,Dan Gadzuric,C,30,MIL,67,26,14.0,1.7,3.6,.480,0.0,0.0,.000,1.7,3.6,.483,.480,0.6,1.0,.544,1.4,2.4,3.8,0.6,0.5,0.6,0.6,2.4,4.0)
(2009,143,Thomas Gardner,SG,23,ATL,16,0,6.1,0.6,2.3,.250,0.3,1.4,.174,0.3,0.8,.385,.306,0.1,0.3,.500,0.0,0.4,0.4,0.1,0.3,0.1,0.2,0.3,1.5)
(2009,147,Rudy Gay,SF,22,MEM,79,78,37.3,7.2,16.0,.453,1.1,3.1,.351,6.2,12.9,.477,.487,3.3,4.4,.767,1.4,4.2,5.5,1.7,1.2,0.7,2.6,2.8,18.9)
(2009,151,Eddie Gill,PG,30,MIL,6,0,7.2,1.0,1.5,.667,0.3,0.5,.667,0.7,1.0,.667,.778,0.0,0.0,,0.0,0.7,0.7,1.8,0.5,0.2,0.8,1.7,2.3)
(2009,155,Ben Gordon,SG,25,CHI,82,76,36.6,7.3,16.0,.455,2.1,5.1,.410,5.2,10.9,.476,.521,4.0,4.7,.864,0.6,2.8,3.5,3.4,0.9,0.3,2.4,2.2,20.7)
(2009,159,Stephen Graham,SG,26,IND,52,6,13.2,2.0,4.9,.414,0.4,1.3,.303,1.7,3.7,.453,.453,1.0,1.2,.806,0.4,1.4,1.8,0.6,0.2,0.1,0.9,1.6,5.4)
(2009,162,Gerald Green,SG,23,DAL,38,12,9.9,2.1,4.7,.439,0.4,1.2,.304,1.7,3.5,.485,.478,0.7,0.8,.844,0.4,1.1,1.4,0.4,0.3,0.1,0.9,1.3,5.2)
(2009,166,Hamed Haddadi,C,23,MEM,19,0,6.3,0.8,1.6,.484,0.0,0.0,,0.8,1.6,.484,.484,0.9,1.6,.600,0.8,1.6,2.5,0.4,0.1,0.6,0.5,1.1,2.5)
(2009,170,Al Harrington,PF,28,TOT,73,56,34.9,7.3,16.6,.439,2.3,6.4,.364,4.9,10.2,.487,.509,3.2,4.0,.793,1.4,4.9,6.2,1.4,1.2,0.3,2.2,3.1,20.1)
(2009,174,Trenton Hassell,SF,29,NJN,53,31,20.6,1.6,3.6,.450,0.0,0.2,.250,1.6,3.5,.459,.455,0.4,0.5,.800,0.9,1.8,2.8,1.0,0.4,0.3,0.6,1.7,3.7)
(2009,178,Brendan Haywood,C,29,WAS,6,5,29.2,4.0,8.3,.480,0.0,0.0,,4.0,8.3,.480,.480,1.7,3.5,.476,2.2,5.2,7.3,1.3,0.7,2.5,1.5,2.3,9.7)
(2009,181,Roy Hibbert,C,22,IND,70,42,14.4,2.8,6.0,.471,0.0,0.0,,2.8,6.0,.471,.471,1.4,2.1,.667,1.6,1.8,3.5,0.7,0.3,1.1,0.8,3.1,7.1)
(2009,185,Grant Hill,SF,36,PHO,82,68,29.8,4.8,9.1,.523,0.3,0.9,.316,4.5,8.2,.547,.540,2.2,2.7,.808,0.8,4.2,4.9,2.3,1.1,0.7,1.5,2.2,12.0)
(2009,189,Al Horford,C,22,ATL,67,67,33.5,4.7,8.9,.525,0.0,0.0,.000,4.7,8.9,.526,.525,2.2,3.1,.727,2.2,7.1,9.3,2.4,0.8,1.4,1.5,2.8,11.5)
(2009,193,Juwan Howard,SF-PF,35,TOT,42,2,11.2,1.8,3.5,.510,0.0,0.0,,1.8,3.5,.510,.510,0.5,0.8,.676,0.7,1.1,1.8,0.6,0.2,0.1,0.6,1.7,4.1)
(2009,197,Othello Hunter,PF,22,ATL,16,0,5.8,0.7,1.3,.550,0.0,0.0,,0.7,1.3,.550,.550,0.0,0.3,.000,0.6,0.9,1.5,0.1,0.1,0.3,0.1,0.7,1.4)
(2009,Rk,Player,Pos,Age,Tm,G,GS,MP,FG,FGA,FG%,3P,3PA,3P,2P,2PA,2P,eFG%,FT,FTA,FT%,ORB,DRB,TRB,AST,STL,BLK,TOV,PF,PTS)
(2009,204,Bobby Jackson,PG,35,SAC,71,10,20.9,2.7,6.8,.398,0.8,2.8,.305,1.9,4.1,.462,.460,1.2,1.4,.851,0.6,2.2,2.8,2.0,0.9,0.1,0.9,1.4,7.5)
(2009,208,LeBron James,SF,24,CLE,81,81,37.7,9.7,19.9,.489,1.6,4.7,.344,8.1,15.2,.535,.530,7.3,9.4,.780,1.3,6.3,7.6,7.2,1.7,1.1,3.0,1.7,28.4)
(2009,212,Nathan Jawai,PF,22,TOR,6,0,3.2,0.2,0.7,.250,0.0,0.0,,0.2,0.7,.250,.250,0.0,0.0,,0.2,0.2,0.3,0.0,0.0,0.0,0.3,0.5,0.3)
(2009,216,Jared Jeffries,SF,27,NYK,56,36,23.4,2.1,4.9,.440,0.0,0.2,.083,2.1,4.7,.456,.441,1.0,1.6,.611,2.3,1.8,4.1,1.4,0.8,0.6,1.2,2.7,5.3)
(2009,220,Joe Johnson,SG,27,ATL,79,79,39.5,7.8,18.0,.437,1.9,5.2,.360,6.0,12.7,.468,.489,3.8,4.6,.826,0.8,3.6,4.4,5.8,1.1,0.2,2.5,2.2,21.4)
(2009,223,Dahntay Jones,SG,28,DEN,79,71,18.1,1.9,4.3,.458,0.1,0.2,.647,1.8,4.0,.448,.475,1.4,1.9,.728,0.7,1.4,2.1,1.0,0.6,0.2,0.9,2.5,5.4)
(2009,225,Dwayne Jones,PF,25,CHA,6,0,8.7,0.7,1.2,.571,0.0,0.0,,0.7,1.2,.571,.571,0.7,1.0,.667,1.0,1.0,2.0,0.0,0.0,0.2,0.7,1.0,2.0)
(2009,229,DeAndre Jordan,C,20,LAC,53,13,14.5,1.8,2.8,.633,0.0,0.0,,1.8,2.8,.633,.633,0.8,2.1,.385,1.4,3.1,4.5,0.2,0.2,1.1,0.8,1.8,4.3)
(2009,233,Tarence Kinsey,SG,24,CLE,50,3,5.5,0.6,1.4,.449,0.1,0.4,.389,0.5,1.0,.471,.500,0.7,0.8,.868,0.2,0.6,0.8,0.2,0.2,0.0,0.4,0.7,2.0)
(2009,237,Kyle Korver,SF,27,UTA,78,2,24.0,3.1,7.2,.438,1.3,3.4,.386,1.8,3.8,.485,.529,1.4,1.6,.882,0.4,2.9,3.3,1.8,0.6,0.4,1.2,2.2,9.0)
(2009,Rk,Player,Pos,Age,Tm,G,GS,MP,FG,FGA,FG%,3P,3PA,3P,2P,2PA,2P,eFG%,FT,FTA,FT%,ORB,DRB,TRB,AST,STL,BLK,TOV,PF,PTS)
(2009,244,David Lee,C,25,NYK,81,74,34.9,6.4,11.7,.549,0.0,0.0,.000,6.4,11.7,.551,.549,3.1,4.1,.755,3.2,8.6,11.7,2.1,1.0,0.3,1.9,3.2,16.0)
(2009,248,Robin Lopez,C,20,PHO,60,7,10.2,1.2,2.3,.518,0.0,0.0,.000,1.2,2.3,.522,.518,0.8,1.1,.691,0.9,1.1,2.0,0.1,0.2,0.7,0.5,1.6,3.2)
(2009,252,Mark Madsen,C,33,MIN,19,1,6.1,0.2,0.7,.214,0.0,0.0,,0.2,0.7,.214,.214,0.0,0.2,.000,0.5,0.4,0.9,0.2,0.1,0.1,0.2,0.9,0.3)
(2009,256,Shawn Marion,SF,30,TOT,69,68,35.8,5.5,11.4,.485,0.1,0.8,.189,5.4,10.7,.506,.491,1.7,2.1,.796,2.6,5.9,8.5,2.0,1.3,1.0,1.5,1.9,12.9)
(2009,260,Kenyon Martin,PF,31,DEN,66,66,32.0,4.8,9.8,.491,0.2,0.6,.368,4.6,9.2,.498,.502,1.8,3.0,.604,1.2,4.8,6.0,2.0,1.5,1.1,1.6,3.0,11.7)
(2009,263,Roger Mason,SG,28,SAS,82,71,30.4,4.3,10.0,.425,2.0,4.8,.421,2.2,5.2,.428,.526,1.3,1.4,.890,0.2,2.9,3.1,2.1,0.5,0.1,1.2,2.0,11.8)
(2009,267,Luc Mbah a Moute,PF,22,MIL,82,52,25.8,2.8,6.0,.462,0.0,0.0,.000,2.8,5.9,.466,.462,1.7,2.3,.729,2.3,3.6,5.9,1.1,1.1,0.5,1.2,2.5,7.2)
(2009,271,Tracy McGrady,SG,29,HOU,35,35,33.7,5.4,13.9,.388,1.3,3.3,.376,4.1,10.5,.391,.433,3.6,4.5,.801,0.6,3.8,4.4,5.0,1.2,0.4,2.0,1.1,15.6)
(2009,275,Chris Mihm,C,29,LAL,18,0,5.8,0.8,2.2,.375,0.0,0.0,,0.8,2.2,.375,.375,0.3,0.4,.857,0.8,1.1,1.9,0.6,0.1,0.3,0.6,1.3,2.0)
(2009,279,Andre Miller,PG,32,PHI,82,82,36.3,6.0,12.7,.473,0.2,0.6,.283,5.8,12.0,.483,.480,4.1,5.0,.826,1.5,3.0,4.5,6.5,1.3,0.2,2.4,2.4,16.3)
(2009,282,Paul Millsap,PF,23,UTA,76,38,30.1,5.3,9.9,.534,0.0,0.1,.000,5.3,9.8,.537,.534,3.0,4.3,.699,3.3,5.3,8.6,1.8,1.0,1.0,1.7,3.8,13.5)
(2009,286,Jamario Moon,SF,28,TOT,80,60,25.9,2.8,5.9,.468,0.8,2.3,.355,2.0,3.6,.540,.537,0.9,1.0,.850,0.7,3.8,4.6,1.2,1.1,0.8,0.5,1.7,7.2)
(2009,290,Anthony Morrow,SG,23,GSW,67,17,22.6,3.8,8.0,.478,1.3,2.7,.467,2.5,5.2,.483,.558,1.2,1.4,.870,1.2,1.8,3.0,1.2,0.5,0.2,0.8,1.9,10.1)
(2009,294,Eduardo Najera,PF,32,NJN,27,0,11.8,1.2,2.7,.446,0.2,0.9,.200,1.0,1.8,.571,.480,0.3,0.8,.364,0.6,1.9,2.5,0.7,0.4,0.1,0.7,1.9,2.9)
(2009,298,Rasho Nesterovic,C,32,IND,70,19,17.3,3.2,6.2,.513,0.0,0.0,.000,3.2,6.2,.514,.513,0.4,0.5,.781,1.3,2.1,3.4,1.6,0.4,0.5,0.9,2.4,6.8)
(2009,301,Andres Nocioni,PF-SF,29,TOT,76,18,26.2,3.9,9.2,.427,1.6,4.1,.399,2.3,5.1,.449,.515,1.9,2.4,.792,0.7,4.0,4.8,1.3,0.5,0.4,1.5,3.4,11.4)
(2009,305,Jermaine O'Neal,C,30,TOT,68,61,29.8,5.4,11.3,.474,0.0,0.0,.000,5.4,11.3,.475,.474,2.6,3.3,.788,1.9,4.5,6.4,1.8,0.4,2.0,2.1,3.1,13.3)
(2009,309,Lamar Odom,PF,29,LAL,78,32,29.7,4.4,9.0,.492,0.4,1.3,.320,4.0,7.7,.522,.516,2.1,3.3,.623,2.3,5.9,8.2,2.6,1.0,1.3,1.8,3.0,11.3)
(2009,313,Travis Outlaw,SF,24,POR,81,6,27.7,4.8,10.5,.453,1.1,2.9,.377,3.7,7.6,.482,.505,2.2,3.0,.723,0.9,3.2,4.1,1.0,0.6,0.7,1.2,2.1,12.8)
(2009,317,Chris Paul,PG,23,NOH,78,78,38.5,8.1,16.1,.503,0.8,2.3,.364,7.3,13.8,.525,.528,5.8,6.7,.868,0.9,4.7,5.5,11.0,2.8,0.1,3.0,2.7,22.8)
(2009,Rk,Player,Pos,Age,Tm,G,GS,MP,FG,FGA,FG%,3P,3PA,3P,2P,2PA,2P,eFG%,FT,FTA,FT%,ORB,DRB,TRB,AST,STL,BLK,TOV,PF,PTS)
(2009,324,Mickael Pietrus,SG,26,ORL,54,25,24.6,3.3,7.9,.413,1.5,4.1,.359,1.8,3.8,.473,.507,1.4,2.0,.709,0.8,2.4,3.3,1.2,0.6,0.4,1.0,2.3,9.4)
(2009,328,Ronnie Price,PG,25,UTA,52,17,14.2,1.5,3.9,.379,0.4,1.2,.311,1.1,2.7,.408,.426,0.7,0.9,.756,0.2,1.1,1.3,2.1,0.8,0.1,1.2,1.4,4.0)
(2009,332,Chris Quinn,PG,25,MIA,66,0,14.6,1.8,4.4,.408,0.8,2.1,.409,0.9,2.3,.408,.505,0.7,0.9,.810,0.1,1.0,1.1,2.0,0.4,0.0,0.5,1.2,5.1)
(2009,336,Zach Randolph,PF-C,27,TOT,50,45,35.1,8.3,17.5,.475,0.6,1.9,.330,7.7,15.5,.494,.494,3.6,4.9,.734,3.1,6.9,10.1,2.1,0.9,0.3,2.3,2.7,20.8)
(2009,340,Jason Richardson,SG,28,TOT,72,71,33.5,6.5,13.5,.477,1.8,4.5,.397,4.7,9.0,.518,.544,2.1,2.8,.769,1.1,3.4,4.4,2.0,1.1,0.4,1.3,2.0,16.8)
(2009,343,Luke Ridnour,PG,27,MIL,72,50,28.2,3.5,8.6,.403,0.8,2.2,.350,2.7,6.4,.420,.447,1.8,2.1,.869,0.5,2.6,3.0,5.1,1.3,0.2,1.8,2.8,9.6)
(2009,347,Rajon Rondo,PG,22,BOS,80,80,33.0,4.8,9.5,.505,0.2,0.6,.313,4.6,8.9,.518,.514,2.2,3.4,.642,1.3,4.0,5.2,8.2,1.9,0.1,2.6,2.4,11.9)
(2009,351,Brandon Roy,SG,24,POR,78,78,37.2,8.1,16.9,.480,1.1,2.8,.377,7.1,14.1,.501,.512,5.3,6.5,.824,1.3,3.4,4.7,5.1,1.1,0.3,1.9,1.6,22.6)
(2009,355,John Salmons,SF,29,TOT,79,74,37.5,6.5,13.8,.472,1.6,3.8,.417,4.9,10.0,.493,.530,3.6,4.4,.830,0.7,3.5,4.2,3.2,1.1,0.3,2.1,2.3,18.3)
(2009,359,Thabo Sefolosha,SF-SG,24,TOT,66,36,22.0,2.3,5.4,.426,0.4,1.3,.276,1.9,4.1,.474,.459,0.9,1.1,.836,0.8,2.8,3.7,1.7,1.1,0.7,1.0,1.6,5.9)
(2009,362,Walter Sharpe,PF,22,DET,8,0,2.5,0.5,1.4,.364,0.0,0.3,.000,0.5,1.1,.444,.364,0.0,0.3,.000,0.0,0.4,0.4,0.0,0.0,0.3,0.0,0.4,1.0)
(2009,366,Sean Singletary,PG,23,TOT,37,2,8.2,0.8,2.3,.365,0.3,0.7,.400,0.6,1.6,.350,.424,0.5,0.6,.857,0.3,0.7,0.9,0.8,0.3,0.0,0.6,1.2,2.4)
(2009,370,J.R. Smith,SG,23,DEN,81,18,27.7,5.2,11.7,.446,2.2,5.6,.397,3.0,6.1,.491,.541,2.5,3.4,.754,0.5,3.1,3.7,2.8,1.0,0.2,1.9,2.3,15.2)
(2009,374,Darius Songaila,C,30,WAS,77,29,19.8,3.2,5.9,.532,0.0,0.0,.000,3.2,5.9,.533,.532,1.0,1.2,.889,1.0,2.0,2.9,1.2,0.8,0.3,1.0,2.6,7.4)
(2009,378,Peja Stojakovic,SF,31,NOH,61,59,34.2,4.7,11.8,.399,2.4,6.3,.378,2.3,5.5,.424,.500,1.5,1.7,.894,0.7,3.6,4.3,1.2,0.9,0.0,0.8,1.7,13.3)
(2009,381,Robert Swift,C,23,OKC,26,10,13.2,1.4,2.7,.521,0.0,0.0,,1.4,2.7,.521,.521,0.5,0.6,.750,0.8,2.6,3.4,0.3,0.2,0.7,0.3,1.9,3.3)
(2009,385,Sebastian Telfair,PG,23,MIN,75,43,27.9,3.6,9.3,.383,1.0,2.8,.346,2.6,6.5,.399,.435,1.7,2.1,.819,0.4,1.3,1.7,4.6,1.0,0.2,1.9,2.5,9.8)
(2009,389,Kurt Thomas,PF,36,SAS,79,10,17.8,1.9,3.8,.503,0.0,0.0,.000,1.9,3.8,.507,.503,0.5,0.6,.822,1.7,3.4,5.1,0.8,0.4,0.7,0.5,2.2,4.3)
(2009,393,Al Thornton,SF,25,LAC,71,67,37.4,6.6,14.8,.446,0.3,1.1,.253,6.3,13.7,.462,.456,3.3,4.4,.754,1.7,3.5,5.2,1.5,0.8,0.9,1.8,3.2,16.8)
(2009,397,Hedo Turkoglu,SF,29,ORL,77,77,36.6,5.5,13.3,.413,1.7,4.9,.356,3.8,8.4,.445,.478,4.1,5.1,.807,0.6,4.7,5.3,4.9,0.8,0.2,2.6,2.8,16.8)
(2009,Rk,Player,Pos,Age,Tm,G,GS,MP,FG,FGA,FG%,3P,3PA,3P,2P,2PA,2P,eFG%,FT,FTA,FT%,ORB,DRB,TRB,AST,STL,BLK,TOV,PF,PTS)
(2009,404,Jake Voskuhl,C,31,TOR,38,1,6.3,0.3,1.2,.267,0.0,0.0,,0.3,1.2,.267,.267,0.3,0.4,.786,0.6,1.0,1.6,0.2,0.1,0.1,0.4,1.6,0.9)
(2009,408,Henry Walker,SF,21,BOS,29,0,7.4,1.2,2.0,.621,0.0,0.0,.000,1.2,2.0,.632,.621,0.6,0.8,.696,0.3,0.7,1.0,0.4,0.2,0.1,0.6,1.8,3.0)
(2009,412,Luke Walton,SF,28,LAL,65,34,17.9,2.1,4.7,.436,0.3,0.9,.298,1.8,3.8,.468,.464,0.6,0.9,.719,0.8,1.9,2.8,2.7,0.5,0.2,1.1,1.6,5.0)
(2009,416,Kyle Weaver,SG,22,OKC,56,19,20.8,2.0,4.4,.459,0.6,1.7,.344,1.4,2.7,.529,.524,0.7,1.0,.707,0.6,1.8,2.3,1.8,0.8,0.4,1.2,1.4,5.3)
(2009,420,Delonte West,SG,25,CLE,64,64,33.6,4.5,9.8,.457,1.4,3.6,.399,3.0,6.2,.490,.530,1.4,1.7,.833,0.5,2.7,3.2,3.5,1.5,0.2,1.4,2.0,11.7)
(2009,423,D.J. White,PF,22,OKC,7,0,18.6,3.7,7.1,.520,0.0,0.0,,3.7,7.1,.520,.520,1.4,1.9,.769,1.4,3.1,4.6,0.9,0.4,0.7,0.4,1.4,8.9)
(2009,427,Deron Williams,PG,24,UTA,68,68,36.8,6.8,14.5,.471,1.0,3.3,.310,5.8,11.1,.518,.506,4.8,5.6,.849,0.4,2.5,2.9,10.7,1.1,0.3,3.4,2.0,19.4)
(2009,431,Marcus Williams,PF,22,SAS,2,0,1.5,1.0,1.0,1.000,0.0,0.0,,1.0,1.0,1.000,1.000,0.0,0.0,,0.0,0.0,0.0,0.0,0.0,0.0,0.0,0.5,2.0)
(2009,435,Shawne Williams,SF,22,DAL,15,0,11.3,1.1,3.7,.286,0.1,1.1,.059,1.0,2.6,.385,.295,0.6,0.7,.818,1.3,1.8,3.1,0.1,0.1,0.6,0.3,1.3,2.8)
(2009,439,Brandan Wright,PF,21,GSW,39,23,17.6,3.3,6.3,.528,0.0,0.1,.000,3.3,6.2,.537,.528,1.6,2.2,.741,1.6,2.4,4.0,0.5,0.6,0.9,0.6,1.9,8.3)
(2009,442,Lorenzen Wright,C,33,CLE,17,2,7.4,0.6,1.6,.370,0.0,0.0,,0.6,1.6,.370,.370,0.2,0.5,.375,0.4,1.1,1.5,0.2,0.2,0.3,0.5,1.0,1.4)
