(2009,Rk,Player,Pos,Age,Tm,G,GS,MP,FG,FGA,FG%,3P,3PA,3P,2P,2PA,2P,eFG%,FT,FTA,FT%,ORB,DRB,TRB,AST,STL,BLK,TOV,PF,PTS)
(2009,4,Maurice Ager,SG,24,NJN,20,0,4.9,0.8,2.2,.349,0.0,0.3,.000,0.8,1.9,.405,.349,0.2,0.4,.500,0.2,0.4,0.5,0.2,0.1,0.1,0.2,0.9,1.7)
(2009,8,Joe Alexander,SF,22,MIL,59,0,12.1,1.7,4.2,.416,0.3,0.8,.348,1.5,3.4,.432,.449,1.0,1.4,.699,0.7,1.2,1.9,0.7,0.3,0.5,0.9,1.8,4.7)
(2009,12,Morris Almond,SG,23,UTA,25,1,10.2,1.3,3.2,.407,0.2,0.7,.294,1.1,2.6,.438,.438,0.8,1.0,.808,0.4,1.1,1.4,0.3,0.2,0.2,0.6,1.2,3.7)
(2009,16,Ryan Anderson,PF,20,NJN,66,30,19.9,2.4,6.2,.393,1.0,2.9,.365,1.4,3.3,.417,.478,1.5,1.8,.845,1.6,3.1,4.7,0.8,0.7,0.3,1.0,2.4,7.4)
(2009,20,Trevor Ariza,SF,23,LAL,82,20,24.4,3.3,7.3,.460,0.7,2.3,.319,2.6,4.9,.526,.511,1.5,2.1,.710,1.4,2.9,4.3,1.8,1.7,0.3,1.1,2.0,8.9)
(2009,23,Chucky Atkins,PG,34,TOT,33,0,12.5,1.0,3.4,.301,0.5,1.7,.263,0.6,1.7,.339,.367,0.5,0.5,.938,0.2,0.6,0.7,1.8,0.3,0.1,0.7,0.8,3.0)
(2009,27,Marcus Banks,PG,27,TOT,22,0,9.4,1.0,2.6,.368,0.1,0.9,.158,0.8,1.7,.474,.395,0.5,0.8,.611,0.0,0.8,0.8,1.3,0.5,0.1,0.6,1.2,2.5)
(2009,31,Matt Barnes,PF,28,PHO,77,40,27.0,3.7,8.8,.423,1.5,4.4,.343,2.2,4.3,.505,.510,1.3,1.8,.743,1.0,4.4,5.5,2.8,0.7,0.3,1.7,2.7,10.2)
(2009,35,Tony Battie,PF,32,ORL,77,3,15.6,2.1,4.2,.489,0.0,0.1,.222,2.0,4.1,.497,.492,0.7,1.1,.659,1.2,2.4,3.6,0.4,0.3,0.3,0.6,1.5,4.8)
(2009,39,Michael Beasley,PF,20,MIA,81,19,24.8,5.6,11.8,.472,0.4,1.0,.407,5.2,10.8,.478,.490,2.3,3.0,.772,1.4,4.1,5.4,1.0,0.5,0.5,1.5,2.3,13.9)
(2009,42,Raja Bell,SG,32,TOT,67,66,34.6,4.5,10.2,.437,1.7,4.0,.421,2.8,6.2,.448,.520,1.3,1.5,.853,0.6,3.0,3.6,2.1,0.7,0.1,1.3,2.5,11.9)
(2009,46,Steve Blake,PG,28,POR,69,69,31.7,4.0,9.4,.428,2.0,4.8,.427,2.0,4.6,.429,.536,0.9,1.1,.840,0.4,2.1,2.5,5.0,1.0,0.1,1.6,1.8,11.0)
(2009,50,Andrew Bogut,C,24,MIL,36,33,31.2,5.1,8.8,.577,0.0,0.0,,5.1,8.8,.577,.577,1.6,2.7,.571,3.3,7.0,10.3,2.0,0.6,1.0,2.4,3.6,11.7)
(2009,54,Carlos Boozer,PF,27,UTA,37,37,32.4,6.8,13.8,.490,0.0,0.0,,6.8,13.8,.490,.490,2.6,3.8,.698,3.0,7.4,10.4,2.1,1.1,0.2,2.1,3.6,16.2)
(2009,58,Elton Brand,PF,29,PHI,29,23,31.7,5.6,12.6,.447,0.0,0.0,,5.6,12.6,.447,.447,2.5,3.7,.676,2.7,6.1,8.8,1.3,0.6,1.6,2.3,2.7,13.8)
(2009,61,Aaron Brooks,PG,24,HOU,80,35,25.0,4.0,9.8,.404,1.4,3.9,.366,2.5,5.9,.428,.476,1.9,2.2,.866,0.4,1.6,2.0,3.0,0.6,0.1,1.6,1.9,11.2)
(2009,65,Devin Brown,SG,30,NOH,63,5,13.8,1.8,5.0,.355,0.4,1.5,.289,1.3,3.4,.384,.399,1.2,1.6,.780,0.5,1.4,1.9,0.9,0.5,0.1,0.9,1.3,5.2)
(2009,69,Greg Buckner,SF,32,MEM,63,0,13.9,1.0,2.5,.384,0.2,0.8,.255,0.8,1.7,.444,.425,0.3,0.4,.800,0.5,1.6,2.1,0.9,0.5,0.1,0.6,1.7,2.5)
(2009,73,Will Bynum,PG,26,DET,57,1,14.1,2.7,6.0,.456,0.1,0.3,.158,2.7,5.7,.474,.461,1.7,2.1,.798,0.3,1.0,1.3,2.8,0.6,0.0,1.3,1.5,7.2)
(2009,77,Rodney Carney,SG,24,MIN,67,6,17.9,2.6,6.3,.416,1.2,3.4,.350,1.4,2.9,.492,.509,0.7,1.0,.758,0.5,1.3,1.9,0.4,0.7,0.4,0.6,1.4,7.2)
(2009,Rk,Player,Pos,Age,Tm,G,GS,MP,FG,FGA,FG%,3P,3PA,3P,2P,2PA,2P,eFG%,FT,FTA,FT%,ORB,DRB,TRB,AST,STL,BLK,TOV,PF,PTS)
(2009,84,Speedy Claxton,PG,30,ATL,2,0,7.5,1.0,3.5,.286,0.0,0.0,,1.0,3.5,.286,.286,0.5,1.0,.500,0.0,0.0,0.0,1.5,0.0,0.0,0.0,0.5,2.5)
(2009,88,Nick Collison,C,28,OKC,71,40,25.8,3.4,6.0,.568,0.0,0.0,.000,3.4,6.0,.570,.568,1.4,1.9,.721,2.5,4.3,6.9,0.9,0.7,0.7,1.0,3.4,8.2)
(2009,92,Jamal Crawford,PG-SG,28,TOT,65,65,38.1,6.4,15.7,.410,2.2,6.1,.360,4.3,9.7,.441,.479,4.6,5.3,.872,0.4,2.6,3.0,4.4,0.9,0.2,2.3,1.4,19.7)
(2009,96,Eddy Curry,C,26,NYK,3,0,4.0,0.7,0.7,1.000,0.0,0.0,,0.7,0.7,1.000,1.000,0.3,1.0,.333,0.0,1.3,1.3,0.0,0.0,0.0,0.7,1.7,1.7)
(2009,100,Marquis Daniels,SF,28,IND,54,43,31.5,5.8,12.8,.451,0.3,1.7,.200,5.4,11.1,.489,.464,1.7,2.4,.721,1.5,3.1,4.6,2.1,1.1,0.5,1.7,2.2,13.6)
(2009,103,Glen Davis,C,23,BOS,76,16,21.5,2.6,5.9,.442,0.0,0.1,.400,2.6,5.9,.443,.444,1.7,2.3,.730,1.6,2.4,4.0,0.9,0.7,0.3,0.9,3.0,7.0)
(2009,107,Boris Diaw,PF,26,TOT,81,59,34.0,5.5,10.9,.507,0.9,2.2,.414,4.6,8.7,.531,.549,1.2,1.8,.687,1.5,3.9,5.3,4.1,0.8,0.7,2.7,2.5,13.2)
(2009,111,DeSagana Diop,C,27,TOT,75,1,13.8,1.0,2.3,.433,0.0,0.0,,1.0,2.3,.433,.433,0.3,0.9,.333,1.5,2.1,3.6,0.4,0.4,0.7,0.5,1.7,2.3)
(2009,115,Quincy Douby,PG,24,TOT,27,0,11.1,1.6,4.1,.382,0.5,1.7,.304,1.0,2.4,.438,.445,0.6,0.7,.895,0.2,1.0,1.2,0.9,0.2,0.2,0.5,1.0,4.3)
(2009,119,Chris Duhon,PG,26,NYK,79,78,36.8,3.6,8.6,.421,1.6,4.1,.391,2.0,4.5,.449,.515,2.3,2.6,.856,0.6,2.5,3.1,7.2,0.9,0.1,2.8,1.6,11.1)
(2009,122,Kevin Durant,SF,20,OKC,74,74,39.0,8.9,18.8,.476,1.3,3.1,.422,7.6,15.7,.486,.510,6.1,7.1,.863,1.0,5.5,6.5,2.8,1.3,0.7,3.0,1.8,25.3)
(2009,126,Maurice Evans,SF,30,ATL,80,25,23.0,2.6,6.0,.432,1.2,3.1,.395,1.4,2.9,.470,.533,0.8,0.9,.822,1.1,1.9,3.0,0.7,0.6,0.1,0.5,2.0,7.2)
(2009,130,Raymond Felton,PG,24,CHA,82,81,37.6,5.4,13.2,.408,0.7,2.5,.285,4.7,10.7,.437,.435,2.7,3.3,.805,0.7,3.1,3.8,6.7,1.5,0.4,2.8,2.3,14.2)
(2009,134,Derek Fisher,PG,34,LAL,82,82,29.8,3.6,8.4,.424,1.5,3.7,.397,2.1,4.7,.446,.512,1.3,1.6,.846,0.3,2.0,2.3,3.2,1.2,0.1,0.9,2.3,9.9)
(2009,138,Adonal Foyle,C,33,TOT,10,0,6.2,0.7,1.1,.636,0.0,0.0,,0.7,1.1,.636,.636,0.3,0.6,.500,0.9,1.7,2.6,0.1,0.0,0.8,0.3,0.5,1.7)
(2009,141,Danilo Gallinari,SG,20,NYK,28,2,14.7,2.0,4.5,.448,1.1,2.6,.444,0.9,1.9,.453,.576,0.9,1.0,.963,0.5,1.5,2.0,0.5,0.5,0.1,0.5,1.7,6.1)
(2009,145,Marc Gasol,C,24,MEM,82,75,30.7,4.3,8.1,.530,0.0,0.0,.000,4.3,8.0,.530,.530,3.4,4.6,.733,2.5,4.9,7.4,1.7,0.8,1.1,2.0,3.2,11.9)
(2009,149,Daniel Gibson,PG,22,CLE,75,0,23.9,2.7,7.0,.391,1.4,3.8,.382,1.3,3.3,.402,.493,0.9,1.1,.767,0.4,1.7,2.1,1.8,0.6,0.2,0.8,2.2,7.8)
(2009,153,Ryan Gomes,SF,26,MIN,82,76,31.9,5.1,11.9,.431,1.3,3.5,.372,3.8,8.4,.456,.486,1.8,2.2,.807,1.3,3.5,4.8,1.6,0.8,0.3,1.6,2.2,13.3)
(2009,157,Marcin Gortat,PF,24,ORL,63,3,12.6,1.7,3.0,.567,0.0,0.0,1.000,1.7,3.0,.565,.570,0.4,0.7,.578,1.5,3.0,4.5,0.2,0.3,0.8,0.4,1.8,3.8)
(2009,Rk,Player,Pos,Age,Tm,G,GS,MP,FG,FGA,FG%,3P,3PA,3P,2P,2PA,2P,eFG%,FT,FTA,FT%,ORB,DRB,TRB,AST,STL,BLK,TOV,PF,PTS)
(2009,164,Willie Green,SG,27,PHI,81,60,22.6,3.5,8.1,.435,0.6,2.0,.317,2.9,6.1,.473,.473,0.8,1.0,.729,0.4,1.2,1.6,2.0,0.7,0.2,0.8,1.9,8.5)
(2009,168,Richard Hamilton,SG,30,DET,67,51,34.0,7.0,15.6,.447,1.0,2.8,.368,5.9,12.7,.464,.480,3.3,3.9,.848,0.7,2.4,3.1,4.4,0.6,0.1,2.0,2.6,18.3)
(2009,172,Jason Hart,PG,30,TOT,39,2,8.9,0.8,2.4,.319,0.0,0.2,.000,0.8,2.3,.341,.319,0.5,0.6,.783,0.3,0.8,1.2,1.2,0.3,0.1,0.6,1.0,2.0)
(2009,176,Chuck Hayes,C,25,HOU,71,1,12.1,0.6,1.6,.372,0.0,0.1,.000,0.6,1.5,.385,.372,0.1,0.3,.368,1.0,2.5,3.5,0.6,0.5,0.3,0.4,1.9,1.3)
(2009,180,Walter Herrmann,SF,29,DET,59,0,10.7,1.4,3.5,.396,0.7,2.0,.342,0.7,1.5,.471,.495,0.3,0.4,.760,0.5,1.3,1.8,0.4,0.1,0.1,0.3,0.7,3.8)
(2009,183,Nene Hilario,C,26,DEN,77,76,32.6,5.6,9.2,.604,0.0,0.1,.200,5.5,9.1,.607,.604,3.5,4.8,.723,2.4,5.4,7.8,1.4,1.2,1.3,1.9,3.6,14.6)
(2009,187,Kirk Hinrich,SG,28,CHI,51,4,26.3,3.6,8.2,.437,1.4,3.3,.408,2.2,4.9,.456,.519,1.3,1.7,.791,0.3,2.1,2.4,3.9,1.3,0.4,1.7,2.5,9.9)
(2009,191,Dwight Howard,C,23,ORL,79,79,35.7,7.1,12.4,.572,0.0,0.0,.000,7.1,12.4,.573,.572,6.4,10.7,.594,4.3,9.6,13.8,1.4,1.0,2.9,3.0,3.4,20.6)
(2009,195,Kris Humphries,SF,23,TOR,29,0,9.1,1.3,3.1,.422,0.0,0.0,,1.3,3.1,.422,.422,1.3,1.7,.792,0.8,1.6,2.4,0.3,0.3,0.2,0.3,1.1,3.9)
(2009,199,Zydrunas Ilgauskas,C,33,CLE,65,65,27.2,5.3,11.1,.472,0.2,0.6,.385,5.0,10.5,.477,.483,2.1,2.7,.799,2.4,5.1,7.5,1.0,0.4,1.3,1.4,2.8,12.9)
(2009,202,Royal Ivey,SG,27,PHI,71,0,12.1,1.0,2.9,.332,0.5,1.6,.342,0.4,1.3,.319,.425,0.5,0.6,.791,0.3,0.8,1.1,0.6,0.5,0.1,0.3,1.1,3.0)
(2009,206,Stephen Jackson,SF,30,GSW,59,59,39.6,7.0,16.9,.414,1.7,5.2,.338,5.3,11.7,.448,.466,5.0,6.0,.826,1.2,3.9,5.1,6.5,1.5,0.5,3.9,2.6,20.7)
(2009,210,Antawn Jamison,PF,32,WAS,81,81,38.2,8.3,17.8,.468,1.4,3.9,.351,6.9,13.9,.501,.507,4.2,5.6,.754,2.4,6.5,8.9,1.9,1.2,0.3,1.5,2.7,22.2)
(2009,214,Dontell Jefferson,SG,25,CHA,6,0,14.0,1.8,3.7,.500,0.2,0.3,.500,1.7,3.3,.500,.523,1.0,1.5,.667,0.2,1.8,2.0,1.5,0.7,0.2,1.0,1.5,4.8)
(2009,218,Amir Johnson,PF,21,DET,62,24,14.7,1.6,2.6,.595,0.0,0.0,,1.6,2.6,.595,.595,0.4,0.6,.657,1.6,2.1,3.7,0.3,0.3,1.0,0.5,2.8,3.5)
(2009,221,Linton Johnson,PF,28,TOT,10,0,5.5,0.4,1.1,.364,0.1,0.2,.500,0.3,0.9,.333,.409,0.0,0.0,,0.3,0.5,0.8,0.2,0.1,0.0,0.2,0.7,0.9)
(2009,227,James Jones,SF,28,MIA,40,1,15.8,1.4,3.7,.369,0.8,2.4,.344,0.6,1.3,.415,.480,0.7,0.8,.839,0.3,1.3,1.6,0.5,0.3,0.4,0.3,1.5,4.2)
(2009,231,Jason Kapono,SG,27,TOR,80,12,22.9,3.3,7.6,.432,1.2,2.9,.428,2.0,4.7,.435,.513,0.4,0.5,.810,0.3,1.7,2.0,1.3,0.3,0.0,0.9,1.8,8.2)
(2009,235,Linas Kleiza,SF,24,DEN,82,7,22.2,3.5,7.9,.447,1.1,3.3,.326,2.5,4.6,.533,.515,1.8,2.5,.725,1.1,2.9,4.0,0.8,0.4,0.2,1.0,1.9,9.9)
(2009,239,Nenad Krstic,C,25,OKC,46,29,24.8,4.2,8.8,.469,0.0,0.0,,4.2,8.8,.469,.469,1.4,1.7,.797,1.8,3.7,5.5,0.6,0.5,1.1,1.0,2.5,9.7)
(2009,242,Acie Law,PG,24,ATL,55,1,10.2,0.9,2.5,.374,0.2,0.5,.310,0.8,2.0,.391,.406,0.9,1.1,.817,0.1,0.9,1.1,1.6,0.2,0.1,0.5,0.8,2.9)
(2009,246,Shaun Livingston,PG,23,TOT,12,1,19.3,2.6,5.0,.517,0.0,0.0,,2.6,5.0,.517,.517,0.8,0.8,.900,0.3,2.1,2.3,1.7,0.6,0.2,0.8,1.0,5.9)
(2009,250,Kyle Lowry,PG,22,TOT,77,21,21.8,2.5,5.6,.435,0.3,1.3,.255,2.1,4.4,.488,.464,2.4,2.9,.801,0.3,2.1,2.5,3.6,0.9,0.2,1.5,1.9,7.6)
(2009,254,Jamaal Magloire,C,30,MIA,55,12,12.9,1.2,2.4,.496,0.0,0.0,,1.2,2.4,.496,.496,0.5,1.1,.483,1.5,2.5,4.0,0.4,0.2,0.5,0.6,2.2,2.9)
(2009,258,Donyell Marshall,PF,35,PHI,25,0,7.6,1.3,2.9,.452,1.0,2.2,.455,0.3,0.7,.444,.623,0.1,0.2,.500,0.2,1.4,1.6,0.6,0.2,0.2,0.2,1.0,3.8)
(2009,261,Kevin Martin,SG,25,SAC,51,46,38.2,6.7,15.9,.420,2.3,5.4,.415,4.4,10.5,.423,.491,9.0,10.3,.867,0.6,3.0,3.6,2.7,1.2,0.2,2.9,2.3,24.6)
(2009,265,Sean May,PF,24,CHA,24,12,12.5,1.6,4.1,.398,0.0,0.0,1.000,1.6,4.0,.392,.403,0.6,0.8,.700,0.8,2.0,2.9,0.4,0.2,0.2,1.1,1.3,3.9)
(2009,269,Antonio McDyess,PF,34,DET,62,30,30.1,4.3,8.5,.510,0.0,0.0,,4.3,8.5,.510,.510,1.0,1.4,.698,3.0,6.8,9.8,1.3,0.7,0.8,0.8,3.1,9.6)
(2009,273,Josh McRoberts,PF,21,IND,33,0,8.5,1.1,2.5,.422,0.0,0.3,.000,1.1,2.2,.479,.422,0.3,0.4,.769,0.8,1.5,2.2,0.5,0.4,0.5,0.4,1.2,2.4)
(2009,277,Darius Miles,SF,27,MEM,34,0,8.8,1.4,2.9,.485,0.0,0.2,.167,1.4,2.7,.505,.490,0.7,0.9,.742,0.6,1.1,1.7,0.5,0.3,0.6,0.6,0.9,3.5)
(2009,Rk,Player,Pos,Age,Tm,G,GS,MP,FG,FGA,FG%,3P,3PA,3P,2P,2PA,2P,eFG%,FT,FTA,FT%,ORB,DRB,TRB,AST,STL,BLK,TOV,PF,PTS)
(2009,284,Cuttino Mobley,SG,33,LAC,11,11,33.2,5.7,13.3,.432,1.1,3.2,.343,4.6,10.1,.459,.473,1.2,1.6,.722,0.8,1.8,2.6,1.1,1.4,0.2,1.6,1.9,13.7)
(2009,288,Randolph Morris,C,23,ATL,23,0,3.9,0.3,0.7,.412,0.0,0.0,,0.3,0.7,.412,.412,0.2,0.2,1.000,0.2,0.7,0.9,0.1,0.1,0.0,0.3,1.1,0.8)
(2009,292,Ronald Murray,SG,29,ATL,80,2,24.7,4.4,9.9,.447,1.1,3.0,.360,3.4,6.9,.485,.501,2.2,2.9,.760,0.3,1.8,2.1,2.0,1.1,0.2,1.6,2.2,12.2)
(2009,296,DeMarcus Nelson,PG,23,GSW,13,5,13.2,1.8,4.2,.444,0.0,0.2,.000,1.8,3.9,.471,.444,0.4,1.1,.357,0.5,1.4,1.8,1.0,0.7,0.2,1.2,1.8,4.1)
(2009,300,Joakim Noah,C,23,CHI,80,55,24.2,2.6,4.7,.556,0.0,0.0,.000,2.6,4.6,.558,.556,1.5,2.3,.676,3.1,4.5,7.6,1.3,0.6,1.4,1.0,3.0,6.7)
(2009,303,Dirk Nowitzki,PF,30,DAL,81,81,37.7,9.6,20.0,.479,0.8,2.1,.359,8.8,17.9,.493,.498,6.0,6.7,.890,1.1,7.3,8.4,2.4,0.8,0.8,1.9,2.2,25.9)
(2009,307,Fabricio Oberto,C,33,SAS,54,11,12.5,1.1,1.9,.587,0.0,0.0,.000,1.1,1.9,.592,.587,0.4,0.6,.571,1.2,1.4,2.6,1.1,0.1,0.2,0.7,1.8,2.6)
(2009,311,Mehmet Okur,C,29,UTA,72,72,33.5,6.0,12.3,.485,1.3,2.8,.446,4.7,9.5,.497,.536,3.8,4.6,.817,1.7,6.0,7.7,1.7,0.8,0.7,1.8,3.0,17.0)
(2009,315,Anthony Parker,SG,33,TOR,80,71,33.0,4.0,9.4,.426,1.2,3.0,.390,2.8,6.4,.442,.488,1.5,1.8,.834,0.6,3.4,4.0,3.4,1.3,0.2,1.4,1.8,10.7)
(2009,319,Oleksiy Pecherov,C,23,WAS,32,0,8.7,1.2,3.2,.386,0.4,1.3,.326,0.8,1.8,.431,.455,0.8,0.9,.828,1.1,1.3,2.4,0.1,0.2,0.1,0.3,1.1,3.6)
(2009,322,Johan Petro,C,23,TOT,49,22,11.4,1.5,3.6,.415,0.0,0.0,.000,1.5,3.6,.420,.415,0.3,0.6,.552,0.9,2.4,3.2,0.3,0.4,0.3,0.6,2.2,3.3)
(2009,326,Leon Powe,PF,25,BOS,70,7,17.5,2.5,4.8,.524,0.0,0.0,,2.5,4.8,.524,.524,2.6,3.8,.689,2.1,2.9,4.9,0.7,0.3,0.5,1.1,2.7,7.7)
(2009,330,Gabe Pruitt,SG,22,BOS,47,0,7.8,0.7,2.1,.307,0.3,1.0,.292,0.4,1.1,.321,.376,0.4,0.4,.810,0.2,0.7,0.9,0.8,0.3,0.1,0.4,0.7,2.0)
(2009,334,Anthony Randolph,PF,19,GSW,63,22,17.9,3.2,6.8,.462,0.0,0.1,.000,3.2,6.8,.466,.462,1.6,2.2,.716,2.0,3.7,5.8,0.8,0.7,1.2,1.3,2.2,7.9)
(2009,338,Michael Redd,SG,29,MIL,33,32,36.5,7.5,16.6,.455,2.1,5.8,.366,5.4,10.8,.503,.519,4.0,4.9,.814,0.7,2.5,3.2,2.7,1.1,0.1,1.6,1.4,21.2)
(2009,341,Jeremy Richardson,SF,24,ORL,12,0,7.8,1.2,4.1,.286,0.5,1.4,.353,0.7,2.7,.250,.347,0.3,0.5,.500,0.1,1.1,1.2,0.3,0.0,0.0,0.3,0.5,3.1)
(2009,345,Nate Robinson,PG,24,NYK,74,11,29.9,6.1,13.9,.437,1.7,5.2,.325,4.4,8.7,.504,.498,3.4,4.0,.841,1.3,2.6,3.9,4.1,1.3,0.1,1.9,2.8,17.2)
(2009,349,Malik Rose,SF-PF,34,TOT,38,0,12.4,1.2,3.4,.344,0.0,0.2,.000,1.2,3.3,.363,.344,1.1,1.3,.784,0.4,2.1,2.5,0.9,0.3,0.1,0.9,1.9,3.4)
(2009,353,Brandon Rush,SG,23,IND,75,19,24.0,3.2,7.7,.423,1.0,2.8,.373,2.2,4.9,.451,.490,0.6,0.9,.697,0.5,2.7,3.1,0.9,0.5,0.5,1.0,1.7,8.1)
(2009,357,Brian Scalabrine,C,30,BOS,39,8,12.9,1.2,2.9,.421,0.6,1.6,.393,0.6,1.4,.453,.526,0.4,0.5,.889,0.2,1.1,1.3,0.5,0.2,0.3,0.3,1.9,3.5)
(2009,Rk,Player,Pos,Age,Tm,G,GS,MP,FG,FGA,FG%,3P,3PA,3P,2P,2PA,2P,eFG%,FT,FTA,FT%,ORB,DRB,TRB,AST,STL,BLK,TOV,PF,PTS)
(2009,364,Cedric Simmons,PF,23,TOT,18,0,4.7,0.6,1.4,.440,0.0,0.0,,0.6,1.4,.440,.440,0.4,0.9,.438,0.3,0.6,0.9,0.1,0.1,0.2,0.1,0.4,1.6)
(2009,368,Brian Skinner,PF,32,LAC,51,21,16.5,1.8,4.0,.449,0.0,0.0,.000,1.8,4.0,.453,.449,0.6,0.9,.638,1.4,2.6,4.0,0.5,0.3,1.0,0.8,1.8,4.2)
(2009,372,Josh Smith,PF,23,ATL,69,69,35.1,6.1,12.3,.492,0.4,1.3,.299,5.7,11.0,.514,.508,3.1,5.2,.588,1.9,5.3,7.2,2.4,1.4,1.6,2.3,2.7,15.6)
(2009,376,Jerry Stackhouse,SG,34,DAL,10,1,16.2,1.6,6.0,.267,0.3,1.9,.158,1.3,4.1,.317,.292,0.7,0.7,1.000,0.5,1.2,1.7,1.2,0.4,0.1,0.9,0.6,4.2)
(2009,380,Rodney Stuckey,PG,22,DET,79,65,31.9,5.1,11.6,.439,0.3,1.0,.295,4.8,10.6,.453,.452,2.9,3.7,.803,0.9,2.6,3.5,4.9,1.0,0.1,2.2,2.7,13.4)
(2009,383,Wally Szczerbiak,SF,31,CLE,74,5,20.6,2.4,5.4,.450,0.9,2.3,.411,1.5,3.1,.478,.536,1.2,1.4,.849,0.6,2.6,3.1,1.1,0.4,0.1,0.7,1.8,7.0)
(2009,387,Etan Thomas,C,30,WAS,26,7,11.8,1.2,2.5,.485,0.0,0.0,,1.2,2.5,.485,.485,0.6,0.9,.696,1.0,1.6,2.5,0.2,0.1,0.7,0.7,1.3,3.1)
(2009,391,Tyrus Thomas,PF,22,CHI,79,61,27.5,3.9,8.6,.451,0.0,0.1,.333,3.9,8.5,.453,.453,3.0,3.8,.783,1.9,4.6,6.4,1.0,1.2,1.9,1.6,2.8,10.8)
(2009,395,Alando Tucker,SG,24,PHO,30,1,9.4,1.7,4.0,.430,0.3,0.8,.348,1.5,3.3,.449,.463,0.9,1.1,.788,0.6,0.4,1.0,0.4,0.2,0.0,0.5,0.5,4.6)
(2009,399,Beno Udrih,PG,26,SAC,73,72,31.1,4.4,9.5,.461,0.5,1.5,.310,3.9,8.0,.491,.486,1.7,2.1,.820,0.6,2.4,3.0,4.7,1.1,0.2,2.2,2.6,11.0)
(2009,402,Jacque Vaughn,PG,33,SAS,30,0,9.7,0.8,2.5,.320,0.0,0.0,1.000,0.8,2.5,.311,.327,0.5,0.6,.889,0.1,0.6,0.7,1.8,0.2,0.0,0.5,0.9,2.2)
(2009,406,Dwyane Wade,SG,27,MIA,79,79,38.6,10.8,22.0,.491,1.1,3.5,.317,9.7,18.5,.524,.516,7.5,9.8,.765,1.1,3.9,5.0,7.5,2.2,1.3,3.4,2.3,30.2)
(2009,410,Gerald Wallace,SF,26,CHA,71,71,37.6,5.5,11.4,.480,0.5,1.8,.298,4.9,9.6,.515,.504,5.1,6.4,.804,1.6,6.2,7.8,2.7,1.7,0.9,2.1,3.0,16.6)
(2009,414,C.J. Watson,PG,24,GSW,77,18,24.5,3.3,7.3,.457,0.6,1.6,.400,2.7,5.7,.473,.500,2.2,2.5,.870,0.5,2.0,2.5,2.7,1.2,0.1,1.2,1.8,9.5)
(2009,418,Sonny Weems,SG,22,DEN,12,0,4.6,0.7,2.1,.320,0.0,0.3,.000,0.7,1.8,.364,.320,0.3,0.7,.375,0.0,0.3,0.3,0.3,0.1,0.0,0.5,0.7,1.6)
(2009,421,Mario West,SG,24,ATL,53,3,5.1,0.3,0.6,.412,0.0,0.0,1.000,0.2,0.6,.394,.426,0.3,0.6,.467,0.5,0.6,1.1,0.4,0.3,0.1,0.2,0.7,0.8)
(2009,425,Chris Wilcox,C,26,TOT,62,6,16.9,3.0,6.0,.497,0.0,0.1,.000,3.0,5.9,.503,.497,1.3,2.3,.564,1.5,2.9,4.5,0.8,0.4,0.3,1.2,2.2,7.2)
(2009,429,Louis Williams,SG,22,PHI,81,0,23.7,4.1,10.4,.398,0.8,2.7,.286,3.4,7.7,.438,.435,3.8,4.8,.790,0.4,1.6,2.0,3.0,1.0,0.2,1.9,1.6,12.8)
(2009,433,Mo Williams,PG,26,CLE,81,81,35.0,6.5,13.9,.467,2.3,5.2,.436,4.2,8.7,.486,.548,2.6,2.8,.912,0.6,2.9,3.4,4.1,0.9,0.1,2.2,2.7,17.8)
(2009,437,Metta World Peace,SF,29,HOU,69,55,35.5,6.0,15.0,.401,2.2,5.6,.399,3.8,9.5,.402,.475,2.8,3.8,.748,0.9,4.3,5.2,3.3,1.5,0.3,2.0,2.2,17.1)
(2009,Rk,Player,Pos,Age,Tm,G,GS,MP,FG,FGA,FG%,3P,3PA,3P,2P,2PA,2P,eFG%,FT,FTA,FT%,ORB,DRB,TRB,AST,STL,BLK,TOV,PF,PTS)
(2009,444,Thaddeus Young,PF,20,PHI,75,71,34.4,6.3,12.8,.495,0.7,2.2,.341,5.6,10.6,.526,.524,1.9,2.5,.735,1.9,3.2,5.0,1.1,1.3,0.3,1.6,2.2,15.3)
