(1978,Rk,Player,Pos,Age,Tm,G,GS,MP,FG,FGA,FG%,3P,3PA,3P%,2P,2PA,2P%,eFG%,FT,FTA,FT%,ORB,DRB,TRB,AST,STL,BLK,TOV,PF,PTS)
(1978,4,Alvan Adams,C,23,PHO,70,,27.3,6.2,12.8,.485,,,,6.2,12.8,.485,.485,3.1,4.2,.730,2.3,5.8,8.1,3.2,1.2,0.9,3.3,3.5,15.5)
(1978,8,Bird Averitt,SG,25,TOT,55,,19.7,3.6,8.8,.409,,,,3.6,8.8,.409,.409,1.8,2.6,.709,0.3,1.2,1.5,3.6,0.7,0.2,2.6,2.2,9.0)
(1978,12,Mike Bantom,SF,26,IND,82,,33.8,6.1,12.8,.479,,,,6.1,12.8,.479,.479,3.1,4.2,.743,2.2,5.2,7.4,2.9,1.2,0.6,2.7,4.1,15.3)
(1978,16,Butch Beard,PG,30,NYK,79,,25.1,3.9,7.8,.502,,,,3.9,7.8,.502,.502,1.6,2.0,.806,1.0,2.4,3.3,4.3,1.5,0.0,1.9,2.5,9.4)
(1978,20,Henry Bibby,PG,28,PHI,82,,30.7,3.5,8.0,.434,,,,3.5,8.0,.434,.434,2.1,2.7,.781,0.8,2.3,3.1,5.7,1.1,0.1,1.9,2.5,9.1)
(1978,23,Otis Birdsong,SG,22,KCK,73,,25.7,6.4,13.1,.492,,,,6.4,13.1,.492,.492,3.0,4.2,.697,1.0,1.4,2.4,2.4,1.0,0.2,2.0,2.5,15.8)
(1978,27,Jim Bostic,PF,25,DET,4,,12.0,3.0,5.5,.545,,,,3.0,5.5,.545,.545,0.5,1.3,.400,2.0,2.0,4.0,0.8,0.0,0.0,0.8,1.3,6.5)
(1978,31,Mike Bratz,PG,22,PHO,80,,11.7,2.0,4.9,.403,,,,2.0,4.9,.403,.403,0.7,0.9,.824,0.5,0.9,1.4,1.5,0.5,0.1,1.1,1.3,4.7)
(1978,35,Wayman Britt,SG,25,DET,7,,2.3,0.4,1.4,.300,,,,0.4,1.4,.300,.300,0.4,0.6,.750,0.1,0.4,0.6,0.3,0.1,0.0,0.1,0.4,1.3)
(1978,39,Joe Bryant,PF,23,PHI,81,,15.3,2.3,5.4,.436,,,,2.3,5.4,.436,.436,1.4,1.8,.771,1.3,2.2,3.5,1.6,0.7,0.3,1.4,2.3,6.1)
(1978,42,Tom Burleson,C,25,KCK,76,,20.1,3.0,6.9,.434,,,,3.0,6.9,.434,.434,2.6,3.3,.794,2.2,4.1,6.3,1.7,0.8,1.1,1.6,3.4,8.6)
(1978,46,Austin Carr,SG,29,CLE,82,,26.7,5.0,11.5,.438,,,,5.0,11.5,.438,.438,2.2,2.7,.813,0.9,1.4,2.3,2.7,0.8,0.2,1.8,2.0,12.3)
(1978,50,Harvey Catchings,C,26,PHI,61,,12.3,1.1,2.9,.393,,,,1.1,2.9,.393,.393,0.6,0.9,.618,1.7,2.4,4.1,0.6,0.3,1.1,0.7,2.0,2.9)
(1978,54,Jim Chones,C,28,CLE,82,,35.4,6.4,13.6,.472,,,,6.4,13.6,.472,.472,2.2,3.0,.720,2.7,7.6,10.3,1.6,0.6,0.7,2.2,2.9,15.0)
(1978,58,Norm Cook,SF,22,DEN,2,,5.0,0.5,1.5,.333,,,,0.5,1.5,.333,.333,0.0,0.0,,0.5,1.0,1.5,0.5,0.0,0.0,0.0,2.0,1.0)
(1978,61,Charlie Criss,PG,29,ATL,77,,25.1,4.1,9.8,.425,,,,4.1,9.8,.425,.425,3.1,3.8,.797,0.3,1.3,1.6,3.8,1.4,0.1,1.9,1.9,11.4)
(1978,65,Adrian Dantley*,SF,21,TOT,79,,37.1,7.3,14.3,.512,,,,7.3,14.3,.512,.512,6.8,8.6,.796,3.4,4.5,7.8,3.2,1.5,0.3,2.9,2.9,21.5)
(1978,69,Darryl Dawkins,C,21,PHI,70,,24.6,4.7,8.2,.575,,,,4.7,8.2,.575,.575,2.2,3.1,.709,1.7,6.3,7.9,1.2,0.5,1.8,1.8,3.8,11.7)
(1978,73,Jacky Dorsey,SF,23,TOT,11,,8.0,1.1,2.8,.387,,,,1.1,2.8,.387,.387,0.9,1.5,.625,1.0,1.7,2.7,0.5,0.2,0.3,0.5,1.5,3.1)
(1978,77,Mike Dunleavy,PG,23,TOT,15,,7.9,1.3,3.3,.400,,,,1.3,3.3,.400,.400,0.9,1.2,.722,0.1,0.6,0.7,1.9,0.6,0.1,0.8,0.8,3.5)
(1978,Rk,Player,Pos,Age,Tm,G,GS,MP,FG,FGA,FG%,3P,3PA,3P%,2P,2PA,2P%,eFG%,FT,FTA,FT%,ORB,DRB,TRB,AST,STL,BLK,TOV,PF,PTS)
(1978,84,Alex English*,SF,24,MIL,82,,18.9,4.2,7.7,.542,,,,4.2,7.7,.542,.542,1.3,1.7,.727,1.8,3.1,4.8,1.6,0.5,0.7,1.7,2.2,9.6)
(1978,88,Chris Ford,SG,29,DET,82,,31.5,4.6,9.5,.481,,,,4.6,9.5,.481,.481,1.4,1.9,.734,1.4,1.8,3.3,4.6,2.0,0.2,2.8,2.2,10.5)
(1978,92,World B. Free,SG,24,PHI,76,,27.0,5.1,11.3,.455,,,,5.1,11.3,.455,.455,5.4,7.4,.731,1.2,1.6,2.8,4.0,0.9,0.5,2.6,2.6,15.7)
(1978,96,George Gervin*,SG,25,SAS,82,,34.8,10.5,19.6,.536,,,,10.5,19.6,.536,.536,6.1,7.4,.830,1.4,3.7,5.1,3.7,1.7,1.3,3.7,3.1,27.2)
(1978,100,Glen Gondrezick,SF,22,NYK,72,,14.1,1.8,4.7,.386,,,,1.8,4.7,.386,.386,1.2,1.7,.686,1.3,2.2,3.5,1.2,0.8,0.3,1.1,2.5,4.8)
(1978,103,Rickey Green,PG,23,GSW,76,,14.4,1.9,4.9,.381,,,,1.9,4.9,.381,.381,0.7,1.2,.600,0.6,0.9,1.5,2.0,0.8,0.0,1.0,1.3,4.5)
(1978,107,Paul Griffin,PF,24,NOJ,82,,22.6,2.0,4.4,.447,,,,2.0,4.4,.447,.447,1.4,1.9,.713,1.9,4.3,6.2,2.1,1.1,0.5,1.8,2.8,5.3)
(1978,111,Joe Hassett,SG,22,SEA,48,,8.4,1.9,4.3,.444,,,,1.9,4.3,.444,.444,0.2,0.3,.833,0.3,0.5,0.8,0.9,0.4,0.0,0.7,0.9,4.0)
(1978,115,Elvin Hayes*,PF,32,WSB,81,,40.1,7.9,17.4,.451,,,,7.9,17.4,.451,.451,4.0,6.3,.634,4.1,9.1,13.3,1.8,1.2,2.0,2.8,3.9,19.7)
(1978,119,Armond Hill,PG,24,ATL,82,,30.9,3.7,8.9,.415,,,,3.7,8.9,.415,.415,2.3,2.7,.848,0.7,2.1,2.8,5.2,1.8,0.2,2.9,3.7,9.7)
(1978,122,Lionel Hollins,PG,24,POR,81,,33.8,6.6,14.8,.442,,,,6.6,14.8,.442,.442,2.8,3.7,.743,1.0,2.4,3.4,4.7,1.9,0.4,3.0,3.3,15.9)
(1978,126,Phil Jackson*,PF,32,NYK,63,,10.4,0.9,1.8,.478,,,,0.9,1.8,.478,.478,0.7,0.9,.768,0.5,1.3,1.7,0.7,0.5,0.2,0.7,1.7,2.4)
(1978,130,Eddie Johnson,SG,22,ATL,79,,23.7,4.2,8.7,.484,,,,4.2,8.7,.484,.484,2.1,2.5,.816,0.6,1.3,1.9,3.0,1.3,0.1,2.1,2.9,10.5)
(1978,134,Marques Johnson,SF,21,MIL,80,,34.6,7.9,15.1,.522,,,,7.9,15.1,.522,.522,3.8,5.1,.736,3.7,6.9,10.6,2.4,1.2,1.3,2.2,2.8,19.5)
(1978,138,Caldwell Jones,C,27,PHI,80,,20.5,2.1,4.5,.471,,,,2.1,4.5,.471,.471,1.2,1.9,.627,2.1,5.1,7.1,1.2,0.3,1.6,1.6,3.5,5.4)
(1978,141,Wil Jones,PF,30,BUF,79,,21.7,2.9,6.5,.440,,,,2.9,6.5,.440,.440,1.1,1.5,.706,1.3,2.9,4.2,1.5,0.9,0.5,1.7,3.2,6.8)
(1978,147,Billy Knight,SF,25,BUF,53,,40.7,8.6,17.5,.494,,,,8.6,17.5,.494,.494,5.7,7.0,.809,2.4,4.8,7.2,3.0,1.5,0.2,3.2,2.6,22.9)
(1978,151,Kevin Kunnert,C,26,HOU,80,,26.9,4.6,10.5,.437,,,,4.6,10.5,.437,.437,1.2,1.7,.689,3.3,5.4,8.7,1.2,0.6,1.1,1.8,3.9,10.4)
(1978,155,Tom LaGarde,C,22,DEN,77,,11.3,1.2,3.1,.405,,,,1.2,3.1,.405,.405,1.5,1.9,.760,1.0,1.8,2.8,0.6,0.2,0.2,1.3,1.9,4.0)
(1978,159,Rich Laurel,SG,23,MIL,10,,5.7,1.0,3.1,.323,,,,1.0,3.1,.323,.323,0.4,0.4,1.000,0.6,0.4,1.0,0.3,0.3,0.1,0.4,1.0,2.4)
(1978,162,Scott Lloyd,C,25,TOT,70,,9.7,1.1,2.8,.415,,,,1.1,2.8,.415,.415,0.7,1.0,.721,0.7,1.3,2.1,0.6,0.2,0.2,0.6,1.5,3.0)
(1978,166,Pete Maravich*,SG,30,NOJ,50,,40.8,11.1,25.1,.444,,,,11.1,25.1,.444,.444,4.8,5.5,.870,1.0,2.6,3.6,6.7,2.0,0.2,5.0,2.3,27.0)
(1978,170,Bob McAdoo*,C,26,NYK,79,,40.3,10.3,19.8,.520,,,,10.3,19.8,.520,.520,5.9,8.2,.727,3.0,9.8,12.8,3.8,1.3,1.6,4.4,3.8,26.5)
(1978,174,Jim McElroy,PG,24,NOJ,74,,23.8,3.9,8.2,.473,,,,3.9,8.2,.473,.473,1.7,2.3,.737,0.6,1.4,2.0,3.9,0.8,0.5,1.9,1.5,9.4)
(1978,178,Larry McNeill,PF,27,TOT,46,,20.4,3.5,7.7,.455,,,,3.5,7.7,.455,.455,3.2,3.8,.829,1.7,2.7,4.4,1.0,0.4,0.2,1.5,2.5,10.2)
(1978,181,Dave Meyers,PF,24,MIL,80,,30.2,5.4,11.7,.461,,,,5.4,11.7,.461,.461,3.9,5.4,.722,1.8,4.9,6.7,3.0,1.1,0.6,2.7,3.0,14.7)
(1978,185,Earl Monroe*,SG,33,NYK,76,,31.2,7.3,14.8,.495,,,,7.3,14.8,.495,.495,3.2,3.8,.832,0.6,1.8,2.4,4.8,0.8,0.3,2.4,2.5,17.8)
(1978,189,Swen Nater,C,28,BUF,78,,35.6,6.4,12.7,.504,,,,6.4,12.7,.504,.504,2.7,3.5,.765,3.6,9.6,13.2,2.8,0.5,0.6,2.9,3.5,15.5)
(1978,193,Mike Newlin,SG,29,HOU,45,,26.2,4.8,11.0,.436,,,,4.8,11.0,.436,.436,3.4,3.9,.874,0.8,1.9,2.7,4.5,1.2,0.2,2.7,2.8,13.0)
(1978,197,Eddie Owens,SF,24,BUF,8,,7.9,1.1,2.6,.429,,,,1.1,2.6,.429,.429,0.4,0.8,.500,0.6,0.6,1.3,0.6,0.1,0.0,0.4,1.1,2.6)
(1978,Rk,Player,Pos,Age,Tm,G,GS,MP,FG,FGA,FG%,3P,3PA,3P%,2P,2PA,2P%,eFG%,FT,FTA,FT%,ORB,DRB,TRB,AST,STL,BLK,TOV,PF,PTS)
(1978,204,Cliff Pondexter,PF,23,CHI,44,,12.1,0.8,1.9,.435,,,,0.8,1.9,.435,.435,0.3,0.5,.700,0.8,2.1,3.0,2.0,0.4,0.3,0.7,1.5,2.0)
(1978,208,Jim Price,PG,28,TOT,83,,23.2,3.5,7.9,.448,,,,3.5,7.9,.448,.448,1.6,2.0,.799,0.7,2.4,3.1,3.1,1.4,0.1,2.1,2.4,8.7)
(1978,212,Kevin Restani,PF,26,TOT,54,,10.1,1.3,3.1,.431,,,,1.3,3.1,.431,.431,0.2,0.2,.692,0.7,1.3,2.0,0.6,0.1,0.1,0.3,0.8,2.8)
(1978,216,Bill Robinzine,PF,25,KCK,82,,21.3,3.7,8.3,.451,,,,3.7,8.3,.451,.451,2.5,3.3,.760,2.1,4.5,6.6,0.9,0.9,0.1,2.1,3.4,10.0)
(1978,220,Curtis Rowe,PF,28,BOS,51,,17.9,2.4,5.4,.451,,,,2.4,5.4,.451,.451,1.3,1.7,.742,1.5,2.5,4.0,0.9,0.3,0.2,1.5,1.8,6.1)
(1978,223,Fred Saunders,SF,26,TOT,56,,11.5,1.8,4.2,.423,,,,1.8,4.2,.423,.423,0.5,0.6,.722,0.7,1.3,2.0,0.8,0.4,0.3,0.8,1.9,4.0)
(1978,227,Bruce Seals,SF,24,SEA,73,,18.1,3.2,7.5,.417,,,,3.2,7.5,.417,.417,1.5,2.4,.634,0.8,2.2,3.1,1.1,0.6,0.5,1.4,2.9,7.8)
(1978,231,Jack Sikma,C,22,SEA,82,,27.3,4.2,9.2,.455,,,,4.2,9.2,.455,.455,2.3,3.0,.777,2.4,5.9,8.3,1.6,0.8,0.5,2.3,3.7,10.7)
(1978,235,Scott Sims,PG,22,SAS,12,,7.9,0.8,2.2,.385,,,,0.8,2.2,.385,.385,0.8,1.3,.667,0.4,0.7,1.1,1.7,0.3,0.0,1.6,1.3,2.5)
(1978,239,Phil Smith,SG,25,GSW,82,,35.9,7.9,16.7,.472,,,,7.9,16.7,.472,.472,3.9,4.7,.812,1.2,2.4,3.7,4.8,1.3,0.3,3.2,2.7,19.7)
(1978,242,Willie Smith,PG,24,IND,1,,7.0,0.0,0.0,,,,,0.0,0.0,,,0.0,0.0,,0.0,0.0,0.0,1.0,0.0,0.0,0.0,1.0,0.0)
(1978,246,Larry Steele,SG,28,POR,65,,17.4,3.2,6.9,.470,,,,3.2,6.9,.470,.470,1.5,1.9,.820,0.5,1.2,1.7,1.3,0.9,0.1,1.0,2.1,8.0)
(1978,250,David Thompson*,SG,23,DEN,80,,37.8,10.3,19.8,.521,,,,10.3,19.8,.521,.521,6.5,8.4,.778,2.0,2.9,4.9,4.5,1.2,1.2,3.1,2.7,27.2)
(1978,254,Wes Unseld*,C,31,WSB,80,,33.1,3.2,6.1,.523,,,,3.2,6.1,.523,.523,1.2,2.2,.538,3.6,8.4,11.9,4.1,1.2,0.6,2.2,2.9,7.6)
(1978,258,Phil Walker,SG,21,WSB,40,,9.6,1.4,4.0,.354,,,,1.4,4.0,.354,.354,1.6,2.4,.667,0.5,0.8,1.3,1.4,0.4,0.1,1.6,1.0,4.5)
(1978,261,Lloyd Walton,PG,24,MIL,76,,16.6,2.0,4.5,.448,,,,2.0,4.5,.448,.448,0.7,1.1,.651,0.3,0.7,1.0,3.3,1.0,0.2,1.4,1.2,4.8)
(1978,265,Slick Watts,PG,26,TOT,71,,22.3,3.1,7.9,.392,,,,3.1,7.9,.392,.392,1.3,2.2,.590,0.8,1.7,2.5,4.1,1.5,0.4,2.4,2.6,7.5)
(1978,269,Paul Westphal,SG,27,PHO,80,,31.0,10.1,19.6,.516,,,,10.1,19.6,.516,.516,5.0,6.1,.813,0.5,1.5,2.1,5.5,1.7,0.4,3.5,2.0,25.2)
(1978,273,Bob Wilkerson,SF,23,DEN,81,,34.3,4.7,11.6,.408,,,,4.7,11.6,.408,.408,1.9,2.6,.748,1.2,4.6,5.9,5.4,1.6,0.3,3.6,3.4,11.4)
(1978,277,Nate Williams,SG,27,TOT,73,,17.1,4.3,9.9,.431,,,,4.3,9.9,.431,.431,1.4,1.7,.835,0.9,1.9,2.8,1.0,0.8,0.5,1.1,2.5,9.9)
(1978,Rk,Player,Pos,Age,Tm,G,GS,MP,FG,FGA,FG%,3P,3PA,3P%,2P,2PA,2P%,eFG%,FT,FTA,FT%,ORB,DRB,TRB,AST,STL,BLK,TOV,PF,PTS)
(1978,284,Dave Wohl,PG,28,NJN,10,,11.8,1.2,3.4,.353,,,,1.2,3.4,.353,.353,1.1,1.2,.917,0.1,0.3,0.4,1.3,0.3,0.0,1.6,2.4,3.5)
