(1978,1,Zaid Abdul-Aziz,PF-C,31,TOT,16,,9.9,1.4,3.8,.383,,,,1.4,3.8,.383,.383,1.1,1.4,.739,1.2,1.9,3.1,0.6,0.2,0.2,0.9,1.8,3.9)
(1978,5,Lucius Allen,PG,30,KCK,77,,27.9,4.8,11.0,.441,,,,4.8,11.0,.441,.441,2.3,2.9,.791,0.9,2.1,3.0,4.7,1.2,0.4,2.8,2.3,11.9)
(1978,9,Dennis Awtrey,C,29,PHO,81,,20.0,1.4,3.3,.424,,,,1.4,3.3,.424,.424,0.9,1.3,.633,1.2,2.5,3.7,2.0,0.2,0.3,1.6,1.9,3.6)
(1978,13,Marvin Barnes,PF,25,TOT,60,,27.4,4.7,11.0,.422,,,,4.7,11.0,.422,.422,2.1,3.0,.703,2.3,5.1,7.3,2.3,1.1,1.4,2.3,4.0,11.4)
(1978,17,Ron Behagen,PF,27,TOT,80,,21.7,4.3,10.1,.430,,,,4.3,10.1,.430,.430,2.2,3.1,.725,2.5,3.9,6.4,1.3,0.8,0.4,2.2,3.3,10.9)
(1978,Rk,Player,Pos,Age,Tm,G,GS,MP,FG,FGA,FG%,3P,3PA,3P%,2P,2PA,2P%,eFG%,FT,FTA,FT%,ORB,DRB,TRB,AST,STL,BLK,TOV,PF,PTS)
(1978,24,Tom Boerwinkle,C,32,CHI,22,,10.3,1.0,2.3,.460,,,,1.0,2.3,.460,.460,0.5,0.6,.769,0.6,2.0,2.7,2.0,0.1,0.2,1.2,1.6,2.5)
(1978,28,Tom Boswell,PF,24,BOS,65,,17.7,2.8,5.5,.518,,,,2.8,5.5,.518,.518,1.4,1.9,.756,1.8,2.6,4.4,1.1,0.4,0.2,1.5,3.1,7.1)
(1978,32,Jim Brewer,PF,26,CLE,80,,22.5,2.2,4.9,.449,,,,2.2,4.9,.449,.449,0.6,1.3,.460,2.3,3.9,6.2,1.2,0.8,0.6,1.3,2.2,5.0)
(1978,36,Gary Brokaw,SG,24,BUF,13,,10.0,1.4,3.3,.419,,,,1.4,3.3,.419,.419,1.4,1.8,.750,0.2,0.7,0.9,1.5,0.2,0.4,0.9,0.8,4.2)
(1978,40,Quinn Buckner,PG,23,MIL,82,,25.3,3.8,8.2,.468,,,,3.8,8.2,.468,.468,1.6,2.5,.645,1.0,2.1,3.0,5.6,2.3,0.2,2.8,3.5,9.3)
(1978,43,Don Buse,PG,27,PHO,82,,31.1,3.5,7.6,.458,,,,3.5,7.6,.458,.458,1.4,1.7,.824,0.7,2.3,3.0,4.8,2.3,0.2,1.5,1.8,8.4)
(1978,47,Kenny Carr,PF,22,LAL,52,,14.1,2.6,5.8,.444,,,,2.6,5.8,.444,.444,1.1,1.6,.647,1.0,3.0,4.0,0.5,0.3,0.3,1.7,2.4,6.2)
(1978,51,Don Chaney,SG,31,TOT,51,,16.4,2.0,5.3,.387,,,,2.0,5.3,.387,.387,0.7,0.9,.844,0.8,1.5,2.3,1.3,0.9,0.3,1.2,2.1,4.8)
(1978,55,Jim Cleamons,PG,28,NYK,79,,25.4,2.7,5.7,.480,,,,2.7,5.7,.480,.480,1.0,1.3,.786,0.9,1.8,2.7,3.6,0.9,0.2,1.4,1.8,6.5)
(1978,59,Dave Cowens*,C,29,BOS,77,,41.8,7.8,15.8,.490,,,,7.8,15.8,.490,.490,3.1,3.7,.842,3.2,10.8,14.0,4.6,1.3,0.9,2.8,3.9,18.6)
(1978,62,Mark Crow,SF,23,NJN,15,,10.3,2.3,5.3,.438,,,,2.3,5.3,.438,.438,0.9,1.3,.700,0.9,0.9,1.8,0.5,0.3,0.1,0.8,1.6,5.6)
(1978,66,Brad Davis,PG,22,LAL,33,,10.1,0.9,2.2,.417,,,,0.9,2.2,.417,.417,0.7,0.9,.759,0.1,0.9,1.1,2.5,0.5,0.1,1.1,1.2,2.5)
(1978,70,Derrek Dickey,PF,26,TOT,47,,10.5,1.9,4.2,.439,,,,1.9,4.2,.439,.439,0.6,0.8,.833,0.8,1.3,2.1,0.4,0.3,0.1,0.9,1.2,4.3)
(1978,74,Leon Douglas,C,23,DET,79,,25.2,4.1,8.4,.481,,,,4.1,8.4,.481,.481,2.8,4.4,.641,2.3,5.1,7.4,1.4,0.7,0.6,2.5,3.7,10.9)
(1978,78,T.R. Dunn,SG,22,POR,63,,12.2,1.6,3.8,.417,,,,1.6,3.8,.417,.417,0.6,0.9,.661,1.0,1.3,2.3,0.7,0.7,0.1,0.6,1.2,3.8)
(1978,81,James Edwards,C,22,TOT,83,,29.0,6.0,13.2,.453,,,,6.0,13.2,.453,.453,3.3,5.1,.646,2.4,5.0,7.4,1.0,0.6,0.9,2.0,3.9,15.2)
(1978,85,Julius Erving*,SF,27,PHI,74,,32.8,8.3,16.4,.502,,,,8.3,16.4,.502,.502,4.1,4.9,.845,2.4,4.1,6.5,3.8,1.8,1.3,3.2,2.8,20.6)
(1978,89,Don Ford,PF,25,LAL,79,,24.6,3.4,7.3,.472,,,,3.4,7.3,.472,.472,0.9,1.1,.756,1.3,3.1,4.5,1.8,0.9,0.6,1.1,2.7,7.7)
(1978,93,Terry Furlow,SG,23,CLE,53,,15.6,3.6,8.4,.433,,,,3.6,8.4,.433,.433,1.7,1.9,.889,0.9,1.1,2.0,1.4,0.4,0.3,1.5,1.3,8.9)
(1978,97,John Gianelli,C,27,MIL,82,,28.4,3.7,7.7,.488,,,,3.7,7.7,.488,.488,1.0,1.5,.642,2.0,4.2,6.2,2.3,0.7,1.1,1.8,2.3,8.5)
(1978,Rk,Player,Pos,Age,Tm,G,GS,MP,FG,FGA,FG%,3P,3PA,3P%,2P,2PA,2P%,eFG%,FT,FTA,FT%,ORB,DRB,TRB,AST,STL,BLK,TOV,PF,PTS)
(1978,104,Steve Green,SF,24,IND,44,,10.2,1.3,2.9,.438,,,,1.3,2.9,.438,.438,0.9,1.3,.696,0.7,0.9,1.6,0.7,0.3,0.0,0.5,1.5,3.4)
(1978,108,Bob Gross,SF,24,POR,72,,30.0,5.3,10.0,.529,,,,5.3,10.0,.529,.529,2.1,2.6,.800,2.5,3.1,5.6,3.5,1.4,0.7,2.5,3.3,12.7)
(1978,112,John Havlicek*,SF,37,BOS,82,,34.1,6.7,14.8,.449,,,,6.7,14.8,.449,.449,2.8,3.3,.855,1.1,2.9,4.0,4.0,1.1,0.3,2.5,2.3,16.1)
(1978,116,Spencer Haywood*,PF,28,NYK,67,,26.3,6.1,12.7,.484,,,,6.1,12.7,.484,.484,1.4,2.0,.711,2.1,4.5,6.6,1.9,0.6,1.1,2.1,2.8,13.7)
(1978,120,Darnell Hillman,PF,28,TOT,78,,25.2,4.4,9.1,.479,,,,4.4,9.1,.479,.479,2.1,3.7,.584,2.6,4.8,7.4,1.3,0.8,1.0,2.2,3.7,10.9)
(1978,123,Lou Hudson,SG,33,LAL,82,,27.8,6.0,12.1,.497,,,,6.0,12.1,.497,.497,1.7,2.2,.774,1.0,1.3,2.3,2.4,1.1,0.2,1.8,2.4,13.7)
(1978,127,Aaron James,SF,25,NOJ,80,,26.5,5.4,10.8,.497,,,,5.4,10.8,.497,.497,1.5,2.0,.745,2.0,3.2,5.3,1.4,0.5,0.3,1.6,3.2,12.2)
(1978,131,George Johnson,C,29,NJN,81,,29.8,3.5,8.9,.395,,,,3.5,8.9,.395,.395,1.6,2.3,.719,3.0,6.6,9.6,1.4,1.0,3.4,2.7,4.2,8.7)
(1978,135,Mickey Johnson,PF,25,CHI,81,,35.4,6.9,15.0,.462,,,,6.9,15.0,.462,.462,4.5,5.5,.812,2.7,6.4,9.1,3.3,1.1,0.8,3.3,3.9,18.3)
(1978,139,Dwight Jones,PF,25,HOU,82,,30.2,4.2,9.5,.445,,,,4.2,9.5,.445,.445,2.2,2.8,.777,2.6,5.2,7.8,1.3,0.9,0.5,2.0,3.2,10.6)
(1978,142,Eddie Jordan,PG,23,TOT,73,,16.6,2.9,7.4,.400,,,,2.9,7.4,.400,.400,1.8,2.3,.784,0.5,1.2,1.6,2.4,1.7,0.3,1.5,1.3,7.7)
(1978,144,Rich Kelley,C,24,NOJ,82,,25.8,3.7,7.3,.505,,,,3.7,7.3,.505,.505,2.7,3.5,.779,3.0,6.2,9.3,2.8,1.1,1.6,2.7,3.6,10.2)
(1978,148,Toby Knight,SF,22,NYK,80,,14.6,2.8,5.8,.477,,,,2.8,5.8,.477,.477,0.8,1.2,.649,1.5,2.5,4.0,0.5,0.6,0.4,1.2,2.6,6.3)
(1978,152,Mitch Kupchak,PF,23,WSB,67,,26.3,5.9,11.5,.512,,,,5.9,11.5,.512,.512,4.2,6.0,.697,2.4,4.4,6.9,1.1,0.4,0.6,2.7,2.9,15.9)
(1978,156,John Lambert,PF,25,CLE,76,,14.1,1.9,4.4,.423,,,,1.9,4.4,.423,.423,0.4,0.6,.563,1.6,2.6,4.3,0.5,0.4,0.7,0.8,2.2,4.1)
(1978,160,Mo Layton,PG,29,SAS,41,,12.1,2.1,4.1,.506,,,,2.1,4.1,.506,.506,0.3,0.3,.923,0.1,0.7,0.8,2.6,0.5,0.1,1.4,1.2,4.4)
(1978,163,John Lucas,PG,24,HOU,82,,35.8,5.0,11.5,.435,,,,5.0,11.5,.435,.435,2.4,3.0,.772,0.6,2.5,3.1,9.4,2.0,0.1,2.6,2.5,12.4)
(1978,167,Ricky Marsh,SG,23,GSW,60,,14.2,2.1,4.8,.426,,,,2.1,4.8,.426,.426,0.4,0.6,.697,0.3,1.0,1.3,1.5,0.5,0.3,0.8,1.9,4.5)
(1978,171,Andre McCarter,PG,24,KCK,1,,9.0,0.0,2.0,.000,,,,0.0,2.0,.000,.000,0.0,0.0,,0.0,1.0,1.0,0.0,0.0,0.0,0.0,1.0,0.0)
(1978,175,George McGinnis,PF,27,PHI,78,,32.5,7.5,16.3,.463,,,,7.5,16.3,.463,.463,5.3,7.4,.716,3.6,6.8,10.4,3.8,1.8,0.3,4.0,3.7,20.3)
(1978,179,John Mengelt,SG,28,CHI,81,,21.8,4.0,8.3,.481,,,,4.0,8.3,.481,.481,2.3,2.9,.773,0.5,1.1,1.6,2.9,0.6,0.0,1.5,2.1,10.3)
(1978,182,Steve Mix,SF,30,PHI,82,,22.2,3.5,6.8,.520,,,,3.5,6.8,.520,.520,2.1,2.7,.795,1.2,2.5,3.6,2.1,1.1,0.0,1.6,1.9,9.2)
(1978,186,Glenn Mosley,PF,22,PHI,6,,3.5,0.8,2.2,.385,,,,0.8,2.2,.385,.385,0.5,1.2,.429,0.0,0.8,0.8,0.3,0.0,0.0,0.8,0.8,2.2)
(1978,190,Lloyd Neal,PF,27,POR,61,,19.2,4.5,8.9,.504,,,,4.5,8.9,.504,.504,2.1,2.9,.718,1.9,4.2,6.1,1.3,0.5,0.3,1.6,2.1,11.0)
(1978,194,Norm Nixon,PG,22,LAL,81,,34.3,6.1,12.3,.497,,,,6.1,12.3,.497,.497,1.4,2.0,.714,0.5,2.4,3.0,6.8,1.7,0.1,3.1,3.2,13.7)
(1978,198,Tom Owens,C,28,POR,82,,20.9,3.8,7.8,.490,,,,3.8,7.8,.490,.490,2.5,3.4,.741,2.4,4.2,6.6,2.0,0.4,0.5,1.9,3.2,10.1)
(1978,201,Sonny Parker,SF,22,GSW,82,,25.2,5.0,9.5,.519,,,,5.0,9.5,.519,.519,1.5,2.1,.705,2.0,2.7,4.7,1.9,1.6,0.4,1.6,2.3,11.4)
(1978,205,Ben Poquette,PF,22,DET,52,,12.0,1.8,4.3,.422,,,,1.8,4.3,.422,.422,0.8,1.2,.700,1.0,1.8,2.8,0.4,0.2,0.4,0.8,1.3,4.5)
(1978,209,Ed Ratleff,SF,27,HOU,68,,17.1,1.9,4.6,.419,,,,1.9,4.6,.419,.419,0.6,0.7,.830,0.8,1.6,2.4,2.3,0.9,0.3,1.0,1.6,4.4)
(1978,213,Anthony Roberts,SF,22,DEN,82,,19.5,3.8,9.0,.423,,,,3.8,9.0,.423,.423,1.9,2.6,.722,1.6,2.6,4.3,1.3,0.5,0.1,1.4,2.6,9.5)
(1978,217,Dave Robisch,C,28,TOT,78,,16.4,2.3,5.5,.412,,,,2.3,5.5,.412,.412,1.3,1.7,.775,1.3,3.2,4.5,1.1,0.5,0.4,0.9,1.7,5.8)
(1978,Rk,Player,Pos,Age,Tm,G,GS,MP,FG,FGA,FG%,3P,3PA,3P%,2P,2PA,2P%,eFG%,FT,FTA,FT%,ORB,DRB,TRB,AST,STL,BLK,TOV,PF,PTS)
(1978,224,Dale Schlueter,C,32,POR,10,,10.9,0.8,1.9,.421,,,,0.8,1.9,.421,.421,0.9,1.8,.500,0.5,1.6,2.1,1.8,0.3,0.2,1.5,2.0,2.5)
(1978,228,Lonnie Shelton,PF,22,NYK,82,,28.3,6.2,12.0,.514,,,,6.2,12.0,.514,.514,2.5,3.4,.736,2.5,4.6,7.1,2.4,1.3,1.4,2.8,4.3,14.9)
(1978,232,James Silas,PG,28,SAS,37,,8.4,1.2,2.6,.443,,,,1.2,2.6,.443,.443,1.6,2.0,.822,0.1,0.5,0.6,1.0,0.3,0.0,0.8,0.8,3.9)
(1978,236,Al Skinner,SG,25,TOT,77,,20.1,2.9,6.3,.455,,,,2.9,6.3,.455,.455,2.1,2.6,.798,0.9,2.0,2.9,1.9,0.8,0.3,2.1,3.1,7.9)
(1978,240,Randy Smith,SG,29,BUF,82,,40.4,9.6,20.7,.465,,,,9.6,20.7,.465,.465,5.4,6.8,.800,1.3,2.4,3.8,5.6,2.1,0.1,3.5,2.7,24.6)
(1978,243,Dick Snyder,SG,33,CLE,58,,11.4,1.9,4.3,.444,,,,1.9,4.3,.444,.444,1.0,1.1,.875,0.2,0.7,0.8,1.0,0.4,0.3,0.8,1.3,4.8)
(1978,247,Earl Tatum,SG,24,TOT,82,,30.8,6.2,13.3,.469,,,,6.2,13.3,.469,.469,1.9,2.4,.781,1.0,2.6,3.6,3.6,1.7,0.5,2.2,3.1,14.3)
(1978,251,Dean Tolson,PF,26,SEA,1,,7.0,0.0,1.0,.000,,,,0.0,1.0,.000,.000,0.0,0.0,,0.0,0.0,0.0,2.0,0.0,0.0,1.0,2.0,0.0)
(1978,255,Jan Van Breda Kolff,SF,26,NJN,68,,20.9,1.6,4.3,.366,,,,1.6,4.3,.366,.366,1.3,1.8,.707,1.0,2.6,3.6,1.5,0.8,0.7,1.1,2.8,4.4)
(1978,259,Wally Walker,SF,23,TOT,77,,14.3,2.6,6.0,.443,,,,2.6,6.0,.443,.443,1.0,1.6,.625,1.1,1.7,2.8,1.0,0.3,0.1,1.0,1.8,6.3)
(1978,262,Kermit Washington,PF,26,TOT,57,,28.4,4.3,8.9,.487,,,,4.3,8.9,.487,.487,3.0,4.3,.691,3.8,7.0,10.8,1.3,0.8,1.1,1.9,3.3,11.6)
(1978,266,Nick Weatherspoon,SF,27,CHI,41,,14.9,2.1,4.7,.443,,,,2.1,4.7,.443,.443,0.9,1.0,.881,1.4,1.7,3.0,0.8,0.5,0.2,1.2,1.8,5.1)
(1978,270,Jo Jo White*,PG,31,BOS,46,,35.7,6.3,15.0,.419,,,,6.3,15.0,.419,.419,2.2,2.6,.858,1.2,2.8,3.9,4.5,1.1,0.2,2.5,2.4,14.8)
(1978,274,Jamaal Wilkes*,SF,24,LAL,51,,29.2,5.4,12.4,.440,,,,5.4,12.4,.440,.440,2.1,2.9,.716,2.2,5.2,7.5,3.6,1.5,0.4,2.1,3.2,12.9)
(1978,278,Ray Williams,PG,23,NYK,81,,19.1,3.8,8.5,.443,,,,3.8,8.5,.443,.443,1.8,2.6,.705,1.0,1.5,2.6,4.5,1.3,0.2,3.0,2.6,9.3)
(1978,281,Bobby Wilson,SG,27,IND,12,,7.2,1.2,3.0,.389,,,,1.2,3.0,.389,.389,0.2,0.3,.667,0.5,0.5,1.0,0.7,0.2,0.1,0.5,1.3,2.5)
(1978,285,Larry Wright,PG,23,WSB,70,,20.9,4.0,8.1,.496,,,,4.0,8.1,.496,.496,1.1,1.5,.710,0.4,1.0,1.5,3.7,1.0,0.2,1.9,2.8,9.2)
