(1978,2,Kareem Abdul-Jabbar*,C,30,LAL,62,,36.5,10.7,19.4,.550,,,,10.7,19.4,.550,.550,4.4,5.6,.783,3.0,9.9,12.9,4.3,1.7,3.0,3.4,2.9,25.8)
(1978,6,Jim Ard,C,29,TOT,15,,8.3,0.5,1.1,.471,,,,0.5,1.1,.471,.471,0.2,0.3,.600,0.6,1.8,2.4,0.5,0.0,0.0,0.9,1.3,1.3)
(1978,10,Gus Bailey,SG,26,NOJ,48,,9.4,1.2,2.9,.424,,,,1.2,2.9,.424,.424,0.8,1.4,.552,0.9,0.8,1.7,0.8,0.4,0.3,0.7,1.0,3.2)
(1978,14,Rick Barry*,SF,33,GSW,82,,36.9,9.3,20.6,.451,,,,9.3,20.6,.451,.451,4.6,5.0,.924,0.9,4.6,5.5,5.4,1.9,0.5,2.7,2.3,23.1)
(1978,18,Mel Bennett,PF,23,IND,31,,9.2,0.7,2.6,.284,,,,0.7,2.6,.284,.284,0.9,1.5,.622,1.6,1.4,3.0,0.7,0.4,0.2,1.0,1.7,2.4)
(1978,21,Bob Bigelow,SF,24,TOT,5,,4.8,0.8,2.6,.308,,,,0.8,2.6,.308,.308,0.0,0.0,,0.6,1.2,1.8,0.0,0.0,0.0,0.0,0.6,1.6)
(1978,25,Phil Bond,SG,23,HOU,7,,3.0,0.3,0.9,.333,,,,0.3,0.9,.333,.333,0.0,0.0,,0.1,0.4,0.6,0.3,0.1,0.0,0.3,0.1,0.6)
(1978,29,Freddie Boyd,SG,27,NOJ,21,,17.3,2.1,5.2,.400,,,,2.1,5.2,.400,.400,0.7,1.0,.636,0.1,0.8,0.9,2.3,0.4,0.1,1.0,1.1,4.9)
(1978,33,Junior Bridgeman,SF,24,MIL,82,,22.9,5.8,11.5,.503,,,,5.8,11.5,.503,.503,2.0,2.5,.810,1.4,2.1,3.5,2.1,0.9,0.4,2.1,2.5,13.6)
(1978,37,Fred Brown,SG,29,SEA,72,,27.3,7.1,14.5,.488,,,,7.1,14.5,.488,.488,2.4,2.7,.898,0.8,1.8,2.6,3.3,1.5,0.3,2.3,2.0,16.6)
(1978,Rk,Player,Pos,Age,Tm,G,GS,MP,FG,FGA,FG%,3P,3PA,3P%,2P,2PA,2P%,eFG%,FT,FTA,FT%,ORB,DRB,TRB,AST,STL,BLK,TOV,PF,PTS)
(1978,44,Corky Calhoun,SF,27,POR,79,,17.3,2.2,4.6,.479,,,,2.2,4.6,.479,.479,0.8,1.0,.868,0.9,1.8,2.7,1.1,0.5,0.2,0.8,1.8,5.3)
(1978,48,M.L. Carr,SF,27,DET,79,,32.4,4.9,10.8,.455,,,,4.9,10.8,.455,.455,2.5,3.4,.738,2.6,4.5,7.1,2.3,1.9,0.3,2.7,3.1,12.4)
(1978,52,Ken Charles,SG,26,ATL,21,,24.8,3.5,8.8,.397,,,,3.5,8.8,.397,.397,2.0,2.4,.840,0.3,0.9,1.1,3.9,1.2,0.2,1.8,2.5,9.0)
(1978,56,E.C. Coleman,PF,27,GSW,72,,25.0,2.9,6.2,.475,,,,2.9,6.2,.475,.475,0.6,0.8,.727,1.6,3.6,5.2,1.4,0.9,0.3,1.3,3.5,6.4)
(1978,60,Wesley Cox,SF,23,GSW,43,,10.5,1.6,4.0,.399,,,,1.6,4.0,.399,.399,1.3,2.3,.580,1.0,2.3,3.3,0.3,0.5,0.2,0.8,1.9,4.6)
(1978,63,Louie Dampier,PG,33,SAS,82,,24.8,4.1,8.0,.509,,,,4.1,8.0,.509,.509,0.9,1.2,.752,0.3,1.2,1.5,3.5,1.1,0.2,1.2,1.0,9.1)
(1978,67,Johnny Davis,SG,22,POR,82,,26.7,4.2,9.2,.454,,,,4.2,9.2,.454,.454,2.3,2.8,.828,0.8,1.3,2.1,2.6,1.0,0.2,1.8,2.1,10.7)
(1978,71,Coby Dietrick,PF,29,SAS,79,,23.7,3.2,6.9,.460,,,,3.2,6.9,.460,.460,1.1,1.4,.781,0.9,3.6,4.5,2.7,1.0,0.7,1.8,2.9,7.5)
(1978,75,John Drew,SF,23,ATL,70,,31.5,8.5,17.7,.480,,,,8.5,17.7,.480,.480,6.2,8.2,.760,3.0,4.3,7.3,2.0,1.7,0.4,3.0,3.5,23.2)
(1978,79,Jim Eakins,C,31,TOT,33,,12.3,1.3,2.6,.512,,,,1.3,2.6,.512,.512,1.5,1.8,.833,0.9,1.4,2.3,0.9,0.2,0.5,1.0,2.2,4.2)
(1978,82,Bo Ellis,PF,23,DEN,78,,15.6,1.7,4.1,.416,,,,1.7,4.1,.416,.416,0.9,1.3,.692,1.5,2.4,3.9,0.9,0.6,0.6,1.3,2.7,4.3)
(1978,86,Al Fleming,SF,23,SEA,20,,4.9,0.8,1.6,.484,,,,0.8,1.6,.484,.484,0.5,0.9,.588,0.7,0.9,1.5,0.4,0.0,0.3,0.8,0.8,2.0)
(1978,90,Bayard Forrest,C,23,PHO,64,,13.9,1.7,3.7,.466,,,,1.7,3.7,.466,.466,0.8,1.6,.476,1.3,2.6,3.9,2.0,0.4,0.5,1.3,1.6,4.2)
(1978,94,Mike Gale,SG,27,SAS,70,,29.9,3.9,8.3,.473,,,,3.9,8.3,.473,.473,1.2,1.4,.870,0.8,2.4,3.2,5.4,2.3,0.4,2.5,2.4,9.1)
(1978,98,Artis Gilmore*,C,28,CHI,82,,37.4,8.6,15.4,.559,,,,8.6,15.4,.559,.559,5.7,8.2,.704,3.9,9.2,13.1,3.2,0.5,2.2,4.5,3.2,22.9)
(1978,101,Gail Goodrich*,SG,34,NOJ,81,,31.5,6.4,13.0,.495,,,,6.4,13.0,.495,.495,3.3,4.1,.795,0.9,1.3,2.2,4.8,1.0,0.3,2.5,2.3,16.1)
(1978,105,Kevin Grevey,SF,24,WSB,81,,26.2,6.2,13.9,.448,,,,6.2,13.9,.448,.448,3.0,3.8,.789,1.5,2.0,3.6,1.9,0.8,0.2,2.0,2.5,15.5)
(1978,109,Ernie Grunfeld,SG,22,MIL,73,,17.3,2.8,6.3,.443,,,,2.8,6.3,.443,.443,1.3,2.0,.657,1.0,1.7,2.7,2.0,0.7,0.3,1.3,2.1,6.9)
(1978,113,Steve Hawes,PF,27,ATL,75,,31.0,5.2,11.4,.453,,,,5.2,11.4,.453,.453,2.3,2.9,.818,2.4,6.8,9.2,2.5,1.0,0.8,2.0,3.1,12.7)
(1978,117,Gar Heard,PF,29,PHO,80,,26.2,3.3,7.8,.424,,,,3.3,7.8,.424,.424,1.1,1.8,.612,2.1,6.1,8.2,1.7,1.6,1.3,1.5,2.7,7.8)
(1978,Rk,Player,Pos,Age,Tm,G,GS,MP,FG,FGA,FG%,3P,3PA,3P%,2P,2PA,2P%,eFG%,FT,FTA,FT%,ORB,DRB,TRB,AST,STL,BLK,TOV,PF,PTS)
(1978,124,Kim Hughes,C,25,NJN,56,,15.3,1.0,2.9,.356,,,,1.0,2.9,.356,.356,0.2,0.5,.310,1.7,2.6,4.3,0.7,0.9,0.9,1.0,2.9,2.2)
(1978,128,Charles Johnson,SG,28,TOT,71,,18.3,3.3,8.2,.408,,,,3.3,8.2,.408,.408,0.7,0.9,.803,0.6,1.6,2.2,1.8,0.9,0.1,1.0,1.8,7.4)
(1978,132,John Johnson,SF,30,TOT,77,,23.7,4.4,10.7,.415,,,,4.4,10.7,.415,.415,1.7,2.3,.751,1.3,2.7,4.0,2.7,0.6,0.2,2.2,2.6,10.6)
(1978,136,Ollie Johnson,SF,28,ATL,82,,20.8,3.6,7.5,.472,,,,3.6,7.5,.472,.472,1.4,1.6,.854,1.1,2.1,3.2,1.5,1.0,0.4,1.3,2.2,8.5)
(1978,140,Robin Jones,C,23,HOU,12,,5.5,0.9,1.7,.550,,,,0.9,1.7,.550,.550,0.3,0.8,.400,0.4,0.8,1.2,0.2,0.1,0.1,0.6,1.3,2.2)
(1978,143,George Karl,PG,25,SAS,4,,7.5,0.5,1.5,.333,,,,0.5,1.5,.333,.333,0.5,0.5,1.000,0.0,1.3,1.3,1.3,0.3,0.0,1.0,1.5,1.5)
(1978,145,Larry Kenon,SF,25,SAS,81,,35.4,8.6,17.6,.489,,,,8.6,17.6,.489,.489,3.4,4.0,.854,3.0,6.5,9.5,3.3,1.4,0.3,3.4,2.6,20.6)
(1978,149,Steve Kuberski,PF,30,BOS,3,,4.7,0.3,1.3,.250,,,,0.3,1.3,.250,.250,0.0,0.0,,0.3,1.7,2.0,0.0,0.3,0.0,0.7,0.7,0.7)
(1978,153,C.J. Kupec,SF,25,HOU,49,,12.8,1.7,4.0,.426,,,,1.7,4.0,.426,.426,0.6,0.7,.818,0.6,1.3,1.9,1.0,0.2,0.1,0.5,1.1,4.0)
(1978,157,Mark Landsberger,PF,22,CHI,62,,14.9,2.0,4.0,.506,,,,2.0,4.0,.506,.506,1.5,2.5,.580,1.8,3.1,4.9,0.7,0.3,0.1,1.1,1.3,5.6)
(1978,Rk,Player,Pos,Age,Tm,G,GS,MP,FG,FGA,FG%,3P,3PA,3P%,2P,2PA,2P%,eFG%,FT,FTA,FT%,ORB,DRB,TRB,AST,STL,BLK,TOV,PF,PTS)
(1978,164,Maurice Lucas,PF,25,POR,68,,31.2,6.7,14.5,.458,,,,6.7,14.5,.458,.458,3.0,4.0,.767,2.7,6.4,9.1,2.5,0.9,0.8,2.8,3.3,16.4)
(1978,168,Cedric Maxwell,SF,22,BOS,72,,16.8,2.4,4.4,.538,,,,2.4,4.4,.538,.538,2.6,3.5,.752,1.9,3.3,5.3,0.9,0.7,0.7,1.7,2.1,7.3)
(1978,172,Ted McClain,PG,31,TOT,70,,14.6,1.8,4.0,.439,,,,1.8,4.0,.439,.439,0.8,1.0,.781,0.3,1.3,1.6,2.2,0.8,0.1,1.3,1.8,4.3)
(1978,176,Tom McMillen,C,25,ATL,68,,24.8,4.1,8.4,.493,,,,4.1,8.4,.493,.493,1.7,2.1,.800,2.2,3.9,6.1,1.2,0.5,0.2,1.6,3.4,9.9)
(1978,180,Joe Meriweather,C,24,NOJ,54,,23.6,3.6,7.6,.472,,,,3.6,7.6,.472,.472,1.6,2.5,.654,2.5,4.4,6.9,1.1,0.3,2.2,1.7,3.5,8.8)
(1978,183,Larry Moffett,SF,23,HOU,20,,5.5,0.3,0.9,.294,,,,0.3,0.9,.294,.294,0.3,0.5,.600,0.5,0.6,1.1,0.4,0.1,0.1,0.4,0.8,0.8)
(1978,187,Calvin Murphy*,SG,29,HOU,76,,38.2,11.2,22.9,.491,,,,11.2,22.9,.491,.491,3.2,3.5,.918,0.8,1.4,2.2,3.4,1.5,0.0,2.3,3.2,25.6)
(1978,191,Louie Nelson,SG,26,TOT,33,,12.3,2.6,6.4,.403,,,,2.6,6.4,.403,.403,1.7,2.5,.679,0.4,1.2,1.6,1.0,0.7,0.2,1.5,1.0,6.9)
(1978,195,Willie Norwood,SF,30,TOT,35,,17.5,2.1,5.2,.409,,,,2.1,5.2,.409,.409,1.4,2.1,.667,1.4,2.0,3.4,0.9,0.9,0.1,1.6,2.9,5.7)
(1978,199,Joe Pace,C,24,WSB,49,,8.9,1.4,2.9,.479,,,,1.4,2.9,.479,.479,1.2,1.9,.613,1.0,1.7,2.7,0.5,0.2,0.4,0.9,1.8,3.9)
(1978,202,Billy Paultz,C,29,SAS,80,,31.0,6.5,12.2,.529,,,,6.5,12.2,.529,.529,2.9,3.8,.752,2.2,6.3,8.4,2.7,0.5,2.4,2.1,2.8,15.8)
(1978,206,Howard Porter,SF,29,TOT,63,,21.0,4.9,10.1,.487,,,,4.9,10.1,.487,.487,2.0,2.5,.800,1.6,2.8,4.4,0.7,0.5,0.6,0.9,2.1,11.8)
(1978,210,Clifford Ray,C,29,GSW,79,,28.7,3.4,6.0,.571,,,,3.4,6.0,.571,.571,1.9,3.1,.609,3.0,6.6,9.6,1.9,0.9,1.1,1.9,3.7,8.8)
(1978,214,Tony Robertson,SG,22,ATL,63,,14.7,2.7,6.0,.441,,,,2.7,6.0,.441,.441,0.6,0.8,.698,0.2,0.9,1.1,1.6,1.2,0.1,1.4,2.1,5.9)
(1978,218,Tree Rollins,C,22,ATL,80,,22.4,3.2,6.5,.487,,,,3.2,6.5,.487,.487,1.3,1.9,.703,2.2,4.7,6.9,1.0,0.7,2.7,1.5,4.1,7.6)
(1978,221,Campy Russell,SF,26,CLE,72,,35.0,7.3,16.2,.448,,,,7.3,16.2,.448,.448,4.9,6.5,.751,2.1,4.2,6.4,3.9,1.2,0.2,2.9,2.7,19.4)
(1978,225,Alvin Scott,SF,22,PHO,81,,19.0,2.2,4.6,.488,,,,2.2,4.6,.488,.488,1.6,2.4,.691,1.7,2.7,4.4,1.1,0.6,0.5,1.0,2.0,6.1)
(1978,229,Steve Sheppard,SF,23,CHI,64,,10.9,1.9,4.1,.454,,,,1.9,4.1,.454,.454,0.6,0.9,.661,1.0,1.0,2.0,0.7,0.2,0.0,0.7,1.1,4.3)
(1978,233,Paul Silas,PF,34,SEA,82,,26.5,2.2,5.7,.397,,,,2.2,5.7,.397,.397,1.3,2.3,.586,3.5,4.6,8.1,1.8,0.8,0.2,1.9,2.2,5.8)
(1978,237,Bingo Smith,SG,31,CLE,82,,19.3,4.5,10.2,.439,,,,4.5,10.2,.439,.439,1.3,1.6,.800,0.8,1.7,2.5,1.1,0.5,0.3,1.0,1.9,10.3)
(1978,Rk,Player,Pos,Age,Tm,G,GS,MP,FG,FGA,FG%,3P,3PA,3P%,2P,2PA,2P%,eFG%,FT,FTA,FT%,ORB,DRB,TRB,AST,STL,BLK,TOV,PF,PTS)
(1978,244,Ricky Sobers,PG,25,IND,79,,38.2,7.0,15.5,.453,,,,7.0,15.5,.453,.453,4.2,5.1,.825,1.2,3.0,4.1,7.4,2.2,0.3,4.5,3.9,18.2)
(1978,248,Brian Taylor,PG,26,DEN,39,,31.3,4.7,10.3,.452,,,,4.7,10.3,.452,.452,2.3,2.9,.765,0.8,1.7,2.5,3.4,1.8,0.2,2.0,3.1,11.6)
(1978,252,Rudy Tomjanovich,SF,29,HOU,23,,36.9,9.4,19.4,.485,,,,9.4,19.4,.485,.485,2.7,3.5,.753,1.7,4.3,6.0,1.4,0.7,0.2,1.7,2.7,21.5)
(1978,256,Norm Van Lier,PG,30,CHI,78,,32.4,2.6,6.1,.419,,,,2.6,6.1,.419,.419,2.2,2.9,.751,1.1,2.5,3.6,6.8,1.8,0.1,2.6,3.6,7.3)
(1978,260,Bill Walton*,C,25,POR,58,,33.3,7.9,15.2,.522,,,,7.9,15.2,.522,.522,3.1,4.2,.720,2.0,11.2,13.2,5.0,1.0,2.5,3.6,2.5,18.9)
(1978,263,Richard Washington,PF,22,KCK,78,,28.6,5.4,11.4,.477,,,,5.4,11.4,.477,.477,1.9,2.6,.754,2.4,6.0,8.4,1.5,0.9,0.9,2.4,4.2,12.8)
(1978,267,Marvin Webster,C,25,SEA,82,,35.5,5.2,10.4,.502,,,,5.2,10.4,.502,.502,3.5,5.6,.629,4.4,8.2,12.6,2.5,0.6,2.0,3.1,3.2,14.0)
(1978,271,Rudy White,SG,24,HOU,21,,10.4,1.5,4.0,.365,,,,1.5,4.0,.365,.365,0.7,0.9,.778,0.4,0.6,1.0,1.0,0.4,0.0,1.0,1.1,3.6)
(1978,275,Chuck Williams,PG,31,BUF,73,,27.4,2.8,6.0,.477,,,,2.8,6.0,.477,.477,1.6,1.9,.826,0.4,1.5,1.9,4.3,0.7,0.1,2.1,1.9,7.3)
(1978,279,John Williamson,SG,26,TOT,75,,36.4,9.6,22.0,.438,,,,9.6,22.0,.438,.438,4.4,5.2,.847,0.9,2.1,3.0,2.9,1.3,0.1,3.0,3.1,23.7)
(1978,282,Brian Winters,SG,25,MIL,80,,34.4,8.4,18.2,.463,,,,8.4,18.2,.463,.463,3.1,3.7,.840,1.1,2.0,3.1,4.9,1.6,0.3,3.0,3.0,19.9)
