(1992,Rk,Player,Pos,Age,Tm,G,GS,MP,FG,FGA,FG%,3P,3PA,3P%,2P,2PA,2P%,eFG%,FT,FTA,FT%,ORB,DRB,TRB,AST,STL,BLK,TOV,PF,PTS)
(1992,4,Michael Adams,PG,29,WSB,78,78,35.8,6.2,15.8,.393,1.6,4.9,.324,4.6,10.9,.425,.444,4.0,4.6,.869,0.7,3.2,4.0,7.6,1.9,0.1,2.7,2.1,18.1)
(1992,8,Victor Alexander,C,22,GSW,80,28,16.9,3.0,5.7,.529,0.0,0.0,.000,3.0,5.7,.531,.529,1.3,1.9,.691,1.3,2.9,4.2,0.4,0.6,0.8,1.1,2.2,7.4)
(1992,12,Ron Anderson,SF,33,PHI,82,11,29.7,5.7,12.3,.465,0.5,1.5,.331,5.2,10.7,.485,.486,1.7,2.0,.877,1.2,2.2,3.4,1.6,1.0,0.1,1.3,1.6,13.7)
(1992,16,B.J. Armstrong,PG,24,CHI,82,3,22.9,4.1,8.5,.481,0.4,1.1,.402,3.7,7.4,.492,.506,1.3,1.6,.806,0.2,1.5,1.8,3.2,0.6,0.1,1.1,1.1,9.9)
(1992,20,Isaac Austin,C,22,UTA,31,0,3.6,0.7,1.5,.457,0.0,0.0,,0.7,1.5,.457,.457,0.6,1.0,.633,0.4,0.8,1.1,0.2,0.1,0.1,0.3,0.6,2.0)
(1992,23,Thurl Bailey,PF,30,TOT,84,18,25.0,4.4,10.0,.440,0.0,0.0,.000,4.4,9.9,.441,.440,2.6,3.2,.796,1.5,4.3,5.8,0.9,0.4,1.4,1.3,1.9,11.3)
(1992,27,John Battle,SG,29,CLE,76,2,21.5,4.2,8.7,.480,0.0,0.2,.118,4.1,8.4,.489,.481,1.9,2.3,.848,0.3,1.2,1.5,2.1,0.5,0.1,1.2,1.5,10.3)
(1992,31,Winston Bennett,SF,26,TOT,54,45,15.4,1.5,3.9,.379,0.0,0.0,.000,1.5,3.9,.381,.379,0.6,0.9,.700,1.2,1.8,3.0,0.7,0.4,0.2,0.6,2.3,3.6)
(1992,35,Lance Blanks,SG,25,DET,43,0,4.4,0.6,1.3,.455,0.1,0.4,.375,0.4,0.9,.487,.509,0.2,0.3,.727,0.2,0.3,0.5,0.4,0.3,0.0,0.3,0.6,1.5)
(1992,39,Anthony Bonner,PF,23,SAC,79,18,28.9,3.7,8.3,.447,0.0,0.1,.250,3.7,8.3,.448,.448,1.9,3.1,.627,2.4,3.7,6.1,1.6,1.2,0.3,1.7,2.5,9.4)
(1992,42,Terrell Brandon,PG,21,CLE,82,9,19.6,3.1,7.3,.419,0.0,0.3,.043,3.1,7.0,.434,.420,1.2,1.5,.806,0.6,1.4,2.0,3.9,1.0,0.3,1.7,1.3,7.4)
(1992,46,Scott Brooks,PG,26,MIN,82,0,13.2,2.0,4.6,.447,0.4,1.1,.356,1.6,3.5,.475,.489,0.6,0.8,.810,0.3,0.9,1.2,2.5,0.8,0.1,0.6,1.0,5.1)
(1992,50,Myron Brown,PG,22,MIN,4,0,5.8,1.0,1.5,.667,0.3,0.8,.333,0.8,0.8,1.000,.750,0.0,0.0,,0.0,0.8,0.8,1.5,0.3,0.0,1.0,0.5,2.3)
(1992,54,Jud Buechler,SF,23,TOT,28,0,10.4,1.0,2.5,.408,0.0,0.0,.000,1.0,2.5,.414,.408,0.4,0.8,.571,0.6,1.2,1.9,0.8,0.7,0.3,0.5,1.1,2.5)
(1992,58,Michael Cage,PF,30,SEA,82,69,30.0,3.7,6.6,.566,0.0,0.1,.000,3.7,6.5,.572,.566,1.3,2.1,.620,3.2,5.6,8.9,1.1,1.2,0.7,1.0,2.9,8.8)
(1992,61,Tony Campbell,SF,29,MIN,78,41,31.3,6.8,14.6,.464,0.2,0.5,.351,6.6,14.1,.467,.469,3.1,3.8,.803,1.8,1.9,3.7,2.9,1.1,0.4,2.1,2.6,16.8)
(1992,65,Duane Causwell,C,23,SAC,80,77,28.6,3.1,5.7,.549,0.0,0.0,.000,3.1,5.7,.551,.549,1.7,2.8,.613,2.5,4.8,7.3,0.7,0.6,2.7,1.6,3.5,8.0)
(1992,69,Maurice Cheeks,PG,35,ATL,56,0,19.4,2.1,4.4,.462,0.1,0.1,.500,2.0,4.3,.461,.468,0.5,0.8,.605,0.5,1.2,1.7,3.3,1.5,0.0,0.6,1.3,4.6)
(1992,73,Marty Conlon,C,24,SEA,45,1,8.5,1.1,2.2,.475,0.0,0.0,,1.1,2.2,.475,.475,0.5,0.7,.750,0.7,0.8,1.5,0.3,0.2,0.2,0.6,0.9,2.7)
(1992,77,Tom Copa,C,27,SAS,33,1,4.0,0.7,1.2,.550,0.0,0.0,,0.7,1.2,.550,.550,0.1,0.4,.308,0.4,0.7,1.1,0.1,0.1,0.2,0.2,0.9,1.5)
(1992,Rk,Player,Pos,Age,Tm,G,GS,MP,FG,FGA,FG%,3P,3PA,3P%,2P,2PA,2P%,eFG%,FT,FTA,FT%,ORB,DRB,TRB,AST,STL,BLK,TOV,PF,PTS)
(1992,84,Quintin Dailey,SG,31,SEA,11,1,8.9,0.8,3.4,.243,0.0,0.1,.000,0.8,3.3,.250,.243,1.2,1.5,.813,0.2,0.9,1.1,0.4,0.5,0.1,0.9,0.5,2.8)
(1992,88,Terry Davis,PF,24,DAL,68,67,31.6,3.8,7.8,.482,0.0,0.1,.000,3.8,7.7,.487,.482,2.7,4.2,.635,3.4,6.5,9.9,0.8,0.4,0.4,1.7,3.0,10.2)
(1992,92,Vlade Divac,C,23,LAL,36,18,27.2,4.4,8.8,.495,0.1,0.5,.263,4.2,8.3,.510,.503,2.4,3.1,.768,2.4,4.4,6.9,1.7,1.5,1.0,2.4,3.2,11.3)
(1992,96,Clyde Drexler*,SG,29,POR,76,76,36.2,9.1,19.4,.470,1.5,4.4,.337,7.6,15.0,.510,.509,5.3,6.6,.794,2.2,4.4,6.6,6.7,1.8,0.9,3.2,3.0,25.0)
(1992,100,Ledell Eackles,SG,25,WSB,65,25,22.5,5.5,11.7,.468,0.1,0.5,.200,5.4,11.1,.481,.472,2.1,2.9,.743,0.6,2.1,2.7,1.9,0.7,0.1,1.2,2.2,13.2)
(1992,103,Blue Edwards,SF,26,UTA,81,81,28.2,5.3,10.2,.522,0.5,1.3,.379,4.9,9.0,.542,.545,1.4,1.8,.774,1.1,2.6,3.7,1.7,1.0,0.6,1.5,2.9,12.6)
(1992,107,Mario Elie,SG,28,GSW,79,32,21.2,2.8,5.4,.521,0.3,0.9,.329,2.5,4.5,.559,.548,2.0,2.3,.852,0.9,2.0,2.9,2.2,0.9,0.2,1.1,2.0,7.8)
(1992,111,Pervis Ellison,C,24,WSB,66,64,38.0,8.3,15.4,.539,0.0,0.0,.333,8.3,15.3,.540,.540,3.4,4.7,.728,3.3,7.9,11.2,2.9,0.9,2.7,3.0,3.4,20.0)
(1992,115,Duane Ferrell,SF,26,ATL,66,12,24.2,5.0,9.6,.524,0.2,0.5,.333,4.8,9.1,.534,.532,2.5,3.3,.761,1.6,1.6,3.2,1.4,0.7,0.3,1.5,2.0,12.7)
(1992,119,Greg Foster,PF,23,WSB,49,3,11.2,1.8,3.9,.461,0.0,0.0,.000,1.8,3.9,.464,.461,0.7,1.0,.714,0.9,2.1,3.0,0.7,0.1,0.2,0.7,1.7,4.3)
(1992,122,Anthony Frederick,SF,27,CHH,66,26,12.9,2.4,5.6,.435,0.1,0.3,.235,2.4,5.3,.445,.441,1.0,1.4,.685,1.1,1.0,2.2,1.1,0.6,0.4,0.9,1.4,5.9)
(1992,126,Chris Gatling,PF,24,GSW,54,1,11.3,2.2,3.8,.568,0.0,0.1,.000,2.2,3.7,.579,.568,1.3,2.0,.661,1.4,2.0,3.4,0.3,0.6,0.7,0.8,1.9,5.7)
(1992,130,Armen Gilliam,PF,27,PHI,81,81,34.2,6.3,12.4,.511,0.0,0.0,.000,6.3,12.3,.513,.511,4.2,5.2,.807,2.9,5.3,8.1,1.5,0.6,1.0,2.0,2.2,16.9)
(1992,134,Paul Graham,SG,24,ATL,78,9,22.0,3.9,8.7,.447,0.7,1.8,.390,3.2,6.9,.462,.488,1.6,2.2,.741,0.9,2.0,3.0,2.2,1.2,0.3,1.2,2.5,10.1)
(1992,138,Harvey Grant,SF,26,WSB,64,60,37.3,7.6,16.0,.478,0.0,0.1,.125,7.6,15.8,.481,.479,2.8,3.4,.800,2.5,4.3,6.8,2.7,1.2,0.4,1.7,2.8,18.0)
(1992,141,A.C. Green,PF,28,LAL,82,53,35.4,4.7,9.8,.476,0.1,0.7,.214,4.5,9.1,.495,.483,4.1,5.6,.744,3.7,5.6,9.3,1.4,1.1,0.4,1.4,1.7,13.6)
(1992,145,Jack Haley,C,28,LAL,49,9,8.0,0.6,1.7,.369,0.0,0.0,,0.6,1.7,.369,.369,0.3,0.6,.483,0.6,1.3,1.9,0.1,0.1,0.2,0.5,1.5,1.6)
(1992,149,Derek Harper,PG,30,DAL,65,64,34.6,6.9,15.6,.443,0.9,2.9,.312,6.0,12.7,.473,.472,3.0,4.0,.759,0.8,1.9,2.6,5.7,1.6,0.3,2.4,2.3,17.7)
(1992,153,Gerald Henderson,PG,36,TOT,16,0,6.0,0.8,2.0,.375,0.2,0.5,.375,0.6,1.5,.375,.422,0.6,0.7,.818,0.1,0.4,0.5,0.6,0.2,0.0,0.5,0.8,2.3)
(1992,157,Sean Higgins,PF-SF,23,TOT,38,12,16.2,3.3,7.3,.458,0.2,0.7,.240,3.2,6.6,.480,.469,0.8,0.9,.861,0.8,1.9,2.7,1.1,0.4,0.2,1.1,1.5,7.7)
(1992,Rk,Player,Pos,Age,Tm,G,GS,MP,FG,FGA,FG%,3P,3PA,3P%,2P,2PA,2P%,eFG%,FT,FTA,FT%,ORB,DRB,TRB,AST,STL,BLK,TOV,PF,PTS)
(1992,164,Brian Howard,SF,24,DAL,27,0,11.8,2.0,3.9,.519,0.0,0.1,.500,2.0,3.8,.520,.524,0.8,1.1,.710,0.6,1.3,1.9,0.5,0.4,0.3,0.6,2.0,4.9)
(1992,168,Jaren Jackson,SG,24,GSW,5,0,10.8,2.2,4.6,.478,0.0,0.0,,2.2,4.6,.478,.478,0.8,1.2,.667,1.0,1.0,2.0,0.6,0.4,0.0,0.8,1.4,5.2)
(1992,172,Les Jepsen,C,24,SAC,31,0,2.8,0.3,0.8,.375,0.0,0.0,.000,0.3,0.7,.391,.375,0.2,0.4,.636,0.4,0.6,1.0,0.0,0.0,0.2,0.1,0.5,0.8)
(1992,176,Kevin Johnson,PG,25,PHO,78,78,37.2,6.9,14.4,.479,0.1,0.6,.217,6.8,13.8,.490,.484,5.7,7.1,.807,0.8,3.0,3.7,10.7,1.5,0.3,3.5,2.3,19.7)
(1992,180,Michael Jordan*,SG,28,CHI,80,80,38.8,11.8,22.7,.519,0.3,1.3,.270,11.5,21.5,.533,.526,6.1,7.4,.832,1.1,5.3,6.4,6.1,2.3,0.9,2.5,2.5,30.1)
(1992,183,Jerome Kersey,SF,29,POR,77,76,33.2,5.2,11.1,.467,0.0,0.1,.125,5.2,11.0,.470,.468,2.3,3.4,.664,3.1,5.1,8.2,3.2,1.5,0.9,2.0,3.3,12.6)
(1992,187,Rich King,C,22,SEA,40,2,5.3,0.7,1.8,.380,0.0,0.0,.000,0.7,1.8,.386,.380,0.9,1.1,.756,0.5,0.7,1.2,0.3,0.1,0.1,0.5,1.1,2.2)
(1992,191,Negele Knight,PG,24,PHO,42,1,15.0,2.5,5.2,.475,0.1,0.3,.308,2.4,4.9,.485,.484,0.8,1.1,.688,0.4,0.7,1.1,2.7,0.6,0.1,1.4,1.4,5.8)
(1992,198,Eric Leckner,C,25,CHH,59,2,12.1,1.3,2.6,.513,0.0,0.0,.000,1.3,2.6,.516,.513,0.6,0.9,.745,0.8,2.7,3.5,0.5,0.2,0.3,0.7,1.9,3.3)
(1992,201,Jim Les,PG,28,SAC,62,5,11.5,1.2,3.1,.385,0.7,2.1,.344,0.5,1.0,.475,.503,0.6,0.8,.809,0.2,0.8,1.0,2.3,0.5,0.0,0.7,0.9,3.7)
(1992,205,Marcus Liberty,SF,23,DEN,75,13,20.4,3.7,8.3,.443,0.2,0.7,.340,3.4,7.6,.452,.457,1.7,2.4,.728,1.9,2.2,4.1,0.8,0.9,0.4,1.2,2.2,9.3)
(1992,209,Grant Long,PF,25,MIA,82,82,37.4,5.4,10.9,.494,0.1,0.3,.273,5.3,10.6,.500,.498,4.0,4.9,.807,3.2,5.3,8.4,2.7,1.7,0.5,2.3,3.0,14.8)
(1992,213,Dan Majerle,SF,26,PHO,82,15,34.8,6.7,14.1,.478,1.1,2.8,.382,5.7,11.3,.502,.516,2.8,3.7,.756,1.8,4.1,5.9,3.3,1.6,0.5,1.2,1.9,17.3)
(1992,217,Danny Manning,PF,25,LAC,82,82,35.4,7.9,14.6,.542,0.0,0.1,.000,7.9,14.6,.544,.542,3.4,4.7,.725,2.8,4.1,6.9,3.5,1.6,1.5,2.6,3.6,19.3)
(1992,Rk,Player,Pos,Age,Tm,G,GS,MP,FG,FGA,FG%,3P,3PA,3P%,2P,2PA,2P%,eFG%,FT,FTA,FT%,ORB,DRB,TRB,AST,STL,BLK,TOV,PF,PTS)
(1992,224,Bob McCann,SF,27,DET,26,0,5.0,0.5,1.3,.394,0.0,0.0,.000,0.5,1.2,.406,.394,0.2,0.5,.308,0.5,0.7,1.2,0.2,0.2,0.2,0.3,0.9,1.2)
(1992,228,Xavier McDaniel,SF,28,NYK,82,82,28.6,6.0,12.5,.478,0.1,0.5,.308,5.8,12.0,.485,.484,1.7,2.3,.714,2.1,3.5,5.6,1.8,0.7,0.3,1.8,2.9,13.7)
(1992,232,Nate McMillan,PG,27,SEA,72,30,22.9,2.5,5.6,.437,0.4,1.4,.276,2.1,4.3,.489,.470,0.8,1.2,.643,1.3,2.2,3.5,5.0,1.8,0.4,1.6,3.0,6.0)
(1992,236,Rodney Monroe,SF,23,ATL,38,0,8.2,1.4,3.8,.368,0.2,0.7,.222,1.2,3.1,.402,.389,0.5,0.6,.826,0.3,0.6,0.9,0.7,0.3,0.1,0.6,0.5,3.4)
(1992,240,Chris Mullin*,SF,28,GSW,81,81,41.3,10.2,19.6,.524,0.8,2.2,.366,9.5,17.4,.544,.544,4.3,5.2,.833,1.6,4.0,5.6,3.5,2.1,0.8,2.5,2.1,25.6)
(1992,243,Jerrod Mustaf,PF,22,PHO,52,3,10.5,1.8,3.7,.477,0.0,0.0,,1.8,3.7,.477,.477,0.9,1.4,.690,0.9,1.9,2.8,0.9,0.4,0.3,1.0,1.1,4.5)
(1992,247,Chuck Nevitt,C,32,CHI,4,0,2.3,0.3,0.8,.333,0.0,0.0,,0.3,0.8,.333,.333,0.0,0.0,,0.0,0.3,0.3,0.3,0.0,0.0,0.8,0.5,0.5)
(1992,251,Alan Ogg,C,24,MIA,43,0,8.5,1.1,2.0,.548,0.0,0.0,,1.1,2.0,.548,.548,0.4,0.7,.533,0.7,1.0,1.7,0.2,0.1,0.7,0.4,1.7,2.5)
(1992,255,Billy Owens,PF,22,GSW,80,77,31.4,5.9,11.1,.525,0.0,0.1,.111,5.8,11.0,.529,.526,2.6,3.9,.654,3.0,5.0,8.0,2.4,1.1,0.8,2.2,3.5,14.3)
(1992,259,John Paxson,PG,31,CHI,79,79,24.6,3.3,6.2,.528,0.2,0.6,.273,3.1,5.6,.553,.540,0.4,0.5,.784,0.3,0.9,1.2,3.1,0.6,0.1,0.6,1.8,7.0)
(1992,262,Will Perdue,C,26,CHI,77,7,13.1,2.0,3.6,.547,0.0,0.0,.500,2.0,3.6,.547,.549,0.6,1.2,.495,1.4,2.6,4.1,1.0,0.2,0.6,0.9,1.7,4.5)
(1992,266,Chuck Person,SF,27,IND,81,81,36.1,7.6,15.9,.480,1.6,4.4,.373,6.0,11.5,.520,.531,1.6,2.4,.675,1.4,3.9,5.3,4.7,0.8,0.2,2.7,3.0,18.5)
(1992,270,Ricky Pierce,SG,32,SEA,78,78,34.1,7.9,16.7,.475,0.4,1.6,.268,7.5,15.2,.496,.487,5.3,5.8,.916,1.2,1.8,3.0,3.1,1.1,0.3,2.4,2.7,21.7)
(1992,274,Dave Popson,PF,27,MIL,5,0,5.2,0.6,1.4,.429,0.0,0.2,.000,0.6,1.2,.500,.429,0.2,0.4,.500,0.4,0.6,1.0,0.6,0.4,0.2,0.8,1.0,1.4)
(1992,278,Kevin Pritchard,PG,24,BOS,11,0,12.4,1.5,3.1,.471,0.0,0.3,.000,1.5,2.8,.516,.471,1.3,1.6,.778,0.1,0.9,1.0,2.7,0.3,0.4,1.0,1.5,4.2)
(1992,281,Mark Randall,PF,24,TOT,54,0,8.2,1.3,2.8,.456,0.1,0.3,.188,1.2,2.5,.489,.466,0.6,0.8,.744,0.7,0.6,1.3,0.6,0.2,0.1,0.5,0.7,3.2)
(1992,285,Glen Rice,SF,24,MIA,79,79,38.1,8.5,18.1,.469,2.0,5.0,.391,6.5,13.1,.499,.523,3.4,4.0,.836,1.1,3.9,5.0,2.3,1.1,0.4,1.8,2.2,22.3)
(1992,289,Doc Rivers,PG,30,LAC,59,25,28.1,3.8,9.0,.424,0.4,1.6,.283,3.4,7.5,.454,.448,2.8,3.3,.832,0.4,2.1,2.5,3.9,1.9,0.3,1.6,2.8,10.9)
(1992,293,Cliff Robinson,PF,31,LAL,9,0,8.7,1.2,3.0,.407,0.0,0.1,.000,1.2,2.9,.423,.407,0.8,0.9,.875,0.8,1.3,2.1,1.0,0.6,0.0,0.8,0.4,3.2)
(1992,297,Rumeal Robinson,PG,25,ATL,81,64,27.4,5.2,11.5,.456,0.4,1.3,.327,4.8,10.2,.472,.474,2.2,3.4,.636,0.8,1.9,2.7,5.5,1.3,0.3,2.5,2.2,13.0)
(1992,Rk,Player,Pos,Age,Tm,G,GS,MP,FG,FGA,FG%,3P,3PA,3P%,2P,2PA,2P%,eFG%,FT,FTA,FT%,ORB,DRB,TRB,AST,STL,BLK,TOV,PF,PTS)
(1992,304,Ralph Sampson*,C,31,WSB,10,0,10.8,0.9,2.9,.310,0.0,0.2,.000,0.9,2.7,.333,.310,0.4,0.6,.667,1.1,1.9,3.0,0.4,0.3,0.8,1.0,1.4,2.2)
(1992,308,Steve Scheffler,C,24,TOT,11,0,5.5,0.5,0.8,.667,0.0,0.0,,0.5,0.8,.667,.667,0.8,1.1,.750,0.9,0.4,1.3,0.0,0.3,0.1,0.1,0.9,1.9)
(1992,312,Dennis Scott,SF,23,ORL,18,15,33.8,7.4,18.4,.402,1.6,4.9,.326,5.8,13.4,.430,.446,3.6,3.9,.901,0.8,2.9,3.7,1.9,1.1,0.5,1.7,2.7,19.9)
(1992,316,Brian Shaw,PG,25,TOT,63,26,22.6,3.3,8.1,.407,0.1,0.4,.217,3.2,7.8,.416,.412,1.1,1.4,.791,0.8,2.4,3.2,4.0,0.9,0.3,1.6,1.8,7.9)
(1992,320,Doug Smith,PF,22,DAL,76,32,22.5,3.8,9.2,.415,0.0,0.1,.000,3.8,9.1,.421,.415,1.2,1.6,.736,1.7,3.4,5.1,1.7,0.8,0.4,1.3,3.4,8.8)
(1992,323,Larry Smith,PF,34,HOU,45,7,17.8,1.1,2.0,.543,0.0,0.0,.000,1.1,2.0,.549,.543,0.1,0.2,.364,2.4,3.3,5.7,0.7,0.5,0.2,1.0,2.7,2.3)
(1992,327,Rik Smits,C,25,IND,74,55,23.9,5.9,11.6,.510,0.0,0.0,.000,5.9,11.5,.511,.510,2.1,2.6,.788,1.7,4.0,5.6,1.6,0.4,1.4,1.8,3.1,13.8)
(1992,331,John Starks,SG,26,NYK,82,0,25.8,4.9,11.0,.449,1.1,3.3,.348,3.8,7.7,.492,.501,2.9,3.7,.778,0.5,1.8,2.3,3.4,1.3,0.2,1.8,2.8,13.9)
(1992,335,Derek Strong,PF,23,WSB,1,0,12.0,0.0,4.0,.000,0.0,0.0,,0.0,4.0,.000,.000,3.0,4.0,.750,1.0,4.0,5.0,1.0,0.0,0.0,1.0,1.0,3.0)
(1992,339,Terry Teagle,SG,31,LAL,82,0,19.5,4.4,9.8,.452,0.0,0.0,.250,4.4,9.8,.453,.453,1.8,2.4,.766,1.1,1.1,2.2,1.4,0.8,0.1,1.4,1.8,10.7)
(1992,342,Isiah Thomas*,PG,30,DET,78,78,37.4,7.2,16.2,.446,0.3,1.1,.291,6.9,15.1,.458,.456,3.7,4.8,.772,0.9,2.3,3.2,7.2,1.5,0.2,3.2,2.5,18.5)
(1992,346,Bob Thornton,PF,29,UTA,2,0,3.0,0.5,3.5,.143,0.0,0.0,,0.5,3.5,.143,.143,1.0,1.0,1.000,1.0,0.0,1.0,0.0,0.0,0.0,0.0,0.5,2.0)
(1992,350,Tom Tolbert,PF,26,GSW,35,0,8.9,0.9,2.5,.384,0.1,0.2,.250,0.9,2.2,.397,.395,0.6,1.1,.550,0.4,1.2,1.6,0.6,0.3,0.2,0.6,2.1,2.6)
(1992,354,John Turner,SF,24,HOU,42,0,8.2,1.0,2.3,.439,0.0,0.0,,1.0,2.3,.439,.439,0.7,1.4,.525,0.9,1.0,1.9,0.3,0.1,0.1,0.8,1.0,2.8)
(1992,358,Sam Vincent,PG,28,ORL,39,18,22.7,3.8,8.9,.430,0.0,0.3,.077,3.8,8.6,.443,.431,2.8,3.3,.846,0.5,2.1,2.6,3.8,0.9,0.1,1.8,1.4,10.5)
(1992,361,Darrell Walker,SG,30,DET,74,4,20.8,2.2,5.1,.423,0.0,0.1,.000,2.2,5.0,.434,.423,0.9,1.4,.619,1.1,2.1,3.2,2.8,0.9,0.2,1.1,1.8,5.2)
(1992,365,Ennis Whatley,PG,29,POR,23,0,9.1,0.9,2.2,.412,0.0,0.2,.000,0.9,2.0,.447,.412,1.2,1.3,.871,0.3,0.7,0.9,1.5,0.6,0.1,0.6,0.5,3.0)
(1992,369,Dominique Wilkins*,SF,32,ATL,42,42,38.1,10.1,21.8,.464,0.9,3.0,.289,9.2,18.7,.492,.484,7.0,8.4,.835,2.5,4.6,7.0,3.8,1.2,0.6,2.9,1.8,28.1)
(1992,373,Hot Rod Williams,C,29,CLE,80,12,30.4,4.3,8.5,.503,0.0,0.1,.000,4.3,8.4,.506,.503,3.4,4.5,.752,2.9,4.7,7.6,2.5,0.8,2.3,1.0,2.4,11.9)
(1992,377,Reggie Williams,SF,27,DEN,81,80,32.4,7.4,15.8,.471,0.7,1.9,.359,6.7,13.8,.486,.493,2.7,3.3,.803,1.8,3.2,5.0,2.9,1.8,0.8,2.1,3.3,18.2)
(1992,Rk,Player,Pos,Age,Tm,G,GS,MP,FG,FGA,FG%,3P,3PA,3P%,2P,2PA,2P%,eFG%,FT,FTA,FT%,ORB,DRB,TRB,AST,STL,BLK,TOV,PF,PTS)
(1992,384,Orlando Woolridge,SF,32,DET,82,61,25.8,5.5,11.1,.498,0.0,0.1,.111,5.5,11.0,.502,.499,2.9,4.3,.683,1.3,1.8,3.2,1.1,0.5,0.4,1.6,1.9,14.0)
