(1992,1,Alaa Abdelnaby,PF,23,POR,71,1,13.2,2.5,5.1,.493,0.0,0.0,,2.5,5.1,.493,.493,1.1,1.4,.752,1.1,2.5,3.7,0.4,0.4,0.2,0.9,1.9,6.1)
(1992,5,Rafael Addison,SF,27,NJN,76,8,15.5,2.5,5.7,.433,0.2,0.6,.286,2.3,5.0,.452,.449,0.7,1.0,.737,0.9,1.3,2.2,0.9,0.4,0.4,0.6,1.4,5.8)
(1992,9,Greg Anderson,PF,27,DEN,82,82,34.1,4.7,10.4,.456,0.0,0.0,.000,4.7,10.4,.458,.456,2.0,3.3,.623,4.1,7.4,11.5,1.0,1.1,0.8,2.5,3.2,11.5)
(1992,13,Willie Anderson,SG,25,SAS,57,55,33.1,5.5,12.0,.455,0.2,1.0,.232,5.2,11.0,.475,.465,1.9,2.4,.775,1.1,4.2,5.3,5.3,0.9,0.9,2.5,2.6,13.1)
(1992,17,Vincent Askew,SG,25,GSW,80,10,18.7,2.4,4.7,.509,0.0,0.1,.100,2.4,4.6,.520,.511,1.4,2.0,.694,1.1,1.8,2.9,2.4,0.6,0.3,1.1,1.6,6.2)
(1992,Rk,Player,Pos,Age,Tm,G,GS,MP,FG,FGA,FG%,3P,3PA,3P%,2P,2PA,2P%,eFG%,FT,FTA,FT%,ORB,DRB,TRB,AST,STL,BLK,TOV,PF,PTS)
(1992,24,Steve Bardo,SG,23,SAS,1,0,1.0,0.0,0.0,,0.0,0.0,,0.0,0.0,,,0.0,0.0,,1.0,0.0,1.0,0.0,0.0,0.0,0.0,0.0,0.0)
(1992,28,Kenny Battle,SG,27,TOT,16,0,5.8,0.7,1.1,.647,0.0,0.1,.000,0.7,1.0,.688,.647,0.6,0.8,.833,0.3,0.8,1.0,0.3,0.1,0.1,0.3,0.6,2.0)
(1992,32,David Benoit,SF,23,UTA,77,2,15.1,2.3,4.9,.467,0.0,0.2,.214,2.2,4.7,.476,.471,1.1,1.3,.810,1.4,2.5,3.8,0.4,0.2,0.6,0.9,1.6,5.6)
(1992,36,Mookie Blaylock,PG,24,NJN,72,67,35.4,6.0,13.8,.432,0.2,0.8,.222,5.8,13.0,.444,.438,1.8,2.5,.712,1.4,2.3,3.7,6.8,2.4,0.6,2.1,2.5,13.8)
(1992,40,Anthony Bowie,SG,28,ORL,52,26,33.1,6.0,12.2,.493,0.3,0.8,.386,5.7,11.3,.501,.506,2.3,2.6,.860,1.3,3.4,4.7,3.1,1.1,0.7,2.1,1.9,14.6)
(1992,43,Randy Breuer,C,31,MIN,67,25,17.6,2.4,5.1,.468,0.0,0.0,.000,2.4,5.1,.469,.468,0.6,1.1,.532,1.5,2.7,4.2,1.3,0.4,1.5,0.6,1.7,5.4)
(1992,47,Chucky Brown,SF,23,TOT,42,2,10.3,1.4,3.0,.469,0.0,0.1,.000,1.4,3.0,.480,.469,0.7,1.2,.612,0.7,1.2,2.0,0.6,0.3,0.2,0.7,1.1,3.6)
(1992,51,Randy Brown,PG,23,SAC,56,0,9.6,1.4,3.0,.456,0.0,0.1,.000,1.4,2.9,.472,.456,0.7,1.0,.655,0.5,0.8,1.2,1.1,0.6,0.2,0.8,1.2,3.4)
(1992,55,Matt Bullard,PF,24,HOU,80,7,16.0,2.6,5.6,.459,0.8,2.1,.386,1.8,3.5,.502,.530,0.5,0.6,.760,0.9,1.9,2.8,0.9,0.3,0.3,0.7,1.6,6.4)
(1992,59,Demetrius Calip,PG,22,LAL,7,0,8.3,0.6,2.6,.222,0.1,0.7,.200,0.4,1.9,.231,.250,0.3,0.4,.667,0.1,0.6,0.7,1.7,0.1,0.0,0.7,1.1,1.6)
(1992,62,Antoine Carr,PF,30,SAS,81,27,23.0,4.4,9.0,.490,0.0,0.1,.200,4.4,9.0,.492,.491,2.0,2.6,.764,1.6,2.7,4.3,0.8,0.4,1.2,1.4,3.3,10.9)
(1992,66,Cedric Ceballos,SF,22,PHO,64,4,11.3,2.8,5.7,.482,0.0,0.1,.167,2.7,5.6,.487,.484,1.7,2.3,.736,0.9,1.4,2.4,0.8,0.3,0.2,1.1,0.8,7.2)
(1992,70,Pete Chilcutt,PF,23,SAC,69,2,11.8,1.6,3.6,.452,0.0,0.0,1.000,1.6,3.6,.448,.456,0.3,0.4,.821,1.1,1.6,2.7,0.6,0.5,0.2,0.6,1.0,3.6)
(1992,74,Lester Conner,PG,32,MIL,81,9,17.5,1.3,3.0,.431,0.0,0.1,.000,1.3,2.9,.444,.431,1.0,1.4,.704,0.8,1.5,2.3,3.6,1.2,0.1,1.0,1.1,3.5)
(1992,78,Lanard Copeland,SG,26,LAC,10,0,4.8,0.7,2.3,.304,0.0,0.2,.000,0.7,2.1,.333,.304,0.2,0.2,1.000,0.1,0.6,0.7,0.5,0.2,0.0,0.4,0.5,1.6)
(1992,81,Corey Crowder,SF,22,UTA,51,0,6.4,0.8,2.2,.384,0.3,0.6,.433,0.6,1.6,.366,.442,0.3,0.4,.833,0.3,0.5,0.8,0.3,0.1,0.0,0.3,0.7,2.2)
(1992,85,Brad Daugherty,C,26,CLE,73,73,36.2,7.9,13.8,.570,0.0,0.0,.000,7.9,13.8,.571,.570,5.7,7.3,.777,2.6,7.8,10.4,3.6,0.9,1.1,2.5,2.6,21.5)
(1992,89,Walter Davis,SF,37,DEN,46,0,16.1,4.0,8.8,.459,0.1,0.3,.313,3.9,8.4,.465,.465,1.8,2.0,.872,0.4,1.1,1.5,1.5,0.6,0.0,1.0,1.5,9.9)
(1992,93,James Donaldson,C,34,TOT,58,32,18.5,1.9,4.2,.457,0.0,0.0,,1.9,4.2,.457,.457,1.1,1.5,.709,1.7,3.3,5.0,0.6,0.1,0.8,0.8,1.8,4.9)
(1992,97,Kevin Duckworth,C,27,POR,82,82,27.1,4.4,9.6,.461,0.0,0.0,.000,4.4,9.5,.462,.461,1.9,2.8,.690,1.8,4.2,6.1,1.2,0.5,0.5,1.7,3.2,10.7)
(1992,Rk,Player,Pos,Age,Tm,G,GS,MP,FG,FGA,FG%,3P,3PA,3P%,2P,2PA,2P%,eFG%,FT,FTA,FT%,ORB,DRB,TRB,AST,STL,BLK,TOV,PF,PTS)
(1992,104,James Edwards,C,36,LAC,72,11,20.0,3.5,7.5,.465,0.0,0.0,.000,3.5,7.5,.466,.465,2.8,3.8,.731,0.8,2.0,2.8,0.7,0.3,0.5,1.0,3.3,9.7)
(1992,108,Sean Elliott,SF,23,SAS,82,82,38.0,6.3,12.7,.494,0.3,1.0,.305,6.0,11.7,.510,.506,3.5,4.0,.861,1.7,3.6,5.4,2.6,1.0,0.4,1.9,1.8,16.3)
(1992,112,A.J. English,SG,24,WSB,81,6,20.6,4.5,10.4,.433,0.1,0.4,.176,4.4,10.0,.443,.436,1.8,2.2,.841,0.9,1.2,2.1,1.8,0.4,0.1,1.1,2.0,10.9)
(1992,116,Danny Ferry,PF,25,CLE,68,1,13.8,2.0,4.8,.409,0.3,0.7,.354,1.7,4.1,.418,.434,0.9,1.1,.836,0.8,2.4,3.1,1.1,0.3,0.2,0.7,2.0,5.1)
(1992,120,Rick Fox,SF,22,BOS,81,5,19.0,3.0,6.5,.459,0.3,0.9,.329,2.7,5.6,.479,.481,1.7,2.3,.755,0.9,1.8,2.7,1.6,1.0,0.4,1.5,2.8,8.0)
(1992,123,Kevin Gamble,SF,26,BOS,82,77,30.4,5.9,11.1,.529,0.1,0.4,.290,5.7,10.7,.537,.534,1.7,1.9,.885,1.0,2.5,3.5,2.7,0.9,0.5,1.2,2.4,13.5)
(1992,127,Kenny Gattison,PF,27,CHH,82,71,27.1,5.2,9.7,.529,0.0,0.0,.000,5.2,9.7,.531,.529,2.4,3.5,.688,2.2,4.9,7.1,1.6,0.7,0.8,1.7,3.3,12.7)
(1992,131,Gerald Glass,SF,24,MIN,75,41,24.3,5.1,11.6,.440,0.2,0.7,.296,4.9,10.9,.449,.449,1.0,1.7,.616,1.4,2.0,3.5,2.3,0.9,0.4,1.4,2.3,11.5)
(1992,135,Ron Grandison,PF,27,CHH,3,0,8.3,0.7,1.3,.500,0.0,0.0,,0.7,1.3,.500,.500,2.0,3.3,.600,1.0,2.7,3.7,0.3,0.3,0.3,1.0,1.3,3.3)
(1992,139,Horace Grant,PF,26,CHI,81,81,35.3,5.6,9.8,.578,0.0,0.0,.000,5.6,9.7,.580,.578,2.9,3.9,.741,4.2,5.7,10.0,2.7,1.2,1.6,1.2,2.4,14.2)
(1992,142,Rickey Green,PG,37,BOS,26,0,14.1,1.8,4.0,.447,0.0,0.2,.250,1.7,3.8,.455,.451,0.5,0.7,.722,0.1,0.8,0.9,2.6,0.7,0.0,0.7,1.1,4.1)
(1992,146,Tom Hammonds,PF,24,WSB,37,19,26.6,5.3,10.8,.488,0.0,0.0,.000,5.3,10.8,.489,.488,1.4,2.2,.610,1.3,3.7,5.0,1.0,0.6,0.4,1.6,3.2,11.9)
(1992,150,Ron Harper,SG,28,LAC,82,82,38.3,6.9,15.8,.440,0.8,2.6,.303,6.2,13.2,.467,.465,3.6,4.9,.736,1.5,4.0,5.5,5.1,1.9,0.9,3.1,2.4,18.2)
(1992,154,Steve Henson,PG,23,MIL,50,1,7.7,1.0,2.9,.361,0.5,1.0,.479,0.6,1.9,.302,.441,0.5,0.6,.793,0.3,0.5,0.8,1.6,0.3,0.0,0.8,1.0,3.0)
(1992,158,Tyrone Hill,C,23,GSW,82,75,23.0,3.1,5.9,.522,0.0,0.0,.000,3.1,5.9,.523,.522,2.0,2.9,.694,2.2,5.0,7.2,0.6,0.9,0.5,1.3,3.8,8.2)
(1992,161,Dave Hoppen,C,27,PHI,11,0,3.6,0.2,0.6,.286,0.0,0.0,,0.2,0.6,.286,.286,0.5,0.9,.500,0.1,0.8,0.9,0.2,0.0,0.0,0.3,0.5,0.8)
(1992,165,Jay Humphries,PG,29,MIL,71,71,31.8,5.3,11.3,.469,0.6,2.0,.292,4.7,9.3,.508,.496,2.7,3.5,.783,0.6,2.0,2.6,6.6,1.7,0.2,2.1,3.0,14.0)
(1992,169,Mark Jackson,PG,26,NYK,81,81,30.4,4.5,9.2,.491,0.1,0.5,.256,4.4,8.7,.506,.499,2.1,2.7,.770,1.2,2.6,3.8,8.6,1.4,0.2,2.6,1.9,11.3)
(1992,173,Avery Johnson,PG,26,TOT,69,15,17.9,2.3,4.8,.479,0.1,0.2,.267,2.2,4.6,.489,.485,1.0,1.5,.653,0.2,1.0,1.2,3.9,0.9,0.1,1.6,1.3,5.6)
(1992,177,Larry Johnson,PF,22,CHH,82,77,37.2,7.5,15.3,.490,0.1,0.3,.227,7.5,15.1,.494,.492,4.1,5.0,.829,3.9,7.0,11.0,3.6,1.0,0.6,2.0,2.7,19.2)
(1992,Rk,Player,Pos,Age,Tm,G,GS,MP,FG,FGA,FG%,3P,3PA,3P%,2P,2PA,2P%,eFG%,FT,FTA,FT%,ORB,DRB,TRB,AST,STL,BLK,TOV,PF,PTS)
(1992,184,Alec Kessler,PF,25,MIA,77,4,15.5,2.1,5.0,.413,0.0,0.0,,2.1,5.0,.413,.413,1.2,1.5,.817,1.5,2.6,4.1,0.4,0.2,0.4,0.8,2.4,5.3)
(1992,188,Stacey King,PF,25,CHI,79,12,16.1,2.7,5.4,.506,0.0,0.1,.400,2.7,5.3,.507,.508,1.5,2.0,.753,1.1,1.5,2.6,1.0,0.3,0.3,1.0,1.6,7.0)
(1992,192,Bart Kofoed,SG,27,SEA,44,0,5.4,0.6,1.2,.472,0.0,0.2,.143,0.5,1.0,.522,.481,0.3,0.6,.577,0.1,0.5,0.6,1.2,0.0,0.0,0.5,0.6,1.5)
(1992,195,Bill Laimbeer,C,34,DET,81,46,27.6,4.2,9.0,.470,0.4,1.0,.376,3.8,7.9,.483,.492,0.8,0.9,.893,1.3,4.3,5.6,2.0,0.6,0.7,1.3,2.8,9.7)
(1992,199,Doug Lee,SG,27,NJN,46,0,6.7,1.1,2.5,.431,0.2,0.8,.270,0.9,1.7,.506,.474,0.2,0.4,.526,0.4,0.4,0.8,0.5,0.2,0.0,0.3,0.8,2.6)
(1992,202,Fat Lever,SG,31,DAL,31,5,28.5,4.4,11.3,.387,0.5,1.7,.327,3.8,9.6,.397,.411,1.9,2.6,.750,1.8,3.4,5.2,3.5,1.5,0.4,1.2,2.4,11.2)
(1992,206,Todd Lichti,SG,25,DEN,68,10,17.3,2.5,5.5,.460,0.0,0.1,.111,2.5,5.4,.469,.461,1.5,1.7,.839,0.5,1.2,1.7,1.1,0.6,0.2,1.1,1.9,6.6)
(1992,210,Luc Longley,C,23,MIN,66,3,15.0,1.7,3.8,.458,0.0,0.0,,1.7,3.8,.458,.458,0.8,1.2,.663,1.0,2.9,3.9,0.8,0.5,1.0,1.3,2.4,4.3)
(1992,214,Jeff Malone,SG,30,UTA,81,81,36.1,8.5,16.7,.511,0.0,0.1,.083,8.5,16.6,.515,.511,3.2,3.5,.898,0.6,2.3,2.9,2.2,0.7,0.1,1.7,1.6,20.2)
(1992,218,Sarunas Marciulionis*,SG,27,GSW,72,5,29.4,6.8,12.7,.538,0.0,0.1,.300,6.8,12.5,.541,.540,5.2,6.6,.788,0.9,1.9,2.9,3.4,1.6,0.1,2.7,3.3,18.9)
(1992,221,Vernon Maxwell,SG,26,HOU,80,80,33.8,6.3,15.2,.413,2.0,5.9,.342,4.3,9.3,.458,.479,2.6,3.3,.772,0.5,2.6,3.0,4.1,1.3,0.4,2.2,2.5,17.2)
(1992,225,George McCloud,SF,24,IND,51,5,17.5,2.5,6.1,.409,0.6,1.8,.340,1.9,4.3,.438,.460,1.0,1.3,.781,0.9,1.7,2.6,2.3,0.5,0.2,1.2,1.9,6.6)
(1992,229,Kevin McHale*,PF,34,BOS,56,1,25.0,5.8,11.3,.509,0.0,0.2,.000,5.8,11.1,.520,.509,2.4,2.9,.822,2.1,3.8,5.9,1.5,0.2,1.1,1.5,2.0,13.9)
(1992,233,Reggie Miller*,SG,26,IND,82,82,38.0,6.9,13.7,.501,1.6,4.2,.378,5.3,9.5,.555,.559,5.4,6.3,.858,1.0,2.9,3.9,3.8,1.3,0.3,1.9,2.6,20.7)
(1992,237,Tracy Moore,SF,26,DAL,42,2,18.6,3.1,7.7,.400,0.7,2.0,.357,2.4,5.7,.415,.446,1.5,1.9,.833,0.7,1.2,2.0,1.1,0.8,0.1,1.0,2.3,8.5)
(1992,Rk,Player,Pos,Age,Tm,G,GS,MP,FG,FGA,FG%,3P,3PA,3P%,2P,2PA,2P%,eFG%,FT,FTA,FT%,ORB,DRB,TRB,AST,STL,BLK,TOV,PF,PTS)
(1992,244,Dikembe Mutombo*,C,25,DEN,71,71,38.3,6.0,12.2,.493,0.0,0.0,,6.0,12.2,.493,.493,4.5,7.0,.642,4.5,7.8,12.3,2.2,0.6,3.0,3.5,3.8,16.6)
(1992,248,Johnny Newman,SF,28,CHH,55,55,30.0,5.4,11.2,.477,0.2,0.8,.283,5.1,10.4,.493,.488,4.3,5.6,.766,1.3,2.0,3.3,2.7,1.3,0.3,2.3,3.3,15.3)
(1992,252,Hakeem Olajuwon*,C,29,HOU,70,69,37.7,8.4,16.8,.502,0.0,0.0,.000,8.4,16.8,.503,.502,4.7,6.1,.766,3.5,8.6,12.1,2.2,1.8,4.3,2.7,3.8,21.6)
(1992,256,Keith Owens,SF,22,LAL,20,0,4.0,0.5,1.6,.281,0.0,0.0,,0.5,1.6,.281,.281,0.4,0.5,.800,0.4,0.4,0.8,0.2,0.3,0.2,0.1,0.6,1.3)
(1992,260,Kenny Payne,SF,25,PHI,49,3,7.2,1.3,3.0,.448,0.1,0.2,.417,1.2,2.7,.451,.466,0.2,0.3,.692,0.3,0.8,1.1,0.3,0.3,0.2,0.4,0.7,2.9)
(1992,263,Sam Perkins,PF,30,LAL,63,63,37.0,5.7,12.7,.450,0.2,1.1,.217,5.5,11.7,.471,.459,4.8,5.9,.817,3.0,5.8,8.8,2.2,1.0,1.0,1.3,3.0,16.5)
(1992,267,Jim Petersen,PF,29,GSW,27,2,6.3,0.7,1.5,.450,0.0,0.1,.000,0.7,1.4,.474,.450,0.3,0.4,.700,0.4,1.2,1.7,0.3,0.2,0.2,0.2,1.3,1.6)
(1992,271,Ed Pinckney,PF,28,BOS,81,36,23.7,2.5,4.7,.537,0.0,0.0,.000,2.5,4.7,.538,.537,2.6,3.1,.812,3.1,3.9,7.0,0.8,0.9,0.7,0.9,2.0,7.6)
(1992,275,Terry Porter,PG,28,POR,82,82,34.0,6.4,13.8,.461,1.6,4.0,.395,4.8,9.8,.488,.518,3.8,4.5,.856,0.6,2.5,3.1,5.8,1.5,0.1,2.3,1.9,18.1)
(1992,279,Brian Quinnett,SG,25,TOT,39,0,8.4,1.1,3.2,.347,0.3,1.1,.317,0.8,2.1,.361,.399,0.4,0.7,.615,0.4,0.9,1.3,0.3,0.4,0.2,0.4,0.8,2.9)
(1992,282,Blair Rasmussen,C,29,ATL,81,61,24.3,4.3,9.0,.478,0.1,0.3,.217,4.2,8.7,.486,.481,0.4,0.5,.750,1.2,3.7,4.9,1.3,0.4,0.6,0.6,2.9,9.0)
(1992,286,Pooh Richardson,PG,25,MIN,82,82,35.6,7.2,15.4,.466,0.6,1.9,.342,6.5,13.5,.483,.487,1.5,2.2,.691,1.1,2.6,3.7,8.4,1.5,0.3,2.5,1.9,16.5)
(1992,290,Fred Roberts,PF,31,MIL,80,63,21.8,3.9,8.1,.482,0.2,0.5,.514,3.7,7.6,.480,.497,1.6,2.1,.749,1.3,1.9,3.2,1.5,0.7,0.5,1.5,2.2,9.6)
(1992,294,Clifford Robinson,SF,25,POR,82,7,25.9,4.9,10.4,.466,0.0,0.1,.091,4.8,10.3,.471,.467,2.7,4.0,.664,1.7,3.4,5.1,1.7,1.0,1.3,1.9,3.3,12.4)
(1992,298,Dennis Rodman*,PF,30,DET,82,80,40.3,4.2,7.7,.539,0.4,1.2,.317,3.8,6.5,.581,.564,1.0,1.7,.600,6.4,12.3,18.7,2.3,0.8,0.9,1.7,3.0,9.8)
(1992,301,Delaney Rudd,SG,29,UTA,65,0,8.3,1.2,2.9,.399,0.2,0.7,.234,1.0,2.2,.454,.428,0.5,0.6,.762,0.2,0.6,0.8,1.7,0.2,0.0,0.8,1.0,3.0)
(1992,305,Jeff Sanders,SF,26,ATL,12,0,9.8,1.7,3.8,.444,0.0,0.0,,1.7,3.8,.444,.444,0.6,0.8,.778,0.8,1.4,2.2,0.8,0.4,0.3,0.4,1.3,3.9)
(1992,309,Dwayne Schintzius,C,23,SAC,33,0,12.1,1.5,3.5,.427,0.0,0.1,.000,1.5,3.4,.442,.427,0.3,0.4,.833,1.3,2.3,3.6,0.6,0.2,0.8,0.6,2.0,3.3)
(1992,313,Rony Seikaly,C,26,MIA,79,78,35.4,5.9,12.0,.489,0.0,0.0,.000,5.9,11.9,.490,.489,4.7,6.4,.733,3.9,7.9,11.8,1.4,0.5,1.5,2.7,3.5,16.4)
(1992,317,Lionel Simmons,SF,23,SAC,78,78,37.1,6.8,14.9,.454,0.0,0.1,.200,6.7,14.8,.455,.454,3.6,4.7,.770,1.9,6.2,8.1,4.3,1.7,1.7,2.8,2.6,17.1)
(1992,Rk,Player,Pos,Age,Tm,G,GS,MP,FG,FGA,FG%,3P,3PA,3P%,2P,2PA,2P%,eFG%,FT,FTA,FT%,ORB,DRB,TRB,AST,STL,BLK,TOV,PF,PTS)
(1992,324,Otis Smith,SG,28,ORL,55,5,15.9,2.1,5.8,.365,0.1,0.4,.381,2.0,5.4,.364,.377,1.3,1.7,.769,0.7,1.4,2.1,1.0,0.7,0.2,1.1,1.5,5.6)
(1992,328,Mike Smrek,C,29,GSW,2,0,1.5,0.0,0.0,,0.0,0.0,,0.0,0.0,,,0.0,0.0,,0.0,0.5,0.5,0.0,0.0,0.0,0.0,0.0,0.0)
(1992,332,Larry Stewart,PF,23,WSB,76,43,29.3,4.0,7.8,.514,0.0,0.0,.000,4.0,7.7,.516,.514,2.5,3.1,.807,2.4,3.5,5.9,1.6,0.7,0.6,1.5,3.0,10.4)
(1992,336,Lamont Strothers,SG,23,POR,4,0,4.3,1.0,3.0,.333,0.0,0.5,.000,1.0,2.5,.400,.333,0.5,1.0,.500,0.3,0.0,0.3,0.3,0.3,0.3,0.5,0.5,2.5)
(1992,340,Carl Thomas,SG,22,SAC,1,0,31.0,5.0,12.0,.417,1.0,2.0,.500,4.0,10.0,.400,.458,1.0,2.0,.500,0.0,0.0,0.0,1.0,1.0,0.0,1.0,3.0,12.0)
(1992,343,Billy Thompson,SF,28,GSW,1,0,1.0,0.0,0.0,,0.0,0.0,,0.0,0.0,,,0.0,0.0,,0.0,0.0,0.0,0.0,0.0,0.0,0.0,0.0,0.0)
(1992,347,Otis Thorpe,PF,29,HOU,82,82,37.3,6.8,11.5,.592,0.0,0.1,.000,6.8,11.4,.596,.592,3.7,5.6,.657,3.5,7.0,10.5,3.0,0.6,0.5,2.9,3.7,17.3)
(1992,351,Trent Tucker,SG,32,SAS,24,0,17.3,2.5,5.4,.465,0.8,2.0,.396,1.7,3.4,.506,.539,0.7,0.8,.800,0.3,1.2,1.5,1.1,0.9,0.1,0.6,1.6,6.5)
(1992,355,Kiki Vandeweghe,SF,33,NYK,67,0,14.3,2.8,5.7,.491,0.4,1.0,.394,2.4,4.7,.511,.525,1.0,1.2,.802,0.5,0.9,1.3,0.9,0.2,0.1,0.4,1.3,7.0)
(1992,359,Alexander Volkov,C,27,ATL,77,27,19.7,3.3,7.4,.441,0.5,1.4,.318,2.8,6.0,.471,.472,1.6,2.6,.631,1.3,2.1,3.4,3.2,0.9,0.4,1.3,2.3,8.6)
(1992,362,Spud Webb,PG,28,SAC,77,77,35.4,5.8,13.1,.445,0.9,2.6,.367,4.9,10.5,.465,.482,3.4,4.0,.859,0.4,2.5,2.9,7.1,1.6,0.3,3.0,2.5,16.0)
(1992,366,Randy White,PF,24,DAL,65,12,15.7,2.2,5.9,.380,0.1,0.4,.148,2.2,5.5,.397,.385,1.9,2.5,.765,1.5,2.2,3.6,0.5,0.5,0.3,1.0,2.4,6.4)
(1992,370,Gerald Wilkins,SG,28,NYK,82,82,28.6,5.3,11.8,.447,0.5,1.3,.352,4.8,10.4,.459,.467,1.4,1.9,.730,0.9,1.6,2.5,2.7,0.9,0.2,1.4,2.4,12.4)
(1992,374,Jayson Williams,PF,23,PHI,50,8,12.9,1.5,4.1,.364,0.0,0.0,,1.5,4.1,.364,.364,1.1,1.8,.636,1.2,1.7,2.9,0.2,0.4,0.4,0.9,2.2,4.1)
(1992,378,Scott Williams,PF,23,CHI,63,0,11.0,1.3,2.7,.483,0.0,0.0,.000,1.3,2.7,.491,.483,0.8,1.2,.649,1.4,2.5,3.9,0.8,0.2,0.6,0.6,1.9,3.4)
(1992,381,David Wingate,SG,28,WSB,81,72,26.3,3.3,7.1,.465,0.0,0.2,.056,3.3,6.8,.478,.466,1.3,1.8,.719,1.0,2.3,3.3,3.0,1.5,0.3,1.5,2.0,7.9)
(1992,385,James Worthy*,SF,30,LAL,54,54,39.0,8.3,18.6,.447,0.2,0.8,.209,8.2,17.9,.457,.451,3.1,3.8,.814,1.8,3.8,5.6,4.7,1.4,0.4,2.4,1.6,19.9)
