(1992,2,Mahmoud Abdul-Rauf,PG,22,DEN,81,11,19.0,4.4,10.4,.421,0.4,1.2,.330,4.0,9.3,.433,.440,1.2,1.3,.870,0.3,1.1,1.4,2.4,0.5,0.0,1.4,1.6,10.3)
(1992,6,Mark Aguirre,SF,32,DET,75,12,21.1,4.5,10.5,.431,0.2,0.9,.211,4.3,9.5,.453,.440,2.1,3.1,.687,0.9,2.3,3.1,1.7,0.7,0.1,1.4,2.3,11.3)
(1992,10,Kenny Anderson,PG,21,NJN,64,13,17.0,2.9,7.5,.390,0.0,0.2,.231,2.9,7.3,.394,.393,1.1,1.5,.745,0.6,1.4,2.0,3.2,1.0,0.1,1.5,1.1,7.0)
(1992,14,Michael Ansley,SF,24,TOT,10,0,4.5,0.8,1.8,.444,0.0,0.0,,0.8,1.8,.444,.444,0.5,0.6,.833,0.2,0.4,0.6,0.2,0.0,0.0,0.3,0.7,2.1)
(1992,18,Keith Askins,SF,24,MIA,59,4,14.3,1.4,3.5,.410,0.4,1.2,.342,1.0,2.2,.447,.471,0.4,0.6,.703,1.1,1.3,2.4,0.6,0.7,0.3,0.8,1.8,3.7)
(1992,21,Milos Babic,C,23,MIA,9,0,3.9,0.7,1.4,.462,0.0,0.0,,0.7,1.4,.462,.462,0.7,0.9,.750,0.2,1.0,1.2,0.7,0.1,0.0,0.6,0.0,2.0)
(1992,25,Charles Barkley*,PF,28,PHI,75,75,38.4,8.3,15.0,.552,0.4,1.8,.234,7.9,13.2,.597,.567,6.1,8.7,.695,3.6,7.5,11.1,4.1,1.8,0.6,3.1,2.6,23.1)
(1992,29,William Bedford,C,28,DET,32,8,11.3,1.6,3.8,.413,0.0,0.0,.000,1.6,3.8,.417,.413,0.4,0.7,.636,0.8,1.2,2.0,0.4,0.2,0.6,0.5,1.8,3.6)
(1992,33,Larry Bird*,SF,35,BOS,45,45,36.9,7.8,16.8,.466,1.2,2.8,.406,6.7,14.0,.478,.500,3.3,3.6,.926,1.0,8.6,9.6,6.8,0.9,0.7,2.8,1.8,20.2)
(1992,37,Muggsy Bogues,PG,27,CHH,82,69,34.0,3.9,8.2,.472,0.0,0.3,.074,3.8,7.9,.489,.474,1.1,1.5,.783,0.7,2.2,2.9,9.1,2.1,0.1,1.9,1.9,8.9)
(1992,Rk,Player,Pos,Age,Tm,G,GS,MP,FG,FGA,FG%,3P,3PA,3P%,2P,2PA,2P%,eFG%,FT,FTA,FT%,ORB,DRB,TRB,AST,STL,BLK,TOV,PF,PTS)
(1992,44,Frank Brickowski,SF,32,MIL,65,60,23.9,4.7,9.0,.524,0.0,0.1,.500,4.7,8.9,.524,.527,1.9,2.5,.767,1.5,3.8,5.3,1.9,0.9,0.4,1.7,3.4,11.4)
(1992,48,Dee Brown,PG,23,BOS,31,20,28.5,4.8,11.3,.426,0.2,0.7,.227,4.6,10.6,.439,.433,1.9,2.5,.769,0.5,2.1,2.5,5.3,1.1,0.2,1.9,2.4,11.7)
(1992,52,Tony Brown,SF,31,TOT,57,2,11.5,1.8,4.4,.410,0.3,1.1,.302,1.5,3.3,.446,.448,0.8,1.2,.727,0.6,0.9,1.5,0.8,0.5,0.1,0.6,1.4,4.8)
(1992,56,Willie Burton,SF,23,MIA,68,50,23.3,4.1,9.1,.450,0.1,0.2,.400,4.0,8.9,.451,.455,2.9,3.6,.800,1.1,2.5,3.6,1.8,0.7,0.5,1.8,2.7,11.2)
(1992,60,Elden Campbell,C,23,LAL,81,47,23.2,2.7,6.1,.448,0.0,0.0,.000,2.7,6.0,.450,.448,1.7,2.8,.619,1.9,3.3,5.2,0.7,0.7,2.0,0.9,2.5,7.1)
(1992,63,Bill Cartwright,C,34,CHI,64,64,23.0,3.3,7.0,.467,0.0,0.0,,3.3,7.0,.467,.467,1.5,2.5,.604,1.5,3.6,5.1,1.4,0.3,0.2,1.2,2.0,8.0)
(1992,67,Tom Chambers,PF,32,PHO,69,66,28.2,6.2,14.3,.431,0.3,0.7,.367,5.9,13.6,.434,.440,3.7,4.5,.830,1.2,4.6,5.8,2.1,0.8,0.5,1.5,2.8,16.3)
(1992,71,Derrick Coleman,PF,24,NJN,65,58,34.0,7.4,14.7,.504,0.4,1.2,.303,7.1,13.6,.522,.516,4.6,6.0,.763,3.1,6.4,9.5,3.2,0.8,1.5,3.8,2.6,19.8)
(1992,75,Anthony Cook,PF,24,DEN,22,0,5.2,0.7,1.1,.600,0.0,0.0,,0.7,1.1,.600,.600,0.2,0.3,.667,0.6,1.0,1.5,0.1,0.2,0.2,0.1,0.5,1.5)
(1992,79,Tyrone Corbin,SF,29,TOT,80,9,27.6,3.8,7.9,.481,0.0,0.1,.000,3.8,7.8,.484,.481,2.2,2.5,.866,2.0,3.9,5.9,1.8,1.0,0.3,1.2,2.4,9.8)
(1992,82,Terry Cummings,PF,30,SAS,70,67,30.7,7.3,15.0,.488,0.1,0.2,.385,7.3,14.9,.489,.491,2.5,3.6,.711,3.5,5.5,9.0,1.5,0.8,0.5,1.6,3.0,17.3)
(1992,86,Brad Davis,PG,36,DAL,33,0,13.0,1.2,2.6,.442,0.2,0.5,.278,1.0,2.1,.485,.471,0.3,0.5,.733,0.1,0.9,1.0,2.0,0.3,0.1,0.8,1.7,2.8)
(1992,90,Johnny Dawkins,PG,28,PHI,82,82,34.3,4.8,11.0,.437,0.4,1.2,.356,4.4,9.8,.447,.457,2.0,2.3,.882,0.5,2.3,2.8,6.9,1.1,0.1,2.2,1.9,12.0)
(1992,94,Sherman Douglas,PG,25,TOT,42,2,17.9,2.8,6.0,.462,0.0,0.2,.100,2.8,5.8,.477,.464,1.7,2.5,.682,0.3,1.2,1.5,4.1,0.6,0.2,1.6,1.9,7.3)
(1992,98,Chris Dudley,C,26,NJN,82,21,23.2,2.3,5.8,.403,0.0,0.0,,2.3,5.8,.403,.403,1.0,2.1,.468,4.2,4.8,9.0,0.7,0.5,2.2,1.0,3.4,5.6)
(1992,101,Mark Eaton,C,35,UTA,81,81,25.0,1.3,3.0,.446,0.0,0.0,,1.3,3.0,.446,.446,0.6,1.1,.598,1.9,4.2,6.1,0.5,0.4,2.5,0.7,3.0,3.3)
(1992,105,Kevin Edwards,PG,26,MIA,81,1,22.7,4.0,8.8,.454,0.1,0.4,.219,3.9,8.4,.465,.459,2.0,2.4,.848,0.7,1.9,2.6,2.1,1.2,0.2,1.5,1.7,10.1)
(1992,109,Dale Ellis,SF,31,MIL,81,11,27.0,6.0,12.8,.469,1.7,4.1,.419,4.3,8.7,.492,.536,2.0,2.6,.774,1.1,2.0,3.1,1.3,0.7,0.2,1.5,1.9,15.7)
(1992,113,Patrick Ewing*,C,29,NYK,82,82,38.4,9.7,18.6,.522,0.0,0.1,.167,9.7,18.5,.523,.522,4.6,6.2,.738,2.8,8.5,11.2,1.9,1.1,3.0,2.5,3.4,24.0)
(1992,117,Vern Fleming,PG,29,IND,82,6,21.2,3.6,7.4,.482,0.1,0.3,.222,3.5,7.1,.494,.487,1.6,2.2,.737,0.8,1.7,2.5,3.2,0.7,0.1,1.7,1.6,8.9)
(1992,Rk,Player,Pos,Age,Tm,G,GS,MP,FG,FGA,FG%,3P,3PA,3P%,2P,2PA,2P%,eFG%,FT,FTA,FT%,ORB,DRB,TRB,AST,STL,BLK,TOV,PF,PTS)
(1992,124,Winston Garland,PG,27,DEN,78,67,28.3,4.3,9.6,.444,0.1,0.4,.321,4.2,9.3,.449,.450,2.2,2.6,.859,0.9,1.6,2.4,5.3,1.3,0.3,2.2,2.6,10.8)
(1992,128,Tate George,SG,23,NJN,70,2,14.8,2.4,5.5,.427,0.0,0.1,.167,2.3,5.4,.432,.429,1.2,1.5,.821,0.5,1.0,1.5,2.3,0.6,0.0,1.2,1.4,6.0)
(1992,132,Mike Gminski,C,32,CHH,35,10,14.3,2.6,5.7,.452,0.0,0.1,.333,2.5,5.6,.454,.455,0.6,0.8,.750,1.1,2.3,3.4,0.9,0.3,0.5,0.6,1.1,5.8)
(1992,136,Gary Grant,PG,26,LAC,78,53,26.3,3.5,7.6,.462,0.2,0.7,.294,3.3,7.0,.478,.475,0.6,0.7,.815,0.4,1.9,2.4,6.9,1.8,0.2,2.4,2.3,7.8)
(1992,140,Jeff Grayer,SG,26,MIL,82,11,20.2,3.8,8.4,.448,0.2,0.8,.288,3.5,7.6,.465,.462,1.2,1.9,.667,1.6,1.6,3.1,1.8,0.8,0.2,1.3,1.7,9.0)
(1992,143,Sean Green,SG,21,IND,35,0,7.3,1.8,4.5,.392,0.1,0.3,.200,1.7,4.2,.405,.399,0.4,0.8,.536,0.6,0.6,1.2,0.6,0.4,0.2,0.8,0.9,4.0)
(1992,147,Bob Hansen,SG,31,TOT,68,2,11.9,1.2,2.6,.444,0.1,0.4,.259,1.1,2.2,.477,.463,0.1,0.3,.364,0.3,0.9,1.1,1.0,0.4,0.0,0.4,2.0,2.5)
(1992,151,Scott Hastings,C,31,DEN,40,4,10.5,0.4,1.3,.340,0.0,0.2,.000,0.4,1.0,.415,.340,0.6,0.7,.857,0.8,1.7,2.5,0.7,0.3,0.4,0.6,1.4,1.5)
(1992,155,Carl Herrera,PF,25,HOU,43,7,13.2,1.9,3.7,.516,0.0,0.0,.000,1.9,3.7,.519,.516,0.6,1.0,.568,0.8,1.5,2.3,0.6,0.4,0.6,0.9,1.4,4.4)
(1992,159,Donald Hodge,PF,22,DAL,51,27,20.7,3.2,6.4,.497,0.0,0.0,,3.2,6.4,.497,.497,2.0,2.9,.667,2.3,3.1,5.4,0.8,0.5,0.5,1.5,2.5,8.4)
(1992,162,Dennis Hopson,SG,26,TOT,71,0,18.5,3.9,8.4,.465,0.2,0.7,.255,3.7,7.7,.484,.476,2.5,3.6,.708,1.5,1.4,2.9,1.4,0.9,0.5,1.4,1.6,10.5)
(1992,166,Cedric Hunter,PG,27,CHH,1,0,1.0,0.0,0.0,,0.0,0.0,,0.0,0.0,,,0.0,0.0,,0.0,0.0,0.0,0.0,0.0,0.0,0.0,0.0,0.0)
(1992,170,Dave Jamerson,SG,24,HOU,48,0,7.9,1.6,4.0,.414,0.2,0.6,.286,1.5,3.4,.436,.435,0.5,0.6,.926,0.5,0.4,0.9,0.7,0.4,0.0,0.5,0.8,4.0)
(1992,174,Buck Johnson,SF,28,HOU,80,69,27.5,3.6,7.9,.458,0.0,0.1,.111,3.6,7.8,.463,.459,1.3,1.8,.727,1.2,2.7,3.9,2.0,0.9,0.6,1.3,2.9,8.6)
(1992,178,Vinnie Johnson,SG,35,SAS,60,23,22.5,3.4,8.3,.405,0.3,1.0,.317,3.1,7.3,.417,.424,0.9,1.4,.647,1.1,1.9,3.0,2.4,0.7,0.2,1.2,1.6,8.0)
(1992,181,Shawn Kemp,PF,22,SEA,64,23,28.3,5.7,11.2,.504,0.0,0.0,.000,5.7,11.2,.506,.504,4.2,5.6,.748,4.1,6.3,10.4,1.3,1.1,1.9,2.4,4.1,15.5)
(1992,185,Bo Kimble,SG,25,LAC,34,0,8.1,1.3,3.3,.396,0.1,0.4,.308,1.2,2.9,.408,.414,0.6,0.9,.645,0.4,0.6,0.9,0.5,0.3,0.2,0.4,1.1,3.3)
(1992,189,Greg Kite,C,30,ORL,72,44,20.5,1.3,3.0,.437,0.0,0.0,.000,1.3,3.0,.439,.437,0.6,0.9,.588,2.2,3.4,5.6,0.6,0.4,0.8,0.8,2.9,3.2)
(1992,193,Jon Koncak,C,28,ATL,77,14,19.3,1.4,3.7,.391,0.0,0.2,.000,1.4,3.5,.408,.391,0.2,0.4,.655,0.8,2.6,3.4,1.7,0.6,0.9,0.7,2.7,3.1)
(1992,196,Jerome Lane,PF,25,TOT,14,5,12.6,1.0,3.3,.304,0.0,0.0,,1.0,3.3,.304,.304,0.6,1.9,.333,2.3,2.4,4.7,1.2,0.1,0.1,1.0,2.0,2.6)
(1992,200,Gary Leonard,C,24,ATL,5,0,2.6,0.8,1.2,.667,0.0,0.0,,0.8,1.2,.667,.667,0.4,0.4,1.000,0.6,0.4,1.0,0.2,0.2,0.0,0.2,0.6,2.0)
(1992,203,Cliff Levingston,PF,31,CHI,79,0,12.9,1.6,3.2,.498,0.0,0.1,.167,1.6,3.1,.506,.500,0.8,1.2,.625,1.4,1.5,2.9,0.8,0.3,0.6,0.5,1.7,3.9)
(1992,207,Alton Lister,C,33,GSW,26,12,11.3,1.7,3.0,.557,0.0,0.0,,1.7,3.0,.557,.557,0.5,1.3,.424,0.8,2.7,3.5,0.5,0.2,0.6,0.8,2.3,3.9)
(1992,211,Kevin Lynch,SG,23,CHH,55,3,14.9,1.7,4.1,.417,0.1,0.1,.375,1.6,3.9,.419,.424,0.6,0.8,.761,0.5,1.0,1.5,1.5,0.7,0.2,0.8,1.9,4.1)
(1992,215,Karl Malone*,PF,28,UTA,81,81,37.7,9.9,18.7,.526,0.0,0.2,.176,9.8,18.5,.530,.527,8.3,10.7,.778,2.8,8.4,11.2,3.0,1.3,0.6,3.1,2.8,28.0)
(1992,219,Anthony Mason,PF,25,NYK,82,0,26.8,2.5,4.9,.509,0.0,0.0,,2.5,4.9,.509,.509,2.0,3.2,.642,2.6,4.4,7.0,1.3,0.6,0.2,1.2,2.8,7.0)
(1992,222,Tharon Mayes,SG,23,TOT,24,0,10.6,1.3,4.1,.303,0.6,1.7,.366,0.6,2.4,.259,.379,1.0,1.5,.667,0.1,0.5,0.7,1.5,0.7,0.1,1.3,1.7,4.1)
(1992,226,Tim McCormick,C,29,NYK,22,0,4.9,0.6,1.5,.424,0.0,0.0,,0.6,1.5,.424,.424,0.6,1.0,.667,0.6,0.9,1.5,0.4,0.1,0.0,0.4,0.8,1.9)
(1992,230,Derrick McKey,SF,25,SEA,52,44,33.8,5.5,11.6,.472,0.4,1.0,.380,5.1,10.7,.480,.488,3.6,4.3,.847,1.8,3.3,5.2,2.3,1.2,0.9,2.2,2.7,14.9)
(1992,234,Terry Mills,PF,24,NJN,82,24,20.9,3.8,8.2,.463,0.1,0.3,.348,3.7,7.9,.467,.469,1.4,1.9,.750,2.3,3.2,5.5,1.0,0.6,0.5,1.0,2.4,9.0)
(1992,238,Chris Morris,SF,26,NJN,77,74,31.1,4.5,9.4,.477,0.3,1.4,.200,4.2,8.0,.526,.492,2.1,3.0,.714,2.6,3.8,6.4,2.6,1.7,1.1,2.2,2.7,11.4)
(1992,241,Eric Murdock,PG,23,UTA,50,0,9.6,1.5,3.7,.415,0.1,0.5,.192,1.4,3.1,.452,.429,0.9,1.2,.754,0.4,0.7,1.1,1.8,0.6,0.1,1.0,1.0,4.1)
(1992,245,Larry Nance,PF,32,CLE,81,81,35.6,6.9,12.7,.539,0.0,0.1,.000,6.9,12.7,.542,.539,3.2,4.0,.822,2.6,5.6,8.3,2.9,1.0,3.0,1.1,2.5,17.0)
(1992,249,Ken Norman,SF,27,LAC,77,24,26.1,5.2,10.7,.490,0.1,0.4,.143,5.2,10.3,.502,.492,1.6,2.9,.535,2.1,3.8,5.8,1.6,0.7,0.9,1.3,1.9,12.1)
(1992,253,Brian Oliver,SG,23,PHI,34,0,8.2,1.0,2.9,.330,0.0,0.1,.000,1.0,2.8,.344,.330,0.4,0.6,.682,0.3,0.6,0.9,0.6,0.3,0.1,0.7,1.0,2.4)
(1992,257,Robert Pack,PG,22,POR,72,0,12.4,1.6,3.8,.423,0.0,0.1,.000,1.6,3.6,.439,.423,1.4,1.8,.803,0.4,0.9,1.3,1.9,0.6,0.1,1.3,1.4,4.6)
(1992,Rk,Player,Pos,Age,Tm,G,GS,MP,FG,FGA,FG%,3P,3PA,3P%,2P,2PA,2P%,eFG%,FT,FTA,FT%,ORB,DRB,TRB,AST,STL,BLK,TOV,PF,PTS)
(1992,264,Elliot Perry,PG,22,TOT,50,0,8.7,1.0,2.6,.380,0.0,0.1,.143,1.0,2.4,.393,.384,0.5,0.8,.659,0.3,0.5,0.8,1.6,0.7,0.1,1.0,0.7,2.5)
(1992,268,Drazen Petrovic*,SG,27,NJN,82,82,36.9,8.1,16.0,.508,1.5,3.4,.444,6.6,12.7,.525,.555,2.8,3.5,.808,1.2,2.0,3.1,3.1,1.3,0.1,2.6,3.0,20.6)
(1992,272,Scottie Pippen*,SF,26,CHI,82,82,38.6,8.4,16.6,.506,0.2,1.0,.200,8.2,15.6,.525,.511,4.0,5.3,.760,2.3,5.4,7.7,7.0,1.9,1.1,3.1,3.0,21.0)
(1992,276,Paul Pressey,SG,33,SAS,56,7,13.6,1.1,2.9,.373,0.1,0.4,.143,1.0,2.5,.407,.382,0.5,0.7,.683,0.4,1.3,1.7,2.5,0.5,0.3,1.1,1.5,2.7)
(1992,280,Kurt Rambis,PF,33,PHO,28,5,13.6,1.4,2.9,.463,0.0,0.0,,1.4,2.9,.463,.463,0.5,0.6,.778,0.8,3.0,3.8,1.3,0.4,0.5,0.9,1.6,3.2)
(1992,283,J.R. Reid,C,23,CHH,51,7,24.6,4.2,8.5,.490,0.0,0.1,.000,4.2,8.5,.493,.490,2.6,3.7,.705,1.9,4.3,6.2,1.6,1.0,0.5,1.6,3.1,11.0)
(1992,287,Mitch Richmond*,SG,26,SAC,80,80,38.7,8.6,18.3,.468,1.3,3.4,.384,7.3,15.0,.486,.503,4.1,5.1,.813,0.8,3.2,4.0,5.1,1.2,0.4,3.1,2.9,22.5)
(1992,291,Stanley Roberts,C,21,ORL,55,34,20.3,4.3,8.1,.529,0.0,0.0,.000,4.3,8.1,.530,.529,1.8,3.6,.515,2.1,4.1,6.1,0.7,0.4,1.5,1.4,4.0,10.4)
(1992,295,David Robinson*,C,26,SAS,68,68,37.7,8.7,15.8,.551,0.0,0.1,.125,8.7,15.7,.554,.552,5.8,8.3,.701,3.8,8.4,12.2,2.7,2.3,4.5,2.7,3.2,23.2)
(1992,299,Tree Rollins,C,36,HOU,59,5,11.8,0.8,1.5,.535,0.0,0.0,,0.8,1.5,.535,.535,0.4,0.5,.867,1.0,1.9,2.9,0.3,0.2,1.1,0.3,1.4,2.0)
(1992,302,Jeff Ruland,C,33,PHI,13,5,16.1,1.5,2.9,.526,0.0,0.0,,1.5,2.9,.526,.526,0.8,1.2,.688,1.2,2.4,3.6,0.4,0.5,0.3,1.5,3.5,3.9)
(1992,306,Mike Sanders,SF,31,TOT,31,20,20.4,3.0,5.2,.571,0.0,0.1,.333,2.9,5.1,.576,.575,1.2,1.5,.766,0.9,2.2,3.1,1.7,0.8,0.3,0.7,2.7,7.1)
(1992,310,Detlef Schrempf,PF,29,IND,80,4,32.6,6.2,11.6,.536,0.3,0.9,.324,5.9,10.7,.554,.549,4.6,5.5,.828,2.5,7.1,9.6,3.9,0.8,0.5,2.4,3.6,17.3)
(1992,314,Brad Sellers,PF,29,DET,43,1,5.3,1.0,2.0,.466,0.0,0.0,.000,1.0,2.0,.471,.466,0.5,0.6,.769,0.3,0.6,1.0,0.3,0.0,0.2,0.3,0.5,2.4)
(1992,318,Scott Skiles,PG,27,ORL,75,63,31.7,4.8,11.6,.414,1.2,3.3,.364,3.6,8.2,.434,.466,3.3,3.7,.895,0.5,2.2,2.7,7.3,1.0,0.1,3.1,2.5,14.1)
(1992,321,Kenny Smith,PG,26,HOU,81,80,33.8,5.3,11.2,.475,0.7,1.7,.394,4.7,9.5,.489,.504,2.7,3.1,.866,0.4,1.8,2.2,6.9,1.3,0.1,2.8,1.4,14.0)
(1992,325,Steve Smith,SG,22,MIA,61,59,29.6,4.9,10.7,.454,0.7,2.0,.320,4.2,8.7,.486,.485,1.6,2.1,.748,1.3,1.8,3.1,4.6,1.0,0.3,2.5,2.7,12.0)
(1992,329,Rory Sparrow,PG,33,TOT,46,0,10.6,1.3,3.3,.384,0.1,0.3,.200,1.2,3.0,.404,.394,0.2,0.3,.615,0.1,0.5,0.6,1.8,0.3,0.1,0.7,1.2,2.8)
(1992,333,John Stockton*,PG,29,UTA,82,82,36.6,5.5,11.5,.482,1.0,2.5,.407,4.5,9.0,.503,.527,3.8,4.5,.842,0.8,2.5,3.3,13.7,3.0,0.3,3.5,2.9,15.8)
(1992,337,Jon Sundvold,PG,30,MIA,3,0,2.7,0.3,1.0,.333,0.3,0.3,1.000,0.0,0.7,.000,.500,0.0,0.0,,0.0,0.0,0.0,0.7,0.0,0.0,0.0,0.7,1.0)
(1992,Rk,Player,Pos,Age,Tm,G,GS,MP,FG,FGA,FG%,3P,3PA,3P%,2P,2PA,2P%,eFG%,FT,FTA,FT%,ORB,DRB,TRB,AST,STL,BLK,TOV,PF,PTS)
(1992,344,LaSalle Thompson,C,30,IND,80,49,16.2,2.1,4.5,.468,0.0,0.0,.000,2.1,4.5,.471,.468,0.7,0.9,.817,1.2,3.5,4.8,1.3,0.7,0.4,1.2,2.6,4.9)
(1992,348,Sedale Threatt,PG,30,LAL,82,82,37.4,6.2,12.7,.489,0.2,0.8,.323,6.0,11.9,.499,.499,2.5,3.0,.831,0.5,2.6,3.1,7.2,2.0,0.2,2.2,2.8,15.1)
(1992,352,Andre Turner,PG,27,WSB,70,3,12.4,1.6,3.7,.425,0.0,0.2,.063,1.6,3.5,.449,.427,0.9,1.1,.792,0.2,1.0,1.3,2.5,0.8,0.0,1.2,0.8,4.1)
(1992,356,Loy Vaught,PF,23,LAC,79,38,21.4,3.4,7.0,.492,0.1,0.1,.800,3.4,6.9,.489,.495,0.7,0.9,.797,2.0,4.5,6.5,0.9,0.5,0.4,0.8,2.1,7.6)
(1992,360,Stojko Vrankovic,C,28,BOS,19,0,5.8,0.8,1.7,.469,0.0,0.0,,0.8,1.7,.469,.469,0.4,0.6,.583,0.4,1.1,1.5,0.3,0.0,0.9,0.5,1.2,1.9)
(1992,363,Doug West,SG,24,MIN,80,72,31.8,5.8,11.2,.518,0.1,0.3,.174,5.7,10.9,.527,.520,2.3,2.9,.805,1.3,1.9,3.2,3.5,0.8,0.3,1.5,3.0,14.0)
(1992,367,Mitchell Wiggins,SG,32,PHI,49,0,11.6,1.8,4.7,.384,0.0,0.0,.000,1.8,4.7,.386,.384,0.7,1.0,.686,0.9,1.0,1.9,0.4,0.4,0.0,0.5,1.4,4.3)
(1992,371,Buck Williams,PF,31,POR,80,80,31.5,4.3,7.0,.604,0.0,0.0,.000,4.3,7.0,.605,.604,2.8,3.7,.754,3.3,5.6,8.8,1.4,0.8,0.5,1.6,3.1,11.3)
(1992,375,Kenny Williams,SF,22,IND,60,6,9.4,1.9,3.6,.518,0.0,0.1,.000,1.9,3.6,.528,.518,0.4,0.7,.605,1.1,1.1,2.2,0.7,0.3,0.7,0.4,1.7,4.2)
(1992,379,Kevin Willis,PF,29,ATL,81,80,36.6,7.3,15.1,.483,0.1,0.5,.162,7.2,14.7,.493,.485,3.6,4.5,.804,5.2,10.4,15.5,2.1,0.9,0.7,2.4,2.8,18.3)
(1992,382,Randy Wittman,SG,32,IND,24,0,4.8,0.3,0.8,.421,0.0,0.0,,0.3,0.8,.421,.421,0.0,0.1,.500,0.0,0.3,0.4,0.5,0.1,0.0,0.1,0.2,0.7)
(1992,386,Danny Young,PG,29,TOT,62,5,16.5,1.6,4.1,.392,0.4,1.1,.329,1.2,3.0,.416,.437,0.9,1.1,.851,0.3,1.0,1.2,2.8,0.7,0.1,0.8,0.9,4.5)
