(1992,3,Mark Acres,C,29,ORL,68,6,13.6,1.1,2.2,.517,0.0,0.0,.333,1.1,2.2,.520,.520,0.8,1.0,.761,1.4,2.3,3.7,0.3,0.4,0.2,0.5,2.1,3.1)
(1992,7,Danny Ainge,SG,32,POR,81,6,19.7,3.7,8.3,.442,1.0,2.8,.339,2.7,5.5,.496,.500,1.3,1.6,.824,0.5,1.3,1.8,2.5,0.9,0.2,0.9,1.8,9.7)
(1992,11,Nick Anderson,SG,24,ORL,60,59,36.7,8.0,17.4,.463,0.5,1.4,.353,7.5,16.0,.472,.477,3.4,5.1,.667,1.6,4.8,6.4,2.7,1.6,0.6,2.1,2.2,19.9)
(1992,15,Greg Anthony,PG,24,NYK,82,1,18.4,2.0,5.3,.370,0.1,0.7,.145,1.9,4.6,.403,.379,1.4,1.9,.741,0.4,1.3,1.7,3.8,0.7,0.1,1.2,2.1,5.5)
(1992,19,Stacey Augmon,SG,23,ATL,82,82,30.5,5.4,11.0,.489,0.0,0.1,.167,5.4,10.9,.492,.490,2.6,3.9,.666,2.3,2.8,5.1,2.5,1.5,0.3,2.2,2.0,13.3)
(1992,22,John Bagley,PG,31,BOS,73,59,23.9,3.1,6.9,.441,0.1,0.6,.238,2.9,6.4,.459,.451,0.9,1.3,.716,0.5,1.7,2.2,6.6,0.8,0.1,2.0,1.7,7.2)
(1992,26,Dana Barros,PG,24,SEA,75,1,17.7,3.2,6.6,.483,1.1,2.5,.446,2.1,4.1,.505,.567,0.8,1.1,.759,0.2,0.9,1.1,1.7,0.7,0.1,0.7,1.1,8.3)
(1992,30,Benoit Benjamin,C,27,SEA,63,61,30.8,5.6,11.7,.478,0.0,0.0,.000,5.6,11.7,.480,.478,2.7,4.0,.687,2.1,6.1,8.1,1.2,0.6,1.9,2.8,2.9,14.0)
(1992,34,Rolando Blackman,SG,32,DAL,75,74,33.7,7.1,15.5,.461,0.9,2.3,.385,6.3,13.2,.474,.489,3.2,3.5,.898,1.0,2.1,3.2,2.7,0.7,0.3,2.0,1.8,18.3)
(1992,38,Manute Bol,C,29,PHI,71,2,17.8,0.7,1.8,.383,0.0,0.1,.000,0.7,1.7,.412,.383,0.2,0.4,.462,0.8,2.4,3.1,0.3,0.2,2.9,0.6,2.0,1.5)
(1992,41,Sam Bowie,C,30,NJN,71,61,30.7,5.9,13.3,.445,0.1,0.4,.320,5.8,13.0,.448,.449,3.0,3.9,.757,2.9,5.3,8.1,2.6,0.6,1.7,2.1,3.0,15.0)
(1992,45,Kevin Brooks,SF,22,DEN,37,0,7.3,1.2,2.6,.443,0.1,0.3,.182,1.1,2.3,.477,.454,0.5,0.6,.810,0.4,0.7,1.1,0.3,0.2,0.1,0.5,0.5,2.8)
(1992,49,Mike Brown,C,28,UTA,82,1,21.7,2.7,6.0,.453,0.0,0.0,.000,2.7,5.9,.454,.453,2.3,3.5,.667,2.3,3.5,5.8,1.0,0.5,0.4,1.3,2.4,7.7)
(1992,53,Mark Bryant,PF,26,POR,56,0,14.3,1.7,3.5,.480,0.0,0.1,.000,1.7,3.5,.487,.480,0.7,1.1,.667,1.6,2.0,3.6,0.7,0.5,0.1,0.5,1.9,4.1)
(1992,57,Steve Burtt,SG,29,PHO,31,2,11.5,2.4,5.2,.463,0.0,0.2,.167,2.4,5.0,.474,.466,1.2,1.7,.704,0.3,0.8,1.1,1.9,0.5,0.1,1.1,1.9,6.0)
(1992,Rk,Player,Pos,Age,Tm,G,GS,MP,FG,FGA,FG%,3P,3PA,3P%,2P,2PA,2P%,eFG%,FT,FTA,FT%,ORB,DRB,TRB,AST,STL,BLK,TOV,PF,PTS)
(1992,64,Terry Catledge,PF,28,ORL,78,67,31.2,5.9,11.8,.496,0.0,0.1,.000,5.9,11.8,.498,.496,3.1,4.4,.694,3.3,3.7,7.0,1.4,0.7,0.2,1.8,2.5,14.8)
(1992,68,Rex Chapman,PG-SG,24,TOT,22,11,25.8,5.1,11.5,.448,0.4,1.3,.276,4.8,10.1,.471,.464,1.6,2.4,.679,0.5,2.2,2.6,4.0,0.7,0.4,2.0,2.3,12.3)
(1992,72,Bimbo Coles,PG,23,MIA,81,28,24.4,3.6,8.0,.455,0.1,0.6,.192,3.5,7.4,.477,.462,2.7,3.2,.824,0.9,1.5,2.3,4.5,0.9,0.2,2.1,1.9,10.1)
(1992,76,Wayne Cooper,C,35,POR,35,0,9.8,1.0,2.3,.427,0.0,0.0,,1.0,2.3,.427,.427,0.2,0.3,.636,1.1,1.8,2.9,0.6,0.1,0.8,0.4,1.6,2.2)
(1992,80,Chris Corchiani,PG,23,ORL,51,1,14.5,1.5,3.8,.399,0.2,0.7,.270,1.3,3.1,.429,.425,1.8,2.0,.875,0.4,1.2,1.5,2.8,0.9,0.0,1.5,1.8,5.0)
(1992,83,Dell Curry,SG,27,CHH,77,0,26.2,6.5,13.5,.486,1.0,2.4,.404,5.6,11.1,.503,.521,1.6,2.0,.836,0.7,2.6,3.4,2.3,1.2,0.3,1.7,2.0,15.7)
(1992,87,Dale Davis,PF,22,IND,64,23,20.3,2.4,4.4,.552,0.0,0.0,.000,2.4,4.3,.554,.552,1.4,2.4,.572,2.5,3.9,6.4,0.5,0.4,1.2,0.8,3.0,6.2)
(1992,91,Bison Dele,PF,22,ORL,48,2,18.9,3.6,6.8,.528,0.0,0.0,,3.6,6.8,.528,.528,2.0,3.0,.669,2.4,3.3,5.7,0.7,0.9,1.1,1.8,2.9,9.1)
(1992,95,Greg Dreiling,C,29,IND,60,23,8.5,0.7,1.5,.494,0.0,0.0,1.000,0.7,1.4,.488,.500,0.5,0.7,.750,0.4,1.2,1.6,0.4,0.2,0.3,0.5,2.1,2.0)
(1992,99,Joe Dumars*,SG,28,DET,82,82,38.9,7.2,16.0,.448,0.6,1.5,.408,6.6,14.5,.452,.466,5.0,5.8,.867,1.0,1.3,2.3,4.6,0.9,0.1,2.4,1.8,19.9)
(1992,102,Patrick Eddie,C,24,NYK,4,0,3.3,0.5,2.3,.222,0.0,0.0,,0.5,2.3,.222,.222,0.0,0.0,,0.0,0.3,0.3,0.0,0.0,0.0,0.0,0.8,1.0)
(1992,106,Craig Ehlo,SG,30,CLE,63,62,32.0,4.9,10.9,.453,1.1,2.7,.413,3.8,8.2,.466,.504,1.4,2.0,.707,1.5,3.4,4.9,3.8,1.2,0.3,1.7,2.4,12.3)
(1992,110,LeRon Ellis,C,22,LAC,29,0,3.6,0.6,1.7,.340,0.0,0.0,,0.6,1.7,.340,.340,0.3,0.7,.474,0.4,0.4,0.8,0.0,0.2,0.3,0.4,0.4,1.5)
(1992,114,Dave Feitl,C,29,NJN,34,0,5.1,1.0,2.3,.429,0.0,0.0,,1.0,2.3,.429,.429,0.5,0.6,.842,0.6,1.2,1.8,0.2,0.1,0.1,0.6,0.6,2.4)
(1992,118,Sleepy Floyd,PG,31,HOU,82,3,20.3,3.5,8.6,.406,0.5,1.5,.301,3.0,7.1,.429,.433,1.6,2.1,.794,0.4,1.4,1.8,2.9,0.7,0.3,1.6,1.6,9.1)
(1992,121,Tellis Frank,PF,26,MIN,10,0,14.0,1.8,3.3,.545,0.0,0.0,,1.8,3.3,.545,.545,1.0,1.5,.667,0.8,1.8,2.6,0.8,0.5,0.4,0.5,2.4,4.6)
(1992,125,Tom Garrick,SG,25,TOT,40,5,13.7,1.5,3.6,.413,0.0,0.1,.250,1.5,3.5,.417,.416,0.5,0.7,.692,0.3,1.1,1.4,2.5,0.9,0.1,1.1,1.4,3.4)
(1992,129,Kendall Gill,SG,23,CHH,79,79,36.8,8.4,18.1,.467,0.1,0.3,.240,8.4,17.7,.471,.469,3.6,4.8,.745,2.1,3.0,5.1,4.2,1.9,0.6,2.3,3.0,20.5)
(1992,133,Dan Godfread,C,24,HOU,1,0,2.0,0.0,0.0,,0.0,0.0,,0.0,0.0,,,0.0,0.0,,0.0,0.0,0.0,0.0,0.0,0.0,0.0,0.0,0.0)
(1992,137,Greg Grant,PG,25,TOT,68,0,13.1,1.5,3.3,.440,0.1,0.3,.389,1.4,3.0,.444,.456,0.3,0.4,.833,0.2,0.8,1.0,3.2,0.7,0.0,0.7,1.1,3.3)
(1992,Rk,Player,Pos,Age,Tm,G,GS,MP,FG,FGA,FG%,3P,3PA,3P%,2P,2PA,2P%,eFG%,FT,FTA,FT%,ORB,DRB,TRB,AST,STL,BLK,TOV,PF,PTS)
(1992,144,Sidney Green,PF,31,SAS,80,1,14.1,1.8,4.3,.427,0.0,0.0,,1.8,4.3,.427,.427,0.9,1.1,.820,1.2,3.1,4.3,0.5,0.4,0.1,0.8,1.9,4.6)
(1992,148,Tim Hardaway,PG,25,GSW,81,81,41.1,9.1,19.7,.461,1.6,4.6,.338,7.5,15.0,.499,.501,3.7,4.8,.766,1.0,2.8,3.8,10.0,2.0,0.2,3.3,2.6,23.4)
(1992,152,Hersey Hawkins,SG,25,PHI,81,81,37.2,6.4,13.9,.462,1.1,2.8,.397,5.3,11.1,.479,.503,5.0,5.7,.874,0.7,2.7,3.3,3.1,1.9,0.5,2.3,2.1,19.0)
(1992,156,Rod Higgins,SF,32,GSW,25,6,21.4,3.5,8.4,.412,1.3,3.8,.347,2.2,4.6,.466,.491,1.9,2.4,.814,1.2,2.2,3.4,0.9,0.6,0.5,0.6,3.0,10.2)
(1992,160,Craig Hodges,SG,31,CHI,56,2,9.9,1.7,4.3,.384,0.6,1.7,.375,1.0,2.6,.390,.459,0.3,0.3,.941,0.1,0.3,0.4,1.0,0.3,0.0,0.4,0.6,4.3)
(1992,163,Jeff Hornacek,SG,28,PHO,81,81,38.0,7.8,15.3,.512,1.0,2.3,.439,6.8,13.0,.525,.546,3.4,3.9,.886,1.3,3.7,5.0,5.1,2.0,0.4,2.1,2.7,20.1)
(1992,167,Mike Iuzzolino,PG,24,DAL,52,21,24.6,3.1,6.8,.451,1.1,2.6,.434,1.9,4.2,.461,.534,2.1,2.5,.836,0.5,1.4,1.9,3.7,0.6,0.0,1.8,1.5,9.3)
(1992,171,Henry James,SF,26,CLE,65,5,13.3,2.5,6.2,.407,0.4,1.4,.322,2.1,4.8,.431,.443,0.9,1.2,.803,0.5,1.2,1.7,0.4,0.2,0.2,0.7,1.4,6.4)
(1992,175,Eddie Johnson,SF,32,SEA,81,19,29.2,6.6,14.4,.459,0.3,1.3,.252,6.3,13.0,.480,.470,3.6,4.2,.861,1.5,2.1,3.6,2.0,0.7,0.1,1.6,2.5,17.1)
(1992,179,Charles Jones,C,34,WSB,75,32,18.2,0.4,1.2,.367,0.0,0.0,,0.4,1.2,.367,.367,0.3,0.5,.500,1.4,2.8,4.2,0.8,0.6,1.2,0.5,2.9,1.1)
(1992,182,Steve Kerr,PG,26,CLE,48,20,17.6,2.5,4.9,.511,0.7,1.5,.432,1.9,3.4,.546,.578,0.9,1.1,.833,0.3,1.3,1.6,2.3,0.6,0.2,0.6,0.6,6.6)
(1992,186,Albert King,SF,32,WSB,6,0,9.8,1.8,5.0,.367,0.3,1.2,.286,1.5,3.8,.391,.400,1.2,1.3,.875,0.2,1.7,1.8,0.8,0.5,0.0,0.3,1.2,5.2)
(1992,190,Joe Kleine,C,30,BOS,70,3,14.2,2.1,4.2,.491,0.1,0.1,.500,2.0,4.1,.491,.498,0.5,0.7,.708,1.3,2.9,4.2,0.5,0.3,0.2,0.4,1.4,4.7)
(1992,194,Larry Krystkowiak,PF,27,MIL,79,16,23.4,3.7,8.4,.444,0.0,0.1,.000,3.7,8.3,.447,.444,1.6,2.1,.757,1.7,3.8,5.4,1.4,0.7,0.2,1.5,2.8,9.0)
(1992,197,Andrew Lang,C,25,PHO,81,71,24.3,3.1,5.9,.522,0.0,0.0,.000,3.1,5.9,.523,.522,1.6,2.0,.768,2.1,4.6,6.7,0.5,0.6,2.5,1.1,3.8,7.7)
(1992,Rk,Player,Pos,Age,Tm,G,GS,MP,FG,FGA,FG%,3P,3PA,3P%,2P,2PA,2P%,eFG%,FT,FTA,FT%,ORB,DRB,TRB,AST,STL,BLK,TOV,PF,PTS)
(1992,204,Reggie Lewis,SG,26,BOS,82,82,37.4,8.6,17.0,.503,0.1,0.3,.238,8.5,16.8,.507,.505,3.6,4.2,.851,1.4,3.4,4.8,2.3,1.5,1.3,1.7,3.1,20.8)
(1992,208,Brad Lohaus,PF,27,MIL,70,8,15.4,2.3,5.1,.450,0.8,2.1,.396,1.5,3.1,.486,.529,0.4,0.6,.659,0.9,2.6,3.6,1.1,0.6,1.0,0.7,2.1,5.8)
(1992,212,Mark Macon,SG,22,DEN,76,67,30.3,4.4,11.7,.375,0.1,0.4,.133,4.3,11.3,.383,.377,1.8,2.4,.730,1.1,1.8,2.9,2.2,2.0,0.2,2.0,3.2,10.6)
(1992,216,Moses Malone*,C,36,MIL,82,77,30.6,5.4,11.3,.474,0.0,0.1,.375,5.3,11.2,.474,.475,4.8,6.1,.786,3.9,5.2,9.1,1.1,0.9,0.8,1.8,1.7,15.6)
(1992,220,Tony Massenburg,PF,24,TOT,18,0,5.0,0.6,1.4,.400,0.0,0.0,,0.6,1.4,.400,.400,0.5,0.8,.600,0.4,1.0,1.4,0.0,0.1,0.1,0.5,1.2,1.6)
(1992,223,Travis Mays,PG,23,ATL,2,0,16.0,3.0,7.0,.429,1.5,3.0,.500,1.5,4.0,.375,.536,1.0,1.0,1.000,0.5,0.5,1.0,0.5,0.0,0.0,1.5,2.0,8.5)
(1992,227,Rodney McCray,SF,30,DAL,75,48,28.1,3.6,8.3,.436,0.3,1.1,.294,3.3,7.2,.458,.456,1.5,2.0,.719,2.0,4.3,6.2,2.9,0.6,0.4,1.5,2.4,9.0)
(1992,231,Carlton McKinney,SG,27,NYK,2,0,4.5,1.0,4.5,.222,0.0,0.0,,1.0,4.5,.222,.222,0.0,0.0,,0.0,0.5,0.5,0.0,0.0,0.0,0.0,0.5,2.0)
(1992,235,Sam Mitchell,PF,28,MIN,82,63,26.2,3.7,8.8,.423,0.0,0.1,.182,3.7,8.7,.427,.425,2.5,3.2,.786,1.9,3.8,5.8,1.1,0.6,0.5,1.2,2.8,10.1)
(1992,239,John Morton,SF-SG,24,TOT,25,0,10.8,1.4,3.7,.387,0.1,0.6,.125,1.4,3.1,.442,.398,1.3,1.5,.842,0.2,0.8,1.0,1.3,0.5,0.0,1.1,0.9,4.2)
(1992,242,Tod Murphy,PF,28,MIN,47,3,9.1,0.8,1.7,.488,0.0,0.0,.500,0.8,1.7,.487,.494,0.4,0.7,.559,0.8,1.6,2.3,0.2,0.2,0.2,0.4,0.9,2.1)
(1992,246,Ed Nealy,PF,31,PHO,52,4,9.7,1.2,2.3,.512,0.4,1.0,.400,0.8,1.4,.592,.595,0.3,0.5,.667,0.5,1.7,2.1,0.7,0.3,0.0,0.3,0.9,3.1)
(1992,250,Charles Oakley,PF,28,NYK,82,82,28.2,2.6,4.9,.522,0.0,0.0,.000,2.6,4.9,.526,.522,1.0,1.4,.735,3.1,5.4,8.5,1.6,0.8,0.2,1.5,3.1,6.2)
(1992,254,Jimmy Oliver,SG,22,CLE,27,8,9.3,1.4,3.6,.398,0.0,0.3,.111,1.4,3.3,.427,.403,0.6,0.8,.773,0.3,0.7,1.0,0.7,0.3,0.1,0.3,0.8,3.6)
(1992,258,Robert Parish*,C,38,BOS,79,79,28.9,5.9,11.1,.535,0.0,0.0,,5.9,11.1,.535,.535,2.3,2.9,.772,2.8,6.2,8.9,0.9,0.9,1.2,1.7,2.2,14.1)
(1992,261,Gary Payton*,PG,23,SEA,81,79,31.5,4.1,9.1,.451,0.0,0.3,.130,4.0,8.8,.461,.453,1.2,1.8,.669,1.5,2.1,3.6,6.2,1.8,0.3,2.1,3.1,9.4)
(1992,265,Tim Perry,PF,26,PHO,80,69,31.0,5.2,9.9,.523,0.0,0.1,.375,5.1,9.8,.525,.525,1.9,2.7,.712,2.6,4.3,6.9,1.7,0.6,1.5,1.8,3.0,12.3)
(1992,269,Bobby Phills,SG,22,CLE,10,0,6.5,1.2,2.8,.429,0.0,0.2,.000,1.2,2.6,.462,.429,0.7,1.1,.636,0.4,0.4,0.8,0.4,0.3,0.1,0.8,0.3,3.1)
(1992,273,Olden Polynice,C,27,LAC,76,65,24.1,3.2,6.2,.519,0.0,0.0,.000,3.2,6.2,.520,.519,1.6,2.6,.622,2.6,4.5,7.1,0.6,0.6,0.3,1.1,2.2,8.1)
(1992,277,Mark Price,PG,27,CLE,72,72,29.7,6.1,12.5,.488,1.4,3.6,.387,4.7,8.8,.530,.545,3.8,4.0,.947,0.5,1.9,2.4,7.4,1.3,0.2,2.2,1.6,17.3)
(1992,Rk,Player,Pos,Age,Tm,G,GS,MP,FG,FGA,FG%,3P,3PA,3P%,2P,2PA,2P%,eFG%,FT,FTA,FT%,ORB,DRB,TRB,AST,STL,BLK,TOV,PF,PTS)
(1992,284,Jerry Reynolds,SG,29,ORL,46,16,25.2,4.3,11.3,.380,0.1,0.5,.125,4.2,10.7,.393,.383,3.4,4.1,.836,1.0,2.2,3.2,3.3,1.4,0.4,2.1,1.5,12.1)
(1992,288,David Rivers,PG,27,LAC,15,0,8.1,0.7,2.0,.333,0.0,0.1,.000,0.7,1.9,.345,.333,0.7,0.7,.909,0.7,0.6,1.3,1.4,0.5,0.1,1.1,0.9,2.0)
(1992,292,Alvin Robertson,SG,29,MIL,82,79,30.0,4.8,11.2,.430,0.8,2.6,.319,4.0,8.7,.462,.466,1.8,2.4,.763,2.1,2.1,4.3,4.4,2.6,0.4,2.7,3.2,12.3)
(1992,296,Larry Robinson,SG,24,BOS,1,0,6.0,1.0,5.0,.200,0.0,0.0,,1.0,5.0,.200,.200,0.0,0.0,,2.0,0.0,2.0,1.0,0.0,0.0,1.0,3.0,2.0)
(1992,300,Donald Royal,SF,25,SAS,60,4,12.0,1.3,3.0,.449,0.0,0.0,,1.3,3.0,.449,.449,1.5,2.2,.692,1.1,1.0,2.1,0.6,0.4,0.1,0.7,1.2,4.2)
(1992,303,John Salley,PF,27,DET,72,38,24.6,3.5,6.8,.512,0.0,0.0,.000,3.5,6.7,.516,.512,2.6,3.6,.715,1.5,2.6,4.1,1.6,0.7,1.5,1.4,3.1,9.5)
(1992,307,Danny Schayes,C,32,MIL,43,4,16.9,1.9,4.6,.417,0.0,0.0,,1.9,4.6,.417,.417,1.7,2.2,.771,1.3,2.6,3.9,0.8,0.4,0.4,1.0,2.3,5.6)
(1992,311,Byron Scott,SG,30,LAL,82,82,32.7,5.6,12.3,.458,0.7,1.9,.344,5.0,10.3,.479,.485,3.0,3.5,.838,0.9,2.9,3.8,2.8,1.3,0.3,1.5,1.7,14.9)
(1992,315,Charles Shackleford,C,25,PHI,72,62,19.4,2.8,5.9,.486,0.0,0.0,.000,2.8,5.8,.487,.486,0.9,1.3,.663,2.0,3.8,5.8,0.6,0.5,0.7,0.9,2.8,6.6)
(1992,319,Charles Smith,SF,26,LAC,49,25,26.7,5.1,11.0,.466,0.0,0.1,.000,5.1,10.9,.471,.466,4.3,5.5,.785,1.9,4.2,6.1,1.1,0.8,2.0,1.4,3.2,14.6)
(1992,322,LaBradford Smith,SG,22,WSB,48,5,14.8,2.1,5.1,.407,0.0,0.4,.095,2.0,4.7,.436,.411,0.9,1.2,.804,0.6,1.1,1.7,2.1,0.9,0.0,1.3,2.0,5.1)
(1992,326,Tony Smith,PG,23,LAL,63,0,13.0,1.8,4.5,.399,0.0,0.2,.000,1.8,4.3,.415,.399,0.8,1.2,.653,0.5,0.7,1.2,1.7,0.6,0.1,0.8,1.4,4.4)
(1992,330,Felton Spencer,C,24,MIN,61,54,24.3,2.3,5.4,.426,0.0,0.0,,2.3,5.4,.426,.426,2.0,2.9,.691,2.7,4.4,7.1,0.9,0.4,1.3,1.1,4.0,6.6)
(1992,334,Rod Strickland,PG,25,SAS,57,54,36.0,5.3,11.6,.455,0.1,0.3,.333,5.2,11.3,.458,.459,3.2,4.6,.687,1.6,3.0,4.6,8.6,2.1,0.3,2.8,2.1,13.8)
(1992,338,Greg Sutton,PG,24,SAS,67,2,9.0,1.4,3.6,.388,0.4,1.3,.292,1.0,2.3,.444,.442,0.5,0.7,.756,0.1,0.6,0.7,1.4,0.4,0.1,1.0,1.7,3.7)
(1992,341,Charles Thomas,SG,22,DET,36,0,4.3,0.5,1.4,.353,0.1,0.5,.118,0.4,0.9,.471,.373,0.3,0.4,.667,0.2,0.4,0.6,0.6,0.1,0.0,0.5,0.6,1.3)
(1992,345,Stephen Thompson,SG,23,TOT,19,0,4.8,0.7,1.9,.378,0.0,0.1,.000,0.7,1.9,.389,.378,0.2,0.4,.375,0.6,0.4,1.0,0.4,0.3,0.2,0.3,0.5,1.6)
(1992,349,Wayman Tisdale,PF,27,SAC,72,71,35.0,7.3,14.5,.500,0.0,0.0,.000,7.3,14.5,.501,.500,2.1,2.8,.763,1.9,4.6,6.5,1.5,0.8,1.1,1.7,3.4,16.6)
(1992,353,Jeff Turner,SF,29,ORL,75,42,21.2,3.0,6.7,.451,0.0,0.1,.125,3.0,6.5,.456,.452,1.1,1.5,.693,0.8,2.5,3.3,1.2,0.3,0.2,1.4,3.1,7.1)
(1992,357,Joao Vianna,SF,25,DAL,1,0,9.0,1.0,2.0,.500,0.0,0.0,,1.0,2.0,.500,.500,0.0,0.0,,0.0,0.0,0.0,2.0,0.0,0.0,1.0,3.0,2.0)
(1992,Rk,Player,Pos,Age,Tm,G,GS,MP,FG,FGA,FG%,3P,3PA,3P%,2P,2PA,2P%,eFG%,FT,FTA,FT%,ORB,DRB,TRB,AST,STL,BLK,TOV,PF,PTS)
(1992,364,Mark West,C,31,PHO,82,11,17.5,2.4,3.8,.632,0.0,0.0,,2.4,3.8,.632,.632,1.3,2.1,.637,1.6,2.9,4.5,0.3,0.2,1.0,1.0,2.9,6.1)
(1992,368,Morlon Wiley,PG,25,TOT,53,19,16.4,1.6,3.6,.430,0.3,0.8,.333,1.3,2.8,.457,.466,0.5,0.7,.686,0.5,1.1,1.5,3.4,0.9,0.1,1.1,1.7,3.8)
(1992,372,Herb Williams,C,33,DAL,75,26,27.2,4.9,11.3,.431,0.0,0.1,.167,4.9,11.3,.433,.432,1.7,2.3,.725,1.4,4.6,6.1,1.3,0.5,1.3,1.5,2.5,11.5)
(1992,376,Micheal Williams,PG,25,IND,79,76,34.8,5.1,10.4,.490,0.1,0.4,.242,5.0,10.0,.501,.495,4.7,5.4,.871,0.9,2.6,3.6,8.2,2.9,0.3,3.0,3.3,15.0)
(1992,380,Kennard Winchester,SF-SG,25,TOT,19,0,4.3,0.7,1.6,.433,0.1,0.1,.500,0.6,1.5,.429,.450,0.4,0.5,.800,0.3,0.5,0.8,0.4,0.1,0.1,0.1,0.3,1.8)
(1992,383,Joe Wolf,C,27,DEN,67,0,17.3,1.5,4.1,.361,0.0,0.2,.091,1.5,4.0,.372,.363,0.8,1.0,.803,1.4,2.1,3.6,0.9,0.5,0.2,0.9,1.9,3.8)
