(1996,3,Rafael Addison,SF,31,CHH,53,0,9.7,1.5,3.1,.467,0.0,0.2,.000,1.5,2.9,.494,.467,0.3,0.4,.773,0.5,1.2,1.7,0.6,0.2,0.2,0.5,1.4,3.2)
(1996,7,John Amaechi,PF,25,CLE,28,3,12.8,1.0,2.5,.414,0.0,0.0,,1.0,2.5,.414,.414,0.7,1.2,.576,0.5,1.4,1.9,0.3,0.2,0.4,1.2,1.8,2.8)
(1996,11,Nick Anderson,SG,28,ORL,77,77,35.3,5.2,11.7,.442,2.2,5.6,.391,3.0,6.2,.489,.535,2.2,3.1,.692,1.2,4.2,5.4,3.6,1.6,0.6,1.8,1.8,14.7)
(1996,15,Darrell Armstrong,PG,27,ORL,13,0,3.2,1.2,2.5,.500,0.5,0.9,.500,0.8,1.5,.500,.594,0.3,0.3,1.000,0.0,0.2,0.2,0.4,0.5,0.0,0.5,0.3,3.2)
(1996,19,Anthony Avent,PF,26,VAN,71,32,22.3,2.5,6.6,.384,0.0,0.0,,2.5,6.6,.384,.384,0.8,1.1,.740,1.5,3.5,5.0,1.0,0.4,0.6,1.5,2.8,5.8)
(1996,22,Charles Barkley*,PF,32,PHO,71,71,37.1,8.2,16.3,.500,0.7,2.5,.280,7.5,13.9,.539,.521,6.2,8.0,.777,3.4,8.1,11.6,3.7,1.6,0.8,3.1,2.9,23.2)
(1996,26,Corey Beck,PG,24,CHH,5,0,6.6,0.4,1.6,.250,0.0,0.0,,0.4,1.6,.250,.250,0.2,0.4,.500,0.6,0.8,1.4,1.0,0.2,0.0,0.8,1.6,1.0)
(1996,30,David Benoit,SF,27,UTA,81,63,24.2,3.1,7.2,.439,0.8,2.4,.333,2.4,4.8,.491,.494,1.1,1.4,.777,1.1,3.6,4.7,1.0,0.5,0.6,0.9,2.0,8.2)
(1996,34,Muggsy Bogues,PG,31,CHH,6,0,12.8,1.0,2.7,.375,0.0,0.2,.000,1.0,2.5,.400,.375,0.3,0.3,1.000,1.0,0.2,1.2,3.2,0.3,0.0,1.0,0.7,2.3)
(1996,38,Donnie Boyce,SG,22,ATL,8,0,5.1,1.1,2.9,.391,0.5,1.0,.500,0.6,1.9,.333,.478,0.3,0.5,.500,0.6,0.6,1.3,0.4,0.4,0.1,0.8,0.3,3.0)
(1996,41,Terrell Brandon,PG,25,CLE,75,75,34.3,6.8,14.6,.465,1.2,3.1,.387,5.6,11.5,.487,.507,4.5,5.1,.887,0.6,2.7,3.3,6.5,1.8,0.4,1.9,1.9,19.3)
(1996,45,Chucky Brown,PF,27,HOU,82,82,24.6,3.7,6.8,.541,0.0,0.1,.125,3.6,6.7,.547,.541,1.3,1.8,.693,1.6,3.7,5.4,1.1,0.6,0.5,1.1,2.0,8.6)
(1996,49,Randy Brown,PG,27,CHI,68,0,9.9,1.1,2.8,.406,0.0,0.2,.091,1.1,2.7,.425,.409,0.4,0.7,.609,0.3,0.7,1.0,1.1,0.8,0.2,0.5,1.3,2.7)
(1996,53,Scott Burrell,SF,25,CHH,20,20,34.7,4.6,10.3,.447,1.9,4.9,.378,2.8,5.4,.509,.536,2.1,2.8,.750,1.3,3.6,4.9,2.4,1.4,0.7,2.2,3.8,13.2)
(1996,57,Michael Cage,C,34,CLE,82,80,32.1,2.7,4.8,.556,0.0,0.0,.000,2.7,4.8,.557,.556,0.6,1.1,.543,3.5,5.4,8.9,0.6,1.1,1.0,0.7,2.6,6.0)
(1996,Rk,Player,Pos,Age,Tm,G,GS,MP,FG,FGA,FG%,3P,3PA,3P%,2P,2PA,2P%,eFG%,FT,FTA,FT%,ORB,DRB,TRB,AST,STL,BLK,TOV,PF,PTS)
(1996,64,Cedric Ceballos,SF,26,LAL,78,71,33.7,8.2,15.4,.530,0.7,2.4,.277,7.5,13.1,.576,.552,4.2,5.2,.804,2.8,4.1,6.9,1.5,1.2,0.3,2.1,1.8,21.2)
(1996,68,Randolph Childress,PG,23,POR,28,0,8.9,0.9,2.8,.316,0.5,1.7,.277,0.4,1.1,.375,.399,0.8,1.0,.815,0.0,0.6,0.7,1.1,0.3,0.0,1.0,0.8,3.0)
(1996,72,Charles Claxton,C,25,BOS,3,0,2.3,0.3,0.7,.500,0.0,0.0,,0.3,0.7,.500,.500,0.0,0.7,.000,0.7,0.0,0.7,0.0,0.0,0.3,0.3,1.3,0.7)
(1996,76,Marty Conlon,C,28,MIL,74,1,12.9,2.1,4.4,.468,0.1,0.4,.167,2.0,4.0,.498,.476,1.1,1.5,.764,0.8,1.6,2.4,0.9,0.3,0.1,1.1,1.7,5.3)
(1996,80,John Crotty,PG,26,CLE,58,4,10.6,0.9,2.0,.447,0.1,0.5,.296,0.7,1.5,.494,.482,1.1,1.2,.861,0.3,0.6,0.9,1.8,0.4,0.1,0.9,1.0,3.0)
(1996,83,Michael Curry,SG-SF,27,TOT,46,1,17.0,1.6,3.5,.453,0.4,1.2,.377,1.2,2.3,.491,.516,1.0,1.3,.726,0.6,1.3,1.8,0.6,0.5,0.0,0.5,2.0,4.6)
(1996,87,Antonio Davis,PF,27,IND,82,14,25.5,2.9,5.9,.490,0.0,0.0,.500,2.9,5.9,.490,.491,3.0,4.2,.713,2.3,3.8,6.1,0.5,0.4,0.8,1.1,3.0,8.8)
(1996,91,Terry Davis,PF,28,DAL,28,0,17.9,2.0,3.9,.509,0.0,0.0,,2.0,3.9,.509,.509,1.0,1.7,.574,1.5,2.6,4.2,0.8,0.4,0.1,0.9,2.4,4.9)
(1996,95,Vinny Del Negro,SG,29,SAS,82,82,33.7,5.8,11.7,.497,0.7,1.8,.380,5.1,9.9,.518,.527,2.2,2.6,.832,0.4,2.9,3.3,3.8,1.0,0.1,1.2,2.0,14.5)
(1996,99,Sherman Douglas,PG,29,TOT,79,66,29.6,4.4,8.7,.504,0.5,1.4,.364,3.9,7.3,.530,.533,2.0,2.8,.731,0.7,1.6,2.3,5.5,0.8,0.1,2.5,2.1,11.3)
(1996,102,Chris Dudley,C,30,POR,80,61,24.1,2.0,4.5,.453,0.0,0.0,.000,2.0,4.5,.454,.453,1.0,2.0,.510,3.0,6.0,9.0,0.5,0.5,1.3,1.0,3.1,5.1)
(1996,106,Ledell Eackles,SG,29,WSB,55,26,22.5,2.9,6.9,.427,1.0,2.3,.422,1.9,4.5,.430,.499,1.8,2.1,.831,0.8,1.9,2.7,1.6,0.5,0.1,1.0,1.5,8.6)
(1996,110,Doug Edwards,PF,25,VAN,31,0,16.7,1.0,2.9,.352,0.0,0.1,.000,1.0,2.8,.368,.352,0.9,1.2,.763,1.1,1.7,2.8,1.3,0.3,0.6,0.9,1.6,3.0)
(1996,114,Howard Eisley,PG,23,UTA,65,0,14.8,1.6,3.7,.430,0.2,1.0,.226,1.4,2.8,.500,.459,1.0,1.2,.844,0.3,0.9,1.2,2.2,0.4,0.0,1.2,2.0,4.4)
(1996,118,LaPhonso Ellis,SF,25,DEN,45,28,28.2,4.2,9.6,.438,0.1,0.5,.182,4.1,9.1,.451,.442,2.0,3.3,.601,2.1,5.1,7.2,1.6,0.8,0.7,1.8,3.6,10.5)
(1996,121,Vincenzo Esposito,PG,27,TOR,30,0,9.4,1.2,3.3,.360,0.4,1.9,.232,0.8,1.5,.523,.425,1.0,1.3,.795,0.1,0.4,0.5,0.8,0.2,0.0,1.3,0.9,3.9)
(1996,125,Michael Finley,SF,22,PHO,82,72,39.2,5.7,11.9,.476,0.7,2.3,.328,4.9,9.6,.511,.508,3.0,3.9,.749,1.7,2.9,4.6,3.5,1.0,0.4,1.6,2.4,15.0)
(1996,129,Greg Foster,C,27,UTA,73,2,11.0,1.5,3.3,.439,0.0,0.1,.125,1.5,3.2,.449,.441,0.8,1.0,.847,0.7,1.7,2.4,0.3,0.1,0.3,0.8,1.6,3.8)
(1996,133,Chris Gatling,PF,28,TOT,71,2,20.1,4.6,8.0,.575,0.0,0.0,.000,4.6,8.0,.576,.575,2.0,2.9,.671,1.8,4.1,5.9,0.6,0.5,0.6,1.3,3.1,11.1)
(1996,137,Armen Gilliam,SF,31,NJN,78,76,36.6,7.4,15.6,.474,0.0,0.0,.000,7.4,15.6,.474,.474,3.6,4.5,.791,3.1,6.1,9.1,1.8,0.9,0.7,2.3,2.3,18.3)
(1996,Rk,Player,Pos,Age,Tm,G,GS,MP,FG,FGA,FG%,3P,3PA,3P%,2P,2PA,2P%,eFG%,FT,FTA,FT%,ORB,DRB,TRB,AST,STL,BLK,TOV,PF,PTS)
(1996,144,Greg Grant,PG,29,TOT,31,2,17.0,1.1,3.2,.354,0.3,1.1,.235,0.9,2.1,.415,.394,0.2,0.2,.833,0.2,0.9,1.1,3.1,0.7,0.1,1.0,1.4,2.7)
(1996,148,Tom Gugliotta,PF,26,MIN,78,78,36.3,6.1,12.9,.471,0.3,1.1,.302,5.7,11.8,.487,.484,3.7,4.8,.773,2.3,6.6,8.8,3.1,1.8,1.2,3.0,3.4,16.2)
(1996,152,Tom Hammonds,PF,28,DEN,71,4,14.7,1.8,3.8,.474,0.0,0.0,,1.8,3.8,.474,.474,1.2,1.6,.765,1.2,1.9,3.1,0.3,0.3,0.2,0.7,1.9,4.8)
(1996,156,Derek Harper,PG,34,NYK,82,82,35.3,5.3,11.5,.464,1.5,4.0,.372,3.8,7.5,.513,.529,1.9,2.5,.757,0.4,2.1,2.5,4.3,1.6,0.1,2.2,2.5,14.0)
(1996,160,Hersey Hawkins,SG,29,SEA,82,82,34.4,5.4,11.4,.473,1.8,4.6,.384,3.6,6.8,.534,.551,3.0,3.5,.874,1.0,2.6,3.6,2.7,1.8,0.2,2.0,2.1,15.6)
(1996,163,Carl Herrera,PF,29,SAS,44,6,8.9,0.9,2.2,.412,0.0,0.0,.000,0.9,2.2,.417,.412,0.1,0.4,.294,0.7,1.2,1.8,0.4,0.2,0.2,0.7,1.4,1.9)
(1996,167,Donald Hodge,C,26,TOT,15,0,7.7,0.6,1.6,.375,0.0,0.0,,0.6,1.6,.375,.375,0.0,0.0,,0.6,0.9,1.5,0.3,0.1,0.5,0.1,1.7,1.2)
(1996,171,Allan Houston,SG,24,DET,82,75,37.5,6.9,15.2,.453,2.3,5.5,.427,4.5,9.7,.468,.530,3.6,4.4,.823,0.7,3.0,3.7,3.0,0.7,0.2,2.8,2.8,19.7)
(1996,175,Bobby Hurley,PG,24,SAC,72,22,14.7,0.9,3.2,.283,0.3,1.1,.289,0.6,2.1,.279,.330,0.9,1.2,.800,0.2,0.9,1.0,3.0,0.4,0.0,1.2,1.7,3.1)
(1996,179,Henry James,PF,30,HOU,7,0,8.3,1.4,3.4,.417,0.7,2.1,.333,0.7,1.3,.556,.521,0.7,0.7,1.000,0.4,0.4,0.9,0.3,0.0,0.0,0.6,1.9,4.3)
(1996,182,Eddie Johnson,SF,36,IND,62,1,16.2,2.9,7.0,.413,0.7,2.1,.352,2.2,5.0,.438,.464,1.1,1.3,.886,0.7,1.7,2.5,1.1,0.3,0.1,0.9,1.7,7.7)
(1996,186,Magic Johnson*,PF,36,LAL,32,9,29.9,4.3,9.2,.466,0.7,1.8,.379,3.6,7.4,.487,.503,5.4,6.3,.856,1.3,4.5,5.7,6.9,0.8,0.4,3.2,1.5,14.6)
(1996,190,Michael Jordan*,SG,32,CHI,82,82,37.7,11.2,22.6,.495,1.4,3.2,.427,9.8,19.4,.506,.525,6.7,8.0,.834,1.8,4.8,6.6,4.3,2.2,0.5,2.4,2.4,30.4)
(1996,194,Tim Kempton,PF,32,ATL,3,0,3.7,0.0,0.0,,0.0,0.0,,0.0,0.0,,,0.0,0.0,,0.0,0.7,0.7,0.3,0.0,0.0,0.3,1.7,0.0)
(1996,198,Jason Kidd,PG,22,DAL,81,81,37.5,6.1,16.0,.381,1.6,4.9,.336,4.4,11.1,.401,.433,2.8,4.1,.692,2.5,4.3,6.8,9.7,2.2,0.3,4.0,1.9,16.6)
(1996,201,Jimmy King,SG,22,TOR,62,1,14.0,1.8,4.1,.431,0.1,0.5,.147,1.7,3.6,.475,.441,0.9,1.2,.701,0.7,1.1,1.8,1.4,0.3,0.2,1.0,1.2,4.5)
(1996,205,Toni Kukoc,SF,27,CHI,81,20,26.0,4.8,9.7,.490,1.1,2.7,.403,3.7,7.0,.524,.546,2.5,3.3,.772,1.4,2.6,4.0,3.5,0.8,0.3,1.4,1.9,13.1)
(1996,209,Eric Leckner,C,29,DET,18,8,8.6,1.0,1.6,.621,0.0,0.0,,1.0,1.6,.621,.621,0.4,0.7,.615,0.4,1.4,1.9,0.1,0.1,0.2,0.6,1.7,2.4)
(1996,213,Martin Lewis,SF,20,TOR,16,0,11.8,1.8,3.8,.483,0.1,0.4,.286,1.7,3.3,.509,.500,0.9,1.6,.600,0.9,0.9,1.8,0.2,0.5,0.2,0.9,1.3,4.7)
(1996,219,Sam Mack,SF,25,HOU,31,20,28.0,3.9,9.3,.422,1.7,4.4,.400,2.2,4.9,.441,.516,1.3,1.5,.848,0.6,2.6,3.2,2.5,0.7,0.3,0.9,2.4,10.8)
(1996,222,Rick Mahorn,C,37,NJN,50,0,9.0,0.9,2.4,.352,0.0,0.0,.000,0.9,2.4,.355,.352,0.7,0.9,.723,0.6,1.6,2.2,0.3,0.3,0.3,0.6,1.4,2.4)
(1996,226,Danny Manning,PF,29,PHO,33,4,24.7,5.4,11.8,.459,0.1,0.4,.214,5.3,11.3,.468,.463,2.5,3.3,.752,0.9,3.4,4.3,2.0,1.2,0.7,2.3,3.7,13.4)
(1996,230,Donyell Marshall,SF,22,GSW,62,6,15.1,2.0,5.1,.398,0.5,1.5,.298,1.6,3.5,.441,.443,1.0,1.3,.771,1.0,2.4,3.4,0.8,0.4,0.5,0.8,1.3,5.5)
(1996,234,Anthony Mason,SF,29,NYK,82,82,42.2,5.5,9.7,.563,0.0,0.0,,5.5,9.7,.563,.563,3.6,5.0,.720,2.7,6.6,9.3,4.4,0.8,0.4,2.6,3.0,14.6)
(1996,238,Bob McCann,PF,31,WSB,62,0,10.5,1.2,2.5,.497,0.0,0.0,.500,1.2,2.4,.497,.500,0.6,1.2,.473,0.7,1.6,2.3,0.4,0.3,0.2,0.7,1.9,3.0)
(1996,241,Antonio McDyess,PF,21,DEN,76,75,30.0,5.6,11.6,.485,0.0,0.1,.000,5.6,11.5,.487,.485,2.2,3.2,.683,3.0,4.5,7.5,1.0,0.7,1.5,2.0,3.3,13.4)
(1996,245,Nate McMillan,PG,31,SEA,55,14,22.9,1.8,4.3,.420,0.8,2.2,.380,1.0,2.1,.462,.517,0.5,0.7,.707,0.7,3.1,3.8,3.6,1.7,0.3,1.4,2.6,5.0)
(1996,249,Reggie Miller*,SG,30,IND,76,76,34.5,6.6,14.0,.473,2.2,5.4,.410,4.4,8.6,.512,.552,5.7,6.6,.863,0.5,2.3,2.8,3.3,1.0,0.2,2.5,2.3,21.1)
(1996,253,Greg Minor,SG,24,BOS,78,47,22.6,4.1,8.2,.500,0.1,0.3,.259,4.0,7.9,.511,.505,1.3,1.7,.762,1.2,2.1,3.3,1.9,0.5,0.1,1.0,2.1,9.6)
(1996,257,Tracy Moore,SG,30,HOU,8,2,23.8,3.8,9.5,.395,1.6,3.8,.433,2.1,5.8,.370,.480,2.3,2.4,.947,1.3,1.5,2.8,0.8,0.3,0.0,1.0,2.0,11.4)
(1996,Rk,Player,Pos,Age,Tm,G,GS,MP,FG,FGA,FG%,3P,3PA,3P%,2P,2PA,2P%,eFG%,FT,FTA,FT%,ORB,DRB,TRB,AST,STL,BLK,TOV,PF,PTS)
(1996,264,Gheorghe Muresan,C,24,WSB,76,76,29.5,6.1,10.5,.584,0.0,0.0,.000,6.1,10.5,.585,.584,2.3,3.7,.619,3.3,6.3,9.6,0.7,0.7,2.3,1.9,3.9,14.5)
(1996,268,Pete Myers,SG,32,TOT,71,2,15.4,1.3,3.5,.368,0.2,0.8,.241,1.1,2.7,.407,.397,1.1,1.7,.656,0.5,1.5,2.0,2.0,0.5,0.2,1.1,1.9,3.9)
(1996,272,Ed O'Bannon,SG,23,NJN,64,29,19.6,2.4,6.3,.390,0.2,0.9,.179,2.3,5.4,.424,.403,1.2,1.7,.713,1.0,1.6,2.6,1.0,0.7,0.2,1.0,1.5,6.2)
(1996,276,Hakeem Olajuwon*,C,33,HOU,72,72,38.8,10.7,20.8,.514,0.0,0.2,.214,10.6,20.6,.517,.515,5.5,7.6,.724,2.4,8.4,10.9,3.6,1.6,2.9,3.4,3.4,26.9)
(1996,280,Billy Owens,SF,26,TOT,62,51,32.0,5.2,10.9,.480,0.1,0.3,.278,5.1,10.6,.485,.484,2.5,4.0,.636,2.3,4.3,6.6,3.3,0.8,0.6,2.6,3.1,13.0)
(1996,283,Cherokee Parks,C,23,DAL,64,3,13.6,1.6,3.9,.409,0.1,0.4,.269,1.5,3.5,.425,.423,0.6,1.0,.661,1.0,2.3,3.4,0.5,0.4,0.5,0.5,1.6,3.9)
(1996,287,Will Perdue,C,30,SAS,80,22,17.5,2.2,4.1,.523,0.0,0.0,.000,2.2,4.1,.524,.523,0.8,1.6,.536,2.2,3.9,6.1,0.4,0.4,0.9,1.1,2.3,5.2)
(1996,291,Chuck Person,SF,31,SAS,80,16,26.6,3.9,8.8,.437,2.4,5.8,.410,1.5,3.0,.488,.572,0.8,1.3,.644,1.0,4.2,5.2,1.3,0.6,0.3,1.1,2.5,10.9)
(1996,295,Ricky Pierce,SG,36,IND,76,2,18.5,3.5,7.8,.447,0.5,1.4,.337,3.0,6.4,.471,.477,2.3,2.7,.849,0.5,1.3,1.8,1.3,0.8,0.1,1.2,2.5,9.7)
(1996,299,Terry Porter,PG,32,MIN,82,40,25.3,3.3,7.4,.442,0.9,2.8,.314,2.4,4.7,.518,.501,2.0,2.5,.785,0.4,2.1,2.6,5.5,1.1,0.2,2.1,1.9,9.4)
(1996,302,Kevin Pritchard,PG,28,WSB,2,0,11.0,1.0,1.5,.667,0.5,0.5,1.000,0.5,1.0,.500,.833,1.0,1.5,.667,0.0,1.0,1.0,3.5,1.0,0.0,0.0,1.5,3.5)
(1996,306,Bryant Reeves,C,22,VAN,77,63,31.9,5.2,11.4,.457,0.0,0.0,.000,5.2,11.4,.459,.457,2.8,3.9,.732,2.3,5.1,7.4,1.4,0.6,0.7,2.0,2.9,13.3)
(1996,310,Terrence Rencher,PG,22,TOT,36,1,11.3,0.9,2.8,.330,0.3,0.8,.310,0.7,2.0,.338,.375,0.9,1.3,.674,0.3,1.0,1.2,1.5,0.4,0.1,1.2,1.0,2.9)
(1996,314,Pooh Richardson,PG,29,LAC,63,61,32.0,4.5,10.5,.423,1.5,3.9,.384,3.0,6.7,.446,.494,1.2,1.7,.743,0.6,2.0,2.5,5.4,1.2,0.2,1.5,2.1,11.7)
(1996,318,Doc Rivers,PG,34,SAS,78,0,15.8,1.4,3.7,.372,0.6,1.8,.343,0.8,2.0,.399,.453,0.6,0.8,.750,0.4,1.4,1.8,1.6,0.9,0.3,0.7,2.2,4.0)
(1996,321,Alvin Robertson,SG,33,TOR,77,69,32.2,3.7,7.9,.470,0.5,2.0,.272,3.2,5.9,.535,.503,1.4,2.1,.677,1.4,3.0,4.4,4.2,2.2,0.5,2.4,3.5,9.3)
(1996,325,James Robinson,PG,25,POR,76,5,21.4,3.0,7.6,.399,1.3,3.7,.359,1.7,3.8,.438,.488,1.2,1.8,.659,0.6,1.5,2.1,2.0,0.4,0.2,1.5,1.9,8.5)
(1996,329,Carlos Rogers,PF,24,TOR,56,18,18.6,3.2,6.1,.517,0.1,0.4,.143,3.1,5.8,.542,.522,1.3,2.3,.546,1.4,1.6,3.0,0.6,0.4,0.9,1.1,1.6,7.7)
(1996,333,Donald Royal,SF,29,ORL,64,7,15.0,1.7,3.4,.491,0.0,0.0,.000,1.7,3.3,.495,.491,2.0,2.6,.762,0.9,1.5,2.4,0.7,0.5,0.2,0.8,1.5,5.3)
(1996,337,Bryon Russell,SF,25,UTA,59,9,9.8,0.9,2.4,.394,0.2,0.7,.350,0.7,1.7,.412,.444,0.8,1.1,.716,0.5,1.1,1.5,0.5,0.5,0.1,0.6,1.1,2.9)
(1996,Rk,Player,Pos,Age,Tm,G,GS,MP,FG,FGA,FG%,3P,3PA,3P%,2P,2PA,2P%,eFG%,FT,FTA,FT%,ORB,DRB,TRB,AST,STL,BLK,TOV,PF,PTS)
(1996,344,Byron Scott,SG,34,VAN,80,0,23.7,3.4,8.5,.401,0.9,2.8,.335,2.5,5.7,.433,.456,2.5,3.0,.835,0.5,1.9,2.4,1.5,0.8,0.3,1.3,1.6,10.2)
(1996,348,Brian Shaw,PG,29,ORL,75,1,22.4,2.4,6.5,.374,0.5,1.9,.285,1.9,4.6,.412,.417,1.2,1.5,.798,0.8,2.2,3.0,4.5,0.8,0.1,2.3,2.1,6.6)
(1996,352,Reggie Slater,PF,25,TOT,11,0,6.5,1.3,2.5,.519,0.0,0.0,,1.3,2.5,.519,.519,0.3,0.6,.429,0.4,1.0,1.4,0.2,0.2,0.3,0.8,1.0,2.8)
(1996,356,Joe Smith,PF,20,GSW,82,82,34.4,5.7,12.5,.458,0.1,0.3,.357,5.6,12.1,.461,.463,3.7,4.8,.773,3.7,5.1,8.7,1.0,1.0,1.6,1.7,2.7,15.3)
(1996,360,Tony Smith,SG,27,TOT,59,3,15.9,2.0,4.6,.423,0.6,2.0,.328,1.3,2.7,.494,.493,0.5,0.8,.609,0.5,1.1,1.6,2.6,0.6,0.2,1.1,1.8,5.1)
(1996,363,Elmore Spencer,C,26,TOT,17,0,3.4,0.3,0.8,.385,0.0,0.0,,0.3,0.8,.385,.385,0.2,0.4,.667,0.2,0.6,0.8,0.1,0.0,0.1,0.4,0.7,0.8)
(1996,367,John Starks,SG,30,NYK,81,71,30.8,4.6,10.4,.443,1.8,4.9,.361,2.9,5.6,.516,.528,1.6,2.1,.753,0.4,2.5,2.9,3.9,1.3,0.1,1.9,2.8,12.6)
(1996,371,Rod Strickland,PG,29,POR,67,63,37.7,7.0,15.3,.460,0.6,1.7,.342,6.5,13.6,.475,.479,4.1,6.3,.652,1.3,3.1,4.4,9.6,1.4,0.2,3.8,2.0,18.7)
(1996,375,Larry Sykes,PF,22,BOS,1,0,2.0,0.0,0.0,,0.0,0.0,,0.0,0.0,,,0.0,0.0,,1.0,1.0,2.0,0.0,0.0,0.0,1.0,0.0,0.0)
(1996,379,LaSalle Thompson,C,34,PHI,44,11,17.6,0.8,1.9,.398,0.0,0.0,,0.8,1.9,.398,.398,0.4,0.5,.792,1.4,3.1,4.5,0.6,0.4,0.5,0.8,2.8,1.9)
(1996,382,Sedale Threatt,PG,34,LAL,82,8,20.6,2.9,6.4,.458,0.7,2.1,.355,2.2,4.4,.507,.515,0.7,0.9,.761,0.2,0.9,1.2,3.3,0.8,0.1,0.9,2.2,7.3)
(1996,386,Gary Trent,PF,21,POR,69,10,17.7,3.2,6.2,.513,0.0,0.1,.000,3.2,6.1,.524,.513,1.1,2.0,.553,1.2,2.2,3.4,0.7,0.4,0.2,1.3,1.7,7.5)
(1996,390,David Vaughn,PF,22,ORL,33,0,8.1,0.8,2.4,.338,0.0,0.0,.000,0.8,2.4,.342,.338,0.3,0.5,.556,1.0,1.4,2.4,0.2,0.2,0.5,0.5,2.1,1.9)
(1996,394,Charlie Ward,PG,25,NYK,62,1,12.7,1.4,3.5,.399,0.5,1.6,.333,0.9,1.9,.454,.475,0.6,0.9,.685,0.5,1.2,1.6,2.1,0.9,0.1,1.3,1.6,3.9)
(1996,398,Chris Webber,PF,22,WSB,15,15,37.2,10.0,18.4,.543,1.0,2.3,.441,9.0,16.1,.558,.571,2.7,4.6,.594,2.5,5.1,7.6,5.0,1.8,0.6,3.3,3.4,23.7)
(1996,401,Robert Werdann,C,25,NJN,13,0,7.2,1.2,2.5,.500,0.0,0.0,,1.2,2.5,.500,.500,0.5,1.0,.538,0.4,1.4,1.8,0.2,0.4,0.2,0.5,1.3,3.0)
(1996,405,Dwayne Whitfield,PF,23,TOR,8,1,15.3,1.6,3.8,.433,0.0,0.0,,1.6,3.8,.433,.433,1.8,2.8,.636,1.1,2.0,3.1,0.3,0.4,0.3,1.0,1.8,5.0)
(1996,409,Eric Williams,SF,23,BOS,64,6,23.0,3.8,8.5,.441,0.0,0.2,.300,3.7,8.4,.444,.444,3.1,4.7,.671,1.4,2.0,3.4,1.1,0.9,0.2,1.4,2.3,10.7)
(1996,413,Lorenzo Williams,C,26,DAL,65,61,27.8,1.3,3.3,.407,0.0,0.0,.000,1.3,3.3,.408,.407,0.4,1.1,.343,3.6,4.4,8.0,1.3,0.7,1.9,1.2,3.5,3.0)
(1996,417,Scott Williams,PF,27,PHI,13,1,14.8,1.2,2.2,.517,0.0,0.2,.000,1.2,2.1,.556,.517,0.8,0.9,.833,1.0,2.5,3.5,0.4,0.5,0.5,0.6,2.1,3.1)
(1996,Rk,Player,Pos,Age,Tm,G,GS,MP,FG,FGA,FG%,3P,3PA,3P%,2P,2PA,2P%,eFG%,FT,FTA,FT%,ORB,DRB,TRB,AST,STL,BLK,TOV,PF,PTS)
(1996,424,Joe Wolf,PF,31,TOT,64,8,16.6,2.1,4.1,.513,0.0,0.1,.000,2.1,4.0,.525,.513,0.3,0.5,.724,0.8,2.2,2.9,1.0,0.2,0.1,0.7,2.5,4.5)
(1996,428,Sharone Wright,C,23,TOT,57,38,25.2,4.4,9.0,.484,0.0,0.1,.333,4.3,8.9,.485,.485,2.9,4.5,.645,2.6,3.6,6.2,0.7,0.5,0.9,1.9,2.9,11.6)
