(1996,1,Mahmoud Abdul-Rauf,PG,26,DEN,57,53,35.6,7.3,16.8,.434,2.1,5.4,.392,5.1,11.3,.454,.497,2.6,2.8,.930,0.5,2.0,2.4,6.8,1.1,0.1,2.0,2.1,19.2)
(1996,5,Jerome Allen,SG,23,MIN,41,0,8.8,0.9,2.6,.343,0.2,0.8,.303,0.6,1.8,.361,.390,0.6,0.9,.722,0.1,0.5,0.6,1.2,0.5,0.1,0.8,1.0,2.6)
(1996,9,Greg Anderson,PF,31,SAS,46,7,7.5,0.5,1.0,.511,0.0,0.0,.000,0.5,1.0,.522,.511,0.1,0.5,.240,0.6,1.5,2.2,0.2,0.2,0.5,0.5,1.4,1.2)
(1996,13,Greg Anthony,PG,28,VAN,69,68,30.4,4.7,11.3,.415,1.3,3.9,.332,3.4,7.4,.459,.472,3.3,4.3,.771,0.4,2.1,2.5,6.9,1.7,0.2,2.3,2.0,14.0)
(1996,17,Keith Askins,SF,28,MIA,75,14,25.3,2.1,5.2,.402,1.3,3.2,.418,0.8,2.1,.377,.528,0.6,0.8,.789,1.5,2.8,4.3,1.6,0.6,0.8,1.1,3.6,6.1)
(1996,Rk,Player,Pos,Age,Tm,G,GS,MP,FG,FGA,FG%,3P,3PA,3P%,2P,2PA,2P%,eFG%,FT,FTA,FT%,ORB,DRB,TRB,AST,STL,BLK,TOV,PF,PTS)
(1996,24,Brent Barry,SG,24,LAC,79,44,24.0,3.6,7.6,.474,1.6,3.7,.416,2.0,3.8,.532,.577,1.4,1.7,.810,0.5,1.6,2.1,2.9,1.2,0.3,1.5,2.5,10.1)
(1996,28,Elmer Bennett,PG,25,PHI,8,0,8.3,0.5,2.1,.235,0.0,0.0,,0.5,2.1,.235,.235,0.4,0.5,.750,0.1,0.5,0.6,1.0,0.1,0.1,0.9,0.8,1.4)
(1996,32,Mookie Blaylock,PG,28,ATL,81,81,35.7,5.6,13.9,.405,2.9,7.7,.371,2.8,6.2,.448,.508,1.6,2.1,.747,1.4,2.7,4.1,5.9,2.6,0.2,2.3,1.9,15.7)
(1996,36,Melvin Booker,PG,23,HOU,11,0,11.9,1.5,4.5,.320,0.3,1.7,.158,1.2,2.8,.419,.350,0.8,1.0,.818,0.1,0.7,0.8,1.9,0.5,0.1,1.1,1.6,4.0)
(1996,40,Marques Bragg,PF,25,MIN,53,0,7.0,1.0,2.3,.450,0.0,0.0,,1.0,2.3,.450,.450,0.4,0.8,.561,0.7,0.8,1.5,0.2,0.3,0.2,0.5,1.3,2.5)
(1996,43,Frank Brickowski,C,36,SEA,63,8,15.7,2.0,4.0,.488,0.5,1.3,.405,1.4,2.7,.526,.552,1.0,1.4,.709,0.4,2.0,2.4,0.9,0.4,0.1,1.2,2.9,5.4)
(1996,47,Mike Brown,C,32,PHI,9,1,18.0,1.0,1.8,.563,0.0,0.0,,1.0,1.8,.563,.563,0.9,1.9,.471,1.6,2.6,4.1,0.3,0.3,0.2,0.7,2.7,2.9)
(1996,51,Jud Buechler,SF,27,CHI,74,0,10.0,1.5,3.3,.463,0.5,1.2,.444,1.0,2.1,.474,.545,0.2,0.3,.636,0.6,0.9,1.5,0.8,0.5,0.1,0.5,0.9,3.8)
(1996,55,Mitchell Butler,SG,25,WSB,61,3,14.1,1.4,3.8,.384,0.2,1.0,.217,1.2,2.8,.444,.413,0.8,1.4,.578,0.5,1.5,1.9,1.1,0.7,0.2,1.1,1.7,3.9)
(1996,59,Elden Campbell,PF,27,LAL,82,82,32.9,5.5,10.8,.503,0.0,0.1,.000,5.5,10.8,.506,.503,3.0,4.3,.713,2.0,5.6,7.6,2.2,1.1,2.6,1.7,3.7,13.9)
(1996,62,Sam Cassell,PG,26,HOU,61,0,27.6,4.7,10.8,.439,1.2,3.4,.348,3.5,7.3,.482,.495,3.9,4.7,.825,0.8,2.2,3.1,4.6,0.9,0.1,2.6,2.7,14.5)
(1996,66,Calbert Cheaney,SF,24,WSB,70,70,33.2,6.1,12.9,.471,0.7,2.2,.338,5.3,10.7,.498,.499,2.2,3.1,.706,1.0,2.5,3.4,2.2,1.0,0.3,1.8,2.9,15.1)
(1996,70,Doug Christie,SF,25,TOT,55,17,18.8,2.7,6.1,.445,0.8,1.9,.434,1.9,4.2,.450,.513,1.3,1.7,.742,0.6,2.2,2.8,2.1,1.3,0.3,1.7,2.6,7.5)
(1996,74,Derrick Coleman,PF,28,PHI,11,11,26.7,4.4,10.7,.407,0.6,1.9,.333,3.7,8.8,.423,.436,1.8,2.9,.625,1.2,5.4,6.5,2.8,0.4,0.9,2.5,2.7,11.2)
(1996,78,Tyrone Corbin,SF,33,TOT,71,2,18.1,2.2,4.9,.442,0.0,0.3,.167,2.1,4.7,.456,.446,1.4,1.7,.833,1.1,2.3,3.4,1.2,0.9,0.3,0.9,2.1,5.8)
(1996,81,Terry Cummings,PF,34,MIL,81,13,21.9,3.3,7.2,.462,0.0,0.1,.143,3.3,7.1,.466,.463,1.3,2.0,.650,2.0,3.5,5.5,1.1,0.7,0.4,0.9,3.2,8.0)
(1996,85,Sasha Danilovic,SG,25,MIA,19,18,28.5,4.4,9.7,.451,1.8,4.1,.436,2.6,5.6,.462,.543,2.9,3.8,.764,0.6,1.8,2.4,2.5,0.8,0.2,1.9,2.6,13.4)
(1996,89,Hubert Davis,SG,25,NYK,74,14,24.0,3.7,7.6,.486,1.7,3.6,.476,2.0,4.0,.495,.598,1.5,1.7,.868,0.5,1.2,1.7,1.4,0.4,0.1,0.9,1.6,10.7)
(1996,93,Andrew DeClercq,C,22,GSW,22,1,9.2,1.1,2.3,.480,0.0,0.0,.000,1.1,2.2,.490,.480,0.5,0.9,.579,0.8,1.0,1.8,0.4,0.3,0.2,0.2,1.4,2.7)
(1996,97,Dell Demps,SG,25,SAS,16,0,5.4,1.2,2.1,.576,0.1,0.1,.500,1.1,1.9,.581,.591,0.9,1.1,.824,0.1,0.4,0.6,0.5,0.2,0.1,0.8,0.6,3.3)
(1996,Rk,Player,Pos,Age,Tm,G,GS,MP,FG,FGA,FG%,3P,3PA,3P%,2P,2PA,2P%,eFG%,FT,FTA,FT%,ORB,DRB,TRB,AST,STL,BLK,TOV,PF,PTS)
(1996,104,Richard Dumas,PF,26,PHI,39,14,18.9,2.4,5.2,.468,0.1,0.2,.222,2.4,5.0,.479,.473,1.3,1.8,.700,1.1,1.5,2.5,1.1,1.1,0.2,1.3,2.0,6.2)
(1996,108,Tyus Edney,PG,22,SAC,80,60,31.0,3.8,9.3,.412,0.7,1.8,.368,3.2,7.5,.423,.448,2.5,3.2,.782,0.8,1.7,2.5,6.1,1.1,0.0,2.4,2.5,10.8)
(1996,112,Kevin Edwards,SG,30,NJN,34,33,29.6,4.2,11.5,.364,1.2,3.1,.404,2.9,8.4,.350,.418,2.0,2.5,.810,0.4,1.8,2.2,2.1,1.6,0.2,2.0,2.0,11.6)
(1996,116,Sean Elliott,SF,27,SAS,77,77,37.7,6.8,14.6,.466,2.1,5.1,.411,4.7,9.5,.495,.537,4.2,5.5,.771,0.9,4.2,5.1,2.7,0.9,0.4,2.6,2.3,20.0)
(1996,120,Pervis Ellison,C,28,BOS,69,29,20.7,2.1,4.3,.492,0.0,0.0,,2.1,4.3,.492,.492,1.1,1.7,.641,2.2,4.3,6.5,0.9,0.6,1.4,1.2,3.0,5.3)
(1996,123,Duane Ferrell,SF,30,IND,54,6,10.9,1.5,3.1,.482,0.0,0.1,.000,1.5,2.9,.506,.482,0.8,1.1,.737,0.6,1.1,1.7,0.6,0.4,0.1,0.6,1.5,3.7)
(1996,127,Vern Fleming,PG,33,NJN,77,3,22.7,2.9,6.8,.433,0.0,0.4,.107,2.9,6.4,.452,.436,1.7,2.3,.751,0.6,1.6,2.2,3.3,0.5,0.1,1.6,1.5,7.7)
(1996,131,Kevin Gamble,SF,30,TOT,65,13,20.4,2.3,5.8,.401,0.7,1.8,.386,1.7,4.1,.408,.459,0.6,0.7,.792,0.3,1.4,1.7,1.5,0.5,0.1,0.7,2.3,5.9)
(1996,135,Matt Geiger,C,26,CHH,77,50,30.5,4.6,8.6,.536,0.0,0.1,.375,4.6,8.5,.538,.538,1.9,2.7,.727,2.6,5.8,8.4,0.8,0.6,0.8,1.8,3.8,11.2)
(1996,139,Anthony Goldwire,PG,24,CHH,42,8,14.8,1.8,4.5,.402,0.8,2.0,.398,1.0,2.5,.406,.489,1.1,1.4,.767,0.2,0.8,1.0,2.7,0.4,0.0,1.5,1.9,5.5)
(1996,142,Brian Grant,PF,23,SAC,78,75,30.7,5.5,10.8,.507,0.1,0.2,.235,5.4,10.6,.513,.510,3.4,4.6,.732,2.2,4.7,7.0,1.6,0.5,1.3,2.4,3.4,14.4)
(1996,146,Horace Grant,PF,30,ORL,63,62,36.3,5.5,10.7,.513,0.0,0.1,.167,5.5,10.7,.516,.513,2.4,3.3,.734,2.8,6.4,9.2,2.7,1.0,1.2,1.0,2.3,13.4)
(1996,150,Thomas Hamilton,C,20,BOS,11,0,6.4,0.8,2.8,.290,0.0,0.0,,0.8,2.8,.290,.290,0.6,1.6,.389,0.9,1.1,2.0,0.1,0.0,0.8,0.8,1.1,2.3)
(1996,154,Anfernee Hardaway,PG,24,ORL,82,82,36.8,7.6,14.8,.513,1.1,3.5,.314,6.5,11.4,.573,.549,5.4,7.1,.767,1.6,2.7,4.3,7.1,2.0,0.5,2.8,2.0,21.7)
(1996,158,Lucious Harris,SG,25,DAL,61,1,16.7,3.0,6.5,.461,0.8,2.0,.376,2.2,4.5,.500,.520,1.1,1.4,.782,0.7,1.3,2.0,1.3,0.6,0.0,0.8,0.9,7.9)
(1996,161,Alvin Heggs,SF,28,HOU,4,0,3.5,0.8,1.3,.600,0.0,0.0,,0.8,1.3,.600,.600,0.5,0.8,.667,0.3,0.3,0.5,0.0,0.0,0.0,0.0,0.0,2.0)
(1996,165,Grant Hill,SF,23,DET,80,80,40.8,7.1,15.3,.462,0.1,0.3,.192,7.0,14.9,.468,.464,6.1,8.1,.751,1.6,8.2,9.8,6.9,1.3,0.6,3.3,3.0,20.2)
(1996,169,Jeff Hornacek,SG,32,UTA,82,59,31.6,5.4,10.7,.502,1.3,2.7,.466,4.1,8.0,.514,.561,3.2,3.5,.893,0.8,1.8,2.5,4.1,1.3,0.2,1.5,2.1,15.2)
(1996,173,Juwan Howard,PF,22,WSB,81,81,40.7,9.0,18.5,.489,0.0,0.2,.308,9.0,18.4,.490,.490,3.9,5.3,.749,2.3,5.8,8.1,4.4,0.8,0.5,3.7,3.3,22.1)
(1996,177,Jim Jackson,SG,25,DAL,82,82,34.4,6.9,16.0,.435,1.5,4.1,.363,5.5,11.9,.459,.481,4.2,5.1,.825,2.1,2.9,5.0,2.9,0.6,0.3,2.3,2.0,19.6)
(1996,Rk,Player,Pos,Age,Tm,G,GS,MP,FG,FGA,FG%,3P,3PA,3P%,2P,2PA,2P%,eFG%,FT,FTA,FT%,ORB,DRB,TRB,AST,STL,BLK,TOV,PF,PTS)
(1996,184,Kevin Johnson,PG,29,PHO,56,55,35.8,6.1,12.0,.507,0.4,1.0,.368,5.7,11.0,.520,.523,6.1,7.1,.859,0.8,3.2,3.9,9.2,1.5,0.2,3.0,2.6,18.7)
(1996,188,Eddie Jones,SG,24,LAL,70,66,31.2,4.8,9.8,.492,1.2,3.2,.366,3.6,6.5,.555,.553,1.9,2.6,.739,0.6,2.7,3.3,3.5,1.8,0.6,1.4,2.3,12.8)
(1996,192,Adam Keefe,PF,25,UTA,82,0,20.8,2.2,4.2,.520,0.0,0.0,.000,2.2,4.2,.526,.520,1.7,2.5,.692,2.1,3.4,5.5,0.8,0.6,0.5,1.1,2.1,6.1)
(1996,196,Jerome Kersey,SF,33,GSW,76,58,21.3,2.7,6.6,.410,0.0,0.2,.176,2.7,6.4,.418,.413,1.3,1.9,.660,2.0,2.8,4.8,1.5,1.2,0.6,1.0,2.7,6.7)
(1996,200,Frankie King,PG,23,LAL,6,0,3.3,0.5,1.8,.273,0.0,0.2,.000,0.5,1.7,.300,.273,0.2,0.5,.333,0.2,0.2,0.3,0.3,0.3,0.0,0.3,0.7,1.2)
(1996,203,Joe Kleine,C,34,PHO,56,9,11.8,1.3,3.0,.420,0.0,0.1,.286,1.2,2.9,.426,.426,0.4,0.4,.800,0.6,1.7,2.4,0.8,0.2,0.1,0.7,2.0,2.9)
(1996,207,Andrew Lang,C,29,TOT,71,69,33.3,5.0,11.1,.447,0.0,0.1,.200,5.0,11.1,.448,.447,1.8,2.2,.801,2.2,4.3,6.4,0.9,0.6,1.8,1.7,3.4,11.7)
(1996,211,Voshon Lenard,SG,22,MIA,30,0,10.8,1.8,4.7,.376,1.2,3.4,.356,0.6,1.3,.425,.504,1.1,1.4,.791,0.4,1.3,1.7,1.0,0.2,0.0,0.8,1.0,5.9)
(1996,215,Brad Lohaus,PF,31,TOT,55,8,10.9,1.3,3.2,.406,0.9,2.2,.418,0.4,1.0,.377,.551,0.1,0.1,.800,0.1,1.0,1.2,0.8,0.2,0.3,0.4,1.3,3.6)
(1996,217,Luc Longley,C,27,CHI,62,62,26.5,3.9,8.1,.482,0.0,0.0,,3.9,8.1,.482,.482,1.3,1.7,.777,1.7,3.5,5.1,1.9,0.4,1.4,1.8,3.6,9.1)
(1996,Rk,Player,Pos,Age,Tm,G,GS,MP,FG,FGA,FG%,3P,3PA,3P%,2P,2PA,2P%,eFG%,FT,FTA,FT%,ORB,DRB,TRB,AST,STL,BLK,TOV,PF,PTS)
(1996,224,Jeff Malone,SG,34,TOT,32,3,15.9,2.4,6.0,.394,0.2,0.5,.313,2.2,5.5,.401,.407,0.9,1.0,.906,0.3,1.0,1.3,0.8,0.5,0.0,0.7,0.8,5.8)
(1996,228,Sarunas Marciulionis*,SG,31,SAC,53,0,19.6,3.3,7.3,.452,1.2,3.0,.408,2.1,4.4,.483,.535,2.9,3.8,.775,0.4,1.1,1.5,2.2,1.0,0.1,1.8,2.1,10.8)
(1996,232,Darrick Martin,PG,24,TOT,59,16,19.5,2.5,6.1,.406,0.3,1.2,.290,2.2,5.0,.433,.434,1.7,2.0,.842,0.3,1.1,1.4,3.7,0.9,0.1,1.8,2.1,7.0)
(1996,236,Vernon Maxwell,PG,30,PHI,75,57,32.9,5.5,14.0,.390,1.9,6.1,.317,3.5,7.9,.446,.459,3.3,4.4,.756,0.5,2.5,3.1,4.4,1.3,0.2,2.9,2.4,16.2)
(1996,240,Clint McDaniel,SG,23,SAC,12,0,5.9,0.7,1.9,.348,0.2,0.5,.333,0.5,1.4,.353,.391,1.0,1.3,.750,0.3,0.6,0.8,0.6,0.4,0.0,0.2,0.8,2.5)
(1996,243,Derrick McKey,SF,29,IND,75,75,32.5,4.6,9.5,.486,0.2,0.9,.250,4.4,8.6,.511,.498,2.3,2.9,.769,1.6,3.2,4.8,3.5,1.1,0.6,1.9,3.3,11.7)
(1996,247,Anthony Miller,PF,24,LAL,27,0,4.6,0.6,1.3,.429,0.0,0.1,.000,0.6,1.2,.455,.429,0.2,0.4,.600,0.4,0.5,0.9,0.1,0.1,0.0,0.3,0.7,1.3)
(1996,251,Terry Mills,PF,28,DET,82,5,20.2,3.5,8.2,.419,1.0,2.5,.396,2.5,5.7,.429,.480,1.5,1.9,.771,1.3,3.0,4.3,1.2,0.5,0.2,1.2,2.4,9.4)
(1996,255,Eric Mobley,C,25,TOT,39,4,17.3,1.9,3.5,.536,0.0,0.1,.500,1.9,3.5,.537,.540,1.0,2.2,.448,1.4,2.2,3.6,0.6,0.4,0.6,1.3,2.2,4.8)
(1996,259,Lawrence Moten,SG,23,VAN,44,3,13.0,2.5,5.6,.453,0.4,1.3,.327,2.1,4.4,.490,.490,1.1,1.7,.653,0.8,0.6,1.4,1.1,0.7,0.2,1.0,1.2,6.6)
(1996,262,Todd Mundt,C,25,TOT,33,0,4.6,0.5,1.2,.390,0.0,0.0,,0.5,1.2,.390,.390,0.2,0.2,.625,0.3,0.5,0.8,0.1,0.1,0.2,0.1,0.9,1.1)
(1996,266,Tracy Murray,SF,24,TOR,82,37,30.0,6.0,13.3,.454,1.8,4.4,.422,4.2,9.0,.470,.523,2.2,2.7,.831,1.4,2.9,4.3,1.6,1.1,0.5,1.6,2.5,16.2)
(1996,270,Johnny Newman,SG,32,MIL,82,82,32.8,3.9,7.9,.495,0.7,2.0,.377,3.2,5.9,.534,.542,2.3,2.8,.802,0.8,1.6,2.4,1.9,1.1,0.2,1.3,3.1,10.8)
(1996,274,Dan O'Sullivan,C,27,TOR,5,2,27.8,2.6,7.0,.371,0.0,0.2,.000,2.6,6.8,.382,.371,1.4,1.6,.875,2.6,3.8,6.4,0.4,0.4,0.8,1.0,2.6,6.6)
(1996,278,Bo Outlaw,PF,24,LAC,80,3,12.3,1.3,2.3,.575,0.0,0.0,.000,1.3,2.3,.585,.575,0.9,2.0,.444,1.1,1.4,2.5,0.6,0.6,1.1,0.6,1.6,3.6)
(1996,281,Robert Pack,PG,26,WSB,31,31,35.0,6.1,14.3,.428,0.8,3.2,.265,5.3,11.2,.474,.457,5.0,5.9,.846,0.9,3.3,4.3,7.8,2.0,0.0,3.7,2.2,18.1)
(1996,285,Anthony Peeler,SG,26,LAL,73,12,22.0,3.7,8.2,.452,1.4,3.5,.413,2.3,4.8,.480,.539,0.8,1.2,.709,0.6,1.3,1.9,1.6,0.8,0.1,0.8,1.9,9.7)
(1996,289,Elliot Perry,PG,26,PHO,81,26,20.6,3.2,6.8,.475,0.3,0.7,.407,2.9,6.0,.484,.497,1.9,2.4,.778,0.4,1.3,1.7,4.4,1.1,0.1,1.8,1.7,8.6)
(1996,293,Bobby Phills,SG,26,CLE,72,69,35.1,5.4,11.5,.467,1.3,2.9,.441,4.1,8.5,.476,.524,2.6,3.3,.775,0.9,2.8,3.6,3.8,1.4,0.4,1.8,2.7,14.6)
(1996,297,Scottie Pippen*,SF,30,CHI,77,77,36.7,7.3,15.8,.463,1.9,5.2,.374,5.4,10.6,.507,.525,2.9,4.2,.679,2.0,4.5,6.4,5.9,1.7,0.7,2.7,2.6,19.4)
(1996,Rk,Player,Pos,Age,Tm,G,GS,MP,FG,FGA,FG%,3P,3PA,3P%,2P,2PA,2P%,eFG%,FT,FTA,FT%,ORB,DRB,TRB,AST,STL,BLK,TOV,PF,PTS)
(1996,304,Theo Ratliff,C,22,DET,75,2,17.4,1.7,3.1,.557,0.0,0.0,.000,1.7,3.1,.559,.557,1.1,1.6,.708,1.5,2.5,4.0,0.2,0.2,1.5,0.7,1.9,4.5)
(1996,308,Don Reid,PF,22,DET,69,46,14.4,1.5,2.7,.567,0.0,0.0,,1.5,2.7,.567,.567,0.7,1.1,.662,1.1,1.8,2.9,0.2,0.7,0.6,0.6,2.9,3.8)
(1996,312,Jerry Reynolds,SF,33,MIL,19,0,10.1,1.1,2.8,.396,0.1,0.5,.100,1.1,2.3,.465,.406,0.7,1.1,.619,0.7,1.1,1.7,0.6,0.8,0.3,0.8,1.1,2.9)
(1996,316,Isaiah Rider,SG,24,MIN,75,68,34.6,7.5,16.1,.464,1.4,3.7,.371,6.1,12.4,.492,.507,3.3,3.9,.838,1.3,2.8,4.1,2.8,0.6,0.3,2.7,2.7,19.6)
(1996,320,Stanley Roberts,C,25,LAC,51,7,15.6,2.8,6.0,.464,0.0,0.0,,2.8,6.0,.464,.464,1.5,2.6,.556,0.8,2.4,3.2,0.8,0.3,0.8,0.9,3.0,7.0)
(1996,323,David Robinson*,C,30,SAS,82,82,36.8,8.7,16.8,.516,0.0,0.1,.333,8.6,16.7,.517,.517,7.6,10.0,.761,3.9,8.3,12.2,3.0,1.4,3.3,2.3,3.2,25.0)
(1996,327,Dennis Rodman*,PF,34,CHI,64,57,32.6,2.3,4.8,.480,0.0,0.4,.111,2.2,4.3,.516,.485,0.9,1.7,.528,5.6,9.3,14.9,2.5,0.6,0.4,2.2,3.1,5.5)
(1996,331,Sean Rooks,C,26,TOT,65,7,17.2,2.2,4.4,.505,0.0,0.1,.143,2.2,4.3,.514,.507,2.1,3.1,.668,1.2,2.7,3.9,0.7,0.4,0.6,1.2,2.2,6.5)
(1996,335,Trevor Ruffin,PG,25,PHI,61,23,25.4,4.3,10.6,.406,1.7,4.7,.366,2.6,6.0,.437,.486,2.4,3.0,.813,0.3,1.8,2.2,4.4,0.7,0.0,2.4,2.2,12.8)
(1996,339,John Salley,PF,31,TOT,42,6,16.0,1.5,3.3,.450,0.0,0.0,,1.5,3.3,.450,.450,1.4,2.0,.694,1.1,2.2,3.3,1.3,0.5,0.6,1.3,2.6,4.4)
(1996,342,Dwayne Schintzius,C,27,IND,33,8,9.0,1.5,3.3,.445,0.0,0.0,,1.5,3.3,.445,.445,0.4,0.6,.619,0.7,1.7,2.4,0.4,0.3,0.4,0.6,1.6,3.4)
(1996,346,Malik Sealy,SF,25,LAC,62,48,25.8,4.4,10.6,.415,0.3,1.6,.210,4.0,9.0,.452,.431,2.4,3.0,.799,1.2,2.6,3.9,1.9,1.4,0.5,1.8,2.4,11.5)
(1996,350,Dickey Simpkins,PF,23,CHI,60,12,11.4,1.3,2.7,.481,0.0,0.0,1.000,1.3,2.7,.478,.484,1.0,1.6,.629,1.1,1.5,2.6,0.6,0.2,0.1,0.9,1.3,3.6)
(1996,354,Charles Smith,PF,30,TOT,73,34,23.5,3.3,7.9,.422,0.0,0.2,.133,3.3,7.7,.430,.424,1.6,2.2,.730,1.8,3.1,5.0,0.9,0.7,1.1,1.5,3.1,8.3)
(1996,358,Michael Smith,PF,23,SAC,65,0,21.3,2.2,3.7,.605,0.0,0.0,1.000,2.2,3.6,.603,.607,1.0,2.7,.384,2.2,3.8,6.0,1.7,0.7,0.7,1.1,2.6,5.5)
(1996,361,Rik Smits,C,29,IND,63,63,30.2,7.4,14.2,.521,0.0,0.1,.200,7.4,14.1,.523,.522,3.7,4.7,.788,1.9,5.0,6.9,1.7,0.3,0.7,2.5,3.6,18.5)
(1996,365,Latrell Sprewell,SG,25,GSW,78,78,39.3,6.6,15.4,.428,1.2,3.6,.323,5.4,11.8,.461,.466,4.5,5.7,.789,1.6,3.3,4.9,4.2,1.6,0.6,2.8,1.9,18.9)
(1996,369,John Stockton*,PG,33,UTA,82,82,35.5,5.4,10.0,.538,1.2,2.7,.422,4.2,7.2,.582,.596,2.9,3.4,.830,0.7,2.1,2.8,11.2,1.7,0.2,3.0,2.5,14.7)
(1996,373,Bob Sura,SG,22,CLE,79,3,14.6,1.9,4.6,.411,0.3,1.0,.346,1.5,3.6,.429,.449,1.3,1.8,.702,0.4,1.3,1.7,2.9,0.7,0.3,1.5,1.6,5.3)
(1996,377,Kurt Thomas,PF,23,MIA,74,42,22.4,3.7,7.4,.501,0.0,0.0,.000,3.7,7.4,.503,.501,1.6,2.4,.663,1.6,4.3,5.9,0.6,0.6,0.5,1.3,3.7,9.0)
(1996,Rk,Player,Pos,Age,Tm,G,GS,MP,FG,FGA,FG%,3P,3PA,3P%,2P,2PA,2P%,eFG%,FT,FTA,FT%,ORB,DRB,TRB,AST,STL,BLK,TOV,PF,PTS)
(1996,384,Andy Toolson,SF,30,UTA,13,0,4.1,0.6,1.7,.364,0.2,0.9,.250,0.4,0.8,.500,.432,0.2,0.3,.750,0.0,0.5,0.5,0.1,0.0,0.0,0.2,0.9,1.7)
(1996,388,Nick Van Exel,PG,24,LAL,74,74,34.0,5.4,12.8,.417,1.9,5.4,.357,3.4,7.4,.461,.493,2.2,2.8,.799,0.4,2.1,2.4,6.9,0.9,0.1,2.1,1.6,14.9)
(1996,392,Rasheed Wallace,PF,21,WSB,65,51,27.5,4.2,8.7,.487,0.4,1.3,.329,3.8,7.4,.513,.511,1.2,1.8,.650,1.4,3.2,4.7,1.3,0.6,0.8,1.6,3.2,10.1)
(1996,396,Clarence Weatherspoon,SF,25,PHI,78,75,39.7,6.3,13.0,.484,0.0,0.0,.000,6.3,13.0,.485,.484,4.1,5.5,.746,3.0,6.6,9.7,2.0,1.4,1.4,2.3,2.7,16.7)
(1996,400,Bill Wennington,C,32,CHI,71,20,15.0,2.4,4.8,.493,0.0,0.0,1.000,2.4,4.8,.491,.494,0.5,0.6,.860,0.8,1.6,2.5,0.6,0.3,0.2,0.5,2.4,5.3)
(1996,403,Doug West,SG,28,MIN,73,16,22.5,2.4,5.4,.445,0.0,0.2,.077,2.4,5.2,.458,.447,1.6,2.0,.792,0.7,1.5,2.2,1.6,0.4,0.2,1.1,3.1,6.4)
(1996,407,Gerald Wilkins,SG,32,VAN,28,14,26.4,2.8,7.3,.376,0.5,2.3,.219,2.3,5.0,.447,.410,0.7,0.8,.870,0.8,1.5,2.3,2.4,0.8,0.1,1.3,2.0,6.7)
(1996,411,Hot Rod Williams,C,33,PHO,62,58,26.6,2.9,6.4,.453,0.0,0.0,.000,2.9,6.4,.455,.453,1.5,2.1,.731,2.1,3.9,6.0,1.0,0.7,1.5,1.0,2.7,7.3)
(1996,415,Monty Williams,SF,24,TOT,31,0,5.9,0.9,2.2,.397,0.0,0.0,.000,0.9,2.2,.403,.397,0.5,0.6,.700,0.6,0.6,1.3,0.3,0.2,0.1,0.6,0.8,2.2)
(1996,419,Corliss Williamson,SF,22,SAC,53,3,11.5,2.4,5.1,.466,0.0,0.1,.000,2.4,5.0,.472,.466,0.9,1.6,.560,1.1,1.1,2.2,0.4,0.2,0.2,1.4,2.2,5.6)
(1996,422,David Wingate,SG,32,SEA,60,3,11.6,1.5,3.5,.415,0.3,0.6,.441,1.2,3.0,.410,.450,0.5,0.7,.780,0.3,0.7,0.9,1.0,0.3,0.1,0.7,1.1,3.7)
(1996,426,Randy Woods,PG,25,DEN,8,0,9.0,0.8,2.8,.273,0.6,2.6,.238,0.1,0.1,1.000,.386,0.3,0.3,1.000,0.4,0.4,0.8,1.5,0.8,0.1,0.6,1.6,2.4)
