(1996,2,Michael Adams,PG,33,CHH,21,3,15.7,1.8,4.0,.446,0.7,2.0,.341,1.1,2.0,.548,.530,1.2,1.7,.743,0.2,0.8,1.0,3.2,1.0,0.2,1.2,1.2,5.4)
(1996,6,Derrick Alston,C,23,PHI,73,41,22.1,2.7,5.3,.512,0.0,0.0,.333,2.7,5.3,.513,.513,0.8,1.5,.491,1.7,2.4,4.1,0.8,0.8,0.7,0.8,2.6,6.2)
(1996,10,Kenny Anderson,PG,25,TOT,69,64,34.0,5.1,12.1,.418,1.3,3.7,.359,3.7,8.4,.445,.474,3.8,4.9,.769,0.9,2.0,2.9,8.3,1.6,0.2,2.1,2.6,15.2)
(1996,14,B.J. Armstrong,PG,28,GSW,82,64,27.6,4.1,8.9,.468,1.2,2.5,.473,3.0,6.3,.465,.535,2.9,3.4,.839,0.3,2.0,2.2,4.9,0.8,0.1,1.6,1.8,12.3)
(1996,18,Stacey Augmon,SF,27,ATL,77,49,29.8,4.7,9.6,.491,0.0,0.1,.250,4.7,9.5,.492,.491,3.3,4.1,.792,1.8,2.2,3.9,1.8,1.4,0.4,1.8,2.4,12.7)
(1996,21,Steve Bardo,SG,27,DET,9,0,13.7,1.0,2.6,.391,0.0,0.4,.000,1.0,2.1,.474,.391,0.4,0.7,.667,0.2,2.2,2.4,1.7,0.4,0.1,0.6,1.9,2.4)
(1996,25,Jon Barry,SG,26,GSW,68,0,10.5,1.3,2.7,.492,0.6,1.4,.473,0.7,1.4,.511,.611,0.5,0.5,.838,0.3,0.7,0.9,1.3,0.5,0.2,0.6,0.8,3.8)
(1996,29,Mario Bennett,SF,22,PHO,19,14,12.1,1.5,3.4,.453,0.0,0.1,.000,1.5,3.3,.460,.453,1.4,2.2,.643,1.1,1.5,2.6,0.3,0.6,0.6,0.6,2.4,4.5)
(1996,33,Corie Blount,PF,27,LAL,57,2,12.5,1.4,2.9,.473,0.0,0.0,.000,1.4,2.9,.479,.473,0.4,0.8,.568,1.2,1.8,3.0,0.7,0.4,0.6,0.8,1.9,3.2)
(1996,37,Anthony Bowie,SG,32,ORL,74,4,14.6,1.7,3.7,.471,0.2,0.4,.387,1.6,3.3,.481,.493,0.5,0.6,.870,0.5,1.1,1.7,1.4,0.5,0.1,0.7,1.5,4.2)
(1996,Rk,Player,Pos,Age,Tm,G,GS,MP,FG,FGA,FG%,3P,3PA,3P%,2P,2PA,2P%,eFG%,FT,FTA,FT%,ORB,DRB,TRB,AST,STL,BLK,TOV,PF,PTS)
(1996,44,Scott Brooks,PG,30,DAL,69,0,10.4,1.9,4.2,.457,0.4,0.9,.403,1.6,3.3,.472,.500,0.9,1.0,.855,0.2,0.4,0.6,1.4,0.6,0.0,0.6,0.8,5.1)
(1996,48,P.J. Brown,C,26,NJN,81,81,36.3,4.4,9.9,.444,0.0,0.2,.200,4.3,9.7,.448,.445,2.5,3.3,.770,2.7,4.3,6.9,2.0,1.0,1.2,1.6,3.1,11.3)
(1996,52,Matt Bullard,PF,28,ATL,46,0,10.0,1.4,3.5,.407,0.6,1.6,.361,0.9,2.0,.444,.488,0.3,0.4,.800,0.4,0.9,1.3,0.4,0.4,0.2,0.5,1.1,3.8)
(1996,56,Jason Caffey,PF,22,CHI,57,0,9.6,1.2,2.8,.438,0.0,0.0,.000,1.2,2.8,.441,.438,0.7,1.2,.588,0.9,1.1,1.9,0.4,0.2,0.1,0.8,1.6,3.2)
(1996,60,Antoine Carr,SF,34,UTA,80,0,19.2,2.9,6.4,.457,0.0,0.0,.000,2.9,6.3,.460,.457,1.4,1.8,.792,0.9,1.6,2.5,0.9,0.4,0.8,1.0,3.2,7.3)
(1996,63,Duane Causwell,C,27,SAC,73,26,14.3,1.2,3.0,.417,0.0,0.0,.000,1.2,2.9,.419,.417,1.0,1.3,.729,1.2,2.2,3.4,0.3,0.4,1.1,0.7,2.4,3.4)
(1996,67,Pete Chilcutt,PF,27,HOU,74,0,8.8,1.0,2.4,.408,0.5,1.3,.378,0.5,1.1,.444,.511,0.2,0.4,.654,0.7,1.4,2.1,0.4,0.3,0.2,0.3,0.9,2.7)
(1996,71,Robert Churchwell,SG,23,GSW,4,0,5.0,0.8,2.0,.375,0.0,0.0,,0.8,2.0,.375,.375,0.0,0.0,,0.0,0.8,0.8,0.3,0.0,0.0,0.5,0.3,1.5)
(1996,75,Bimbo Coles,PG,27,TOT,81,55,32.3,3.9,9.6,.409,1.1,3.1,.346,2.8,6.5,.440,.466,2.1,2.6,.796,0.6,2.6,3.2,5.2,1.2,0.2,2.1,3.1,11.0)
(1996,79,Joe Courtney,PF,26,CLE,23,0,8.7,0.7,1.5,.429,0.0,0.0,,0.7,1.5,.429,.429,0.3,0.8,.444,1.0,1.1,2.1,0.4,0.2,0.3,0.7,1.5,1.7)
(1996,82,Dell Curry,SG,31,CHH,82,29,28.9,5.4,11.9,.453,2.0,5.0,.404,3.4,6.9,.488,.537,1.8,2.1,.854,0.8,2.4,3.2,2.1,1.3,0.3,1.6,2.1,14.5)
(1996,86,Yinka Dare,C,23,NJN,58,23,10.8,1.1,2.5,.438,0.0,0.0,,1.1,2.5,.438,.438,0.7,1.1,.613,1.0,2.2,3.1,0.0,0.1,0.7,1.2,2.0,2.8)
(1996,90,Mark Davis,SF,22,MIN,57,0,10.0,1.0,2.6,.369,0.1,0.2,.308,0.9,2.4,.375,.383,1.3,2.0,.638,1.0,1.2,2.2,0.8,0.7,0.4,1.2,1.6,3.3)
(1996,94,Terry Dehere,PG,24,LAC,82,10,24.6,3.8,8.4,.459,1.7,3.9,.440,2.1,4.5,.476,.560,3.0,4.0,.755,0.5,1.2,1.7,4.3,0.7,0.2,2.3,2.9,12.4)
(1996,98,Vlade Divac,C,27,LAL,79,79,31.3,5.2,10.2,.513,0.0,0.2,.167,5.2,10.0,.521,.515,2.4,3.7,.641,2.5,6.1,8.6,3.3,1.0,1.7,2.5,3.5,12.9)
(1996,101,Kevin Duckworth,C,31,MIL,8,1,7.3,0.4,1.8,.214,0.0,0.0,,0.4,1.8,.214,.214,0.4,0.8,.500,0.3,0.6,0.9,0.3,0.3,0.0,0.3,2.4,1.1)
(1996,105,Tony Dumas,SG,23,DAL,67,12,19.2,4.1,9.8,.418,1.1,3.1,.357,3.0,6.7,.446,.475,2.3,3.8,.599,0.9,0.9,1.7,1.5,0.6,0.2,1.1,1.9,11.6)
(1996,109,Blue Edwards,SF,30,VAN,82,82,33.8,4.9,11.7,.419,1.0,3.0,.343,3.9,8.7,.446,.463,1.9,2.5,.755,1.2,3.0,4.2,2.6,1.4,0.6,2.1,3.0,12.7)
(1996,113,Craig Ehlo,SG,34,ATL,79,8,22.3,3.2,7.5,.428,1.0,2.8,.371,2.2,4.7,.462,.497,1.0,1.3,.786,0.8,2.4,3.2,1.7,1.1,0.1,1.3,1.7,8.5)
(1996,117,Dale Ellis,SF,35,DEN,81,52,32.4,5.7,11.8,.479,1.9,4.5,.412,3.8,7.3,.519,.557,1.7,2.2,.760,1.1,2.8,3.9,1.7,0.7,0.1,1.2,2.4,14.9)
(1996,Rk,Player,Pos,Age,Tm,G,GS,MP,FG,FGA,FG%,3P,3PA,3P%,2P,2PA,2P%,eFG%,FT,FTA,FT%,ORB,DRB,TRB,AST,STL,BLK,TOV,PF,PTS)
(1996,124,Danny Ferry,PF,29,CLE,82,79,32.7,5.1,11.2,.459,1.7,4.4,.394,3.4,6.8,.502,.537,1.3,1.6,.769,0.9,2.9,3.8,2.3,0.7,0.5,1.5,2.8,13.3)
(1996,128,Sherell Ford,SF,23,SEA,28,1,5.0,1.1,2.9,.375,0.1,0.9,.160,0.9,2.0,.473,.400,0.9,1.2,.765,0.4,0.4,0.9,0.2,0.3,0.0,0.2,1.0,3.2)
(1996,132,Kevin Garnett,SF,19,MIN,80,43,28.7,4.5,9.2,.491,0.1,0.4,.286,4.4,8.8,.499,.497,1.3,1.9,.705,2.2,4.1,6.3,1.8,1.1,1.6,1.4,2.4,10.4)
(1996,136,Kendall Gill,SG,27,TOT,47,46,35.8,5.2,11.1,.469,0.6,1.7,.329,4.7,9.5,.494,.494,2.9,3.7,.784,1.5,3.4,4.9,5.5,1.4,0.5,2.8,2.8,14.0)
(1996,140,Greg Graham,SG,25,TOT,53,5,11.6,1.5,3.6,.404,0.6,1.5,.390,0.9,2.1,.414,.487,1.0,1.3,.765,0.3,0.8,1.1,1.0,0.5,0.0,0.9,1.2,4.5)
(1996,143,Gary Grant,PG,30,NYK,47,1,12.7,1.9,3.9,.486,0.2,0.5,.333,1.7,3.3,.510,.508,1.0,1.2,.828,0.3,0.9,1.1,1.5,0.8,0.1,1.0,1.9,4.9)
(1996,147,A.C. Green,SF,32,PHO,82,36,25.8,2.6,5.4,.484,0.2,0.6,.269,2.5,4.8,.513,.500,2.0,2.9,.709,2.0,4.7,6.8,0.9,0.5,0.3,1.0,1.7,7.5)
(1996,151,Geert Hammink,C,26,TOT,6,0,2.8,0.3,0.7,.500,0.0,0.0,,0.3,0.7,.500,.500,0.7,1.2,.571,0.3,0.3,0.7,0.0,0.0,0.0,0.3,0.3,1.3)
(1996,155,Tim Hardaway,PG,29,TOT,80,46,31.7,5.2,12.4,.422,1.7,4.7,.364,3.5,7.7,.458,.492,3.0,3.8,.790,0.4,2.4,2.9,8.0,1.7,0.2,2.9,2.5,15.2)
(1996,159,Antonio Harvey,PF,25,TOT,55,15,14.9,1.5,4.1,.371,0.0,0.0,.000,1.5,4.0,.374,.371,0.7,1.5,.458,1.3,2.4,3.6,0.3,0.5,0.9,0.8,1.4,3.7)
(1996,162,Alan Henderson,PF,23,ATL,79,4,17.9,2.4,5.5,.442,0.0,0.0,.000,2.4,5.5,.445,.442,1.5,2.5,.595,2.1,2.4,4.5,0.6,0.6,0.5,1.1,2.7,6.4)
(1996,166,Tyrone Hill,PF,27,CLE,44,2,21.1,3.0,5.8,.512,0.0,0.0,,3.0,5.8,.512,.512,1.8,3.1,.600,2.1,3.4,5.5,0.8,0.7,0.5,1.5,3.3,7.8)
(1996,170,Robert Horry,SF,25,HOU,71,71,37.1,4.2,10.3,.410,2.0,5.5,.366,2.2,4.8,.459,.507,1.6,2.0,.776,1.4,4.4,5.8,4.0,1.6,1.5,2.3,2.8,12.0)
(1996,174,Lindsey Hunter,PG,25,DET,80,48,26.7,3.0,7.9,.381,1.5,3.6,.405,1.5,4.2,.360,.474,1.1,1.5,.700,0.6,1.9,2.4,2.4,1.1,0.2,1.0,2.3,8.5)
(1996,178,Mark Jackson,PG,30,IND,81,81,32.6,3.7,7.7,.473,0.8,1.8,.430,2.9,5.9,.486,.524,1.9,2.4,.785,0.8,3.0,3.8,7.8,1.2,0.1,2.5,1.9,10.0)
(1996,181,Darryl Johnson,PG,30,CLE,11,0,2.5,0.5,1.1,.417,0.0,0.1,.000,0.5,1.0,.455,.417,0.2,0.2,1.000,0.2,0.0,0.2,0.1,0.0,0.0,0.1,0.3,1.1)
(1996,185,Larry Johnson,PF,26,CHH,81,81,40.4,7.2,15.1,.476,0.8,2.3,.366,6.4,12.9,.495,.503,5.3,7.0,.757,3.1,5.4,8.4,4.4,0.7,0.5,2.2,2.1,20.5)
(1996,189,Popeye Jones,PF,25,DAL,68,68,34.1,4.8,10.8,.446,0.2,0.6,.359,4.6,10.2,.451,.456,1.5,2.0,.767,3.8,7.0,10.8,1.9,0.8,0.4,1.6,3.9,11.3)
(1996,193,Shawn Kemp,PF,26,SEA,79,76,33.3,6.7,11.9,.561,0.1,0.2,.417,6.6,11.7,.563,.564,6.2,8.4,.742,3.5,7.9,11.4,2.2,1.2,1.6,4.0,3.8,19.6)
(1996,197,Randolph Keys,SF,29,MIL,69,1,11.8,1.3,3.0,.418,0.3,1.0,.310,0.9,2.0,.474,.471,0.5,0.6,.837,0.6,1.2,1.8,0.9,0.5,0.2,0.5,2.0,3.4)
(1996,Rk,Player,Pos,Age,Tm,G,GS,MP,FG,FGA,FG%,3P,3PA,3P%,2P,2PA,2P%,eFG%,FT,FTA,FT%,ORB,DRB,TRB,AST,STL,BLK,TOV,PF,PTS)
(1996,204,Jon Koncak,C,32,ORL,67,35,19.2,1.3,2.6,.480,0.0,0.1,.333,1.2,2.5,.488,.489,0.5,0.9,.561,0.9,3.1,4.1,0.8,0.4,0.7,0.6,3.4,3.0)
(1996,208,Antonio Lang,SF,23,CLE,41,0,9.0,1.0,1.9,.532,0.0,0.0,.000,1.0,1.8,.547,.532,0.8,1.1,.723,0.4,0.9,1.3,0.3,0.3,0.3,0.6,1.5,2.8)
(1996,212,Cedric Lewis,C,26,WSB,3,0,1.3,0.7,1.0,.667,0.0,0.0,,0.7,1.0,.667,.667,0.0,0.0,,0.7,0.0,0.7,0.0,0.3,0.0,0.0,0.0,1.3)
(1996,216,Grant Long,PF,29,ATL,82,82,36.7,4.8,10.2,.471,0.4,1.0,.360,4.4,9.2,.484,.490,3.1,4.1,.763,3.0,6.6,9.6,2.2,1.3,0.4,1.9,2.8,13.1)
(1996,218,George Lynch,SF,25,LAL,76,6,13.3,1.5,3.6,.430,0.1,0.2,.308,1.5,3.4,.436,.438,0.7,1.1,.663,1.1,1.7,2.8,0.7,0.6,0.1,0.5,1.4,3.8)
(1996,221,Mark Macon,PG,26,DET,23,0,12.5,1.3,2.9,.433,0.3,0.7,.467,1.0,2.3,.423,.485,0.4,0.5,.818,0.4,0.5,1.0,0.7,0.7,0.0,0.4,1.5,3.2)
(1996,225,Karl Malone*,PF,32,UTA,82,82,38.0,9.6,18.5,.519,0.2,0.5,.400,9.4,18.0,.522,.524,6.2,8.6,.723,2.1,7.7,9.8,4.2,1.7,0.7,2.4,3.0,25.7)
(1996,229,Donny Marshall,SF,23,CLE,34,0,6.1,0.7,2.0,.353,0.2,0.9,.233,0.5,1.1,.447,.404,0.6,1.0,.629,0.3,0.5,0.8,0.2,0.2,0.1,0.2,0.8,2.3)
(1996,233,Jamal Mashburn,SF,23,DAL,18,18,37.2,8.1,21.3,.379,1.9,5.7,.343,6.1,15.6,.391,.424,5.4,7.4,.729,2.1,3.3,5.4,2.8,0.8,0.2,3.1,2.2,23.4)
(1996,237,Lee Mayberry,PG,25,MIL,82,20,20.8,1.9,4.4,.420,0.9,2.3,.397,1.0,2.1,.446,.523,0.5,0.8,.603,0.3,0.8,1.1,3.7,0.8,0.1,1.1,1.8,5.1)
(1996,Rk,Player,Pos,Age,Tm,G,GS,MP,FG,FGA,FG%,3P,3PA,3P%,2P,2PA,2P%,eFG%,FT,FTA,FT%,ORB,DRB,TRB,AST,STL,BLK,TOV,PF,PTS)
(1996,244,Aaron McKie,SG,23,POR,81,73,27.9,4.2,8.9,.467,0.5,1.4,.325,3.7,7.5,.494,.493,1.9,2.5,.764,1.1,2.7,3.8,2.5,1.1,0.3,1.7,2.5,10.7)
(1996,248,Oliver Miller,PF,25,TOR,76,72,33.1,5.5,10.5,.526,0.0,0.1,.000,5.5,10.3,.533,.526,1.9,2.9,.661,2.3,5.1,7.4,2.9,1.4,1.9,2.7,3.6,12.9)
(1996,252,Harold Miner,SG,24,CLE,19,0,7.2,1.2,2.7,.442,0.1,0.5,.200,1.1,2.2,.500,.462,0.7,0.7,1.000,0.2,0.4,0.6,0.4,0.0,0.0,0.7,1.2,3.2)
(1996,256,Eric Montross,C,24,BOS,61,59,23.5,3.2,5.7,.566,0.0,0.0,,3.2,5.7,.566,.566,0.8,2.2,.376,2.0,3.8,5.8,0.7,0.3,0.5,1.4,3.0,7.2)
(1996,260,Alonzo Mourning*,C,25,MIA,70,70,38.2,8.0,15.4,.523,0.1,0.4,.300,7.9,14.9,.530,.527,7.0,10.2,.685,3.1,7.3,10.4,2.3,1.0,2.7,3.7,3.5,23.2)
(1996,263,Eric Murdock,PG,27,TOT,73,14,22.9,3.3,8.0,.416,0.6,2.0,.310,2.7,6.1,.450,.454,1.6,2.0,.797,0.4,2.0,2.3,4.5,1.8,0.1,1.8,1.9,8.9)
(1996,267,Dikembe Mutombo*,C,29,DEN,74,74,36.7,3.8,7.7,.499,0.0,0.0,.000,3.8,7.7,.500,.499,3.3,4.8,.695,3.4,8.4,11.8,1.5,0.5,4.5,2.0,3.5,11.0)
(1996,271,Ken Norman,SF,31,ATL,34,28,22.6,3.7,8.0,.465,1.0,2.5,.393,2.8,5.6,.497,.526,0.5,1.4,.354,1.2,2.7,3.9,1.9,0.4,0.5,1.4,2.0,8.9)
(1996,275,Charles Oakley,PF,32,NYK,53,51,33.5,4.0,8.5,.471,0.1,0.5,.269,3.8,8.0,.483,.479,3.3,4.0,.833,3.1,5.6,8.7,2.6,1.1,0.3,2.0,3.7,11.4)
(1996,279,Doug Overton,PG,26,DEN,55,0,11.0,1.2,3.2,.376,0.1,0.5,.308,1.1,2.8,.388,.399,0.7,1.0,.727,0.1,1.0,1.1,1.9,0.2,0.1,0.7,0.9,3.3)
(1996,282,Robert Parish*,C,42,CHH,74,34,14.7,1.6,3.3,.498,0.0,0.0,,1.6,3.3,.498,.498,0.7,1.0,.704,1.2,2.9,4.1,0.4,0.3,0.7,0.7,1.1,3.9)
(1996,286,Mike Peplowski,C,25,TOT,7,0,2.4,0.4,0.7,.600,0.0,0.0,,0.4,0.7,.600,.600,0.1,0.4,.333,0.1,0.4,0.6,0.1,0.1,0.3,0.3,1.4,1.0)
(1996,290,Tim Perry,PF,30,TOT,30,1,8.5,1.0,2.2,.477,0.1,0.3,.500,0.9,1.9,.474,.508,0.2,0.3,.556,0.7,0.9,1.6,0.3,0.1,0.4,0.3,0.5,2.4)
(1996,294,Eric Piatkowski,SG,25,LAC,65,1,12.1,1.5,3.7,.405,0.6,1.8,.333,0.9,2.0,.469,.483,1.0,1.3,.817,0.6,1.0,1.6,0.7,0.4,0.2,0.7,1.3,4.6)
(1996,298,Olden Polynice,C,31,SAC,81,80,30.1,5.3,10.1,.527,0.0,0.0,.333,5.3,10.1,.528,.528,1.5,2.5,.601,3.2,6.3,9.4,0.7,0.6,0.8,1.6,3.1,12.2)
(1996,301,Mark Price,PG,31,WSB,7,1,18.1,2.6,8.6,.300,1.4,4.3,.333,1.1,4.3,.267,.383,1.4,1.4,1.000,0.1,0.9,1.0,2.6,0.9,0.0,1.4,1.0,8.0)
(1996,305,Eldridge Recasner,SG,28,HOU,63,27,20.2,2.4,5.7,.415,1.3,3.0,.424,1.1,2.7,.405,.528,0.9,1.0,.864,0.5,1.8,2.3,2.7,0.4,0.1,1.0,1.8,6.9)
(1996,309,J.R. Reid,PF,27,TOT,65,21,20.2,2.5,5.0,.494,0.0,0.0,.000,2.5,5.0,.495,.494,1.6,2.2,.754,1.1,2.8,3.9,0.6,0.7,0.3,1.2,2.9,6.6)
(1996,313,Glen Rice,SF,28,CHH,79,79,39.8,7.7,16.4,.471,2.2,5.1,.424,5.6,11.3,.492,.537,4.0,4.8,.837,1.1,3.7,4.8,2.9,1.2,0.2,2.1,2.7,21.6)
(1996,317,Eric Riley,C,25,MIN,25,10,12.4,1.4,3.0,.473,0.0,0.0,.000,1.4,2.9,.479,.473,0.9,1.1,.786,1.3,1.8,3.0,0.2,0.3,0.6,0.7,1.7,3.7)
(1996,Rk,Player,Pos,Age,Tm,G,GS,MP,FG,FGA,FG%,3P,3PA,3P%,2P,2PA,2P%,eFG%,FT,FTA,FT%,ORB,DRB,TRB,AST,STL,BLK,TOV,PF,PTS)
(1996,324,Glenn Robinson,SF,23,MIL,82,82,39.6,7.6,16.9,.454,1.1,3.2,.342,6.5,13.6,.480,.486,3.9,4.7,.812,1.7,4.5,6.1,3.6,1.2,0.5,3.4,2.9,20.2)
(1996,328,Lou Roe,SF,23,DET,49,2,7.6,0.7,1.8,.356,0.0,0.2,.222,0.6,1.7,.370,.367,0.5,0.7,.750,0.6,1.0,1.6,0.3,0.2,0.2,0.3,0.9,1.8)
(1996,332,Jalen Rose,SG,23,DEN,80,37,26.7,3.6,7.6,.480,0.4,1.4,.296,3.2,6.2,.520,.507,2.4,3.5,.690,0.6,2.7,3.3,6.2,0.7,0.5,2.9,2.9,10.0)
(1996,336,Stefano Rusconi,PF,27,PHO,7,0,4.3,0.4,1.3,.333,0.0,0.0,,0.4,1.3,.333,.333,0.3,0.7,.400,0.4,0.4,0.9,0.4,0.0,0.3,0.4,1.4,1.1)
(1996,340,Danny Schayes,C,36,MIA,32,6,12.5,1.0,2.9,.340,0.0,0.0,,1.0,2.9,.340,.340,1.2,1.4,.804,0.9,1.9,2.8,0.3,0.3,0.5,0.7,1.9,3.2)
(1996,343,Detlef Schrempf,SF,33,SEA,63,60,34.9,5.7,11.7,.486,1.2,2.8,.408,4.6,8.9,.512,.536,4.6,5.9,.776,1.2,4.0,5.2,4.4,0.9,0.1,2.3,2.8,17.1)
(1996,347,Rony Seikaly,C,30,GSW,64,60,28.3,4.5,8.9,.502,0.0,0.0,.667,4.4,8.8,.501,.504,3.2,4.4,.723,2.6,5.2,7.8,1.1,0.6,1.1,2.8,3.4,12.1)
(1996,351,Scott Skiles,PG,31,PHI,10,9,23.6,2.0,5.7,.351,1.5,3.4,.441,0.5,2.3,.217,.482,0.8,1.0,.800,0.1,1.5,1.6,3.8,0.7,0.0,1.6,2.1,6.3)
(1996,355,Doug Smith,PF,26,BOS,17,2,5.4,0.8,2.3,.359,0.0,0.0,,0.8,2.3,.359,.359,0.3,0.5,.625,0.7,0.6,1.3,0.2,0.2,0.0,0.6,1.2,1.9)
(1996,359,Steve Smith,SG,26,ATL,80,80,35.7,6.2,14.3,.432,1.8,5.3,.331,4.4,9.0,.492,.493,4.0,4.8,.826,1.6,2.5,4.1,2.8,0.9,0.2,1.9,2.6,18.1)
(1996,362,Eric Snow,PG,22,SEA,43,1,9.0,1.0,2.3,.420,0.0,0.2,.200,0.9,2.1,.444,.430,0.7,1.1,.592,0.2,0.8,1.0,1.7,0.7,0.0,0.9,1.2,2.7)
(1996,366,Jerry Stackhouse,SG,21,PHI,72,71,37.5,6.3,15.2,.414,1.3,4.1,.318,5.0,11.1,.449,.457,5.4,7.2,.747,1.3,2.4,3.7,3.9,1.1,1.1,3.5,2.5,19.2)
(1996,370,Damon Stoudamire,PG,22,TOR,70,70,40.9,6.9,16.1,.426,1.9,4.8,.395,5.0,11.3,.439,.485,3.4,4.2,.797,0.8,3.2,4.0,9.3,1.4,0.3,3.8,2.4,19.0)
(1996,374,Greg Sutton,PG,28,TOT,48,2,13.6,1.8,4.5,.392,1.0,2.4,.402,0.8,2.1,.380,.500,0.7,1.0,.761,0.2,0.9,1.0,2.1,0.5,0.0,1.3,1.9,5.3)
(1996,378,Brooks Thompson,PG,25,ORL,33,0,7.5,1.5,3.1,.466,0.8,1.9,.391,0.7,1.2,.590,.587,0.6,0.8,.704,0.1,0.6,0.7,0.9,0.4,0.0,0.7,1.1,4.2)
(1996,381,Otis Thorpe,PF,33,DET,82,82,34.6,5.5,10.4,.530,0.0,0.0,.000,5.5,10.4,.532,.530,3.1,4.4,.710,2.6,5.8,8.4,1.9,0.6,0.5,2.4,3.7,14.2)
(1996,385,Keith Tower,C,25,LAC,34,1,9.0,0.9,2.1,.444,0.0,0.0,.000,0.9,2.1,.451,.444,0.5,0.8,.692,0.6,0.9,1.5,0.1,0.1,0.3,0.5,1.5,2.4)
(1996,389,Logan Vander Velden,SF,24,LAC,15,0,2.1,0.2,0.9,.214,0.0,0.3,.000,0.2,0.6,.333,.214,0.2,0.3,.750,0.1,0.3,0.4,0.1,0.0,0.0,0.0,0.3,0.6)
(1996,393,Rex Walters,SG,25,TOT,44,8,13.9,1.4,3.4,.412,0.5,1.5,.333,0.9,1.9,.476,.486,1.0,1.2,.808,0.3,1.0,1.3,2.4,0.6,0.1,0.9,1.2,4.2)
(1996,397,Spud Webb,PG,32,TOT,77,21,19.0,2.4,5.6,.433,0.6,1.7,.364,1.8,3.9,.462,.487,1.6,1.9,.862,0.3,1.0,1.3,3.8,0.7,0.1,1.4,1.4,7.1)
(1996,Rk,Player,Pos,Age,Tm,G,GS,MP,FG,FGA,FG%,3P,3PA,3P%,2P,2PA,2P%,eFG%,FT,FTA,FT%,ORB,DRB,TRB,AST,STL,BLK,TOV,PF,PTS)
(1996,404,Mark West,C,35,DET,47,21,14.5,1.3,2.7,.484,0.0,0.0,,1.3,2.7,.484,.484,0.6,1.0,.622,1.0,1.8,2.8,0.1,0.1,0.8,0.7,2.9,3.2)
(1996,408,Buck Williams,PF,35,POR,70,10,23.9,2.7,5.5,.500,0.0,0.0,.667,2.7,5.4,.499,.503,1.8,2.7,.668,2.3,3.5,5.8,0.6,0.6,0.7,1.3,2.7,7.3)
(1996,412,Jayson Williams,PF,27,NJN,80,6,23.2,3.5,8.3,.423,0.0,0.1,.286,3.5,8.2,.424,.424,2.0,3.4,.592,4.3,5.8,10.0,0.6,0.4,0.7,1.3,3.0,9.0)
(1996,416,Reggie Williams,SF,31,DEN,52,5,15.7,1.8,4.9,.370,0.4,1.7,.225,1.4,3.2,.448,.409,0.6,0.8,.846,0.5,1.9,2.3,1.4,0.7,0.4,1.0,2.6,4.6)
(1996,420,Kevin Willis,PF,33,TOT,75,60,28.5,4.3,9.5,.456,0.0,0.1,.111,4.3,9.4,.461,.457,1.9,2.7,.708,2.8,5.7,8.5,0.7,0.4,0.5,2.1,3.4,10.6)
(1996,423,Dontonio Wingfield,SF,21,POR,44,2,11.1,1.4,3.6,.382,0.4,1.4,.302,0.9,2.1,.436,.443,0.6,0.8,.765,1.0,1.3,2.4,0.6,0.5,0.1,0.7,1.7,3.8)
(1996,427,Haywoode Workman,PG,30,IND,77,4,15.1,1.3,3.4,.390,0.3,0.9,.324,1.0,2.4,.415,.434,0.7,0.9,.740,0.4,1.3,1.6,2.8,0.8,0.1,1.2,2.0,3.6)
