(1996,Rk,Player,Pos,Age,Tm,G,GS,MP,FG,FGA,FG%,3P,3PA,3P%,2P,2PA,2P%,eFG%,FT,FTA,FT%,ORB,DRB,TRB,AST,STL,BLK,TOV,PF,PTS)
(1996,4,Cory Alexander,PG,22,SAS,60,0,9.3,1.1,2.6,.406,0.4,1.1,.394,0.6,1.5,.416,.490,0.3,0.4,.640,0.2,0.6,0.7,2.0,0.5,0.0,1.1,1.6,2.8)
(1996,8,Ashraf Amaya,PF,24,VAN,54,34,20.4,2.2,4.7,.480,0.0,0.0,.000,2.2,4.6,.482,.480,1.8,2.8,.651,2.1,3.5,5.6,0.6,0.4,0.2,1.1,2.8,6.3)
(1996,12,Willie Anderson,SG,29,TOT,76,44,27.1,3.8,8.7,.436,0.4,1.6,.283,3.3,7.1,.470,.462,1.7,2.1,.810,0.6,2.6,3.2,2.6,1.0,0.8,1.9,3.0,9.8)
(1996,16,Vincent Askew,SG,29,SEA,69,2,25.0,3.1,6.3,.493,0.4,1.2,.337,2.7,5.1,.531,.526,1.8,2.3,.764,0.9,2.2,3.2,2.4,0.7,0.2,1.4,2.6,8.4)
(1996,20,Vin Baker,PF,24,MIL,82,82,40.5,8.5,17.4,.489,0.1,0.6,.208,8.4,16.8,.499,.493,3.9,5.8,.670,3.2,6.6,9.9,2.6,0.8,1.1,2.6,3.3,21.1)
(1996,23,Dana Barros,PG,28,BOS,80,25,29.1,4.7,10.1,.470,1.9,4.6,.408,2.9,5.5,.523,.563,1.6,1.8,.884,0.3,2.1,2.4,3.8,0.7,0.0,1.5,1.5,13.0)
(1996,27,Benoit Benjamin,C,31,TOT,83,71,22.8,3.5,7.1,.498,0.0,0.0,.000,3.5,7.1,.501,.498,1.7,2.3,.722,1.7,4.8,6.5,0.8,0.5,1.0,1.7,2.7,8.8)
(1996,31,Travis Best,PG,23,IND,59,1,9.7,1.2,2.8,.423,0.1,0.4,.320,1.0,2.3,.442,.448,1.3,1.5,.833,0.2,0.6,0.7,1.6,0.3,0.1,1.1,1.4,3.7)
(1996,35,Anthony Bonner,PF,27,ORL,4,0,10.8,1.3,3.8,.333,0.0,0.0,,1.3,3.8,.333,.333,0.8,1.8,.429,1.5,3.3,4.8,1.0,0.8,0.0,0.8,2.8,3.3)
(1996,39,Shawn Bradley,C,23,TOT,79,68,29.5,4.9,11.1,.443,0.0,0.1,.250,4.9,11.0,.444,.444,2.1,3.1,.687,2.8,5.3,8.1,0.8,0.6,3.6,2.3,3.6,11.9)
(1996,42,Tim Breaux,SF,25,HOU,54,4,10.6,1.1,3.0,.366,0.3,0.9,.326,0.8,2.1,.383,.413,0.5,0.8,.622,0.4,0.7,1.1,0.4,0.2,0.1,0.6,0.8,3.0)
(1996,46,Dee Brown,PG,27,BOS,65,23,24.5,3.8,9.5,.399,1.0,3.4,.309,2.7,6.1,.449,.455,2.1,2.4,.854,0.6,1.5,2.1,2.2,1.2,0.2,1.1,1.8,10.7)
(1996,50,Mark Bryant,PF,30,HOU,71,9,22.4,3.4,6.3,.543,0.0,0.0,.000,3.4,6.3,.545,.543,1.8,2.5,.718,1.8,3.1,4.9,0.7,0.4,0.3,1.2,3.3,8.6)
(1996,54,Junior Burrough,PF,23,BOS,61,3,8.1,1.0,2.8,.376,0.0,0.0,,1.0,2.8,.376,.376,1.0,1.5,.656,0.7,1.0,1.8,0.2,0.2,0.2,0.7,1.2,3.1)
(1996,58,Adrian Caldwell,PF,29,IND,51,1,6.4,0.9,1.6,.554,0.0,0.0,,0.9,1.6,.554,.554,0.4,0.7,.500,0.8,1.3,2.2,0.1,0.2,0.1,0.7,1.4,2.2)
(1996,61,Chris Carr,SG,21,PHO,60,10,9.8,1.5,3.6,.415,0.2,0.7,.262,1.3,2.9,.451,.440,0.8,1.0,.817,0.5,1.3,1.7,0.7,0.2,0.1,0.7,1.3,4.0)
(1996,65,Rex Chapman,SG,28,MIA,56,50,33.3,5.2,12.1,.426,2.2,6.0,.371,2.9,6.1,.480,.518,1.5,2.0,.735,0.4,2.2,2.6,3.0,0.8,0.2,1.4,2.1,14.0)
(1996,69,Chris Childs,PG,28,NJN,78,54,30.9,4.2,10.0,.416,1.2,3.3,.367,2.9,6.7,.441,.478,3.3,3.9,.852,0.7,2.5,3.1,7.0,1.4,0.1,2.9,3.2,12.8)
(1996,73,John Coker,C,24,PHO,5,0,2.2,0.8,1.0,.800,0.0,0.0,,0.8,1.0,.800,.800,0.0,0.0,,0.4,0.0,0.4,0.2,0.0,0.2,0.0,0.2,1.6)
(1996,77,Anthony Cook,PF,28,POR,11,0,5.5,0.6,1.5,.438,0.0,0.2,.000,0.6,1.3,.500,.438,0.1,0.4,.250,0.5,0.6,1.1,0.2,0.0,0.1,0.1,0.7,1.4)
(1996,Rk,Player,Pos,Age,Tm,G,GS,MP,FG,FGA,FG%,3P,3PA,3P%,2P,2PA,2P%,eFG%,FT,FTA,FT%,ORB,DRB,TRB,AST,STL,BLK,TOV,PF,PTS)
(1996,84,Rastko Cvetkovic,C,25,DEN,14,0,3.4,0.4,1.1,.313,0.0,0.1,.000,0.4,1.1,.333,.313,0.0,0.3,.000,0.3,0.5,0.8,0.2,0.1,0.1,0.2,0.8,0.7)
(1996,88,Dale Davis,PF,26,IND,78,77,33.6,4.3,7.7,.558,0.0,0.0,,4.3,7.7,.558,.558,1.7,3.7,.467,3.2,5.9,9.1,1.0,0.7,1.4,1.5,3.1,10.3)
(1996,92,Todd Day,SG,26,TOT,79,12,22.9,3.8,10.3,.366,1.3,3.8,.331,2.5,6.5,.386,.427,2.8,3.6,.780,0.9,1.9,2.8,1.4,1.0,0.6,1.4,2.8,11.7)
(1996,96,Bison Dele,C,26,LAC,65,65,33.2,6.4,11.8,.543,0.0,0.1,.167,6.4,11.7,.546,.544,3.0,4.1,.734,2.3,5.3,7.6,1.9,1.1,0.8,2.9,3.5,15.8)
(1996,100,Clyde Drexler*,SG,33,HOU,52,51,38.4,6.4,14.7,.433,1.5,4.5,.332,4.9,10.2,.478,.484,5.1,6.5,.784,1.9,5.3,7.2,5.8,2.0,0.5,2.6,2.9,19.3)
(1996,103,Joe Dumars*,PG,32,DET,67,40,32.7,3.8,8.9,.426,1.8,4.4,.406,2.0,4.5,.447,.528,2.4,2.9,.822,0.4,1.6,2.1,4.0,0.6,0.0,1.4,1.6,11.8)
(1996,107,Acie Earl,C,25,TOR,42,7,15.6,2.8,6.6,.424,0.0,0.1,.000,2.8,6.5,.429,.424,2.0,2.7,.719,1.2,1.9,3.1,0.6,0.4,0.9,1.2,1.7,7.5)
(1996,111,James Edwards,C,40,CHI,28,0,9.8,1.5,3.9,.373,0.0,0.0,,1.5,3.9,.373,.373,0.6,0.9,.615,0.5,0.9,1.4,0.4,0.0,0.3,0.8,2.2,3.5)
(1996,115,Mario Elie,SF,32,HOU,45,16,30.8,4.0,7.9,.504,0.9,2.8,.323,3.1,5.1,.604,.562,2.2,2.6,.852,1.0,2.4,3.4,3.1,1.0,0.2,1.3,2.1,11.1)
(1996,119,LeRon Ellis,C,26,MIA,12,1,6.2,0.4,1.8,.227,0.0,0.0,,0.4,1.8,.227,.227,0.3,0.5,.500,0.4,0.3,0.7,0.3,0.2,0.3,0.3,0.9,1.1)
(1996,122,Patrick Ewing*,C,33,NYK,76,76,36.6,8.9,19.2,.466,0.1,0.4,.143,8.9,18.8,.472,.467,4.6,6.1,.761,2.1,8.5,10.6,2.1,0.9,2.4,2.9,3.3,22.5)
(1996,126,Matt Fish,C,26,TOT,18,1,7.4,1.2,2.0,.583,0.0,0.0,,1.2,2.0,.583,.583,0.6,1.1,.526,0.6,0.6,1.2,0.4,0.2,0.4,0.2,1.1,2.9)
(1996,130,Rick Fox,SF,26,BOS,81,81,32.0,5.2,11.5,.454,1.2,3.4,.364,4.0,8.1,.491,.507,2.4,3.1,.772,2.0,3.6,5.6,4.6,1.4,0.5,2.7,3.6,14.0)
(1996,134,Kenny Gattison,PF,31,VAN,25,14,22.8,3.6,7.6,.479,0.0,0.0,,3.6,7.6,.479,.479,1.9,3.1,.603,1.4,3.2,4.6,0.6,0.4,0.4,1.6,3.0,9.2)
(1996,138,Gerald Glass,SF,28,TOT,15,0,4.7,0.8,2.2,.364,0.1,0.4,.167,0.7,1.8,.407,.379,0.1,0.1,1.000,0.4,0.1,0.5,0.3,0.2,0.1,0.0,0.7,1.7)
(1996,141,Ron Grandison,PF,31,TOT,28,3,11.1,0.8,2.1,.379,0.1,0.5,.286,0.6,1.6,.409,.414,0.6,0.9,.680,0.7,1.3,2.0,0.5,0.4,0.1,0.4,1.1,2.3)
(1996,145,Harvey Grant,PF,30,POR,76,75,31.5,4.1,8.9,.462,0.3,0.9,.313,3.9,8.1,.479,.478,0.8,1.4,.545,1.5,3.2,4.8,1.5,0.8,0.6,1.1,2.3,9.3)
(1996,149,Jack Haley,C,32,CHI,1,0,7.0,2.0,6.0,.333,0.0,0.0,,2.0,6.0,.333,.333,1.0,2.0,.500,1.0,1.0,2.0,0.0,0.0,0.0,1.0,2.0,5.0)
(1996,153,Darrin Hancock,SF,24,CHH,63,7,13.3,1.8,3.4,.523,0.0,0.0,.333,1.8,3.3,.526,.526,0.7,1.2,.644,0.6,0.9,1.6,0.7,0.4,0.1,0.9,1.5,4.3)
(1996,157,Ron Harper,PG,32,CHI,80,80,23.6,2.9,6.3,.467,0.4,1.3,.269,2.6,5.0,.519,.495,1.2,1.7,.705,0.9,1.7,2.7,2.6,1.3,0.4,0.9,1.7,7.4)
(1996,Rk,Player,Pos,Age,Tm,G,GS,MP,FG,FGA,FG%,3P,3PA,3P%,2P,2PA,2P%,eFG%,FT,FTA,FT%,ORB,DRB,TRB,AST,STL,BLK,TOV,PF,PTS)
(1996,164,Sean Higgins,SF,27,PHI,44,4,20.8,3.0,7.3,.415,1.1,2.9,.372,2.0,4.4,.443,.489,0.8,0.8,.946,0.5,1.6,2.1,1.3,0.5,0.3,1.1,2.0,8.0)
(1996,168,Fred Hoiberg,SG,23,IND,15,1,5.7,0.5,1.3,.421,0.1,0.2,.333,0.5,1.1,.438,.447,1.0,1.2,.833,0.3,0.3,0.6,0.5,0.4,0.1,0.5,0.8,2.1)
(1996,172,Byron Houston,SF,26,SAC,25,0,11.0,1.3,2.6,.500,0.0,0.1,.333,1.2,2.4,.508,.508,0.8,1.0,.808,1.2,2.1,3.4,0.3,0.5,0.3,0.7,2.4,3.4)
(1996,176,Jaren Jackson,SG,28,HOU,4,0,8.3,0.0,2.0,.000,0.0,1.3,.000,0.0,0.8,.000,.000,2.0,2.5,.800,0.0,0.8,0.8,0.0,0.3,0.0,0.0,1.3,2.0)
(1996,180,Avery Johnson,PG,30,SAS,82,82,37.6,5.3,10.8,.494,0.1,0.4,.194,5.3,10.4,.505,.497,2.3,3.2,.721,0.5,2.1,2.5,9.6,1.5,0.3,2.4,2.2,13.1)
(1996,183,Ervin Johnson,C,28,SEA,81,60,18.8,2.2,4.3,.511,0.0,0.0,.333,2.2,4.3,.513,.513,1.0,1.6,.669,1.6,3.8,5.3,0.6,0.5,1.6,1.2,3.0,5.5)
(1996,187,Charles Jones,PF,38,HOU,46,0,6.5,0.1,0.4,.316,0.0,0.0,,0.1,0.4,.316,.316,0.1,0.3,.308,0.6,1.0,1.6,0.3,0.1,0.5,0.1,1.0,0.3)
(1996,191,Reggie Jordan,PG,28,ATL,24,0,10.3,1.5,3.0,.507,0.0,0.0,,1.5,3.0,.507,.507,0.9,1.6,.579,1.0,1.2,2.2,1.2,0.5,0.3,0.8,1.3,3.9)
(1996,195,Steve Kerr,PG,30,CHI,82,0,23.4,3.0,5.9,.506,1.5,2.9,.515,1.5,3.0,.498,.633,1.0,1.0,.929,0.3,1.0,1.3,2.3,0.8,0.0,0.5,1.3,8.4)
(1996,199,Chris King,SF,26,VAN,80,66,24.1,3.1,7.3,.427,0.6,1.4,.389,2.6,5.9,.436,.465,1.1,1.7,.662,1.3,2.3,3.6,1.3,0.9,0.4,1.3,2.0,7.9)
(1996,202,Stacey King,PF,29,MIA,15,0,10.4,1.1,2.4,.472,0.0,0.0,,1.1,2.4,.472,.472,0.3,0.5,.500,0.6,0.9,1.5,0.1,0.5,0.1,1.2,2.6,2.5)
(1996,206,Christian Laettner,C,26,TOT,74,71,33.7,6.0,12.3,.487,0.1,0.5,.231,5.9,11.7,.499,.492,4.4,5.4,.818,2.5,4.8,7.3,2.7,1.0,1.0,2.5,3.7,16.4)
(1996,210,Tim Legler,SG,29,WSB,77,0,23.1,3.0,6.0,.507,1.7,3.2,.522,1.4,2.8,.488,.646,1.7,2.0,.863,0.4,1.4,1.8,1.8,0.6,0.2,0.6,1.8,9.4)
(1996,214,Alton Lister,C,37,TOT,64,19,11.5,0.8,1.6,.486,0.0,0.0,,0.8,1.6,.486,.486,0.6,1.0,.641,1.0,3.3,4.4,0.3,0.1,0.7,0.8,2.1,2.2)
(1996,220,Don MacLean,SF,26,DEN,56,5,19.8,4.2,9.8,.426,0.3,0.9,.286,3.9,8.9,.440,.439,2.6,3.5,.732,1.1,2.6,3.7,1.6,0.4,0.1,1.2,1.9,11.2)
(1996,223,Dan Majerle,SF,30,CLE,82,15,28.9,3.7,9.1,.405,1.8,5.0,.353,1.9,4.1,.470,.503,1.5,2.1,.710,0.9,2.9,3.7,2.6,1.0,0.4,1.1,1.6,10.6)
(1996,227,Rich Manning,PF,25,VAN,29,0,10.7,1.7,3.9,.434,0.0,0.0,.000,1.7,3.9,.438,.434,0.3,0.5,.643,0.6,1.3,1.9,0.2,0.1,0.2,0.6,1.3,3.7)
(1996,231,Cuonzo Martin,SG,24,VAN,4,0,4.8,0.8,1.3,.600,0.8,0.8,1.000,0.0,0.5,.000,.900,0.0,0.5,.000,0.3,0.3,0.5,0.5,0.3,0.0,0.3,0.3,2.3)
(1996,235,Tony Massenburg,PF,28,TOT,54,28,27.1,4.0,8.0,.495,0.0,0.1,.000,4.0,7.9,.499,.495,2.1,2.9,.707,2.4,4.2,6.5,0.6,0.5,0.4,1.4,2.6,10.0)
(1996,239,George McCloud,SF,28,DAL,79,63,36.0,6.7,16.2,.414,3.3,8.6,.379,3.5,7.6,.453,.514,2.3,2.8,.804,1.5,3.3,4.8,2.7,1.4,0.5,2.1,2.7,18.9)
(1996,242,Jim McIlvaine,C,23,WSB,80,6,14.9,0.8,1.8,.428,0.0,0.0,,0.8,1.8,.428,.428,0.7,1.3,.552,0.8,2.1,2.9,0.1,0.3,2.1,0.5,2.1,2.3)
(1996,246,Loren Meyer,C,23,DAL,72,21,17.6,2.0,4.6,.439,0.0,0.2,.273,2.0,4.4,.445,.444,1.0,1.4,.686,1.6,2.8,4.4,0.8,0.3,0.4,0.9,3.1,5.0)
(1996,250,Chris Mills,SF,26,CLE,80,80,38.3,5.7,12.1,.468,1.0,2.6,.376,4.7,9.5,.493,.508,2.7,3.3,.829,1.4,4.1,5.5,2.4,0.9,0.7,1.5,3.0,15.1)
(1996,254,Sam Mitchell,SF,32,MIN,78,42,27.5,3.9,7.9,.490,0.0,0.2,.056,3.9,7.7,.503,.491,3.0,3.7,.814,1.4,3.0,4.3,0.9,0.6,0.3,1.1,2.8,10.8)
(1996,258,Chris Morris,SG,30,UTA,66,33,21.6,4.0,9.2,.437,1.0,3.0,.320,3.1,6.2,.494,.489,1.5,1.9,.772,1.5,2.0,3.5,1.2,1.0,0.3,1.1,2.1,10.5)
(1996,261,Chris Mullin*,SF,32,GSW,55,19,29.4,4.9,9.8,.499,1.1,2.7,.393,3.8,7.1,.540,.554,2.5,2.9,.856,0.8,2.1,2.9,3.5,1.4,0.6,2.2,2.3,13.3)
(1996,265,Lamond Murray,SF,22,LAC,77,32,23.6,3.3,7.5,.447,0.5,1.5,.319,2.9,6.0,.479,.479,1.3,1.7,.750,1.2,2.0,3.2,1.1,0.8,0.3,1.4,2.0,8.4)
(1996,269,Howard Nathan,PG,24,ATL,5,0,3.0,1.0,1.8,.556,0.0,0.2,.000,1.0,1.6,.625,.556,0.6,0.8,.750,0.0,0.0,0.0,0.4,0.6,0.0,1.6,0.4,2.6)
(1996,273,Shaquille O'Neal,C,23,ORL,54,52,36.0,11.0,19.1,.573,0.0,0.0,.500,10.9,19.1,.573,.574,4.6,9.5,.487,3.4,7.7,11.0,2.9,0.6,2.1,2.9,3.6,26.6)
(1996,277,Greg Ostertag,C,22,UTA,57,10,11.6,1.5,3.2,.473,0.0,0.0,,1.5,3.2,.473,.473,0.6,0.9,.667,1.0,2.1,3.1,0.1,0.1,1.1,0.4,1.6,3.6)
(1996,Rk,Player,Pos,Age,Tm,G,GS,MP,FG,FGA,FG%,3P,3PA,3P%,2P,2PA,2P%,eFG%,FT,FTA,FT%,ORB,DRB,TRB,AST,STL,BLK,TOV,PF,PTS)
(1996,284,Gary Payton*,PG,27,SEA,81,81,39.0,7.6,15.8,.484,1.2,3.7,.328,6.4,12.1,.532,.523,2.8,3.8,.748,1.3,2.9,4.2,7.5,2.9,0.2,3.2,2.7,19.3)
(1996,288,Sam Perkins,PF,34,SEA,82,20,26.5,4.0,9.7,.408,1.6,4.4,.355,2.4,5.3,.452,.489,2.3,2.9,.793,1.2,3.2,4.5,1.5,1.0,0.6,1.0,2.1,11.8)
(1996,292,Wesley Person,SG,24,PHO,82,47,31.8,4.8,10.7,.445,1.4,3.8,.374,3.3,6.9,.484,.511,1.8,2.3,.771,0.7,3.2,3.9,1.7,0.7,0.3,1.1,1.8,12.7)
(1996,296,Ed Pinckney,PF,32,TOT,74,47,23.1,2.3,4.5,.510,0.0,0.0,.000,2.3,4.5,.515,.510,1.8,2.4,.760,2.6,3.6,6.2,1.0,0.9,0.4,1.0,2.1,6.5)
(1996,300,Brent Price,PG,27,WSB,81,50,25.2,3.1,6.6,.472,1.7,3.7,.462,1.4,2.9,.485,.602,2.1,2.4,.874,0.5,2.3,2.8,5.1,1.0,0.0,1.9,2.3,10.0)
(1996,303,Dino Radja,PF,28,BOS,53,52,37.4,8.0,16.1,.500,0.0,0.0,,8.0,16.1,.500,.500,3.6,5.2,.695,2.1,7.7,9.8,1.6,0.9,1.5,2.2,3.0,19.7)
(1996,307,Khalid Reeves,PG,23,TOT,51,12,16.3,1.9,4.5,.419,0.5,1.8,.308,1.3,2.7,.493,.480,1.2,1.6,.744,0.4,1.2,1.5,2.3,0.7,0.1,1.2,2.3,5.5)
(1996,311,Shawn Respert,SG,23,MIL,62,0,13.6,1.8,4.7,.387,0.7,2.0,.344,1.1,2.7,.418,.459,0.6,0.7,.833,0.5,0.7,1.2,1.1,0.5,0.1,0.7,1.1,4.9)
(1996,315,Mitch Richmond*,SG,30,SAC,81,81,36.4,7.5,16.9,.447,2.8,6.4,.437,4.8,10.5,.453,.529,5.2,6.1,.866,0.7,2.7,3.3,3.1,1.5,0.2,2.7,2.9,23.1)
(1996,319,Fred Roberts,C,35,LAL,33,1,9.6,1.5,2.9,.495,0.1,0.4,.286,1.3,2.5,.530,.515,0.7,0.8,.786,0.5,0.9,1.4,0.8,0.5,0.1,0.7,0.7,3.7)
(1996,322,Clifford Robinson,SF,29,POR,78,76,38.2,7.1,16.7,.423,2.3,6.0,.378,4.8,10.7,.449,.492,4.6,6.9,.664,1.6,4.1,5.7,2.4,1.1,0.9,2.5,3.2,21.1)
(1996,326,Rumeal Robinson,PG,29,POR,43,14,16.6,2.1,5.1,.416,0.7,1.8,.380,1.4,3.3,.437,.484,0.8,1.2,.647,0.4,1.4,1.8,3.3,0.6,0.1,1.7,1.8,5.7)
(1996,330,Rodney Rogers,SF,24,LAC,67,51,29.1,4.6,9.6,.477,0.7,2.3,.320,3.8,7.3,.527,.516,1.7,2.7,.628,1.7,2.6,4.3,2.5,1.1,0.5,2.1,3.2,11.6)
(1996,334,Clifford Rozier,C,23,GSW,59,1,12.3,1.3,2.3,.585,0.0,0.0,.000,1.3,2.3,.594,.585,0.4,0.9,.473,1.2,1.7,2.9,0.4,0.3,0.5,0.7,2.3,3.1)
(1996,338,Arvydas Sabonis*,C,31,POR,73,21,23.8,5.4,9.9,.545,0.5,1.4,.375,4.9,8.5,.574,.572,3.2,4.2,.757,2.0,6.0,8.1,1.8,0.9,1.1,2.1,2.9,14.5)
(1996,341,Steve Scheffler,C,28,SEA,35,2,5.2,0.7,1.3,.533,0.0,0.1,.200,0.7,1.1,.575,.544,0.3,0.5,.474,0.4,0.5,0.9,0.1,0.2,0.1,0.2,0.7,1.7)
(1996,345,Dennis Scott,SF,27,ORL,82,82,37.1,6.0,13.6,.440,3.3,7.7,.425,2.7,6.0,.458,.559,2.2,2.7,.820,0.8,3.0,3.8,3.0,1.1,0.4,1.5,2.1,17.5)
(1996,349,Lionel Simmons,SF,27,SAC,54,5,15.0,1.6,4.0,.396,0.4,0.9,.373,1.2,3.1,.404,.440,1.0,1.4,.733,0.8,1.9,2.7,1.5,0.6,0.4,0.9,1.6,4.6)
(1996,353,Charles Smith,PG,28,MIN,8,0,4.9,0.4,1.3,.300,0.0,0.4,.000,0.4,0.9,.429,.300,0.0,0.3,.000,0.0,0.6,0.6,0.8,0.1,0.0,0.6,0.9,0.8)
(1996,357,Kenny Smith,PG,30,HOU,68,56,23.8,3.0,6.8,.433,1.3,3.5,.382,1.6,3.3,.487,.531,1.3,1.6,.821,0.3,1.1,1.4,3.6,0.7,0.0,1.5,1.7,8.5)
(1996,Rk,Player,Pos,Age,Tm,G,GS,MP,FG,FGA,FG%,3P,3PA,3P%,2P,2PA,2P%,eFG%,FT,FTA,FT%,ORB,DRB,TRB,AST,STL,BLK,TOV,PF,PTS)
(1996,364,Felton Spencer,C,28,UTA,71,70,17.8,2.1,4.0,.520,0.0,0.0,,2.1,4.0,.520,.520,1.5,2.1,.689,1.4,2.9,4.3,0.2,0.3,0.8,1.1,3.4,5.6)
(1996,368,Bryant Stith,SG,25,DEN,82,77,34.3,4.6,11.1,.416,0.5,1.8,.277,4.1,9.3,.443,.439,3.9,4.6,.844,1.5,3.4,4.9,2.9,1.4,0.2,1.9,2.3,13.6)
(1996,372,Derek Strong,PF,27,LAL,63,0,11.8,1.1,2.7,.426,0.0,0.1,.111,1.1,2.5,.444,.429,1.1,1.3,.812,1.0,1.9,2.8,0.5,0.3,0.2,0.3,1.3,3.4)
(1996,376,Zan Tabak,C,25,TOR,67,18,19.9,3.4,6.2,.543,0.0,0.0,.000,3.4,6.2,.545,.543,1.0,1.7,.561,1.7,3.0,4.8,0.9,0.4,0.5,1.5,3.0,7.7)
(1996,380,Bob Thornton,PF,33,WSB,7,0,4.4,0.1,0.9,.167,0.0,0.0,,0.1,0.9,.167,.167,0.1,0.3,.500,0.9,0.9,1.7,0.0,0.1,0.0,0.1,1.0,0.4)
(1996,383,Wayman Tisdale,PF,31,PHO,63,6,18.3,4.4,9.0,.495,0.0,0.0,,4.4,9.0,.495,.495,1.8,2.4,.765,0.9,2.5,3.4,0.9,0.2,0.6,1.0,3.0,10.7)
(1996,387,Jeff Turner,PF,33,ORL,13,0,14.8,1.4,3.9,.353,0.7,2.1,.333,0.7,1.8,.375,.441,0.2,0.2,1.000,0.8,1.4,2.2,0.5,0.2,0.1,0.8,2.5,3.6)
(1996,391,Loy Vaught,PF,27,LAC,80,78,37.1,7.1,13.6,.525,0.1,0.2,.368,7.1,13.4,.528,.529,1.9,2.6,.727,2.6,7.6,10.1,1.4,1.1,0.5,2.0,3.0,16.2)
(1996,395,Jamie Watson,SF,23,UTA,16,0,13.6,1.1,2.7,.419,0.2,0.4,.429,0.9,2.3,.417,.453,0.6,0.8,.692,0.3,1.4,1.7,1.5,0.5,0.1,1.1,1.9,3.0)
(1996,399,Jeff Webster,SF,24,WSB,11,0,5.3,0.7,2.1,.348,0.2,0.5,.333,0.5,1.5,.353,.391,0.0,0.0,,0.2,0.5,0.6,0.3,0.4,0.0,0.3,0.6,1.6)
(1996,402,David Wesley,PG,25,BOS,82,53,25.7,4.1,9.0,.459,1.4,3.3,.426,2.7,5.7,.478,.538,2.6,3.5,.753,0.8,2.4,3.2,4.8,1.2,0.1,1.9,2.5,12.3)
(1996,406,Chris Whitney,PG,24,WSB,21,0,16.0,2.1,4.7,.455,0.9,2.1,.432,1.2,2.6,.473,.551,2.0,2.1,.932,0.1,1.5,1.6,2.4,0.9,0.0,1.1,2.2,7.1)
(1996,410,Herb Williams,PF-C,37,TOT,44,2,13.0,1.4,3.5,.408,0.0,0.1,.250,1.4,3.4,.412,.411,0.3,0.5,.650,0.3,1.7,2.0,0.6,0.3,0.8,0.5,1.8,3.1)
(1996,414,Micheal Williams,PG,29,MIN,9,7,21.0,1.4,4.4,.325,0.1,0.3,.333,1.3,4.1,.324,.338,3.1,3.7,.848,0.3,2.2,2.6,3.4,0.6,0.3,2.6,4.1,6.1)
(1996,418,Walt Williams,SF,25,TOT,73,73,29.7,4.9,11.1,.444,1.6,4.0,.389,3.4,7.1,.476,.515,2.2,3.2,.703,1.4,3.0,4.4,3.2,1.2,0.8,2.1,3.3,13.6)
(1996,421,Trevor Wilson,PF,27,PHI,6,0,13.2,1.7,3.3,.500,0.0,0.0,,1.7,3.3,.500,.500,0.5,0.7,.750,1.2,1.2,2.3,0.7,0.5,0.0,0.2,1.5,3.8)
(1996,425,David Wood,PF,31,TOT,62,0,12.5,1.2,2.8,.431,0.3,1.0,.323,0.9,1.8,.491,.489,0.6,0.8,.760,0.8,1.7,2.5,0.5,0.3,0.2,0.4,2.4,3.4)
(1996,429,George Zidek,C,22,CHH,71,21,12.5,1.5,3.5,.423,0.0,0.0,,1.5,3.5,.423,.423,1.0,1.3,.763,1.0,1.6,2.6,0.2,0.1,0.1,0.5,2.4,4.0)
