(1979,1,Kareem Abdul-Jabbar*,C,31,LAL,80,,39.5,9.7,16.8,.577,,,,9.7,16.8,.577,.577,4.4,5.9,.736,2.6,10.2,12.8,5.4,1.0,4.0,3.5,2.9,23.8)
(1979,5,Kim Anderson,SF,23,POR,21,,10.7,1.1,3.7,.312,,,,1.1,3.7,.312,.312,0.7,1.3,.536,0.8,1.3,2.1,0.7,0.2,0.2,1.0,2.0,3.0)
(1979,9,Gus Bailey,SG,27,NOJ,2,,4.5,1.0,3.5,.286,,,,1.0,3.5,.286,.286,0.0,0.0,,1.0,0.0,1.0,1.0,0.0,0.0,0.5,0.5,2.0)
(1979,13,Marvin Barnes,PF,26,BOS,38,,20.9,3.5,7.1,.491,,,,3.5,7.1,.491,.491,1.1,1.7,.652,1.5,3.2,4.7,1.4,1.0,1.0,1.8,3.8,8.1)
(1979,17,Ron Behagen,PF,28,TOT,15,,11.0,1.9,4.1,.452,,,,1.9,4.1,.452,.452,0.7,0.9,.769,0.9,1.9,2.8,0.5,0.3,0.1,0.7,2.4,4.4)
(1979,Rk,Player,Pos,Age,Tm,G,GS,MP,FG,FGA,FG%,3P,3PA,3P%,2P,2PA,2P%,eFG%,FT,FTA,FT%,ORB,DRB,TRB,AST,STL,BLK,TOV,PF,PTS)
(1979,24,Tom Boswell,PF,25,DEN,79,,27.9,4.1,7.6,.532,,,,4.1,7.6,.532,.532,2.5,3.6,.697,3.1,3.7,6.8,3.1,0.6,0.6,2.3,3.3,10.6)
(1979,28,Mike Bratz,PG,23,PHO,77,,16.8,3.1,6.9,.454,,,,3.1,6.9,.454,.454,1.8,2.2,.818,0.7,1.1,1.8,2.3,0.8,0.1,1.8,2.0,8.1)
(1979,32,Allan Bristow,SF,27,SAS,74,,17.9,2.4,4.8,.492,,,,2.4,4.8,.492,.492,1.7,2.0,.832,1.1,2.3,3.3,3.1,0.8,0.2,1.5,2.1,6.4)
(1979,36,Quinn Buckner,PG,24,MIL,81,,21.7,3.1,6.8,.454,,,,3.1,6.8,.454,.454,1.0,1.5,.632,0.7,1.9,2.6,5.8,1.9,0.2,2.6,2.8,7.2)
(1979,40,Marty Byrnes,SF,22,TOT,79,,16.0,2.4,4.9,.481,,,,2.4,4.9,.481,.481,1.3,1.9,.688,1.1,1.3,2.4,1.3,0.3,0.1,1.5,1.4,6.1)
(1979,43,Kenny Carr,PF,23,LAL,72,,16.0,3.1,6.3,.500,,,,3.1,6.3,.500,.500,1.2,1.9,.606,1.0,3.1,4.1,0.8,0.5,0.4,1.6,2.1,7.4)
(1979,47,Don Chaney,SG,32,BOS,65,,16.5,2.7,6.4,.420,,,,2.7,6.4,.420,.420,0.6,0.6,.857,1.0,1.2,2.2,1.2,1.1,0.2,1.0,2.6,5.9)
(1979,51,Jim Cleamons,PG,29,NYK,79,,30.3,3.9,8.3,.473,,,,3.9,8.3,.473,.473,1.6,2.2,.760,0.8,2.0,2.8,4.8,0.9,0.1,1.8,1.9,9.5)
(1979,55,Wayne Cooper,C,22,GSW,65,,12.2,2.0,4.5,.437,,,,2.0,4.5,.437,.437,0.6,0.9,.672,1.4,2.9,4.3,0.3,0.1,0.7,0.8,1.8,4.6)
(1979,59,Charlie Criss,PG,30,ATL,54,,16.3,2.0,5.4,.377,,,,2.0,5.4,.377,.377,1.2,1.6,.779,0.4,0.8,1.1,2.6,0.8,0.1,1.5,1.3,5.3)
(1979,62,Bob Dandridge,SF,31,WSB,78,,33.7,8.1,16.2,.499,,,,8.1,16.2,.499,.499,4.2,5.1,.825,1.4,4.3,5.7,4.7,0.9,0.7,2.8,3.3,20.4)
(1979,66,Johnny Davis,PG,23,IND,79,,37.6,7.2,15.7,.456,,,,7.2,15.7,.456,.456,4.0,5.0,.793,0.9,1.5,2.4,5.7,1.2,0.3,2.7,2.2,18.3)
(1979,70,Jacky Dorsey,SF,24,HOU,20,,5.4,1.2,2.2,.558,,,,1.2,2.2,.558,.558,0.4,0.8,.500,0.6,0.6,1.2,0.1,0.1,0.1,0.4,1.3,2.8)
(1979,74,Mike Dunleavy,SG,24,HOU,74,,20.1,2.9,5.7,.506,,,,2.9,5.7,.506,.506,2.1,2.5,.864,0.4,1.4,1.7,4.4,0.8,0.1,1.8,2.3,8.0)
(1979,78,Bo Ellis,PF,24,DEN,42,,6.4,1.0,2.2,.457,,,,1.0,2.2,.457,.457,0.7,0.9,.806,0.4,1.1,1.5,0.2,0.2,0.3,0.5,1.1,2.7)
(1979,81,Ray Epps,SF,22,GSW,13,,5.5,0.8,1.8,.435,,,,0.8,1.8,.435,.435,0.5,0.6,.750,0.0,0.4,0.4,0.2,0.1,0.0,0.2,0.5,2.0)
(1979,85,Phil Ford,PG,22,KCK,79,,34.5,5.9,12.7,.465,,,,5.9,12.7,.465,.465,4.1,5.1,.813,0.4,1.9,2.3,8.6,2.2,0.1,4.1,3.1,15.9)
(1979,89,Terry Furlow,SG,24,TOT,78,,21.6,5.0,10.3,.483,,,,5.0,10.3,.483,.483,2.1,2.5,.836,1.0,1.2,2.1,2.4,0.7,0.4,1.7,1.6,12.0)
(1979,93,John Gianelli,C,28,MIL,82,,25.1,3.1,6.4,.486,,,,3.1,6.4,.486,.486,0.9,1.2,.706,1.5,3.5,5.0,2.0,0.5,0.7,1.3,2.4,7.1)
(1979,97,Glen Gondrezick,SF,23,NYK,75,,21.4,2.1,4.3,.494,,,,2.1,4.3,.494,.494,0.7,1.3,.567,2.0,3.7,5.7,1.4,1.3,0.2,1.3,3.0,5.0)
(1979,Rk,Player,Pos,Age,Tm,G,GS,MP,FG,FGA,FG%,3P,3PA,3P%,2P,2PA,2P%,eFG%,FT,FTA,FT%,ORB,DRB,TRB,AST,STL,BLK,TOV,PF,PTS)
(1979,104,Paul Griffin,PF,25,NOJ,77,,18.2,1.4,2.9,.475,,,,1.4,2.9,.475,.475,1.2,1.9,.619,1.6,3.4,5.1,1.8,0.7,0.5,1.5,2.6,3.9)
(1979,108,James Hardy,SF,22,NOJ,68,,21.4,2.9,6.3,.460,,,,2.9,6.3,.460,.460,0.9,1.3,.693,1.8,2.8,4.6,1.0,0.8,0.9,1.4,2.0,6.7)
(1979,112,Elvin Hayes*,PF,33,WSB,82,,37.9,8.8,18.0,.487,,,,8.8,18.0,.487,.487,4.3,6.5,.654,3.8,8.3,12.1,1.7,0.9,2.3,2.9,3.8,21.8)
(1979,116,Keith Herron,SG,22,ATL,14,,5.8,1.0,3.4,.292,,,,1.0,3.4,.292,.292,0.9,0.9,.923,0.3,0.4,0.7,0.2,0.4,0.1,0.4,0.8,2.9)
(1979,120,Darnell Hillman,PF,29,KCK,78,,20.7,2.7,5.5,.493,,,,2.7,5.5,.493,.493,1.6,2.9,.558,1.8,3.8,5.5,1.2,0.6,0.8,1.7,3.7,7.0)
(1979,123,Essie Hollis,SF,23,DET,25,,6.2,1.2,3.0,.400,,,,1.2,3.0,.400,.400,0.4,0.5,.750,0.8,1.0,1.8,0.2,0.4,0.0,0.6,1.1,2.8)
(1979,127,Dan Issel*,C,30,DEN,81,,33.9,6.6,12.7,.517,,,,6.6,12.7,.517,.517,3.9,5.2,.754,3.0,6.1,9.1,3.1,0.8,0.6,2.1,2.9,17.0)
(1979,131,Clemon Johnson,C,22,POR,74,,10.7,1.4,2.9,.470,,,,1.4,2.9,.470,.470,0.5,1.0,.486,1.1,1.9,3.1,1.1,0.3,0.5,0.9,1.6,3.2)
(1979,135,George Johnson,PF,22,MIL,67,,17.3,2.5,5.1,.482,,,,2.5,5.1,.482,.482,1.3,1.7,.718,1.6,3.8,5.4,1.2,1.1,0.7,1.5,2.8,6.2)
(1979,139,Ollie Johnson,SF,29,CHI,71,,24.4,4.0,7.6,.520,,,,4.0,7.6,.520,.520,1.2,1.5,.800,0.8,2.4,3.2,2.3,0.8,0.5,1.6,2.6,9.2)
(1979,142,Dwight Jones,C,26,HOU,81,,15.0,2.2,4.9,.458,,,,2.2,4.9,.458,.458,1.2,1.6,.727,1.4,2.7,4.0,0.7,0.4,0.3,1.3,2.5,5.7)
(1979,146,Larry Kenon,PF,26,SAS,81,,36.4,9.2,18.3,.504,,,,9.2,18.3,.504,.504,3.6,4.3,.845,3.2,6.5,9.8,4.1,1.9,0.2,3.7,2.4,22.1)
(1979,150,Joel Kramer,PF,23,PHO,82,,17.1,2.2,4.5,.489,,,,2.2,4.5,.489,.489,1.5,2.1,.710,1.6,2.5,4.1,1.1,0.5,0.3,1.2,2.7,5.9)
(1979,154,Sam Lacey,C,30,KCK,82,,32.0,4.3,8.5,.502,,,,4.3,8.5,.502,.502,2.0,2.8,.739,2.2,6.4,8.6,5.2,1.3,1.7,3.0,3.8,10.6)
(1979,158,Bob Lanier*,C,30,DET,53,,34.6,9.2,17.9,.515,,,,9.2,17.9,.515,.515,5.2,6.9,.749,3.1,6.2,9.3,2.6,0.9,1.4,3.3,3.4,23.6)
(1979,161,Scott Lloyd,C,26,TOT,72,,6.9,0.6,1.7,.344,,,,0.6,1.7,.344,.344,0.4,0.7,.574,0.7,0.7,1.3,0.4,0.1,0.1,0.7,1.3,1.5)
(1979,165,Moses Malone*,C,23,HOU,82,,41.3,8.7,16.2,.540,,,,8.7,16.2,.540,.540,7.3,9.9,.739,7.2,10.5,17.6,1.8,1.0,1.5,4.0,2.7,24.8)
(1979,169,Bob McAdoo*,PF-C,27,TOT,60,,37.2,9.9,18.8,.529,,,,9.9,18.8,.529,.529,4.9,7.5,.656,2.2,6.5,8.7,2.8,1.2,1.1,3.6,3.2,24.8)
(1979,173,Billy McKinney,PG,23,KCK,78,,15.9,3.1,6.1,.503,,,,3.1,6.1,.503,.503,1.7,2.1,.796,0.3,0.8,1.1,3.2,0.7,0.0,1.6,1.6,7.8)
(1979,177,John Mengelt,SG,29,CHI,75,,22.7,4.5,9.2,.491,,,,4.5,9.2,.491,.491,2.0,2.4,.824,0.3,1.2,1.6,2.5,0.6,0.1,1.6,2.0,11.0)
(1979,Rk,Player,Pos,Age,Tm,G,GS,MP,FG,FGA,FG%,3P,3PA,3P%,2P,2PA,2P%,eFG%,FT,FTA,FT%,ORB,DRB,TRB,AST,STL,BLK,TOV,PF,PTS)
(1979,184,Calvin Murphy*,PG,30,HOU,82,,35.9,8.6,17.4,.496,,,,8.6,17.4,.496,.496,3.0,3.2,.928,1.0,1.2,2.1,4.3,1.4,0.1,2.3,3.5,20.2)
(1979,188,Mike Newlin,SG,30,HOU,76,,24.1,3.7,7.6,.487,,,,3.7,7.6,.487,.487,2.8,3.2,.872,0.7,1.6,2.2,3.8,0.7,0.1,2.3,2.9,10.2)
(1979,192,John Olive,SF,23,SDC,34,,5.6,0.4,1.2,.325,,,,0.4,1.2,.325,.325,0.5,0.7,.783,0.1,0.5,0.6,0.1,0.1,0.0,0.4,0.9,1.3)
(1979,196,Billy Paultz,C,30,SAS,79,,26.9,5.1,9.6,.526,,,,5.1,9.6,.526,.526,1.4,2.5,.588,2.1,5.8,7.9,2.3,0.4,1.6,2.0,2.6,11.5)
(1979,200,Kevin Porter,PG,28,DET,82,,37.4,6.5,13.5,.481,,,,6.5,13.5,.481,.481,2.3,3.2,.722,0.8,1.8,2.5,13.4,1.9,0.1,4.1,3.7,15.4)
(1979,203,Clifford Ray,C,30,GSW,82,,23.4,2.8,5.4,.526,,,,2.8,5.4,.526,.526,1.3,2.3,.558,2.6,4.8,7.4,1.7,0.6,0.6,1.9,3.2,6.9)
(1979,207,Micheal Ray Richardson,PG,23,NYK,72,,16.9,2.8,6.7,.414,,,,2.8,6.7,.414,.414,1.0,1.8,.539,1.1,2.2,3.2,3.0,1.4,0.3,2.0,2.6,6.5)
(1979,211,Jackie Robinson,SF,23,SEA,12,,8.8,1.6,3.4,.463,,,,1.6,3.4,.463,.463,0.7,1.3,.533,0.8,0.8,1.6,1.1,0.4,0.1,0.9,0.8,3.8)
(1979,215,Tree Rollins,C,23,ATL,81,,23.5,3.7,6.9,.535,,,,3.7,6.9,.535,.535,1.1,1.7,.631,2.7,4.6,7.3,0.6,0.6,3.1,1.1,4.0,8.4)
(1979,219,Campy Russell,SF,27,CLE,74,,38.6,8.1,17.1,.476,,,,8.1,17.1,.476,.476,5.6,7.1,.797,2.0,4.8,6.8,4.7,1.3,0.3,3.5,3.0,21.9)
(1979,222,Charlie Scott,PG,30,DEN,79,,33.1,5.0,10.8,.460,,,,5.0,10.8,.460,.460,2.0,2.7,.749,0.7,2.0,2.7,5.4,1.0,0.4,3.2,3.6,12.0)
(1979,226,Jack Sikma,C,23,SEA,82,,36.1,5.8,12.6,.460,,,,5.8,12.6,.460,.460,4.0,4.9,.814,2.8,9.5,12.4,3.2,1.0,0.8,3.1,3.6,15.6)
(1979,230,Al Skinner,SG,26,TOT,45,,14.3,2.0,4.8,.425,,,,2.0,4.8,.425,.425,2.2,2.5,.868,0.6,1.3,1.9,2.0,0.9,0.1,1.6,2.5,6.2)
(1979,234,Randy Smith,SG,30,SDC,82,,37.9,8.5,18.6,.455,,,,8.5,18.6,.455,.455,3.6,4.4,.813,1.2,2.4,3.6,4.8,2.2,0.1,3.1,2.2,20.5)
(1979,238,Dick Snyder,SG,34,SEA,56,,9.6,1.4,3.3,.433,,,,1.4,3.3,.433,.433,0.8,0.9,.843,0.3,0.6,0.9,1.1,0.3,0.1,0.6,0.9,3.7)
(1979,241,Larry Steele,SG,29,POR,72,,20.7,2.8,6.7,.420,,,,2.8,6.7,.420,.420,1.6,1.9,.824,0.8,1.6,2.4,2.0,1.0,0.1,1.3,2.9,7.2)
(1979,245,Reggie Theus,PG,21,CHI,82,,33.6,6.5,13.6,.480,,,,6.5,13.6,.480,.480,3.2,4.2,.761,1.1,1.7,2.8,5.2,1.1,0.2,3.7,3.3,16.3)
(1979,249,Raymond Townsend,SG,23,GSW,65,,11.9,2.0,4.4,.439,,,,2.0,4.4,.439,.439,0.8,1.0,.735,0.2,0.7,0.8,1.4,0.4,0.1,0.8,1.1,4.7)
(1979,253,Jan Van Breda Kolff,SF,27,NJN,80,,25.0,2.5,5.3,.463,,,,2.5,5.3,.463,.463,1.8,2.3,.798,1.4,3.4,4.8,2.3,1.1,0.9,1.7,2.9,6.7)
(1979,257,Wally Walker,SF,24,SEA,60,,16.2,2.8,5.7,.490,,,,2.8,5.7,.490,.490,1.0,1.6,.604,1.1,1.9,3.0,1.2,0.2,0.4,1.1,2.1,6.6)
(1979,Rk,Player,Pos,Age,Tm,G,GS,MP,FG,FGA,FG%,3P,3PA,3P%,2P,2PA,2P%,eFG%,FT,FTA,FT%,ORB,DRB,TRB,AST,STL,BLK,TOV,PF,PTS)
(1979,264,Marvin Webster,C,26,NYK,60,,33.8,4.4,9.3,.473,,,,4.4,9.3,.473,.473,2.5,4.4,.573,3.3,7.6,10.9,2.9,0.4,1.9,2.8,3.1,11.3)
(1979,268,Jerome Whitehead,C,22,SDC,31,,4.9,0.5,1.1,.441,,,,0.5,1.1,.441,.441,0.3,0.6,.444,0.5,1.1,1.6,0.2,0.1,0.1,0.4,0.9,1.2)
(1979,272,Earl Williams,C,27,BOS,20,,13.7,2.7,6.2,.439,,,,2.7,6.2,.439,.439,0.7,1.2,.583,2.1,3.2,5.3,0.6,0.6,0.5,1.0,2.1,6.1)
(1979,276,Ray Williams,PG,24,NYK,81,,29.3,7.1,15.5,.457,,,,7.1,15.5,.457,.457,3.1,3.9,.802,1.3,2.3,3.6,6.2,1.6,0.2,3.5,3.4,17.3)
(1979,280,Larry Wright,PG,24,WSB,73,,22.7,3.8,8.1,.469,,,,3.8,8.1,.469,.469,1.7,2.3,.744,0.7,1.3,1.9,4.1,0.9,0.2,1.6,2.3,9.3)
