(1979,3,Alvan Adams,C,24,PHO,77,,30.7,7.4,13.9,.530,,,,7.4,13.9,.530,.530,3.0,3.8,.799,2.9,6.3,9.2,4.7,1.4,0.8,3.6,3.2,17.8)
(1979,7,Tate Armstrong,SG,23,CHI,26,,10.0,1.1,2.7,.400,,,,1.1,2.7,.400,.400,0.4,0.5,.769,0.3,0.5,0.8,1.2,0.4,0.0,0.8,0.8,2.5)
(1979,11,Mike Bantom,PF,27,IND,81,,31.2,6.0,12.8,.465,,,,6.0,12.8,.465,.465,2.8,4.2,.672,2.8,5.2,8.0,2.8,1.2,0.8,2.4,3.9,14.7)
(1979,15,Tim Bassett,PF,27,NJN,82,,18.4,1.4,3.8,.371,,,,1.4,3.8,.371,.371,1.1,1.6,.679,2.1,3.0,5.1,1.2,0.5,0.4,1.3,2.7,3.9)
(1979,19,Del Beshore,PG,22,MIL,1,,1.0,0.0,0.0,,,,,0.0,0.0,,,0.0,0.0,,0.0,0.0,0.0,0.0,0.0,0.0,0.0,0.0,0.0)
(1979,22,Otis Birdsong,SG,23,KCK,82,,34.6,9.0,17.8,.509,,,,9.0,17.8,.509,.509,3.6,5.0,.725,2.1,2.2,4.3,3.4,1.5,0.2,2.4,3.1,21.7)
(1979,26,Winford Boynes,SG,21,NJN,69,,17.0,3.7,8.6,.430,,,,3.7,8.6,.430,.430,1.9,2.4,.787,0.9,1.4,2.2,1.1,0.6,0.1,1.7,1.7,9.3)
(1979,30,Ron Brewer,SG,23,POR,81,,30.3,5.4,10.8,.494,,,,5.4,10.8,.494,.494,2.6,3.2,.820,1.1,1.7,2.8,2.0,1.3,1.0,1.9,2.2,13.3)
(1979,34,John Brown,SF,27,CHI,77,,16.4,2.0,4.1,.479,,,,2.0,4.1,.479,.479,1.1,1.3,.857,1.1,2.0,3.1,1.4,0.2,0.1,1.2,2.3,5.0)
(1979,38,Tom Burleson,C,26,KCK,56,,16.6,2.8,6.1,.459,,,,2.8,6.1,.459,.459,2.2,3.0,.716,1.5,3.5,5.0,0.9,0.5,1.0,1.1,3.3,7.8)
(1979,41,Corky Calhoun,SF,28,IND,81,,16.4,1.9,4.1,.457,,,,1.9,4.1,.457,.457,0.9,1.1,.837,0.8,2.1,2.9,1.3,0.5,0.2,0.7,2.3,4.7)
(1979,45,Ron Carter,SG,22,LAL,46,,7.2,1.2,2.7,.435,,,,1.2,2.7,.435,.435,0.8,1.2,.667,0.5,0.5,1.0,0.5,0.4,0.2,0.9,1.2,3.1)
(1979,49,Phil Chenier,SG,28,WSB,27,,14.3,2.6,5.9,.437,,,,2.6,5.9,.437,.437,0.7,1.0,.643,0.1,0.6,0.7,1.1,0.1,0.2,1.1,1.0,5.8)
(1979,53,Doug Collins,SG,27,PHI,47,,33.9,7.6,15.3,.499,,,,7.6,15.3,.499,.499,4.3,5.3,.814,0.8,1.9,2.6,4.1,1.1,0.4,2.8,3.0,19.5)
(1979,57,Dave Cowens*,C,30,BOS,68,,37.0,7.2,14.9,.483,,,,7.2,14.9,.483,.483,2.2,2.8,.807,2.2,7.4,9.6,3.6,1.1,0.8,2.6,3.9,16.6)
(1979,Rk,Player,Pos,Age,Tm,G,GS,MP,FG,FGA,FG%,3P,3PA,3P%,2P,2PA,2P%,eFG%,FT,FTA,FT%,ORB,DRB,TRB,AST,STL,BLK,TOV,PF,PTS)
(1979,64,Brad Davis,PG,23,TOT,27,,11.0,1.1,2.0,.564,,,,1.1,2.0,.564,.564,0.6,0.9,.696,0.0,0.6,0.6,1.9,0.6,0.1,0.6,1.2,2.9)
(1979,68,Darryl Dawkins,C,22,PHI,78,,26.1,5.5,10.7,.517,,,,5.5,10.7,.517,.517,2.0,3.0,.672,1.6,6.5,8.1,1.6,0.4,1.8,2.5,3.8,13.1)
(1979,72,John Drew,SF,24,ATL,79,,30.5,8.2,17.4,.473,,,,8.2,17.4,.473,.473,6.3,8.6,.731,2.8,3.8,6.6,1.5,1.6,0.2,2.7,4.2,22.7)
(1979,76,James Edwards,C,23,IND,82,,31.0,6.5,13.0,.501,,,,6.5,13.0,.501,.501,3.6,5.4,.676,2.2,6.3,8.5,1.1,0.7,1.3,2.0,4.4,16.7)
(1979,80,Alex English*,SF,25,IND,81,,33.3,7.0,13.6,.511,,,,7.0,13.6,.511,.511,2.1,2.8,.752,3.1,5.0,8.1,3.3,0.9,1.0,2.4,2.6,16.0)
(1979,83,Chris Ford,SG,30,TOT,81,,33.8,6.6,14.1,.471,,,,6.6,14.1,.471,.471,2.1,2.8,.758,1.5,1.9,3.4,4.6,1.4,0.3,2.6,2.6,15.4)
(1979,87,Walt Frazier*,PG,33,CLE,12,,23.3,4.5,10.2,.443,,,,4.5,10.2,.443,.443,1.8,2.3,.778,0.6,1.1,1.7,2.7,1.1,0.2,1.8,1.8,10.8)
(1979,91,Gus Gerard,SF,25,TOT,58,,8.0,1.4,3.3,.433,,,,1.4,3.3,.433,.433,0.9,1.6,.549,0.7,1.0,1.7,0.4,0.3,0.2,0.6,1.3,3.8)
(1979,95,Jack Givens,SF,22,ATL,74,,18.2,3.2,7.6,.415,,,,3.2,7.6,.415,.415,1.4,1.8,.756,1.3,1.6,2.9,1.1,1.0,0.2,1.0,1.6,7.7)
(1979,99,Mike Green,C,27,SAS,76,,21.6,3.1,6.3,.493,,,,3.1,6.3,.493,.493,1.3,1.9,.701,1.7,2.9,4.7,1.5,0.5,1.6,1.2,3.0,7.5)
(1979,102,Tommie Green,PG,22,NOJ,59,,13.7,1.6,4.0,.388,,,,1.6,4.0,.388,.388,0.8,1.1,.762,0.3,0.8,1.2,2.4,1.0,0.1,1.5,1.9,3.9)
(1979,106,Ernie Grunfeld,SF,23,MIL,82,,21.7,4.0,8.1,.493,,,,4.0,8.1,.493,.493,2.3,3.1,.761,1.5,2.9,4.4,2.6,0.7,0.2,1.7,2.7,10.3)
(1979,110,Steve Hawes,PF,28,ATL,81,,27.2,4.6,9.3,.492,,,,4.6,9.3,.492,.492,1.3,1.6,.818,2.3,5.0,7.3,2.3,1.0,0.6,1.8,3.3,10.5)
(1979,114,Gar Heard,PF,30,PHO,63,,19.3,2.6,5.8,.441,,,,2.6,5.8,.441,.441,1.1,1.6,.689,1.6,4.0,5.6,1.0,0.8,0.9,1.0,2.2,6.3)
(1979,118,Kenny Higgs,PG,24,CLE,68,,15.4,1.9,4.1,.455,,,,1.9,4.1,.455,.455,1.3,1.6,.766,0.3,1.2,1.5,2.1,1.0,0.2,0.7,2.6,5.0)
(1979,121,Wilbur Holland,SG,27,CHI,82,,30.3,5.4,11.5,.473,,,,5.4,11.5,.473,.473,1.7,2.1,.801,1.0,2.1,3.1,4.0,1.5,0.1,2.3,2.9,12.6)
(1979,125,Lou Hudson,SG,34,LAL,78,,21.6,4.2,8.2,.517,,,,4.2,8.2,.517,.517,1.4,1.6,.887,0.8,1.0,1.8,1.8,0.7,0.2,1.3,1.7,9.8)
(1979,129,Aaron James,SF,26,NOJ,73,,19.4,4.3,8.6,.494,,,,4.3,8.6,.494,.494,1.4,1.9,.750,1.3,2.1,3.4,1.1,0.4,0.3,1.5,2.8,10.0)
(1979,133,Eddie Johnson,SG,23,ATL,78,,30.9,6.4,12.6,.510,,,,6.4,12.6,.510,.510,3.1,3.7,.832,0.8,1.3,2.2,4.6,1.6,0.1,2.7,3.1,16.0)
(1979,137,Marques Johnson,SF,22,MIL,77,,36.1,10.6,19.4,.550,,,,10.6,19.4,.550,.550,4.3,5.7,.760,2.8,4.9,7.6,3.0,1.5,1.2,2.2,2.4,25.6)
(1979,Rk,Player,Pos,Age,Tm,G,GS,MP,FG,FGA,FG%,3P,3PA,3P%,2P,2PA,2P%,eFG%,FT,FTA,FT%,ORB,DRB,TRB,AST,STL,BLK,TOV,PF,PTS)
(1979,144,Jeff Judkins,SF,22,BOS,81,,18.8,3.6,7.2,.503,,,,3.6,7.2,.503,.503,1.5,1.8,.815,0.9,1.5,2.4,1.8,1.0,0.1,1.3,2.3,8.8)
(1979,148,Billy Knight,SF,26,TOT,79,,26.5,5.6,10.6,.528,,,,5.6,10.6,.528,.528,3.2,3.7,.841,1.2,3.2,4.4,1.9,0.8,0.1,2.8,2.0,14.3)
(1979,152,Kevin Kunnert,C,27,SDC,81,,20.8,2.9,6.2,.467,,,,2.9,6.2,.467,.467,0.7,1.0,.659,2.5,4.5,7.0,1.4,0.6,1.5,1.7,3.8,6.5)
(1979,156,John Lambert,PF,26,CLE,70,,14.7,2.1,4.7,.450,,,,2.1,4.7,.450,.450,0.5,0.8,.636,1.7,2.5,4.1,0.6,0.4,0.4,0.9,2.3,4.7)
(1979,160,Ron Lee,PG,26,TOT,60,,22.4,3.6,8.5,.430,,,,3.6,8.5,.430,.430,1.6,2.4,.695,1.1,1.8,2.8,3.4,1.8,0.1,2.8,3.0,8.9)
(1979,163,John Lucas,PG,25,GSW,82,,37.7,6.5,14.0,.462,,,,6.5,14.0,.462,.462,3.2,3.9,.822,0.8,2.2,3.0,9.3,1.9,0.1,3.1,2.8,16.1)
(1979,167,Cedric Maxwell,SF,23,BOS,80,,37.1,5.9,10.1,.584,,,,5.9,10.1,.584,.584,7.2,9.0,.802,3.4,6.5,9.9,2.9,1.2,0.9,3.4,3.3,19.0)
(1979,171,Jim McElroy,PG,25,NOJ,79,,34.2,6.8,13.9,.491,,,,6.8,13.9,.491,.491,3.3,4.3,.762,0.8,1.9,2.7,5.7,1.9,0.6,3.0,2.3,16.9)
(1979,175,Jim McMillian,SF,30,POR,23,,12.1,1.4,3.2,.446,,,,1.4,3.2,.446,.446,0.7,0.9,.810,0.7,1.0,1.7,1.4,0.4,0.1,0.7,0.8,3.6)
(1979,179,Mike Mitchell,SF,23,CLE,80,,19.7,4.5,8.8,.513,,,,4.5,8.8,.513,.513,1.6,2.2,.736,1.6,2.5,4.1,0.8,0.6,0.4,1.3,2.7,10.7)
(1979,182,Earl Monroe*,SG,34,NYK,64,,21.8,5.1,10.9,.471,,,,5.1,10.9,.471,.471,2.0,2.4,.838,0.4,0.8,1.2,3.0,0.8,0.1,1.5,1.9,12.3)
(1979,186,Swen Nater,C,29,SDC,79,,25.4,4.5,7.9,.569,,,,4.5,7.9,.569,.569,1.7,2.1,.800,2.8,6.1,8.9,1.8,0.5,0.4,2.2,3.1,10.7)
(1979,190,Connie Norman,SG,25,SDC,22,,14.7,3.2,7.5,.430,,,,3.2,7.5,.430,.430,0.9,1.0,.826,0.6,0.9,1.5,1.1,0.5,0.1,1.0,1.6,7.3)
(1979,194,Robert Parish*,C,25,GSW,76,,31.7,7.3,14.6,.499,,,,7.3,14.6,.499,.499,2.6,3.7,.698,3.5,8.6,12.1,1.5,1.3,2.9,3.1,4.0,17.2)
(1979,198,Stan Pietkiewicz,SG,22,SDC,4,,8.0,0.3,2.0,.125,,,,0.3,2.0,.125,.125,0.5,0.5,1.000,0.0,1.5,1.5,0.8,0.3,0.0,0.3,1.3,1.0)
(1979,201,Jim Price,PG,29,LAL,75,,16.1,2.3,4.6,.497,,,,2.3,4.6,.497,.497,0.7,1.1,.696,0.3,1.3,1.6,2.9,0.9,0.2,1.3,1.7,5.3)
(1979,205,Robert Reid,SF,23,HOU,82,,27.5,4.7,9.5,.492,,,,4.7,9.5,.492,.492,1.6,2.3,.704,1.6,4.3,5.9,2.8,0.9,0.6,1.6,3.7,10.9)
(1979,209,Tony Robertson,SG,23,GSW,12,,6.2,1.3,3.3,.375,,,,1.3,3.3,.375,.375,0.5,0.8,.667,0.5,0.3,0.8,0.3,0.7,0.0,0.7,0.8,3.0)
(1979,213,Bill Robinzine,PF,26,KCK,82,,26.6,5.6,10.2,.548,,,,5.6,10.2,.548,.548,2.2,3.0,.732,2.7,5.1,7.8,1.3,1.3,0.2,2.2,4.5,13.4)
(1979,217,Curtis Rowe,PF,29,BOS,53,,23.1,2.8,6.5,.436,,,,2.8,6.5,.436,.436,1.0,1.4,.693,1.5,3.1,4.6,1.3,0.3,0.2,1.7,2.0,6.7)
(1979,Rk,Player,Pos,Age,Tm,G,GS,MP,FG,FGA,FG%,3P,3PA,3P%,2P,2PA,2P%,eFG%,FT,FTA,FT%,ORB,DRB,TRB,AST,STL,BLK,TOV,PF,PTS)
(1979,224,Steve Sheppard,SF,24,TOT,42,,6.6,0.9,1.8,.474,,,,0.9,1.8,.474,.474,0.5,0.8,.588,0.6,0.5,1.1,0.5,0.2,0.0,0.6,0.6,2.2)
(1979,228,Paul Silas,PF,35,SEA,82,,23.9,2.1,4.9,.423,,,,2.1,4.9,.423,.423,1.4,2.4,.598,3.2,3.9,7.0,1.4,0.4,0.2,1.2,2.2,5.6)
(1979,232,Elmore Smith,C,29,CLE,24,,13.8,2.9,5.4,.531,,,,2.9,5.4,.531,.531,0.8,1.1,.692,1.9,2.5,4.4,0.5,0.3,0.7,1.8,2.5,6.5)
(1979,236,Sam Smith,SF,24,MIL,16,,7.8,1.2,2.9,.404,,,,1.2,2.9,.404,.404,1.1,1.5,.750,0.0,0.6,0.6,1.0,0.5,0.4,0.5,0.8,3.5)
(1979,240,Kevin Stacom,SG,27,TOT,68,,12.2,1.9,5.0,.374,,,,1.9,5.0,.374,.374,0.6,0.9,.733,0.4,0.8,1.3,1.6,0.4,0.0,1.2,0.7,4.4)
(1979,243,Brian Taylor,PG,27,SDC,20,,10.6,1.5,4.2,.361,,,,1.5,4.2,.361,.361,0.8,0.9,.889,0.7,0.7,1.3,1.0,1.2,0.0,0.9,1.7,3.8)
(1979,247,Mychal Thompson,C,24,POR,73,,29.4,6.3,12.8,.490,,,,6.3,12.8,.490,.490,2.1,3.7,.572,2.7,5.6,8.3,2.4,0.9,1.8,2.8,3.7,14.7)
(1979,251,Terry Tyler,PF,22,DET,82,,31.2,5.6,11.5,.482,,,,5.6,11.5,.482,.482,1.8,2.7,.658,2.6,5.3,7.9,1.1,1.3,2.5,1.7,3.1,12.9)
(1979,255,Andre Wakefield,SG,24,TOT,73,,8.0,0.8,2.4,.350,,,,0.8,2.4,.350,.350,0.7,0.9,.696,0.3,0.7,1.0,1.0,0.3,0.0,1.0,1.0,2.4)
(1979,259,Kermit Washington,PF,27,SDC,82,,33.7,4.3,7.6,.562,,,,4.3,7.6,.562,.562,2.8,4.0,.688,3.6,6.1,9.8,1.5,1.0,1.5,2.3,3.9,11.3)
(1979,262,Slick Watts,PG,27,HOU,61,,17.1,1.5,3.7,.405,,,,1.5,3.7,.405,.405,0.7,1.1,.612,0.6,1.1,1.7,4.0,1.2,0.2,1.2,2.3,3.7)
(1979,266,Paul Westphal,SG,28,PHO,81,,32.6,9.9,18.5,.535,,,,9.9,18.5,.535,.535,4.2,5.0,.837,0.4,1.5,2.0,6.5,1.4,0.3,2.9,2.0,24.0)
(1979,270,Bob Wilkerson,SF,24,DEN,80,,30.3,5.0,10.9,.456,,,,5.0,10.9,.456,.456,1.5,2.2,.688,1.3,3.9,5.2,3.6,1.5,0.3,2.5,2.4,11.4)
(1979,274,Gus Williams,PG,25,SEA,76,,29.8,8.0,16.1,.495,,,,8.0,16.1,.495,.495,3.2,4.2,.775,1.5,1.8,3.2,4.0,2.1,0.4,2.5,2.1,19.2)
(1979,278,Rick Wilson,SG,22,ATL,61,,9.7,1.3,3.2,.411,,,,1.3,3.2,.411,.411,0.4,0.7,.545,0.3,0.9,1.2,1.2,0.5,0.1,0.7,1.1,3.0)
