(1979,Rk,Player,Pos,Age,Tm,G,GS,MP,FG,FGA,FG%,3P,3PA,3P%,2P,2PA,2P%,eFG%,FT,FTA,FT%,ORB,DRB,TRB,AST,STL,BLK,TOV,PF,PTS)
(1979,4,Lucius Allen,PG,31,KCK,31,,13.3,2.2,5.6,.397,,,,2.2,5.6,.397,.397,0.6,1.1,.576,0.5,1.0,1.5,1.4,0.7,0.2,1.0,1.7,5.1)
(1979,8,Dennis Awtrey,C,30,TOT,63,,11.8,0.7,1.7,.411,,,,0.7,1.7,.411,.411,0.7,0.9,.732,0.7,1.7,2.4,1.1,0.3,0.2,0.8,1.7,2.0)
(1979,12,Tom Barker,C,23,TOT,39,,12.2,1.7,4.0,.436,,,,1.7,4.0,.436,.436,0.7,0.9,.730,1.2,1.9,3.1,0.4,0.3,0.3,0.9,1.9,4.2)
(1979,16,Butch Beard,PG,31,NYK,7,,12.1,1.6,3.7,.423,,,,1.6,3.7,.423,.423,0.0,0.0,,0.1,1.3,1.4,2.7,1.0,0.0,1.4,1.9,3.1)
(1979,20,Henry Bibby,PG,29,PHI,82,,31.0,4.5,10.6,.423,,,,4.5,10.6,.423,.423,3.2,4.1,.794,0.9,2.1,3.0,4.5,0.9,0.1,2.4,2.4,12.2)
(1979,23,Ron Boone,SG,32,LAL,82,,19.3,3.2,6.9,.455,,,,3.2,6.9,.455,.455,1.1,1.3,.865,0.6,1.1,1.8,1.9,0.8,0.1,1.8,2.1,7.4)
(1979,27,Alonzo Bradley,SF,25,HOU,34,,7.2,1.1,2.6,.420,,,,1.1,2.6,.420,.420,0.6,1.0,.667,0.4,1.0,1.4,0.5,0.1,0.0,0.5,1.0,2.8)
(1979,31,Junior Bridgeman,SG,25,MIL,82,,23.9,6.6,13.0,.506,,,,6.6,13.0,.506,.506,2.3,2.8,.829,1.4,2.2,3.6,2.0,1.1,0.5,1.7,2.2,15.5)
(1979,35,Joe Bryant,PF,24,PHI,70,,15.2,2.9,6.8,.429,,,,2.9,6.8,.429,.429,1.8,2.4,.724,1.4,2.3,3.7,1.5,0.7,0.1,1.6,2.4,7.6)
(1979,39,Don Buse,PG,28,PHO,82,,31.0,3.5,7.0,.495,,,,3.5,7.0,.495,.495,0.9,1.1,.769,0.5,2.1,2.6,4.3,1.9,0.2,1.2,1.8,7.8)
(1979,42,Austin Carr,SG,30,CLE,82,,33.1,6.7,14.2,.475,,,,6.7,14.2,.475,.475,3.6,4.4,.816,1.9,1.6,3.5,2.6,0.9,0.2,2.1,2.6,17.0)
(1979,46,Harvey Catchings,C,27,TOT,57,,16.6,1.8,4.3,.420,,,,1.8,4.3,.420,.420,1.1,1.4,.769,1.8,3.5,5.3,0.8,0.4,1.6,1.5,2.3,4.6)
(1979,50,Jim Chones,C,29,CLE,82,,34.8,5.8,13.1,.440,,,,5.8,13.1,.440,.440,1.9,2.6,.735,3.2,7.1,10.3,2.2,0.6,1.2,2.3,3.4,13.4)
(1979,54,Michael Cooper,SG,22,LAL,3,,2.3,1.0,2.0,.500,,,,1.0,2.0,.500,.500,0.0,0.0,,0.0,0.0,0.0,0.0,0.3,0.0,0.3,0.3,2.0)
(1979,58,Wesley Cox,SF,24,GSW,31,,11.6,1.7,4.0,.431,,,,1.7,4.0,.431,.431,1.3,3.0,.435,0.6,1.5,2.0,0.4,0.4,0.2,1.4,2.2,4.7)
(1979,61,Louie Dampier,PG,34,SAS,70,,10.9,1.8,3.6,.490,,,,1.8,3.6,.490,.490,0.4,0.6,.744,0.2,0.7,0.9,1.8,0.5,0.1,0.6,0.6,3.9)
(1979,65,Harry Davis,SF,23,CLE,40,,9.9,1.7,3.8,.431,,,,1.7,3.8,.431,.431,0.8,1.1,.698,0.7,1.0,1.7,0.4,0.3,0.2,0.6,1.7,4.1)
(1979,69,Coby Dietrick,C,30,SAS,76,,19.6,2.8,5.3,.523,,,,2.8,5.3,.523,.523,1.0,1.3,.798,1.2,3.0,4.1,2.6,0.9,0.5,1.2,2.7,6.5)
(1979,73,Charles Dudley,PG,28,CHI,43,,15.9,1.0,2.9,.360,,,,1.0,2.9,.360,.360,0.7,1.0,.667,0.6,1.4,2.0,2.7,0.7,0.0,1.5,1.9,2.7)
(1979,77,Bob Elliott,PF,23,NJN,14,,20.1,2.9,5.2,.562,,,,2.9,5.2,.562,.562,2.9,4.0,.732,1.1,2.9,4.0,1.6,0.4,0.3,1.9,2.4,8.8)
(1979,Rk,Player,Pos,Age,Tm,G,GS,MP,FG,FGA,FG%,3P,3PA,3P%,2P,2PA,2P%,eFG%,FT,FTA,FT%,ORB,DRB,TRB,AST,STL,BLK,TOV,PF,PTS)
(1979,84,Don Ford,PF,26,LAL,79,,19.5,2.9,5.7,.507,,,,2.9,5.7,.507,.507,0.9,1.1,.809,1.1,2.3,3.4,1.3,0.6,0.3,1.2,2.2,6.7)
(1979,88,World B. Free,PG,25,SDC,78,,37.9,10.2,21.2,.481,,,,10.2,21.2,.481,.481,8.4,11.1,.756,1.6,2.2,3.9,4.4,1.4,0.4,3.8,3.2,28.8)
(1979,92,George Gervin*,SF,26,SAS,80,,36.1,11.8,21.9,.541,,,,11.8,21.9,.541,.541,5.9,7.1,.826,1.8,3.2,5.0,2.7,1.7,1.1,3.6,3.4,29.6)
(1979,96,Mike Glenn,SG,23,NYK,75,,15.6,3.5,6.5,.541,,,,3.5,6.5,.541,.541,0.8,0.8,.905,0.4,0.7,1.1,1.8,0.5,0.1,0.9,1.5,7.8)
(1979,100,Rickey Green,PG,24,DET,27,,16.0,2.5,6.6,.379,,,,2.5,6.6,.379,.379,1.7,2.5,.672,0.6,0.9,1.5,2.3,0.9,0.0,1.6,1.4,6.6)
(1979,103,Kevin Grevey,SF,25,WSB,65,,28.6,6.4,14.2,.453,,,,6.4,14.2,.453,.453,2.7,3.4,.772,1.4,2.2,3.6,2.4,0.7,0.2,1.8,2.4,15.5)
(1979,107,Lars Hansen,C,24,SEA,15,,13.7,1.9,3.8,.509,,,,1.9,3.8,.509,.509,1.2,2.1,.581,1.5,2.5,3.9,0.9,0.1,0.1,0.6,1.9,5.1)
(1979,111,Robert Hawkins,SG,24,DET,4,,7.0,1.5,4.0,.375,,,,1.5,4.0,.375,.375,1.5,1.5,1.000,0.8,0.8,1.5,1.0,1.3,0.0,0.5,1.8,4.5)
(1979,115,Tom Henderson,PG,27,WSB,70,,29.7,4.3,9.2,.466,,,,4.3,9.2,.466,.466,2.2,2.8,.800,0.7,1.6,2.3,6.0,1.2,0.1,2.1,1.8,10.8)
(1979,119,Armond Hill,PG,25,ATL,82,,30.8,3.6,8.3,.434,,,,3.6,8.3,.434,.434,3.0,3.5,.854,0.5,1.5,2.0,5.9,1.2,0.2,2.5,3.6,10.2)
(1979,122,Lionel Hollins,PG,25,POR,64,,30.7,6.3,13.8,.454,,,,6.3,13.8,.454,.454,2.7,3.5,.778,0.5,1.8,2.3,5.1,1.8,0.4,3.5,3.1,15.3)
(1979,126,Kim Hughes,C,26,DEN,81,,13.4,1.2,2.2,.538,,,,1.2,2.2,.538,.538,0.2,0.6,.400,1.4,2.8,4.1,0.9,0.7,1.3,1.0,2.7,2.6)
(1979,130,Charles Johnson,SG,29,WSB,82,,22.2,4.2,9.6,.435,,,,4.2,9.6,.435,.435,0.8,1.0,.848,0.9,1.6,2.5,2.2,1.2,0.1,1.1,2.0,9.2)
(1979,134,George Johnson,C,30,NJN,78,,26.4,2.6,6.2,.427,,,,2.6,6.2,.427,.427,1.3,1.8,.761,2.6,5.3,7.9,1.1,0.9,3.2,2.3,4.0,6.6)
(1979,138,Mickey Johnson,PF,26,CHI,82,,31.6,6.0,13.5,.449,,,,6.0,13.5,.449,.449,3.3,4.0,.830,2.4,5.3,7.6,4.6,1.1,0.7,3.8,3.5,15.4)
(1979,141,Caldwell Jones,C,28,PHI,78,,27.8,3.9,8.2,.474,,,,3.9,8.2,.474,.474,1.6,2.1,.747,2.3,7.3,9.6,1.9,0.5,2.0,2.0,3.9,9.3)
(1979,145,Rich Kelley,C,25,NOJ,80,,33.8,5.5,10.9,.506,,,,5.5,10.9,.506,.506,4.7,5.7,.814,3.8,9.0,12.8,3.6,1.6,2.1,3.6,3.9,15.7)
(1979,149,Toby Knight,SF,23,NYK,82,,32.5,7.4,14.3,.519,,,,7.4,14.3,.519,.519,1.8,2.5,.704,2.5,4.2,6.7,1.5,0.7,0.7,2.0,3.8,16.6)
(1979,153,Mitch Kupchak,PF,24,WSB,66,,24.3,5.6,10.4,.539,,,,5.6,10.4,.539,.539,3.4,4.5,.743,2.3,4.2,6.5,1.3,0.3,0.3,1.8,2.1,14.6)
(1979,157,Mark Landsberger,PF,23,CHI,80,,24.5,3.5,7.3,.475,,,,3.5,7.3,.475,.475,1.1,2.4,.469,3.7,5.6,9.3,0.9,0.3,0.3,1.9,1.6,8.1)
(1979,Rk,Player,Pos,Age,Tm,G,GS,MP,FG,FGA,FG%,3P,3PA,3P%,2P,2PA,2P%,eFG%,FT,FTA,FT%,ORB,DRB,TRB,AST,STL,BLK,TOV,PF,PTS)
(1979,164,Maurice Lucas,PF,26,POR,69,,35.7,8.2,17.5,.470,,,,8.2,17.5,.470,.470,3.9,5.0,.783,2.8,7.6,10.4,3.1,1.0,1.2,3.4,3.7,20.4)
(1979,168,Scott May,SF,24,CHI,37,,10.9,1.6,3.7,.434,,,,1.6,3.7,.434,.434,0.8,1.1,.750,0.4,1.4,1.7,1.1,0.6,0.0,1.4,1.4,4.0)
(1979,172,George McGinnis,PF,28,DEN,76,,33.6,7.9,16.8,.474,,,,7.9,16.8,.474,.474,6.7,10.1,.665,3.4,8.0,11.4,3.7,1.7,0.7,4.6,4.2,22.6)
(1979,176,Larry McNeill,PF,28,DET,11,,4.2,0.8,1.8,.450,,,,0.8,1.8,.450,.450,1.0,1.1,.917,0.3,0.6,0.9,0.3,0.0,0.0,0.4,0.6,2.6)
(1979,180,Steve Mix,SF,31,PHI,74,,17.1,3.6,6.7,.538,,,,3.6,6.7,.538,.538,2.2,2.7,.801,1.5,2.5,4.0,1.6,0.8,0.2,1.4,1.5,9.3)
(1979,183,Glenn Mosley,PF,23,SAS,26,,8.5,1.2,2.9,.413,,,,1.2,2.9,.413,.413,0.9,1.5,.605,1.0,1.4,2.5,0.7,0.3,0.4,0.8,1.3,3.3)
(1979,187,Lloyd Neal,PF,28,POR,4,,12.0,1.0,2.8,.364,,,,1.0,2.8,.364,.364,0.3,0.3,1.000,0.5,1.8,2.3,0.3,0.0,0.3,1.5,1.8,2.3)
(1979,191,Mark Olberding,PF,22,SAS,80,,23.6,3.3,6.9,.474,,,,3.3,6.9,.474,.474,2.9,3.6,.803,1.2,4.2,5.4,2.6,0.7,0.2,2.0,3.5,9.4)
(1979,195,Sonny Parker,SF,23,GSW,79,,36.6,6.5,12.9,.502,,,,6.5,12.9,.502,.502,2.2,2.8,.788,2.1,3.5,5.6,3.7,1.8,0.4,2.4,2.4,15.2)
(1979,199,Ben Poquette,PF,23,DET,76,,17.6,2.6,6.1,.427,,,,2.6,6.1,.427,.427,1.5,1.9,.782,1.3,3.1,4.4,0.8,0.5,1.3,0.9,2.6,6.7)
(1979,202,Wayne Radford,SG,22,IND,52,,12.5,1.6,3.4,.474,,,,1.6,3.4,.474,.474,0.7,0.9,.800,0.5,0.8,1.3,1.1,0.6,0.0,0.9,1.2,3.9)
(1979,206,Kevin Restani,PF,27,MIL,81,,19.7,3.2,6.5,.495,,,,3.2,6.5,.495,.495,0.6,0.9,.699,1.7,3.0,4.8,1.5,0.4,0.3,1.2,1.9,7.1)
(1979,210,Rick Robey,C,23,TOT,79,,22.3,4.1,8.5,.478,,,,4.1,8.5,.478,.478,2.2,2.8,.777,2.1,4.4,6.5,1.7,0.6,0.2,2.1,2.9,10.4)
(1979,214,Dave Robisch,C,29,LAL,80,,15.2,1.9,4.2,.446,,,,1.9,4.2,.446,.446,1.1,1.4,.748,1.0,2.5,3.6,1.2,0.3,0.3,0.7,1.4,4.8)
(1979,218,John Rudd,SF,23,NYK,58,,12.5,1.0,2.3,.444,,,,1.0,2.3,.444,.444,1.1,1.6,.710,1.2,1.7,2.9,0.6,0.3,0.1,1.0,1.6,3.2)
(1979,221,Alvin Scott,SF,23,PHO,81,,21.4,2.6,4.9,.535,,,,2.6,4.9,.535,.535,1.5,2.1,.714,1.3,3.2,4.4,1.6,1.0,0.8,1.2,1.7,6.7)
(1979,225,Purvis Short,PF,21,GSW,75,,22.7,4.9,10.3,.479,,,,4.9,10.3,.479,.479,0.8,1.1,.671,1.7,2.9,4.6,1.3,0.7,0.2,1.5,3.1,10.6)
(1979,229,Ralph Simpson,SG,29,TOT,69,,14.2,2.5,6.3,.402,,,,2.5,6.3,.402,.402,1.1,1.6,.685,0.5,0.9,1.4,1.8,0.5,0.1,1.4,0.8,6.1)
(1979,233,Phil Smith,SG,26,GSW,59,,38.8,8.3,16.6,.501,,,,8.3,16.6,.501,.501,3.3,4.3,.761,0.8,2.8,3.6,4.4,1.7,0.4,2.9,2.7,19.9)
(1979,237,Willie Smith,PG,25,POR,13,,10.1,1.8,3.4,.523,,,,1.8,3.4,.523,.523,0.9,1.3,.706,0.5,0.5,1.0,1.3,0.8,0.1,1.1,1.5,4.5)
(1979,Rk,Player,Pos,Age,Tm,G,GS,MP,FG,FGA,FG%,3P,3PA,3P%,2P,2PA,2P%,eFG%,FT,FTA,FT%,ORB,DRB,TRB,AST,STL,BLK,TOV,PF,PTS)
(1979,244,Ira Terrell,SF,24,TOT,49,,14.9,1.9,4.0,.470,,,,1.9,4.0,.470,.470,0.7,1.1,.660,0.9,2.1,3.0,0.8,0.4,0.6,1.1,2.0,4.5)
(1979,248,Rudy Tomjanovich,PF,30,HOU,74,,35.7,8.4,16.2,.517,,,,8.4,16.2,.517,.517,2.3,3.0,.760,2.3,5.4,7.7,1.9,0.6,0.2,1.9,2.5,19.0)
(1979,252,Wes Unseld*,C,32,WSB,77,,31.2,4.5,7.8,.577,,,,4.5,7.8,.577,.577,2.0,3.1,.643,3.6,7.2,10.8,4.1,0.9,0.5,2.0,2.6,10.9)
(1979,256,Foots Walker,PG,27,CLE,55,,31.9,3.8,8.1,.464,,,,3.8,8.1,.464,.464,2.5,3.2,.783,1.1,2.5,3.6,5.8,2.4,0.3,2.3,2.8,10.1)
(1979,260,Richard Washington,PF,23,KCK,18,,8.9,0.8,2.3,.341,,,,0.8,2.3,.341,.341,0.6,0.9,.625,0.6,2.1,2.7,0.4,0.4,0.2,0.8,1.7,2.1)
(1979,263,Nick Weatherspoon,SF,28,SDC,82,,32.2,5.8,12.2,.480,,,,5.8,12.2,.480,.480,2.1,2.9,.739,2.2,3.4,5.5,1.6,1.0,0.5,2.2,3.5,13.8)
(1979,267,Jo Jo White*,PG,32,TOT,76,,30.8,5.3,12.0,.444,,,,5.3,12.0,.444,.444,1.8,2.1,.880,0.6,2.1,2.6,4.6,1.1,0.1,2.8,2.3,12.5)
(1979,271,Jamaal Wilkes*,SF,25,LAL,82,,35.5,7.6,15.1,.504,,,,7.6,15.1,.504,.504,3.3,4.4,.751,2.0,5.4,7.4,2.8,1.6,0.3,2.7,3.4,18.6)
(1979,275,Nate Williams,SG,28,GSW,81,,16.0,3.5,7.0,.501,,,,3.5,7.0,.501,.501,1.3,1.4,.872,0.8,1.7,2.6,0.8,0.7,0.1,1.1,2.1,8.3)
(1979,279,Brian Winters,SG,26,MIL,79,,32.6,8.4,17.0,.493,,,,8.4,17.0,.493,.493,3.0,3.5,.856,0.6,1.6,2.2,4.8,1.1,0.5,3.3,3.1,19.8)
