(1979,2,Tom Abernethy,PF,24,GSW,70,,17.4,2.5,4.9,.515,,,,2.5,4.9,.515,.515,1.0,1.3,.745,1.1,2.0,3.1,1.1,0.6,0.2,0.5,1.9,6.0)
(1979,6,Tiny Archibald*,PG,30,BOS,69,,24.1,3.8,8.3,.452,,,,3.8,8.3,.452,.452,3.5,4.4,.788,0.4,1.1,1.5,4.7,0.8,0.1,2.9,1.9,11.0)
(1979,10,Greg Ballard,SF,24,WSB,82,,18.9,3.2,6.8,.465,,,,3.2,6.8,.465,.465,1.5,2.1,.692,1.7,3.7,5.5,1.4,0.7,0.4,1.2,2.0,7.8)
(1979,14,Rick Barry*,SF,34,HOU,80,,32.1,5.8,12.5,.461,,,,5.8,12.5,.461,.461,2.0,2.1,.947,0.5,3.0,3.5,6.3,1.2,0.5,2.5,2.4,13.5)
(1979,18,Kent Benson,C,24,MIL,82,,26.0,5.0,9.7,.518,,,,5.0,9.7,.518,.518,2.2,3.0,.735,2.3,4.8,7.1,2.5,1.1,1.0,1.9,3.4,12.3)
(1979,21,Bob Bigelow,SF,25,SDC,29,,14.2,1.2,3.1,.400,,,,1.2,3.1,.400,.400,0.4,0.7,.619,0.5,1.1,1.6,0.9,0.4,0.1,0.6,1.3,2.9)
(1979,25,Dennis Boyd,PG,24,DET,5,,8.0,0.6,2.4,.250,,,,0.6,2.4,.250,.250,0.0,0.0,,0.0,0.4,0.4,1.4,0.0,0.0,1.2,1.0,1.2)
(1979,29,Jim Brewer,PF,27,TOT,80,,20.1,1.8,4.0,.442,,,,1.8,4.0,.442,.442,0.3,0.8,.413,2.0,4.0,5.9,1.1,0.8,0.8,1.2,2.2,3.9)
(1979,33,Fred Brown,PG,30,SEA,77,,25.5,5.8,12.4,.469,,,,5.8,12.4,.469,.469,2.4,2.7,.888,0.5,1.7,2.2,3.4,1.5,0.3,2.1,1.8,14.0)
(1979,37,Greg Bunch,SF,22,NYK,12,,8.1,0.8,2.2,.346,,,,0.8,2.2,.346,.346,0.8,1.0,.833,0.8,0.7,1.4,0.3,0.3,0.3,0.4,0.8,2.3)
(1979,Rk,Player,Pos,Age,Tm,G,GS,MP,FG,FGA,FG%,3P,3PA,3P%,2P,2PA,2P%,eFG%,FT,FTA,FT%,ORB,DRB,TRB,AST,STL,BLK,TOV,PF,PTS)
(1979,44,M.L. Carr,SF,28,DET,80,,40.1,7.3,14.3,.514,,,,7.3,14.3,.514,.514,4.0,5.4,.743,2.7,4.6,7.4,3.3,2.5,0.6,3.2,3.5,18.7)
(1979,48,Maurice Cheeks,PG,22,PHI,82,,29.4,3.6,7.0,.510,,,,3.6,7.0,.510,.510,1.2,1.7,.721,0.8,2.3,3.1,5.3,2.1,0.1,2.4,2.4,8.4)
(1979,52,E.C. Coleman,PF,28,HOU,6,,6.5,0.8,1.2,.714,,,,0.8,1.2,.714,.714,0.2,0.2,1.000,0.2,1.0,1.2,0.2,0.3,0.0,0.0,1.8,1.8)
(1979,56,Dave Corzine,C,22,WSB,59,,9.0,1.1,2.0,.534,,,,1.1,2.0,.534,.534,0.8,1.1,.778,0.9,1.6,2.5,0.8,0.2,0.2,0.9,1.1,3.0)
(1979,60,Geoff Crompton,C,23,DEN,20,,4.4,0.5,1.3,.385,,,,0.5,1.3,.385,.385,0.3,0.6,.500,0.3,0.9,1.2,0.3,0.0,0.2,0.6,1.0,1.3)
(1979,63,Adrian Dantley*,SF,22,LAL,60,,29.6,6.2,12.2,.510,,,,6.2,12.2,.510,.510,4.9,5.7,.854,2.2,3.5,5.7,2.3,1.1,0.2,2.6,2.7,17.3)
(1979,67,Walter Davis,SF,24,PHO,79,,30.8,9.7,17.2,.561,,,,9.7,17.2,.561,.561,4.3,5.2,.831,1.4,3.3,4.7,4.3,1.9,0.3,3.7,3.2,23.6)
(1979,71,Leon Douglas,C,24,DET,78,,28.4,4.4,8.9,.490,,,,4.4,8.9,.490,.490,2.7,4.2,.634,3.2,5.3,8.5,0.9,0.5,0.7,2.4,4.1,11.4)
(1979,75,T.R. Dunn,SG,23,POR,80,,22.9,3.1,6.9,.448,,,,3.1,6.9,.448,.448,1.5,2.0,.772,1.8,2.5,4.3,1.3,1.1,0.3,1.2,2.1,7.7)
(1979,79,Len Elmore,C,26,IND,80,,15.8,1.7,4.3,.406,,,,1.7,4.3,.406,.406,0.7,1.0,.718,1.4,3.6,5.0,0.9,0.8,1.0,0.9,2.3,4.2)
(1979,82,Julius Erving*,SF,28,PHI,78,,35.9,9.2,18.7,.491,,,,9.2,18.7,.491,.491,4.8,6.4,.745,2.5,4.7,7.2,4.6,1.7,1.3,4.0,2.7,23.1)
(1979,86,Bayard Forrest,C,24,PHO,75,,16.6,1.6,3.6,.434,,,,1.6,3.6,.434,.434,0.8,1.5,.539,1.5,2.7,4.2,2.2,0.4,0.5,1.4,2.0,4.0)
(1979,90,Mike Gale,SG,28,SAS,82,,25.9,3.5,7.5,.464,,,,3.5,7.5,.464,.464,1.1,1.3,.843,0.5,1.8,2.3,4.6,1.9,0.5,1.9,2.3,8.0)
(1979,94,Artis Gilmore*,C,29,CHI,82,,39.8,9.2,16.0,.575,,,,9.2,16.0,.575,.575,5.3,7.2,.739,3.6,9.1,12.7,3.3,0.6,1.9,3.8,3.4,23.7)
(1979,98,Gail Goodrich*,SG,35,NOJ,74,,28.8,5.2,11.5,.449,,,,5.2,11.5,.449,.449,2.4,2.8,.853,0.9,1.6,2.5,4.8,1.2,0.2,2.5,2.4,12.7)
(1979,101,Steve Green,SF,25,IND,39,,6.8,1.1,2.3,.472,,,,1.1,2.3,.472,.472,0.5,0.9,.588,0.6,0.8,1.3,0.5,0.3,0.1,0.4,1.0,2.7)
(1979,105,Bob Gross,SF,25,POR,53,,27.2,3.9,8.4,.472,,,,3.9,8.4,.472,.472,1.8,2.2,.807,2.0,2.7,4.7,3.5,1.3,0.9,2.3,3.0,9.7)
(1979,109,Joe Hassett,SG,23,SEA,55,,8.4,1.8,3.8,.474,,,,1.8,3.8,.474,.474,0.4,0.4,1.000,0.2,0.6,0.8,0.8,0.3,0.1,0.6,1.1,4.1)
(1979,113,Spencer Haywood*,PF,29,TOT,68,,34.7,8.8,17.7,.494,,,,8.8,17.7,.494,.494,3.4,4.3,.791,2.5,5.3,7.8,1.9,0.6,1.2,2.9,3.5,20.9)
(1979,117,Phil Hicks,SF,26,DEN,20,,6.4,0.9,2.2,.419,,,,0.9,2.2,.419,.419,0.2,0.3,.600,0.7,0.8,1.4,0.4,0.3,0.0,0.7,1.0,2.0)
(1979,Rk,Player,Pos,Age,Tm,G,GS,MP,FG,FGA,FG%,3P,3PA,3P%,2P,2PA,2P%,eFG%,FT,FTA,FT%,ORB,DRB,TRB,AST,STL,BLK,TOV,PF,PTS)
(1979,124,Otis Howard,PF,22,TOT,14,,8.1,1.7,4.0,.429,,,,1.7,4.0,.429,.429,0.8,1.6,.478,1.3,1.6,2.9,0.4,0.1,0.1,0.5,1.7,4.2)
(1979,128,Phil Jackson*,PF,33,NJN,59,,18.1,2.4,5.1,.475,,,,2.4,5.1,.475,.475,1.5,1.8,.819,1.0,2.0,3.0,1.4,0.8,0.4,1.3,2.8,6.3)
(1979,132,Dennis Johnson*,SG,24,SEA,80,,34.0,6.0,13.9,.434,,,,6.0,13.9,.434,.434,3.8,4.9,.781,1.8,2.9,4.7,3.5,1.3,1.2,2.4,2.6,15.9)
(1979,136,John Johnson,SF,31,SEA,82,,29.1,4.3,10.0,.434,,,,4.3,10.0,.434,.434,2.3,3.0,.760,1.5,3.5,5.0,4.4,0.7,0.3,3.1,3.0,11.0)
(1979,140,Bobby Jones,PF,27,PHI,80,,28.8,4.7,8.8,.537,,,,4.7,8.8,.537,.537,2.6,3.5,.755,2.5,4.2,6.6,2.5,1.3,1.2,2.1,3.1,12.1)
(1979,143,Eddie Jordan,PG,24,NJN,82,,27.6,4.9,11.7,.418,,,,4.9,11.7,.418,.418,2.6,3.3,.777,0.9,1.7,2.6,4.5,2.5,0.5,3.0,2.5,12.4)
(1979,147,Bernard King*,SF,22,NJN,82,,34.9,8.7,16.6,.522,,,,8.7,16.6,.522,.522,4.3,7.5,.564,3.1,5.1,8.2,3.6,1.4,0.5,3.9,4.0,21.6)
(1979,151,John Kuester,PG,23,DEN,33,,6.4,0.5,1.6,.308,,,,0.5,1.6,.308,.308,0.4,0.4,.929,0.2,0.2,0.4,1.1,0.5,0.0,0.6,0.9,1.4)
(1979,155,Tom LaGarde,C,23,SEA,23,,25.0,4.3,7.9,.541,,,,4.3,7.9,.541,.541,2.5,4.1,.600,2.7,5.6,8.3,1.4,0.3,0.8,2.0,3.3,11.0)
(1979,159,Butch Lee,PG,22,TOT,82,,21.7,3.5,7.7,.457,,,,3.5,7.7,.457,.457,2.1,2.8,.761,0.4,1.1,1.5,3.6,1.0,0.0,1.9,1.8,9.2)
(1979,162,John Long,SG,22,DET,82,,30.5,7.1,15.1,.469,,,,7.1,15.1,.469,.469,1.9,2.3,.826,1.5,1.7,3.2,1.5,1.2,0.2,1.7,2.7,16.1)
(1979,166,Pete Maravich*,SG,31,NOJ,49,,37.2,8.9,21.1,.421,,,,8.9,21.1,.421,.421,4.8,5.7,.841,0.7,1.8,2.5,5.0,1.2,0.4,4.1,2.1,22.6)
(1979,170,Ted McClain,SG,32,PHO,36,,12.9,1.7,3.7,.470,,,,1.7,3.7,.470,.470,1.2,1.3,.913,0.7,1.2,1.9,1.7,0.5,0.0,1.5,1.4,4.6)
(1979,174,Tom McMillen,C,26,ATL,82,,17.0,2.8,6.1,.466,,,,2.8,6.1,.466,.466,1.3,1.5,.891,1.6,2.5,4.0,0.8,0.2,0.4,1.1,2.6,7.0)
(1979,178,Joe Meriweather,C,25,TOT,77,,22.0,3.1,6.5,.484,,,,3.1,6.5,.484,.484,1.6,2.4,.674,1.9,3.5,5.3,1.0,0.5,1.2,1.7,3.7,7.9)
(1979,181,Eric Money,PG,23,TOT,70,,28.3,6.3,12.8,.497,,,,6.3,12.8,.497,.497,2.4,3.4,.717,1.0,1.3,2.3,4.7,1.2,0.2,3.4,2.9,15.1)
(1979,185,Bob Nash,SF,28,KCK,82,,15.9,2.8,6.4,.435,,,,2.8,6.4,.435,.435,0.8,1.0,.802,0.9,1.6,2.5,0.9,0.4,0.2,1.0,1.6,6.4)
(1979,189,Norm Nixon,PG,23,LAL,82,,38.4,7.6,14.0,.542,,,,7.6,14.0,.542,.542,1.9,2.5,.775,0.6,2.2,2.8,9.0,2.5,0.2,2.8,3.0,17.1)
(1979,193,Tom Owens,C,29,POR,82,,34.0,7.3,13.4,.548,,,,7.3,13.4,.548,.548,3.9,4.9,.794,3.2,5.8,9.0,3.7,0.7,0.7,3.0,4.0,18.5)
(1979,197,Roger Phegley,SG,22,WSB,29,,5.3,1.0,2.7,.359,,,,1.0,2.7,.359,.359,0.8,1.0,.828,0.2,0.6,0.8,0.5,0.2,0.1,0.6,0.7,2.8)
(1979,Rk,Player,Pos,Age,Tm,G,GS,MP,FG,FGA,FG%,3P,3PA,3P%,2P,2PA,2P%,eFG%,FT,FTA,FT%,ORB,DRB,TRB,AST,STL,BLK,TOV,PF,PTS)
(1979,204,Marlon Redmond,SG,23,TOT,53,,14.3,3.1,7.3,.421,,,,3.1,7.3,.421,.421,0.6,0.9,.620,1.1,1.0,2.1,1.1,0.5,0.3,1.1,1.8,6.7)
(1979,208,Anthony Roberts,SF,23,DEN,63,,19.6,3.3,7.9,.424,,,,3.3,7.9,.424,.424,1.2,1.7,.691,1.7,2.4,4.1,1.7,0.3,0.0,1.0,2.3,7.9)
(1979,212,Truck Robinson,PF,27,TOT,69,,36.8,8.2,16.7,.491,,,,8.2,16.7,.491,.491,4.7,6.7,.701,2.8,8.8,11.6,1.6,0.7,1.1,3.4,3.0,21.1)
(1979,216,Dan Roundfield,PF,25,ATL,80,,31.7,5.8,11.5,.504,,,,5.8,11.5,.504,.504,3.8,5.3,.714,4.1,6.7,10.8,1.6,1.1,2.2,2.6,4.5,15.3)
(1979,220,Frankie Sanders,SF,22,TOT,46,,10.4,2.3,5.3,.427,,,,2.3,5.3,.427,.427,1.2,1.5,.794,0.8,1.6,2.4,1.1,0.5,0.1,1.2,1.5,5.7)
(1979,223,Lonnie Shelton,PF,23,SEA,76,,28.4,5.9,11.3,.519,,,,5.9,11.3,.519,.519,1.7,2.5,.693,2.4,3.8,6.2,1.4,1.0,1.0,2.5,3.5,13.5)
(1979,227,James Silas,PG,29,SAS,79,,27.5,5.9,11.7,.505,,,,5.9,11.7,.505,.505,4.2,5.1,.831,0.4,1.9,2.3,3.5,1.0,0.3,2.5,2.7,16.0)
(1979,231,Bingo Smith,SG,32,CLE,72,,22.9,5.0,10.9,.460,,,,5.0,10.9,.460,.460,1.2,1.5,.783,1.1,1.8,2.9,1.7,0.6,0.1,1.0,2.6,11.2)
(1979,235,Robert Smith,PG,23,DEN,82,,18.0,2.2,5.3,.422,,,,2.2,5.3,.422,.422,1.9,2.2,.883,0.5,1.3,1.8,2.5,0.7,0.2,1.2,2.0,6.4)
(1979,239,Ricky Sobers,SG,26,IND,81,,34.9,6.8,14.7,.463,,,,6.8,14.7,.463,.463,3.7,4.2,.882,1.5,2.3,3.7,5.6,1.7,0.3,3.8,3.9,17.3)
(1979,242,Earl Tatum,SG,25,TOT,79,,15.6,3.5,7.9,.447,,,,3.5,7.9,.447,.447,0.7,0.9,.732,0.5,1.1,1.6,0.9,1.0,0.4,1.1,2.1,7.7)
(1979,246,David Thompson*,SG,24,DEN,76,,35.1,9.1,17.8,.512,,,,9.1,17.8,.512,.512,5.8,7.7,.753,1.4,2.2,3.6,3.0,0.9,1.1,2.4,2.4,24.0)
(1979,250,Dave Twardzik,PG,28,POR,64,,24.5,3.2,6.0,.533,,,,3.2,6.0,.533,.533,4.1,4.7,.873,0.6,1.3,1.9,2.8,1.3,0.1,2.0,2.9,10.4)
(1979,254,Norm Van Lier,PG,31,MIL,38,,14.6,0.8,2.0,.390,,,,0.8,2.0,.390,.390,1.2,1.4,.904,0.2,0.8,1.1,4.2,1.1,0.1,1.3,2.8,2.8)
(1979,258,Lloyd Walton,PG,25,MIL,75,,18.4,2.1,4.4,.480,,,,2.1,4.4,.480,.480,0.8,1.2,.678,0.5,0.9,1.4,4.7,1.0,0.1,1.6,1.4,5.0)
(1979,261,Wilson Washington,PF,23,NJN,62,,18.4,3.5,7.0,.502,,,,3.5,7.0,.502,.502,1.1,1.7,.635,1.4,3.3,4.7,0.8,0.5,1.1,1.6,3.0,8.1)
(1979,265,Scott Wedman,SF,26,KCK,73,,34.2,7.7,14.4,.534,,,,7.7,14.4,.534,.534,3.0,3.7,.797,1.8,3.4,5.3,2.0,1.0,0.4,1.5,3.3,18.3)
(1979,269,Sidney Wicks,PF,29,SDC,79,,25.6,3.9,8.6,.462,,,,3.9,8.6,.462,.462,1.9,2.9,.650,2.0,3.1,5.1,1.6,0.9,0.5,2.3,3.5,9.8)
(1979,273,Freeman Williams,SG,22,SDC,72,,16.6,4.7,9.5,.490,,,,4.7,9.5,.490,.490,1.1,1.4,.776,0.7,0.7,1.4,1.2,0.6,0.0,1.4,1.2,10.4)
(1979,277,John Williamson,SG,27,NJN,74,,33.1,8.6,18.5,.465,,,,8.6,18.5,.465,.465,5.0,5.9,.854,0.7,1.9,2.6,3.4,1.2,0.2,3.1,2.9,22.2)
