(1982,3,Mark Aguirre,SF,22,DAL,51,20,28.8,7.5,16.1,.465,0.5,1.4,.352,7.0,14.7,.475,.480,3.3,4.8,.680,1.7,3.1,4.9,3.2,0.7,0.4,2.6,3.0,18.7)
(1982,7,Carl Bailey,C,23,POR,1,0,7.0,1.0,1.0,1.000,0.0,0.0,,1.0,1.0,1.000,1.000,0.0,0.0,,0.0,0.0,0.0,0.0,0.0,0.0,2.0,2.0,2.0)
(1982,11,Mike Bantom,SF,30,TOT,82,38,24.6,4.1,8.7,.469,0.0,0.1,.333,4.0,8.6,.470,.471,2.0,3.3,.629,2.1,3.2,5.4,1.4,0.8,0.7,1.8,3.3,10.2)
(1982,15,Larry Bird*,PF,25,BOS,77,58,38.0,9.2,18.4,.503,0.1,0.7,.212,9.1,17.7,.514,.507,4.3,4.9,.863,2.6,8.3,10.9,5.8,1.9,0.9,3.3,3.2,22.9)
(1982,19,Alex Bradley,SF,22,NYK,39,0,8.5,1.4,2.6,.524,0.0,0.0,.000,1.4,2.6,.529,.524,0.7,1.2,.604,0.8,0.9,1.7,0.3,0.3,0.1,0.7,0.9,3.5)
(1982,22,Brad Branson,PF,23,CLE,10,3,17.6,2.1,5.2,.404,0.0,0.0,,2.1,5.2,.404,.404,1.1,1.2,.917,1.4,1.9,3.3,0.6,0.5,0.4,1.3,1.7,5.3)
(1982,26,Junior Bridgeman,SF,28,MIL,41,4,22.5,5.1,10.6,.483,0.1,0.2,.444,5.0,10.3,.483,.487,2.2,2.5,.864,0.9,2.1,3.0,2.7,0.7,0.1,1.6,2.2,12.5)
(1982,30,Fred Brown,SG,33,SEA,82,2,21.8,4.8,10.5,.455,0.3,0.9,.325,4.5,9.6,.468,.470,1.4,1.6,.860,0.5,1.2,1.7,2.9,0.8,0.0,1.2,1.4,11.2)
(1982,34,Roger Burkman,SG,23,CHI,6,0,5.0,0.0,0.7,.000,0.0,0.2,.000,0.0,0.5,.000,.000,0.8,1.0,.833,0.3,0.7,1.0,0.8,1.0,0.3,0.5,1.0,0.8)
(1982,38,M.L. Carr,SF,31,BOS,56,27,23.1,3.3,7.3,.450,0.1,0.3,.294,3.2,7.0,.457,.456,1.5,2.1,.707,1.0,1.7,2.7,2.3,1.2,0.4,1.1,2.4,8.1)
(1982,41,Reggie Carter,SG,24,NYK,75,1,12.3,1.6,3.7,.425,0.0,0.0,,1.6,3.7,.425,.425,0.9,1.1,.800,0.5,0.8,1.3,1.7,0.5,0.1,1.0,1.7,4.0)
(1982,45,Tom Chambers,PF,22,SDC,81,58,33.1,6.8,13.0,.525,0.0,0.0,.000,6.8,13.0,.526,.525,3.5,5.7,.620,2.6,4.3,6.9,1.8,0.7,0.6,2.7,4.2,17.2)
(1982,49,Darwin Cook,PG,23,NJN,82,17,25.5,4.7,9.8,.482,0.1,0.4,.226,4.6,9.4,.492,.486,1.4,2.0,.728,0.6,1.3,1.9,3.9,1.8,0.3,2.1,2.4,11.0)
(1982,53,Wayne Cooper,C,25,DAL,76,38,23.9,3.7,8.8,.420,0.0,0.1,.125,3.7,8.7,.424,.421,1.6,2.1,.744,2.6,4.6,7.2,1.5,0.5,1.4,1.2,3.8,9.0)
(1982,57,Geoff Crompton,C,26,MIL,35,1,5.8,0.3,0.9,.344,0.0,0.0,,0.3,0.9,.344,.344,0.2,0.4,.400,0.3,0.9,1.2,0.4,0.2,0.3,0.5,1.1,0.8)
(1982,Rk,Player,Pos,Age,Tm,G,GS,MP,FG,FGA,FG%,3P,3PA,3P%,2P,2PA,2P%,eFG%,FT,FTA,FT%,ORB,DRB,TRB,AST,STL,BLK,TOV,PF,PTS)
(1982,64,Johnny Davis,SG,26,IND,82,70,32.5,6.6,14.1,.467,0.1,0.3,.185,6.5,13.7,.473,.469,3.8,4.8,.799,0.9,1.3,2.2,4.2,0.9,0.1,2.3,2.1,17.0)
(1982,68,Larry Demic,PF,24,NYK,48,0,7.4,0.8,1.7,.470,0.0,0.0,.000,0.8,1.7,.476,.470,0.3,0.8,.359,0.6,1.0,1.6,0.3,0.1,0.1,0.5,1.4,1.9)
(1982,72,James Donaldson,C,24,SEA,82,1,20.9,3.1,5.1,.609,0.0,0.0,,3.1,5.1,.609,.609,1.8,2.9,.629,1.7,4.3,6.0,0.6,0.3,1.7,1.4,2.3,8.1)
(1982,76,Larry Drew,PG,23,KCK,81,19,24.4,4.4,9.3,.473,0.1,0.3,.296,4.3,9.0,.479,.478,1.9,2.3,.794,0.4,1.5,1.8,5.2,1.4,0.0,2.1,1.9,10.8)
(1982,80,John Duren,PG,23,UTA,79,9,13.4,1.5,3.4,.451,0.0,0.1,.273,1.5,3.3,.459,.457,0.3,0.5,.730,0.2,0.9,1.1,2.0,0.3,0.1,0.9,1.8,3.4)
(1982,83,James Edwards,C,26,CLE,77,75,33.0,6.9,13.4,.511,0.0,0.1,.000,6.9,13.4,.513,.511,3.0,4.4,.684,2.5,5.1,7.5,1.6,0.3,1.5,2.1,4.5,16.7)
(1982,87,Mike Evans,PG,26,TOT,22,0,12.3,1.6,3.9,.407,0.0,0.3,.000,1.6,3.6,.438,.407,0.6,0.9,.650,0.2,0.8,1.0,1.9,0.6,0.0,1.2,1.6,3.8)
(1982,91,Phil Ford,PG,25,KCK,72,65,27.1,4.0,9.0,.439,0.1,0.4,.219,3.9,8.6,.451,.445,1.9,2.3,.819,0.3,1.1,1.5,6.3,0.9,0.0,2.7,2.2,9.9)
(1982,95,George Gervin*,SG,29,SAS,79,79,35.7,12.6,25.2,.500,0.1,0.5,.278,12.4,24.7,.504,.502,7.0,8.1,.864,1.7,3.2,5.0,2.4,1.0,0.6,2.7,2.7,32.3)
(1982,99,Glen Gondrezick,SF,26,DEN,80,0,21.2,3.1,6.2,.505,0.0,0.0,.000,3.1,6.2,.508,.505,2.0,2.7,.737,1.8,3.5,5.3,1.9,1.2,0.5,1.3,2.9,8.3)
(1982,102,Kevin Grevey,SG,28,WSB,71,62,30.5,5.3,12.1,.439,0.4,1.2,.341,4.9,10.9,.449,.455,2.3,2.7,.855,0.8,1.9,2.7,2.1,0.6,0.3,1.4,2.1,13.3)
(1982,106,Ernie Grunfeld,SG,26,KCK,81,11,23.4,5.2,10.1,.511,0.0,0.2,.143,5.2,10.0,.517,.512,2.3,2.8,.821,0.7,1.6,2.2,3.4,0.9,0.5,1.8,2.4,12.7)
(1982,110,Alan Hardy,SG,24,DET,38,0,8.2,1.6,3.6,.456,0.0,0.1,.000,1.6,3.4,.473,.456,0.5,0.8,.621,0.4,0.5,0.9,0.5,0.2,0.1,0.5,0.8,3.7)
(1982,114,Steve Hawes,PF,31,ATL,49,42,26.9,3.6,7.6,.481,0.1,0.2,.400,3.6,7.3,.483,.486,2.0,2.6,.762,1.8,4.7,6.5,2.9,0.7,0.7,1.8,3.2,9.3)
(1982,118,Gerald Henderson,PG,26,BOS,82,31,22.5,4.3,8.6,.501,0.0,0.1,.167,4.3,8.5,.506,.502,1.5,2.1,.727,0.6,1.3,1.9,3.1,1.0,0.1,1.8,2.4,10.2)
(1982,121,Kenny Higgs,PG,27,DEN,76,49,22.3,2.7,6.2,.432,0.1,0.3,.190,2.6,5.9,.443,.436,2.1,2.6,.817,0.3,1.6,1.9,5.2,0.9,0.1,2.1,3.5,7.5)
(1982,125,Cedrick Hordges,PF,25,DEN,77,1,17.8,2.6,5.4,.493,0.0,0.2,.231,2.6,5.2,.501,.496,1.5,2.6,.583,1.5,3.6,5.1,0.8,0.3,0.2,1.4,3.0,6.8)
(1982,129,Tracy Jackson,SG,22,TOT,49,0,9.8,1.6,3.5,.459,0.0,0.0,,1.6,3.5,.459,.459,0.8,1.0,.776,0.7,0.6,1.3,0.6,0.3,0.1,0.5,1.0,4.0)
(1982,133,Eddie Johnson,SG,26,ATL,68,57,34.0,6.7,14.9,.450,0.1,0.4,.233,6.6,14.4,.457,.454,4.3,5.7,.764,0.9,1.9,2.8,5.3,1.5,0.2,2.7,2.8,17.8)
(1982,137,George Johnson,PF,25,IND,59,4,12.2,2.0,4.9,.412,0.0,0.0,.000,2.0,4.9,.415,.412,1.0,1.4,.750,1.2,2.5,3.7,0.7,0.6,0.4,1.2,2.5,5.1)
(1982,Rk,Player,Pos,Age,Tm,G,GS,MP,FG,FGA,FG%,3P,3PA,3P%,2P,2PA,2P%,eFG%,FT,FTA,FT%,ORB,DRB,TRB,AST,STL,BLK,TOV,PF,PTS)
(1982,144,Steve Johnson,C,24,KCK,78,50,22.3,5.1,8.3,.613,0.0,0.0,,5.1,8.3,.613,.613,2.7,4.2,.642,1.9,3.9,5.9,1.2,0.5,1.1,2.5,4.8,12.8)
(1982,148,Dwight Jones,PF,29,CHI,78,18,26.2,3.9,7.3,.530,0.0,0.0,1.000,3.9,7.3,.529,.531,2.2,3.1,.723,2.0,4.5,6.5,1.5,0.6,0.5,2.0,2.8,10.0)
(1982,152,Jeff Judkins,SF,25,DET,30,0,8.4,1.0,2.7,.383,0.0,0.3,.100,1.0,2.4,.423,.389,0.5,0.9,.615,0.5,0.7,1.1,0.5,0.2,0.2,0.3,1.1,2.6)
(1982,156,Larry Kenon,PF,29,CHI,60,30,17.3,3.2,6.9,.466,0.0,0.0,,3.2,6.9,.466,.466,0.8,1.5,.568,1.2,1.8,3.0,1.1,0.5,0.1,1.4,1.2,7.2)
(1982,161,Toby Knight,SF,26,NYK,40,0,13.8,2.6,4.6,.557,0.0,0.0,,2.6,4.6,.557,.557,0.4,0.6,.680,0.8,1.2,2.1,0.6,0.4,0.3,0.5,1.9,5.5)
(1982,165,Sam Lacey,C,33,TOT,56,7,12.0,1.2,2.8,.435,0.0,0.0,.000,1.2,2.7,.438,.435,0.5,0.7,.730,0.4,1.6,1.9,1.4,0.4,0.7,1.0,2.5,2.9)
(1982,169,Jeff Lamp,SF,22,POR,54,0,11.4,1.9,3.6,.510,0.0,0.0,.000,1.9,3.6,.513,.510,0.9,1.1,.820,0.4,0.7,1.2,0.5,0.3,0.0,0.8,1.5,4.6)
(1982,173,Rock Lee,C,26,SDC,2,0,5.0,0.5,1.0,.500,0.0,0.0,,0.5,1.0,.500,.500,0.0,2.0,.000,0.0,0.5,0.5,1.0,0.0,0.0,0.0,1.5,1.0)
(1982,177,Lewis Lloyd,SG,22,GSW,16,0,5.9,1.6,2.8,.556,0.0,0.0,,1.6,2.8,.556,.556,0.4,0.7,.636,0.6,0.4,1.0,0.4,0.3,0.1,0.9,1.3,3.6)
(1982,Rk,Player,Pos,Age,Tm,G,GS,MP,FG,FGA,FG%,3P,3PA,3P%,2P,2PA,2P%,eFG%,FT,FTA,FT%,ORB,DRB,TRB,AST,STL,BLK,TOV,PF,PTS)
(1982,184,Rudy Macklin,SF,23,ATL,79,32,19.2,2.7,6.1,.434,0.0,0.0,.000,2.7,6.1,.437,.434,1.7,2.2,.775,1.4,1.9,3.3,0.6,0.5,0.3,1.4,2.8,7.0)
(1982,188,Wes Matthews,PG,22,ATL,47,5,17.8,2.8,6.3,.440,0.0,0.2,.250,2.7,6.2,.445,.443,1.3,1.7,.759,0.4,0.8,1.2,3.0,1.1,0.0,1.3,2.7,6.9)
(1982,192,John McCullough,SG,25,PHO,8,0,2.9,1.1,1.6,.692,0.0,0.0,,1.1,1.6,.692,.692,0.4,0.6,.600,0.1,0.4,0.5,0.4,0.3,0.0,0.4,0.4,2.6)
(1982,196,George McGinnis,PF,31,IND,76,4,17.6,1.9,5.0,.373,0.0,0.0,.000,1.9,4.9,.376,.373,0.9,2.1,.453,1.2,4.0,5.2,2.7,1.3,0.4,1.7,2.6,4.7)
(1982,200,Tom McMillen,C,29,ATL,73,23,24.5,4.0,7.8,.509,0.0,0.0,.333,4.0,7.8,.510,.510,1.9,2.3,.824,1.4,3.2,4.6,1.8,0.3,0.3,1.7,2.8,9.9)
(1982,203,Steve Mix,SF,34,PHI,75,0,16.5,2.7,5.3,.506,0.0,0.1,.250,2.7,5.3,.509,.508,1.8,2.3,.791,1.2,1.8,3.0,1.2,0.6,0.2,0.9,1.1,7.2)
(1982,207,Lowes Moore,PG,24,CLE,4,0,17.5,4.8,9.5,.500,0.3,1.3,.200,4.5,8.3,.545,.513,1.5,2.0,.750,0.3,0.8,1.0,3.8,1.5,0.3,1.3,3.8,11.3)
(1982,211,Calvin Natt,SF,25,POR,75,71,34.7,6.9,11.9,.576,0.0,0.1,.250,6.8,11.8,.579,.577,3.9,5.2,.750,2.6,5.6,8.2,2.0,0.8,0.5,1.9,2.3,17.7)
(1982,215,Norm Nixon,PG,26,LAL,82,82,36.9,7.7,15.5,.493,0.0,0.1,.250,7.6,15.4,.495,.494,2.2,2.7,.808,0.5,1.7,2.1,8.0,1.6,0.1,2.9,3.2,17.6)
(1982,219,Louis Orr,SF,23,IND,80,41,24.4,4.5,9.0,.497,0.0,0.1,.125,4.5,8.9,.501,.497,2.5,3.2,.799,1.6,2.6,4.1,1.7,0.7,0.3,1.7,2.3,11.5)
(1982,222,Sonny Parker,SF,26,GSW,71,0,12.7,1.6,3.5,.473,0.0,0.0,,1.6,3.5,.473,.473,0.7,1.0,.667,1.0,1.5,2.5,1.3,0.5,0.2,0.7,1.4,3.9)
(1982,226,Roger Phegley,SG,25,TOT,81,9,14.6,2.9,6.3,.460,0.1,0.4,.161,2.8,5.9,.479,.464,1.0,1.3,.780,0.8,1.1,1.9,1.4,0.4,0.1,0.8,1.9,6.9)
(1982,230,Kurt Rambis,PF,23,LAL,64,43,17.7,1.8,3.6,.518,0.0,0.0,.000,1.8,3.5,.520,.518,0.9,1.8,.504,1.8,3.6,5.4,0.9,0.9,1.2,1.2,2.6,4.6)
(1982,234,Kevin Restani,PF,30,TOT,47,0,10.3,0.7,1.9,.364,0.0,0.0,.000,0.7,1.8,.372,.364,0.2,0.3,.625,0.8,1.6,2.4,0.5,0.2,0.2,0.4,1.2,1.6)
(1982,238,Cliff Robinson,PF,21,TOT,68,59,32.0,7.6,16.8,.453,0.0,0.1,.000,7.6,16.8,.455,.453,3.3,4.6,.709,2.6,6.4,9.0,1.8,1.3,1.5,2.2,3.3,18.5)
(1982,241,Bill Robinzine,PF,29,UTA,56,9,11.6,2.3,5.3,.446,0.0,0.0,,2.3,5.3,.446,.446,1.1,1.3,.813,1.0,1.6,2.6,0.9,0.7,0.1,1.5,2.8,5.8)
(1982,245,Lorenzo Romar,PG,23,GSW,79,11,15.9,2.6,5.1,.504,0.0,0.2,.200,2.5,4.9,.515,.507,1.0,1.2,.823,0.2,1.1,1.2,2.9,0.8,0.2,1.1,1.3,6.2)
(1982,249,DeWayne Scales,PF,23,NYK,3,0,8.0,0.3,1.7,.200,0.0,0.0,,0.3,1.7,.200,.200,0.3,0.7,.500,0.7,1.0,1.7,0.0,0.3,0.3,0.7,1.0,1.0)
(1982,253,Lonnie Shelton,PF,26,SEA,81,81,32.9,6.3,12.9,.486,0.0,0.1,.000,6.3,12.8,.489,.486,2.3,3.0,.783,2.0,4.3,6.3,3.1,1.2,0.5,2.5,3.9,14.9)
(1982,257,James Silas,SG,32,CLE,67,34,21.6,3.7,8.6,.438,0.0,0.1,.000,3.7,8.5,.442,.438,3.7,4.3,.860,0.4,1.2,1.6,3.3,0.6,0.1,1.6,1.6,11.2)
(1982,Rk,Player,Pos,Age,Tm,G,GS,MP,FG,FGA,FG%,3P,3PA,3P%,2P,2PA,2P%,eFG%,FT,FTA,FT%,ORB,DRB,TRB,AST,STL,BLK,TOV,PF,PTS)
(1982,264,Jim Spanarkel,SG,24,DAL,82,1,21.4,3.3,6.9,.479,0.1,0.3,.333,3.2,6.6,.485,.486,3.4,4.0,.853,1.2,1.4,2.6,2.5,1.0,0.1,1.4,1.7,10.1)
(1982,268,Brian Taylor,PG,30,SDC,41,40,31.1,4.0,8.0,.503,0.6,1.5,.365,3.5,6.5,.536,.538,2.2,2.7,.818,0.6,1.7,2.3,5.6,1.1,0.2,2.0,2.8,10.8)
(1982,272,David Thompson*,SG,27,DEN,61,5,20.4,5.1,10.6,.486,0.1,0.2,.286,5.1,10.3,.490,.489,4.5,5.6,.814,0.9,1.5,2.4,1.9,0.6,0.5,2.3,2.4,14.9)
(1982,276,Raymond Townsend,SG,26,IND,14,0,6.8,0.8,2.9,.268,0.1,0.6,.222,0.6,2.3,.281,.293,0.8,1.4,.550,0.1,0.8,0.9,0.7,0.2,0.0,0.4,1.3,2.5)
(1982,280,Darnell Valentine,PG,22,POR,82,14,16.9,2.3,5.5,.413,0.0,0.1,.000,2.3,5.4,.421,.413,1.9,2.4,.760,0.6,1.2,1.8,3.3,1.1,0.0,1.5,2.3,6.4)
(1982,283,Pete Verhoeven,PF,22,POR,71,22,17.0,2.1,4.2,.503,0.0,0.0,,2.1,4.2,.503,.503,0.7,1.0,.708,1.5,2.1,3.6,0.7,0.6,0.3,0.8,3.0,4.9)
(1982,287,Wally Walker,SF,27,SEA,70,70,28.1,4.3,9.0,.480,0.0,0.0,.000,4.3,9.0,.482,.480,1.3,1.9,.672,1.5,2.8,4.4,3.1,0.5,0.4,1.6,3.1,9.9)
(1982,291,Scott Wedman,SF,29,CLE,54,39,30.3,4.8,10.9,.441,0.1,0.4,.217,4.7,10.5,.451,.446,1.2,1.7,.733,2.4,3.3,5.6,2.5,1.4,0.3,1.4,3.5,10.9)
(1982,295,Michael Wiley,PF,24,SDC,61,1,16.6,3.3,5.9,.565,0.0,0.1,.000,3.3,5.8,.573,.565,1.6,2.3,.695,1.1,1.9,3.0,0.9,0.7,0.3,1.2,2.1,8.3)
(1982,299,Jeff Wilkins,C,26,UTA,82,62,27.7,3.8,8.8,.437,0.0,0.0,.000,3.8,8.7,.439,.437,1.7,2.1,.778,1.5,6.0,7.5,1.1,0.4,0.9,1.6,3.0,9.3)
(1982,302,Gus Williams,PG,28,SEA,80,80,36.0,9.7,19.9,.486,0.1,0.5,.225,9.6,19.4,.492,.488,4.0,5.5,.734,1.2,1.9,3.1,6.9,2.2,0.5,2.5,2.0,23.4)
(1982,306,Sly Williams,SF,24,NYK,60,27,25.4,5.8,10.5,.556,0.0,0.2,.222,5.8,10.3,.561,.557,2.2,2.9,.757,1.7,2.1,3.8,2.4,1.3,0.3,1.9,2.6,13.9)
(1982,310,Al Wood,SG,23,TOT,48,5,19.4,3.7,7.9,.470,0.1,0.5,.125,3.7,7.4,.493,.474,1.9,2.5,.782,1.1,1.7,2.8,1.2,0.6,0.2,1.5,2.3,9.5)
(1982,314,Sam Worthen,PG,24,UTA,5,0,4.4,0.4,1.0,.400,0.0,0.0,,0.4,1.0,.400,.400,0.0,0.0,,0.2,0.0,0.2,0.6,0.0,0.0,0.4,0.6,0.8)
