(1982,Rk,Player,Pos,Age,Tm,G,GS,MP,FG,FGA,FG%,3P,3PA,3P%,2P,2PA,2P%,eFG%,FT,FTA,FT%,ORB,DRB,TRB,AST,STL,BLK,TOV,PF,PTS)
(1982,4,Danny Ainge,SG,22,BOS,53,1,10.6,1.5,4.2,.357,0.1,0.3,.294,1.4,3.8,.363,.369,1.1,1.2,.862,0.5,0.6,1.1,1.6,0.7,0.1,1.0,1.6,4.1)
(1982,8,James Bailey,PF,24,TOT,77,0,19.1,3.4,6.6,.517,0.0,0.0,,3.4,6.6,.517,.517,1.8,2.9,.612,1.6,3.4,5.1,0.8,0.5,1.1,1.8,3.5,8.6)
(1982,12,Billy Ray Bates,SG,25,POR,75,0,16.4,4.4,9.2,.473,0.2,0.5,.293,4.2,8.7,.484,.481,2.2,2.8,.787,0.7,0.7,1.4,1.5,0.5,0.1,1.2,1.3,11.1)
(1982,16,Otis Birdsong,SG,26,NJN,37,22,27.7,6.1,13.0,.469,0.0,0.3,.000,6.1,12.7,.479,.469,2.0,3.4,.583,0.8,1.8,2.6,3.4,0.8,0.1,1.7,2.0,14.2)
(1982,20,Charles Bradley,SG,22,BOS,51,1,6.6,1.1,2.4,.451,0.0,0.0,.000,1.1,2.4,.455,.451,0.8,1.2,.677,0.2,0.5,0.7,0.4,0.3,0.1,0.7,1.2,3.0)
(1982,23,Mike Bratz,PG,26,SAS,81,3,20.0,2.8,7.0,.407,0.6,1.7,.333,2.3,5.3,.431,.448,1.5,1.9,.783,0.5,1.6,2.0,5.4,0.8,0.1,1.7,2.3,7.7)
(1982,27,Allan Bristow,SF,30,DAL,82,54,24.8,2.7,6.1,.437,0.0,0.2,.167,2.6,5.9,.447,.440,1.6,2.0,.817,1.5,2.7,4.1,5.5,0.8,0.1,2.0,2.7,7.0)
(1982,31,Rickey Brown,C,23,GSW,82,11,15.4,2.3,5.1,.459,0.0,0.0,,2.3,5.1,.459,.459,1.0,1.5,.705,1.7,2.8,4.4,0.2,0.4,0.4,1.0,3.0,5.7)
(1982,35,David Burns,PG,23,TOT,9,1,9.7,0.8,1.8,.438,0.0,0.0,,0.8,1.8,.438,.438,1.0,1.7,.600,0.1,0.4,0.6,1.7,0.3,0.0,1.4,1.9,2.6)
(1982,39,Joe Barry Carroll,C,23,GSW,76,75,34.6,6.9,13.4,.519,0.0,0.0,.000,6.9,13.4,.519,.519,3.1,4.3,.728,2.8,5.6,8.3,0.8,0.8,1.7,2.7,3.5,17.0)
(1982,42,Bill Cartwright,C,24,NYK,72,50,28.6,5.4,9.6,.562,0.0,0.0,,5.4,9.6,.562,.562,3.6,4.7,.763,1.6,4.2,5.8,1.2,0.7,0.9,2.3,2.9,14.4)
(1982,46,Maurice Cheeks,PG,25,PHI,79,79,31.6,4.5,8.6,.521,0.1,0.3,.273,4.4,8.3,.529,.525,2.2,2.8,.777,0.6,2.5,3.1,8.4,2.6,0.4,2.3,3.1,11.2)
(1982,50,Jeff Cook,PF,25,PHO,76,22,17.1,2.0,4.7,.422,0.0,0.0,.000,2.0,4.7,.424,.422,1.2,1.8,.664,1.5,2.5,4.0,1.3,0.5,0.3,1.1,2.3,5.1)
(1982,54,Hollis Copeland,SF,26,NYK,18,0,6.6,0.9,2.1,.421,0.0,0.0,,0.9,2.1,.421,.421,0.3,0.3,.833,0.2,0.1,0.3,0.5,0.2,0.1,0.2,1.1,2.1)
(1982,58,Pat Cummings,PF,25,MIL,78,7,14.5,2.8,5.5,.509,0.0,0.0,.000,2.8,5.5,.512,.509,0.9,1.2,.736,0.8,2.4,3.1,1.3,0.3,0.1,1.4,2.9,6.5)
(1982,61,Adrian Dantley*,SF,25,UTA,81,81,39.8,11.2,19.6,.570,0.0,0.0,.333,11.1,19.5,.570,.570,8.0,10.1,.792,2.9,3.5,6.3,4.0,1.2,0.2,3.7,3.1,30.3)
(1982,65,Ron Davis,SF,27,SDC,7,0,9.6,1.4,3.6,.400,0.0,0.0,,1.4,3.6,.400,.400,0.4,0.9,.500,1.0,0.9,1.9,0.6,0.0,0.0,0.7,1.1,3.3)
(1982,69,Kenny Dennard,PF,23,KCK,30,3,20.2,2.1,4.0,.512,0.0,0.0,,2.1,4.0,.512,.512,0.9,1.3,.650,1.6,2.9,4.4,1.4,1.2,0.3,1.2,2.7,5.0)
(1982,73,John Douglas,SG,25,SDC,64,9,16.1,2.8,6.1,.465,0.3,0.9,.305,2.5,5.2,.494,.488,1.0,1.6,.657,0.4,1.0,1.4,2.3,0.8,0.1,1.4,2.3,7.0)
(1982,77,Terry Duerod,SG,25,BOS,21,0,7.0,1.6,3.7,.442,0.0,0.0,.000,1.6,3.6,.447,.442,0.2,0.6,.333,0.3,0.4,0.7,0.6,0.1,0.0,0.1,0.4,3.4)
(1982,Rk,Player,Pos,Age,Tm,G,GS,MP,FG,FGA,FG%,3P,3PA,3P%,2P,2PA,2P%,eFG%,FT,FTA,FT%,ORB,DRB,TRB,AST,STL,BLK,TOV,PF,PTS)
(1982,84,Len Elmore,C,29,NJN,81,70,25.9,3.7,8.0,.460,0.0,0.0,,3.7,8.0,.460,.460,1.7,2.1,.794,2.1,3.4,5.4,1.2,1.1,1.1,1.7,3.5,9.1)
(1982,88,Eric Fernsten,C,28,BOS,43,0,4.7,0.4,1.1,.388,0.0,0.0,,0.4,1.1,.388,.388,0.4,0.7,.633,0.3,0.7,1.0,0.2,0.1,0.2,0.3,0.5,1.3)
(1982,92,World B. Free,SG,28,GSW,78,78,35.8,8.3,18.6,.448,0.1,0.7,.179,8.2,17.9,.458,.451,6.1,8.3,.740,1.5,1.7,3.2,5.4,0.9,0.1,2.7,2.8,22.9)
(1982,96,Artis Gilmore*,C,32,CHI,82,82,34.1,6.7,10.2,.652,0.0,0.0,1.000,6.6,10.2,.652,.653,5.2,6.7,.768,2.7,7.5,10.2,1.7,0.6,2.7,2.8,3.5,18.5)
(1982,100,Rickey Green,PG,27,UTA,81,73,34.8,6.2,12.5,.493,0.0,0.1,.000,6.2,12.4,.497,.493,2.5,3.3,.765,1.0,2.0,3.0,7.8,2.3,0.1,2.4,2.3,14.8)
(1982,103,Paul Griffin,PF,28,SAS,23,0,20.0,1.4,2.9,.485,0.0,0.0,,1.4,2.9,.485,.485,1.0,1.6,.649,1.3,2.9,4.1,2.3,0.9,0.3,1.7,2.9,3.8)
(1982,107,Petur Gudmundsson,C,23,POR,68,6,12.4,1.2,2.4,.500,0.0,0.0,1.000,1.2,2.4,.497,.503,0.8,1.1,.684,0.8,2.0,2.7,0.9,0.2,0.4,1.1,2.4,3.2)
(1982,111,James Hardy,SF,25,UTA,82,17,22.1,2.2,4.5,.485,0.0,0.0,.000,2.2,4.5,.486,.485,0.8,1.1,.688,1.9,3.9,5.7,1.3,0.7,0.8,1.0,2.3,5.1)
(1982,115,Elvin Hayes*,PF,36,HOU,82,82,37.0,6.3,13.4,.472,0.0,0.1,.000,6.3,13.4,.474,.472,3.4,5.1,.664,3.3,5.9,9.1,1.8,0.8,1.3,2.5,3.5,16.1)
(1982,119,Tom Henderson,SG,30,HOU,75,23,22.9,2.4,5.4,.454,0.0,0.0,.000,2.4,5.3,.456,.454,1.4,2.0,.700,0.4,1.4,1.8,4.1,0.7,0.1,1.4,1.6,6.3)
(1982,122,Armond Hill,PG,28,TOT,40,18,18.1,1.3,3.2,.421,0.0,0.1,.000,1.3,3.1,.427,.421,1.0,1.4,.709,0.3,1.0,1.3,2.7,0.5,0.1,1.7,2.2,3.6)
(1982,126,Phil Hubbard,SF,25,TOT,83,40,22.2,3.9,8.0,.490,0.0,0.0,.000,3.9,8.0,.493,.490,2.3,3.4,.682,2.3,3.4,5.7,1.1,0.8,0.2,1.9,3.5,10.2)
(1982,130,Clay Johnson,SG,25,LAL,7,0,9.3,1.6,2.9,.550,0.0,0.0,,1.6,2.9,.550,.550,0.4,0.9,.500,1.1,0.6,1.7,1.0,0.4,0.4,1.0,1.9,3.6)
(1982,134,Eddie Johnson,SF,22,KCK,74,27,20.5,4.0,8.7,.459,0.0,0.1,.091,4.0,8.5,.465,.460,1.3,2.0,.664,1.7,2.6,4.4,1.5,0.7,0.2,1.3,2.8,9.3)
(1982,138,John Johnson,SF,34,SEA,14,1,13.4,1.6,3.2,.489,0.0,0.0,,1.6,3.2,.489,.489,1.1,1.4,.750,0.2,1.1,1.3,2.1,0.3,0.2,1.2,1.4,4.2)
(1982,141,Mickey Johnson,PF,29,MIL,76,71,25.4,4.9,10.0,.491,0.0,0.1,.143,4.9,9.9,.495,.492,3.1,3.8,.801,1.8,4.2,6.0,2.8,0.9,0.6,2.5,3.2,12.9)
(1982,145,Vinnie Johnson,SG,25,TOT,74,15,17.5,2.9,6.0,.489,0.0,0.2,.250,2.9,5.8,.495,.492,1.4,1.9,.754,1.1,1.0,2.1,2.3,0.8,0.3,1.3,1.4,7.4)
(1982,149,Edgar Jones,PF,25,DET,48,19,16.7,3.0,5.4,.548,0.0,0.0,.500,2.9,5.4,.549,.550,1.9,2.7,.698,1.5,2.9,4.3,0.8,0.6,1.9,1.4,3.1,7.8)
(1982,153,Clarence Kea,PF,22,DAL,35,0,7.1,0.7,1.4,.531,0.0,0.0,,0.7,1.4,.531,.531,0.8,1.2,.690,0.7,1.0,1.7,0.4,0.1,0.1,0.5,1.6,2.3)
(1982,157,Albert King,SF,22,NJN,76,52,22.3,5.1,10.7,.482,0.0,0.2,.231,5.1,10.5,.486,.483,1.8,2.3,.778,1.4,2.7,4.1,1.9,0.8,0.5,2.4,3.4,12.1)
(1982,162,Joel Kramer,PF,26,PHO,56,0,9.8,1.0,2.4,.414,0.0,0.0,,1.0,2.4,.414,.414,0.6,0.8,.786,0.6,1.3,1.9,0.9,0.3,0.2,0.5,1.1,2.6)
(1982,166,Tom LaGarde,C,26,DAL,47,28,19.3,2.4,5.7,.420,0.0,0.0,.000,2.4,5.7,.423,.420,1.8,3.5,.518,1.3,3.1,4.5,1.0,0.4,0.4,1.7,2.9,6.6)
(1982,170,Mark Landsberger,PF,26,LAL,75,1,15.1,1.9,4.4,.438,0.0,0.0,.000,1.9,4.4,.440,.438,0.4,0.9,.508,2.2,3.2,5.3,0.4,0.1,0.1,0.7,1.8,4.3)
(1982,174,Ron Lee,PG,29,DET,81,7,18.1,1.1,3.0,.358,0.2,0.7,.305,0.9,2.3,.374,.394,1.0,1.5,.706,0.4,1.5,1.9,3.9,1.4,0.2,1.5,2.7,3.4)
(1982,178,Scott Lloyd,PF,29,DAL,74,17,14.1,1.5,3.9,.379,0.0,0.1,.500,1.4,3.8,.377,.382,0.9,1.2,.758,0.8,1.4,2.2,0.9,0.2,0.1,0.8,2.4,3.9)
(1982,181,John Lucas,PG,28,WSB,79,53,24.6,3.3,7.8,.426,0.0,0.3,.091,3.3,7.5,.438,.427,1.7,2.2,.784,0.5,1.6,2.1,7.0,1.2,0.1,2.0,1.3,8.4)
(1982,185,Kyle Macy,PG,24,PHO,82,72,34.7,5.9,11.5,.514,0.5,1.2,.390,5.5,10.3,.529,.535,1.9,2.1,.899,1.0,2.2,3.2,4.7,1.7,0.1,1.5,2.3,14.2)
(1982,189,Cedric Maxwell,SF,26,BOS,78,73,33.2,5.1,9.3,.548,0.0,0.0,.000,5.1,9.2,.551,.548,4.6,6.1,.747,2.8,3.6,6.4,2.3,1.0,0.6,2.2,3.4,14.8)
(1982,193,Hank McDowell,PF,22,GSW,30,1,11.2,1.1,2.8,.405,0.0,0.0,,1.1,2.8,.405,.405,0.9,1.4,.659,1.4,2.0,3.3,0.7,0.2,0.3,0.7,1.7,3.2)
(1982,197,Kevin McHale*,PF,24,BOS,82,33,28.4,5.7,10.7,.531,0.0,0.0,,5.7,10.7,.531,.531,2.3,3.0,.754,2.3,4.5,6.8,1.1,0.4,2.3,1.7,3.2,13.6)
(1982,Rk,Player,Pos,Age,Tm,G,GS,MP,FG,FGA,FG%,3P,3PA,3P%,2P,2PA,2P%,eFG%,FT,FTA,FT%,ORB,DRB,TRB,AST,STL,BLK,TOV,PF,PTS)
(1982,204,Paul Mokeski,C,25,TOT,67,4,13.0,1.3,2.9,.435,0.0,0.0,.000,1.3,2.8,.442,.435,0.7,0.9,.762,0.9,2.2,3.1,0.5,0.5,0.6,0.8,2.6,3.2)
(1982,208,Calvin Murphy*,PG,33,HOU,64,0,18.8,4.3,10.1,.427,0.0,0.3,.063,4.3,9.9,.437,.428,1.6,1.7,.909,0.3,0.6,1.0,2.5,0.7,0.0,1.3,2.2,10.2)
(1982,212,Mike Newlin,SG,33,NYK,76,32,19.8,3.8,8.1,.465,0.1,0.3,.304,3.7,7.8,.471,.471,1.7,1.9,.857,0.5,0.7,1.2,2.2,0.4,0.0,1.4,2.6,9.3)
(1982,216,Mike O'Koren,SF,23,NJN,80,32,25.2,4.8,9.7,.492,0.1,0.3,.348,4.7,9.4,.497,.497,1.7,2.4,.714,1.4,2.4,3.8,2.4,1.0,0.2,1.8,2.2,11.4)
(1982,220,Tom Owens,PF,32,IND,74,40,21.6,4.0,8.6,.470,0.0,0.0,.500,4.0,8.6,.470,.471,2.4,3.1,.801,1.9,3.1,5.0,1.7,0.6,0.5,1.9,3.5,10.5)
(1982,223,Billy Paultz,C,33,HOU,65,3,12.4,1.4,3.5,.394,0.0,0.0,,1.4,3.5,.394,.394,0.5,1.0,.523,0.8,1.9,2.8,0.6,0.2,0.3,0.7,1.5,3.3)
(1982,227,Ben Poquette,PF,26,UTA,82,56,20.7,2.7,5.2,.514,0.0,0.1,.300,2.6,5.1,.519,.518,1.2,1.5,.808,1.4,3.6,5.0,1.1,0.6,0.8,0.8,2.9,6.6)
(1982,231,Kelvin Ransey,PG,23,POR,78,68,31.0,6.5,14.0,.460,0.0,0.5,.079,6.4,13.6,.474,.462,3.1,4.1,.761,0.5,1.9,2.4,7.1,1.2,0.1,2.9,2.2,16.1)
(1982,235,Clint Richardson,SG,25,PHI,77,0,13.5,1.8,4.0,.452,0.0,0.0,1.000,1.8,4.0,.448,.455,0.9,1.1,.784,0.7,0.8,1.5,1.4,0.5,0.1,1.0,1.4,4.6)
(1982,239,Jackie Robinson,SF,26,CHI,3,0,9.7,1.0,3.0,.333,0.0,0.0,,1.0,3.0,.333,.333,1.3,1.3,1.000,1.0,0.0,1.0,0.0,0.0,0.0,0.3,0.3,3.3)
(1982,242,Dave Robisch,C,32,DEN,12,0,21.4,4.0,8.8,.453,0.0,0.0,,4.0,8.8,.453,.453,4.0,4.6,.873,1.2,4.1,5.3,2.7,0.3,0.3,1.1,2.4,12.0)
(1982,246,Dan Roundfield,PF,28,ATL,61,58,36.3,7.0,14.9,.466,0.0,0.1,.200,6.9,14.8,.467,.466,4.7,6.1,.760,3.7,8.1,11.8,2.7,1.0,1.5,3.0,3.4,18.6)
(1982,250,Danny Schayes,C,22,UTA,82,20,19.8,3.1,6.4,.481,0.0,0.0,.000,3.1,6.4,.482,.481,1.7,2.3,.757,1.6,3.6,5.2,1.8,0.6,0.9,1.8,3.6,7.9)
(1982,254,Purvis Short,SF,24,GSW,76,8,23.4,6.0,12.3,.488,0.1,0.4,.214,5.9,11.9,.496,.491,2.3,2.9,.801,1.6,1.9,3.5,2.8,0.9,0.1,1.6,2.9,14.4)
(1982,258,Jim Smith,PF,23,SDC,72,3,11.9,1.2,2.3,.509,0.0,0.0,,1.2,2.3,.509,.509,0.5,1.2,.459,1.0,1.5,2.5,0.6,0.3,0.7,0.7,2.6,2.9)
(1982,261,Randy Smith,SG,33,NYK,82,40,24.8,4.2,9.1,.465,0.0,0.1,.273,4.2,9.0,.468,.467,1.5,1.8,.808,0.6,1.2,1.9,3.1,1.1,0.0,1.5,2.4,10.0)
(1982,265,Rory Sparrow,PG,23,ATL,82,82,31.8,4.5,8.9,.501,0.0,0.2,.067,4.5,8.7,.510,.502,1.5,1.8,.838,0.6,2.1,2.7,5.2,1.1,0.2,1.8,2.9,10.5)
(1982,269,Carlos Terry,SG,25,WSB,13,0,4.6,0.2,1.2,.200,0.0,0.2,.000,0.2,0.9,.250,.200,0.2,0.3,.750,0.4,0.5,0.9,0.6,0.2,0.1,0.4,1.2,0.7)
(1982,273,Mychal Thompson,C,27,POR,79,78,39.6,8.6,16.5,.523,0.0,0.0,,8.6,16.5,.523,.523,3.5,5.6,.628,3.3,8.4,11.7,4.0,0.9,1.4,3.1,2.9,20.8)
(1982,277,Kelly Tripucka,SF,22,DET,82,82,37.5,7.8,15.6,.496,0.1,0.3,.227,7.7,15.4,.501,.498,6.0,7.6,.797,2.7,2.7,5.4,3.3,1.1,0.2,3.4,2.9,21.6)
(1982,Rk,Player,Pos,Age,Tm,G,GS,MP,FG,FGA,FG%,3P,3PA,3P%,2P,2PA,2P%,eFG%,FT,FTA,FT%,ORB,DRB,TRB,AST,STL,BLK,TOV,PF,PTS)
(1982,284,Jay Vincent,PF,22,DAL,81,62,32.4,8.9,17.9,.497,0.0,0.0,.250,8.9,17.8,.497,.497,3.6,5.0,.716,2.2,4.7,7.0,2.2,1.1,0.3,2.4,3.8,21.4)
(1982,288,Kermit Washington,PF,30,POR,20,4,20.9,1.9,3.9,.487,0.0,0.0,,1.9,3.9,.487,.487,1.2,2.1,.585,2.0,3.9,5.9,1.5,0.5,0.8,1.0,2.8,5.0)
(1982,292,Paul Westphal,SG,31,NYK,18,12,25.1,4.8,10.8,.443,0.1,0.4,.250,4.7,10.3,.452,.448,2.0,2.6,.766,0.5,0.7,1.2,5.6,1.1,0.4,2.6,3.4,11.7)
(1982,296,Bob Wilkerson,SF,27,CLE,65,38,27.8,4.4,10.4,.418,0.0,0.3,.167,4.3,10.2,.425,.420,2.2,2.8,.784,0.9,2.9,3.8,3.6,1.4,0.4,2.1,2.9,11.0)
(1982,300,Buck Williams,PF,21,NJN,82,82,34.5,6.3,10.7,.582,0.0,0.0,.000,6.3,10.7,.583,.582,3.0,4.7,.624,4.2,8.0,12.3,1.3,1.0,1.0,2.9,3.5,15.5)
(1982,303,Herb Williams,C,23,IND,82,75,27.8,5.0,10.4,.477,0.0,0.1,.286,4.9,10.3,.478,.478,1.5,2.3,.670,2.1,5.2,7.4,1.7,0.6,2.2,1.7,2.4,11.5)
(1982,307,Bill Willoughby,SF,24,HOU,69,42,21.4,3.5,6.7,.517,0.0,0.1,.429,3.4,6.6,.519,.520,0.8,1.1,.727,1.6,2.3,3.8,1.1,0.4,0.9,1.1,2.1,7.8)
(1982,311,Howard Wood,SF,22,UTA,42,3,8.1,1.3,2.9,.458,0.0,0.0,.000,1.3,2.8,.462,.458,0.8,1.2,.654,0.5,1.0,1.5,0.2,0.2,0.1,0.4,0.9,3.4)
(1982,315,Larry Wright,PG,27,DET,1,0,6.0,0.0,1.0,.000,0.0,0.0,,0.0,1.0,.000,.000,0.0,0.0,,0.0,0.0,0.0,0.0,0.0,0.0,1.0,2.0,0.0)
