(1982,2,Alvan Adams,C,27,PHO,79,75,30.3,6.4,13.0,.494,0.0,0.0,.000,6.4,13.0,.494,.494,2.3,2.9,.781,1.7,5.7,7.4,4.5,1.4,1.0,2.5,3.4,15.1)
(1982,6,Dennis Awtrey,C,33,POR,10,3,12.1,0.5,1.5,.333,0.0,0.0,,0.5,1.5,.333,.333,0.5,0.9,.556,0.7,0.7,1.4,0.8,0.1,0.2,0.6,2.8,1.5)
(1982,10,Gene Banks,SF,22,SAS,80,4,21.3,3.9,8.2,.477,0.0,0.1,.000,3.9,8.1,.483,.477,1.8,2.7,.684,2.0,3.2,5.1,1.8,0.7,0.2,1.3,2.5,9.6)
(1982,14,Kent Benson,C,27,DET,75,72,32.9,5.4,10.7,.505,0.0,0.1,.273,5.4,10.5,.508,.507,1.7,2.1,.804,2.9,5.8,8.7,2.1,0.9,1.3,2.1,2.9,12.5)
(1982,18,Ray Blume,SG,23,CHI,49,2,11.1,2.1,4.5,.459,0.1,0.4,.222,2.0,4.2,.480,.468,0.4,0.6,.643,0.3,0.6,0.8,1.4,0.5,0.0,1.1,1.2,4.6)
(1982,21,Dudley Bradley,SG,24,PHO,64,3,14.6,2.0,4.4,.445,0.0,0.1,.250,1.9,4.3,.448,.447,1.2,1.6,.740,0.5,0.9,1.4,1.3,1.2,0.2,1.1,1.8,5.1)
(1982,25,Ron Brewer,SG,26,TOT,72,45,32.2,7.9,16.6,.477,0.1,0.4,.258,7.8,16.2,.482,.480,2.9,3.6,.812,0.8,1.5,2.2,2.6,1.1,0.4,1.7,2.1,18.8)
(1982,29,Michael Brooks,SF,23,SDC,82,73,33.5,6.5,13.0,.504,0.0,0.1,.000,6.5,12.9,.507,.504,2.5,3.3,.757,2.5,5.1,7.6,2.9,1.4,0.5,2.4,3.5,15.6)
(1982,33,Quinn Buckner,PG,27,MIL,70,70,30.8,5.7,11.7,.482,0.1,0.2,.267,5.6,11.5,.486,.484,1.6,2.4,.655,1.1,2.5,3.6,4.7,2.5,0.0,2.6,3.1,12.9)
(1982,37,Kenny Carr,PF,26,TOT,74,48,26.0,4.7,9.4,.503,0.0,0.1,.100,4.7,9.2,.509,.504,2.7,4.1,.656,2.3,4.9,7.2,1.2,0.9,0.3,2.1,3.4,12.1)
(1982,Rk,Player,Pos,Age,Tm,G,GS,MP,FG,FGA,FG%,3P,3PA,3P%,2P,2PA,2P%,eFG%,FT,FTA,FT%,ORB,DRB,TRB,AST,STL,BLK,TOV,PF,PTS)
(1982,44,Bobby Cattage,PF,23,UTA,49,0,6.9,1.2,2.8,.444,0.0,0.0,.000,1.2,2.7,.451,.444,0.6,0.8,.732,0.4,1.0,1.5,0.1,0.1,0.0,0.4,1.2,3.1)
(1982,48,Don Collins,SG,23,WSB,79,18,20.4,4.2,8.3,.511,0.0,0.2,.083,4.2,8.1,.520,.512,1.5,2.1,.716,1.3,1.2,2.5,1.9,1.1,0.3,1.7,2.5,10.0)
(1982,52,Michael Cooper,SG,25,LAL,76,14,28.9,5.0,9.8,.517,0.0,0.2,.118,5.0,9.5,.526,.518,1.8,2.3,.813,1.1,2.4,3.5,3.0,1.6,0.8,2.0,2.8,11.9)
(1982,56,Charlie Criss,PG,33,TOT,55,20,25.3,4.0,9.1,.446,0.2,0.5,.345,3.9,8.5,.452,.456,2.6,2.9,.887,0.2,1.3,1.5,3.4,0.8,0.1,1.5,1.7,10.8)
(1982,60,Bob Dandridge,SF,34,MIL,11,0,15.8,1.9,5.0,.382,0.0,0.0,,1.9,5.0,.382,.382,0.9,1.5,.588,0.4,1.2,1.5,1.2,0.5,0.2,1.0,2.3,4.7)
(1982,63,Charles Davis,SF,23,WSB,54,10,10.6,1.6,3.4,.478,0.0,0.0,.000,1.6,3.4,.484,.478,0.6,0.7,.811,1.0,1.5,2.5,0.6,0.2,0.2,0.8,1.6,3.8)
(1982,67,Darryl Dawkins,C,25,PHI,48,36,23.4,4.3,7.6,.564,0.0,0.0,.000,4.3,7.6,.567,.564,2.4,3.4,.695,1.4,4.9,6.4,1.1,0.4,1.1,2.0,4.0,11.0)
(1982,71,Mickey Dillard,PG,23,CLE,33,0,6.7,0.9,2.4,.367,0.0,0.1,.000,0.9,2.3,.387,.367,0.5,0.7,.652,0.2,0.3,0.5,1.0,0.2,0.1,0.5,1.2,2.2)
(1982,75,John Drew,SF,27,ATL,70,51,29.1,6.6,13.7,.486,0.1,0.2,.333,6.6,13.5,.488,.488,5.2,7.0,.741,2.4,2.9,5.4,1.4,0.9,0.0,2.5,3.6,18.5)
(1982,79,T.R. Dunn,SG,26,DEN,82,80,30.7,3.1,6.1,.512,0.0,0.0,.000,3.1,6.1,.513,.512,1.9,2.6,.712,2.6,4.2,6.8,2.3,1.6,0.4,1.5,2.6,8.2)
(1982,82,Franklin Edwards,PG,22,PHI,42,3,6.9,1.5,3.6,.433,0.0,0.2,.000,1.5,3.4,.461,.433,0.5,0.6,.741,0.2,0.4,0.6,1.1,0.4,0.1,0.6,0.9,3.6)
(1982,86,Julius Erving*,SF,31,PHI,81,81,34.4,9.6,17.6,.546,0.0,0.1,.273,9.6,17.5,.548,.547,5.1,6.7,.763,2.7,4.2,6.9,3.9,2.0,1.7,2.6,2.8,24.4)
(1982,90,Don Ford,SF,29,CLE,21,1,9.6,0.4,1.1,.375,0.0,0.0,.000,0.4,1.1,.391,.375,0.2,0.3,.833,0.7,1.0,1.7,0.5,0.4,0.0,0.7,1.4,1.1)
(1982,94,Calvin Garrett,SF,25,HOU,51,22,16.8,2.1,4.7,.434,0.1,0.2,.300,2.0,4.5,.440,.440,0.3,0.5,.654,0.5,1.3,1.8,1.5,0.6,0.1,0.7,1.8,4.5)
(1982,98,Mike Gminski,C,22,NJN,64,6,11.6,1.9,4.2,.441,0.0,0.0,,1.9,4.2,.441,.441,1.5,1.8,.822,1.1,1.8,2.9,0.6,0.3,0.8,0.9,1.1,5.2)
(1982,101,Dave Greenwood,PF,24,CHI,82,82,35.5,5.9,12.4,.473,0.0,0.0,.000,5.9,12.3,.475,.473,2.9,3.5,.825,2.3,7.2,9.6,3.2,0.9,1.1,2.2,3.6,14.6)
(1982,105,Bob Gross,SF,28,POR,59,24,23.3,2.9,5.5,.537,0.1,0.1,.500,2.9,5.4,.538,.542,1.3,1.8,.750,1.7,2.7,4.4,2.1,1.3,0.7,1.5,2.7,7.2)
(1982,109,Bill Hanzlik,SF,24,SEA,81,76,24.4,2.1,4.4,.468,0.0,0.0,.000,2.1,4.4,.473,.468,1.7,2.2,.784,1.2,2.1,3.3,2.3,1.0,0.4,1.3,3.1,5.8)
(1982,113,Joe Hassett,SG,26,GSW,68,2,11.6,2.1,5.6,.377,1.0,3.1,.332,1.1,2.5,.435,.470,0.5,0.5,.838,0.2,0.6,0.8,1.5,0.4,0.0,0.5,1.4,5.7)
(1982,117,Spencer Haywood*,PF,32,WSB,76,63,27.4,5.2,10.9,.476,0.0,0.0,.000,5.2,10.9,.478,.476,2.9,3.4,.842,1.9,3.7,5.6,0.8,0.6,0.9,2.3,3.3,13.3)
(1982,Rk,Player,Pos,Age,Tm,G,GS,MP,FG,FGA,FG%,3P,3PA,3P%,2P,2PA,2P%,eFG%,FT,FTA,FT%,ORB,DRB,TRB,AST,STL,BLK,TOV,PF,PTS)
(1982,124,Lionel Hollins,PG,28,PHI,81,81,27.9,4.7,9.8,.477,0.0,0.2,.125,4.7,9.6,.484,.478,1.6,2.3,.702,0.4,1.9,2.3,3.9,1.3,0.2,1.8,2.4,11.0)
(1982,128,Dan Issel*,C,33,DEN,81,81,30.5,8.0,15.3,.527,0.0,0.1,.667,8.0,15.2,.526,.528,6.7,8.1,.834,2.1,5.4,7.5,2.2,0.8,0.7,2.1,3.0,22.9)
(1982,132,Dennis Johnson*,SG,27,PHO,80,77,36.7,7.2,15.4,.470,0.1,0.5,.190,7.1,14.8,.480,.473,5.0,6.2,.806,1.8,3.4,5.1,4.6,1.3,0.7,2.9,3.2,19.5)
(1982,136,George Johnson,C,33,SAS,75,62,21.0,1.2,2.6,.467,0.0,0.0,,1.2,2.6,.467,.467,0.6,0.9,.672,2.0,4.0,6.1,1.1,0.3,3.1,1.2,3.5,3.0)
(1982,140,Marques Johnson,SF,25,MIL,60,52,31.7,6.7,12.7,.532,0.0,0.1,.000,6.7,12.6,.534,.532,3.0,4.3,.700,2.6,3.5,6.1,3.6,1.0,0.6,2.4,2.4,16.5)
(1982,143,Reggie Johnson,PF,24,TOT,75,48,25.4,4.7,8.8,.530,0.0,0.0,.000,4.7,8.8,.531,.530,1.6,2.1,.756,1.9,4.1,6.0,1.0,0.4,0.8,1.3,3.4,10.9)
(1982,147,Caldwell Jones,C,31,PHI,81,47,30.2,2.9,5.7,.497,0.0,0.0,.000,2.9,5.7,.500,.497,2.2,2.7,.817,2.0,6.7,8.7,1.2,0.5,1.8,1.9,3.7,7.9)
(1982,151,Eddie Jordan,PG,27,LAL,58,0,10.5,1.5,3.6,.428,0.0,0.2,.111,1.5,3.4,.442,.430,0.7,0.9,.796,0.1,0.7,0.7,2.3,1.1,0.0,1.1,1.7,3.8)
(1982,155,Greg Kelser,SF,24,TOT,60,10,12.4,1.9,4.5,.428,0.0,0.1,.000,1.9,4.5,.433,.428,1.8,2.7,.656,1.3,1.9,3.2,1.0,0.3,0.4,1.4,2.2,5.6)
(1982,159,Reggie King,SF,24,KCK,80,76,32.6,4.8,9.4,.509,0.0,0.0,,4.8,9.4,.509,.509,2.5,3.6,.705,2.0,4.5,6.5,2.2,1.1,0.4,1.9,2.8,12.1)
(1982,Rk,Player,Pos,Age,Tm,G,GS,MP,FG,FGA,FG%,3P,3PA,3P%,2P,2PA,2P%,eFG%,FT,FTA,FT%,ORB,DRB,TRB,AST,STL,BLK,TOV,PF,PTS)
(1982,164,Mitch Kupchak,PF,27,LAL,26,26,31.6,5.9,10.3,.573,0.0,0.0,,5.9,10.3,.573,.573,2.5,3.8,.663,2.5,5.6,8.1,1.3,0.5,0.4,1.7,3.1,14.3)
(1982,168,John Lambert,PF,29,TOT,63,7,12.1,1.4,3.1,.437,0.0,0.1,.143,1.3,3.0,.447,.439,0.5,0.7,.810,0.9,2.0,2.8,0.6,0.3,0.3,0.8,2.0,3.3)
(1982,172,Allen Leavell,PG,24,HOU,79,61,27.2,4.7,10.0,.467,0.1,0.4,.290,4.6,9.6,.474,.472,1.5,1.7,.852,0.6,1.5,2.1,5.8,1.9,0.2,1.9,2.3,10.9)
(1982,176,Alton Lister,C,23,MIL,80,23,14.8,1.9,3.6,.519,0.0,0.0,,1.9,3.6,.519,.519,0.8,1.5,.520,1.4,3.5,4.8,1.1,0.2,1.5,1.6,3.0,4.5)
(1982,180,John Long,SG,25,DET,69,66,32.0,9.2,18.8,.492,0.0,0.2,.133,9.2,18.5,.496,.493,3.4,4.0,.865,1.4,2.3,3.7,2.1,0.9,0.4,2.4,2.5,21.9)
(1982,183,Ollie Mack,SG,24,DAL,13,3,11.5,1.5,4.5,.322,0.0,0.2,.000,1.5,4.4,.333,.322,0.5,0.6,.750,0.6,0.8,1.4,1.1,0.4,0.1,0.3,0.5,3.4)
(1982,187,Moses Malone*,C,26,HOU,81,81,42.0,11.7,22.5,.519,0.0,0.1,.000,11.7,22.4,.520,.519,7.8,10.2,.762,6.9,7.8,14.7,1.8,0.9,1.5,3.6,2.6,31.1)
(1982,191,Bob McAdoo*,C,30,LAL,41,0,18.2,3.7,8.0,.458,0.0,0.1,.000,3.7,7.9,.465,.458,2.2,3.1,.714,1.1,2.8,3.9,0.8,0.5,0.9,1.2,2.7,9.6)
(1982,195,Mike McGee,SF,22,LAL,39,0,9.0,2.1,4.4,.465,0.0,0.1,.000,2.1,4.3,.476,.465,0.8,1.4,.585,0.9,0.4,1.3,0.4,0.5,0.1,0.9,1.5,4.9)
(1982,199,Billy McKinney,PG,26,DEN,81,27,24.2,4.6,8.6,.528,0.0,0.2,.000,4.6,8.4,.541,.528,1.7,2.1,.806,0.4,1.4,1.8,4.2,0.9,0.2,1.4,2.3,10.8)
(1982,202,Mike Mitchell,SF,26,TOT,84,83,36.5,9.0,17.6,.510,0.0,0.1,.000,9.0,17.5,.512,.510,2.6,3.6,.728,2.9,4.1,7.0,1.0,0.7,0.5,1.8,3.3,20.5)
(1982,206,Johnny Moore,PG,23,SAS,79,78,29.0,3.9,8.4,.463,0.0,0.3,.048,3.9,8.2,.477,.464,1.5,2.3,.670,0.8,2.7,3.5,9.6,2.1,0.2,2.2,3.2,9.4)
(1982,210,Swen Nater,C,32,SDC,21,7,27.4,4.8,8.3,.577,0.0,0.0,1.000,4.8,8.3,.575,.580,2.8,3.8,.747,2.2,7.0,9.1,1.4,0.3,0.4,2.3,3.0,12.5)
(1982,214,Kurt Nimphius,C,23,DAL,63,27,17.2,2.2,4.7,.461,0.0,0.0,,2.2,4.7,.461,.461,1.0,1.7,.583,1.5,3.2,4.7,1.0,0.3,1.3,0.9,3.0,5.3)
(1982,218,Jawann Oldham,C,24,HOU,22,0,5.6,0.6,1.6,.361,0.0,0.0,,0.6,1.6,.361,.361,0.4,0.6,.571,0.3,0.8,1.1,0.1,0.1,0.5,0.3,1.3,1.5)
(1982,221,Robert Parish*,C,28,BOS,80,78,31.7,8.4,15.4,.542,0.0,0.0,,8.4,15.4,.542,.542,3.2,4.4,.710,3.6,7.2,10.8,1.8,0.9,2.4,2.8,3.3,19.9)
(1982,225,Sam Pellom,PF,30,ATL,69,4,15.0,1.7,3.6,.454,0.0,0.0,.000,1.7,3.6,.456,.454,0.9,1.1,.772,1.3,2.0,3.3,0.4,0.4,0.7,0.8,2.4,4.2)
(1982,229,Ed Rains,SF,25,SAS,49,15,13.0,1.6,3.6,.435,0.0,0.0,.000,1.6,3.6,.440,.435,0.8,1.3,.594,0.8,0.9,1.6,0.8,0.4,0.0,0.5,1.5,3.9)
(1982,233,Robert Reid,SF,26,HOU,77,75,37.8,5.7,12.4,.456,0.0,0.1,.100,5.7,12.3,.460,.457,2.1,2.8,.748,2.3,4.4,6.6,4.1,1.5,0.6,2.0,3.9,13.4)
(1982,237,Rick Robey,C,26,BOS,80,4,14.8,2.3,4.7,.493,0.0,0.0,.000,2.3,4.7,.496,.493,1.1,2.0,.535,1.4,2.3,3.7,0.9,0.3,0.2,1.2,2.3,5.7)
(1982,Rk,Player,Pos,Age,Tm,G,GS,MP,FG,FGA,FG%,3P,3PA,3P%,2P,2PA,2P%,eFG%,FT,FTA,FT%,ORB,DRB,TRB,AST,STL,BLK,TOV,PF,PTS)
(1982,244,Tree Rollins,C,26,ATL,79,39,25.5,2.6,4.4,.584,0.0,0.0,,2.6,4.4,.584,.584,1.0,1.6,.612,2.1,5.6,7.7,0.7,0.4,2.8,1.0,3.6,6.1)
(1982,248,Campy Russell,SF,30,NYK,77,63,30.6,5.3,11.1,.478,0.3,0.7,.439,5.0,10.4,.481,.492,3.0,3.8,.776,1.1,1.9,3.1,3.7,1.0,0.2,2.5,2.9,13.9)
(1982,252,Craig Shelton,SF,24,ATL,4,0,5.3,0.5,1.5,.333,0.0,0.0,,0.5,1.5,.333,.333,0.3,0.5,.500,0.3,0.5,0.8,0.0,0.3,0.0,0.0,0.8,1.3)
(1982,256,Jack Sikma,C,26,SEA,82,82,37.2,7.1,14.8,.479,0.0,0.2,.154,7.1,14.6,.483,.480,5.5,6.4,.855,2.7,9.9,12.7,3.4,1.2,1.3,2.6,3.3,19.6)
(1982,260,Phil Smith,SG,29,TOT,74,41,27.6,4.6,10.3,.447,0.1,0.4,.185,4.5,9.9,.456,.450,2.2,3.0,.731,0.7,1.8,2.5,4.1,0.9,0.4,2.1,2.9,11.5)
(1982,263,Ricky Sobers,SG,29,CHI,80,6,24.2,4.5,10.0,.453,0.2,1.0,.250,4.3,9.1,.474,.465,2.4,3.2,.768,0.5,1.3,1.8,3.8,0.9,0.2,2.7,3.0,11.8)
(1982,267,Kevin Stacom,SG,30,MIL,7,0,12.9,2.0,4.9,.412,0.1,0.3,.500,1.9,4.6,.406,.426,0.1,0.3,.500,0.3,0.7,1.0,1.0,0.1,0.0,1.3,0.9,4.3)
(1982,271,Isiah Thomas*,PG,20,DET,72,72,33.8,6.3,14.8,.424,0.2,0.8,.288,6.1,14.0,.432,.432,4.2,6.0,.704,0.8,2.1,2.9,7.8,2.1,0.2,4.2,3.5,17.0)
(1982,275,Andrew Toney,SG,24,PHI,77,1,24.8,6.6,12.7,.522,0.3,0.8,.424,6.3,11.9,.528,.535,2.9,4.0,.742,0.6,1.2,1.7,3.7,0.8,0.2,2.8,3.5,16.5)
(1982,279,Terry Tyler,PF,25,DET,82,0,24.3,4.1,7.8,.523,0.0,0.0,.250,4.1,7.8,.524,.523,1.7,2.3,.740,1.9,4.1,6.0,1.5,0.9,2.0,1.5,2.2,9.9)
(1982,282,Kiki Vandeweghe,PF,23,DEN,82,78,33.8,8.6,15.4,.560,0.0,0.2,.077,8.6,15.2,.565,.561,4.2,4.9,.857,1.8,3.8,5.6,3.0,0.6,0.4,2.3,2.6,21.5)
(1982,286,Foots Walker,PG,30,NJN,77,54,24.2,2.0,4.9,.413,0.0,0.1,.333,2.0,4.8,.415,.417,1.8,2.5,.727,0.4,1.5,1.9,5.2,1.6,0.1,1.4,2.3,5.9)
(1982,290,Marvin Webster,C,29,NYK,82,32,23.0,2.4,4.9,.491,0.0,0.0,,2.4,4.9,.491,.491,1.3,2.1,.635,2.2,3.7,6.0,1.2,0.3,1.1,1.1,2.6,6.2)
(1982,294,Hawkeye Whitney,SG,24,KCK,23,4,11.6,1.1,3.1,.352,0.0,0.0,.000,1.1,3.0,.357,.352,0.2,0.3,.571,0.6,1.2,1.7,0.8,0.5,0.0,0.6,1.3,2.3)
(1982,298,James Wilkes,SF,23,CHI,57,22,15.1,2.2,4.7,.481,0.0,0.0,.000,2.2,4.6,.483,.481,1.0,1.4,.725,1.1,1.7,2.8,1.1,0.5,0.3,1.1,2.0,5.5)
(1982,301,Freeman Williams,SG,25,TOT,60,10,16.6,4.6,10.4,.443,0.5,1.6,.298,4.1,8.8,.469,.465,2.3,2.8,.843,0.4,0.7,1.0,1.4,0.5,0.0,1.8,1.7,12.0)
(1982,305,Sam Williams,PF,22,GSW,59,22,18.2,2.6,4.7,.556,0.0,0.0,,2.6,4.7,.556,.556,0.8,1.5,.551,1.5,3.7,5.2,0.6,0.8,1.3,1.1,2.6,6.1)
(1982,309,Garry Witts,SF,22,WSB,46,0,10.7,1.1,1.8,.583,0.0,0.0,.500,1.0,1.8,.585,.589,0.7,0.9,.825,0.6,0.7,1.3,0.8,0.4,0.1,0.8,1.6,2.9)
(1982,313,Orlando Woolridge,SF,22,CHI,75,12,15.8,2.7,5.3,.513,0.0,0.0,.000,2.7,5.2,.517,.513,1.9,2.7,.699,1.1,1.9,3.0,1.1,0.3,0.3,1.4,2.0,7.3)
