(1982,1,Kareem Abdul-Jabbar*,C,34,LAL,76,76,35.2,9.9,17.1,.579,0.0,0.0,.000,9.9,17.1,.580,.579,4.1,5.8,.706,2.3,6.4,8.7,3.0,0.8,2.7,3.0,2.9,23.9)
(1982,5,Tiny Archibald*,PG,33,BOS,68,51,31.9,4.5,9.6,.472,0.1,0.2,.375,4.4,9.4,.475,.477,3.5,4.6,.747,0.4,1.3,1.7,8.0,0.8,0.0,2.6,1.9,12.6)
(1982,9,Greg Ballard,SF,27,WSB,79,79,37.3,7.9,16.5,.475,0.1,0.3,.409,7.7,16.3,.476,.479,3.0,3.6,.830,1.7,6.3,8.0,3.2,1.7,0.3,1.5,2.6,18.8)
(1982,13,Mel Bennett,PF,27,CLE,3,0,7.7,0.7,1.3,.500,0.0,0.0,,0.7,1.3,.500,.500,0.3,2.0,.167,0.3,0.7,1.0,0.0,0.3,0.0,1.3,0.7,1.7)
(1982,17,Rolando Blackman,SG,22,DAL,82,16,24.1,5.4,10.4,.513,0.0,0.0,.250,5.3,10.4,.515,.514,2.6,3.4,.768,1.2,1.9,3.1,1.3,0.6,0.4,1.4,1.5,13.3)
(1982,Rk,Player,Pos,Age,Tm,G,GS,MP,FG,FGA,FG%,3P,3PA,3P%,2P,2PA,2P%,eFG%,FT,FTA,FT%,ORB,DRB,TRB,AST,STL,BLK,TOV,PF,PTS)
(1982,24,Jim Brewer,PF,30,LAL,71,9,13.6,1.1,2.5,.463,0.0,0.1,.167,1.1,2.4,.473,.466,0.1,0.3,.368,1.5,2.2,3.7,0.6,0.5,0.6,0.5,1.8,2.4)
(1982,28,Jim Brogan,SG,23,SDC,63,19,16.3,2.6,5.8,.453,0.1,0.5,.281,2.5,5.3,.470,.466,1.0,1.3,.726,1.0,0.9,1.9,2.5,0.8,0.2,1.3,2.0,6.3)
(1982,32,Joe Bryant,SF,27,SDC,75,49,26.5,4.5,9.3,.486,0.1,0.4,.267,4.4,8.9,.496,.492,2.6,3.3,.785,1.1,2.6,3.7,2.5,1.0,0.4,2.4,3.3,11.8)
(1982,36,Don Buse,PG,31,IND,82,78,30.8,3.8,8.4,.455,0.9,2.3,.386,2.9,6.0,.482,.509,1.2,1.5,.813,0.6,2.2,2.7,5.0,2.0,0.3,1.2,2.1,9.7)
(1982,40,Butch Carter,SG,23,IND,75,0,13.8,2.5,5.4,.468,0.1,0.3,.320,2.4,5.0,.477,.478,0.8,0.9,.829,0.4,0.7,1.1,0.8,0.5,0.1,0.7,1.5,5.9)
(1982,43,Harvey Catchings,PF,30,MIL,80,9,20.0,1.2,2.8,.420,0.0,0.0,,1.2,2.8,.420,.420,0.5,0.9,.594,1.6,2.8,4.5,1.2,0.5,1.7,1.2,3.0,2.9)
(1982,47,Jim Chones,C,32,WSB,59,13,14.7,1.3,2.9,.433,0.0,0.0,,1.3,2.9,.433,.433,0.6,0.8,.783,0.7,2.5,3.1,1.1,0.3,0.5,0.7,1.9,3.1)
(1982,51,Joe Cooper,C,24,NJN,1,0,11.0,1.0,2.0,.500,0.0,0.0,,1.0,2.0,.500,.500,0.0,0.0,,1.0,1.0,2.0,0.0,0.0,0.0,1.0,2.0,2.0)
(1982,55,Dave Corzine,C,25,SAS,82,21,26.7,4.1,7.9,.519,0.0,0.0,.250,4.1,7.9,.520,.519,1.9,2.6,.746,2.6,5.1,7.7,1.6,0.4,1.5,1.7,2.9,10.1)
(1982,59,Earl Cureton,PF,24,PHI,66,8,14.5,2.3,4.6,.487,0.0,0.0,.000,2.3,4.6,.490,.487,0.8,1.4,.543,1.4,2.7,4.1,0.5,0.5,0.4,0.7,2.2,5.3)
(1982,62,Brad Davis,PG,26,DAL,82,82,31.9,4.8,9.4,.515,0.2,0.6,.286,4.7,8.8,.530,.524,2.3,2.8,.804,0.4,2.3,2.8,6.2,0.9,0.1,1.9,2.7,12.1)
(1982,66,Walter Davis,SF,27,PHO,55,12,21.5,6.4,12.2,.523,0.1,0.3,.188,6.3,11.9,.531,.525,1.7,2.0,.820,0.4,1.5,1.9,2.9,0.8,0.1,2.0,1.9,14.4)
(1982,70,Coby Dietrick,C,33,CHI,74,0,13.5,1.2,2.7,.460,0.0,0.0,.000,1.2,2.7,.462,.460,0.5,0.7,.704,0.9,1.7,2.5,1.2,0.7,0.4,0.6,1.8,3.0)
(1982,74,Leon Douglas,C,27,KCK,63,17,17.3,1.1,2.2,.500,0.0,0.0,,1.1,2.2,.500,.500,0.5,1.3,.400,1.8,2.8,4.6,0.6,0.2,0.6,0.9,3.3,2.7)
(1982,78,Mike Dunleavy,SG,27,HOU,70,15,18.8,2.9,6.4,.458,0.5,1.2,.384,2.5,5.2,.475,.494,1.1,1.5,.708,0.3,1.1,1.5,3.2,0.6,0.0,1.1,2.3,7.4)
(1982,81,Craig Dykema,SF,22,PHO,32,0,3.2,0.5,1.2,.459,0.1,0.1,.500,0.5,1.0,.455,.486,0.2,0.3,.778,0.1,0.3,0.4,0.5,0.1,0.0,0.2,0.6,1.3)
(1982,85,Alex English*,SF,28,DEN,82,82,36.8,10.4,18.9,.551,0.0,0.1,.000,10.4,18.8,.553,.551,4.5,5.4,.840,2.6,4.2,6.8,5.3,1.1,1.5,3.2,3.2,25.4)
(1982,89,Chris Ford,SG,33,BOS,76,53,20.9,2.5,5.9,.418,0.3,0.8,.317,2.2,5.1,.434,.440,0.5,0.7,.696,0.7,0.7,1.4,1.9,0.6,0.1,0.7,1.9,5.7)
(1982,93,Mike Gale,PG,31,GSW,75,70,23.9,2.5,5.0,.496,0.0,0.1,.000,2.5,4.9,.503,.496,0.7,0.9,.785,0.5,2.0,2.5,3.5,1.6,0.4,1.7,2.3,5.6)
(1982,97,Mike Glenn,SG,26,ATL,49,0,17.0,3.2,5.9,.543,0.0,0.0,.500,3.2,5.9,.543,.545,1.2,1.4,.881,0.1,1.1,1.2,1.8,0.5,0.1,0.6,1.6,7.7)
(1982,Rk,Player,Pos,Age,Tm,G,GS,MP,FG,FGA,FG%,3P,3PA,3P%,2P,2PA,2P%,eFG%,FT,FTA,FT%,ORB,DRB,TRB,AST,STL,BLK,TOV,PF,PTS)
(1982,104,Darrell Griffith,SG,23,UTA,80,79,32.5,8.6,17.9,.482,0.2,0.7,.288,8.4,17.2,.489,.487,2.4,3.4,.697,1.6,2.2,3.8,2.3,1.2,0.4,2.4,2.7,19.8)
(1982,108,Glenn Hagan,PG,26,DET,4,0,6.3,0.8,1.8,.429,0.0,0.0,,0.8,1.8,.429,.429,0.3,0.3,1.000,0.5,0.5,1.0,2.0,0.8,0.0,0.3,1.8,1.8)
(1982,112,Mike Harper,PF,24,POR,68,38,21.1,2.7,5.4,.497,0.0,0.0,.000,2.7,5.4,.499,.497,1.4,2.3,.627,1.9,3.1,5.0,0.8,0.8,1.2,1.4,3.4,6.8)
(1982,116,Steve Hayes,C,26,TOT,35,0,13.9,1.5,3.2,.486,0.0,0.0,,1.5,3.2,.486,.486,0.9,1.5,.604,1.1,2.2,3.3,0.8,0.1,0.6,0.5,2.0,4.0)
(1982,120,Keith Herron,SG,25,CLE,30,0,9.0,1.3,3.5,.368,0.0,0.0,.000,1.3,3.5,.371,.368,0.2,0.3,.875,0.3,0.4,0.7,0.8,0.3,0.1,0.4,0.8,2.8)
(1982,123,Brad Holland,SG,25,TOT,14,3,13.9,1.9,5.6,.346,0.0,0.2,.000,1.9,5.4,.360,.346,0.2,0.4,.500,0.4,0.5,0.9,1.3,0.8,0.1,0.6,0.9,4.1)
(1982,127,Geoff Huston,PG,24,CLE,78,43,30.9,4.2,8.6,.484,0.0,0.1,.300,4.1,8.5,.486,.486,2.0,2.6,.765,0.7,1.2,1.9,7.6,0.9,0.1,2.2,2.2,10.3)
(1982,131,Clemon Johnson,C,25,IND,79,42,25.1,3.9,8.1,.487,0.0,0.0,,3.9,8.1,.487,.487,1.6,2.4,.651,2.3,4.9,7.2,1.6,0.8,1.4,1.7,3.1,9.5)
(1982,135,Frank Johnson,PG,23,WSB,79,29,25.7,4.3,10.3,.414,0.2,1.0,.215,4.0,9.3,.435,.424,1.9,2.6,.750,0.4,1.4,1.9,4.8,1.0,0.1,2.0,2.5,10.7)
(1982,139,Magic Johnson*,SG,22,LAL,78,77,38.3,7.1,13.3,.537,0.1,0.4,.207,7.1,12.9,.546,.540,4.2,5.6,.760,3.2,6.4,9.6,9.5,2.7,0.4,3.7,2.9,18.6)
(1982,142,Ollie Johnson,SF,32,PHI,26,0,5.8,1.0,2.1,.500,0.0,0.1,.333,1.0,2.0,.510,.509,0.2,0.3,.857,0.3,0.6,0.8,0.4,0.5,0.1,0.5,1.1,2.3)
(1982,146,Bobby Jones,PF,30,PHI,76,73,28.7,5.5,9.7,.564,0.0,0.0,.000,5.5,9.7,.567,.564,3.5,4.4,.790,1.4,3.7,5.2,2.5,1.3,1.5,1.9,2.8,14.4)
(1982,150,Major Jones,PF,28,HOU,60,6,12.4,1.9,3.6,.531,0.0,0.1,.000,1.9,3.5,.538,.531,0.7,1.3,.545,1.3,2.0,3.4,0.4,0.3,0.5,0.8,1.7,4.5)
(1982,154,Rich Kelley,C,28,PHO,81,39,23.4,2.9,6.2,.467,0.0,0.0,.000,2.9,6.2,.468,.467,2.1,2.8,.749,2.1,4.1,6.1,3.6,0.8,0.9,3.0,3.6,7.9)
(1982,158,Bernard King*,SF,25,GSW,79,77,36.2,9.4,16.5,.566,0.0,0.1,.200,9.4,16.5,.568,.567,4.5,6.3,.705,1.8,4.2,5.9,3.6,1.0,0.3,3.4,3.6,23.2)
(1982,160,Billy Knight,SF,29,IND,81,19,22.3,4.7,9.4,.495,0.1,0.4,.281,4.6,9.0,.504,.501,2.9,3.5,.826,1.2,2.0,3.2,1.5,0.8,0.2,1.7,1.6,12.3)
(1982,163,Kevin Kunnert,C,30,POR,21,0,11.3,1.0,2.3,.417,0.0,0.0,,1.0,2.3,.417,.417,0.4,0.8,.529,1.0,2.2,3.1,0.9,0.1,0.3,0.9,2.4,2.3)
(1982,167,Bill Laimbeer,C,24,TOT,80,34,22.9,3.3,6.7,.494,0.1,0.2,.308,3.3,6.5,.499,.498,2.3,2.9,.793,2.9,4.8,7.7,1.3,0.5,0.8,1.5,3.7,9.0)
(1982,171,Bob Lanier*,C,33,MIL,74,72,26.8,5.5,9.9,.558,0.0,0.0,.000,5.5,9.8,.560,.558,2.5,3.3,.752,1.2,4.0,5.2,3.0,1.0,0.8,2.2,2.9,13.5)
(1982,175,Ronnie Lester,PG,23,CHI,75,74,30.0,4.4,8.8,.501,0.1,0.1,.500,4.3,8.7,.501,.504,2.8,3.4,.813,1.0,1.8,2.8,4.8,1.1,0.2,2.5,2.1,11.6)
(1982,179,Kevin Loder,SF,22,KCK,71,13,16.0,2.9,6.3,.464,0.0,0.2,.000,2.9,6.2,.476,.464,1.1,1.5,.720,1.0,1.8,2.7,1.2,0.5,0.4,1.0,2.1,6.9)
(1982,182,Maurice Lucas,PF,29,NYK,80,74,33.4,6.3,12.5,.504,0.0,0.0,.000,6.3,12.5,.506,.504,3.2,4.4,.725,3.4,7.9,11.3,2.2,0.9,0.9,2.2,3.9,15.8)
(1982,186,Rick Mahorn,PF,23,WSB,80,80,33.3,5.2,10.2,.507,0.0,0.0,.000,5.2,10.2,.509,.507,1.9,2.9,.632,1.9,6.9,8.8,1.9,0.7,1.7,2.0,4.4,12.2)
(1982,190,Scott May,SF,27,MIL,65,7,18.3,3.3,6.4,.508,0.0,0.1,.000,3.3,6.4,.513,.508,2.4,3.0,.824,1.3,2.0,3.4,2.0,0.8,0.1,1.4,2.3,9.0)
(1982,194,Jim McElroy,PG,28,ATL,20,17,17.5,2.6,6.3,.416,0.1,0.3,.200,2.6,6.0,.425,.420,1.5,1.8,.806,0.3,0.6,0.9,2.0,0.4,0.2,1.1,2.2,6.7)
(1982,198,Kevin McKenna,SG,23,LAL,36,0,6.6,0.8,2.4,.322,0.0,0.1,.000,0.8,2.4,.329,.322,0.3,0.5,.647,0.5,0.3,0.8,0.4,0.3,0.1,0.6,1.3,1.9)
(1982,201,Joe Meriweather,C,28,KCK,18,10,21.1,2.6,5.1,.516,0.0,0.0,,2.6,5.1,.516,.516,1.7,2.2,.775,1.4,3.5,4.9,0.9,0.7,1.2,1.4,3.8,6.9)
(1982,205,Sidney Moncrief,SG,24,MIL,80,80,37.3,7.0,13.3,.523,0.0,0.2,.071,6.9,13.1,.529,.524,5.9,7.2,.817,2.8,3.9,6.7,4.8,1.7,0.3,2.6,2.6,19.8)
(1982,209,Larry Nance,PF,22,PHO,80,0,14.8,2.8,5.5,.521,0.0,0.0,.000,2.8,5.4,.522,.521,0.9,1.5,.641,1.2,2.0,3.2,1.0,0.5,0.9,1.3,2.1,6.6)
(1982,213,Carl Nicks,SG,23,UTA,80,1,16.5,3.2,6.9,.454,0.0,0.1,.000,3.2,6.9,.458,.454,1.1,1.9,.567,0.8,1.2,2.0,1.1,0.8,0.1,1.3,2.3,7.4)
(1982,217,Mark Olberding,PF,25,SAS,68,63,30.9,4.9,10.4,.472,0.0,0.2,.167,4.9,10.2,.478,.474,4.0,5.0,.808,1.7,4.7,6.5,3.0,0.8,0.4,2.0,3.7,13.8)
(1982,Rk,Player,Pos,Age,Tm,G,GS,MP,FG,FGA,FG%,3P,3PA,3P%,2P,2PA,2P%,eFG%,FT,FTA,FT%,ORB,DRB,TRB,AST,STL,BLK,TOV,PF,PTS)
(1982,224,Jim Paxson,SG,24,POR,82,82,33.6,8.1,15.3,.526,0.1,0.4,.229,8.0,14.9,.535,.529,2.7,3.5,.767,0.9,1.8,2.7,3.4,1.6,0.1,1.8,1.9,18.9)
(1982,228,Mark Radford,SG,22,SEA,43,0,8.6,1.3,2.3,.540,0.0,0.1,.667,1.2,2.3,.536,.550,0.8,1.6,.507,0.3,0.4,0.7,1.3,0.4,0.0,1.0,1.5,3.4)
(1982,232,James Ray,PF,24,DEN,40,4,6.6,1.3,2.9,.440,0.0,0.0,1.000,1.3,2.9,.435,.444,0.5,0.9,.583,0.5,1.2,1.6,0.7,0.3,0.4,0.9,1.5,3.1)
(1982,236,Micheal Ray Richardson,PG,26,NYK,82,79,37.1,7.5,16.4,.461,0.2,1.2,.188,7.3,15.1,.483,.468,2.6,3.7,.700,2.2,4.7,6.9,7.0,2.6,0.5,3.5,3.9,17.9)
(1982,240,Truck Robinson,PF,30,PHO,74,72,37.1,7.8,15.2,.513,0.0,0.0,1.000,7.8,15.2,.513,.514,3.4,5.0,.687,2.7,7.0,9.7,2.4,0.6,0.4,2.7,2.9,19.1)
(1982,243,John Roche,SG,32,DEN,39,2,12.8,1.7,3.8,.453,0.6,1.3,.442,1.2,2.5,.459,.530,0.7,1.0,.737,0.1,0.5,0.6,2.3,0.4,0.1,0.7,1.0,4.8)
(1982,247,Jeff Ruland,C,23,WSB,82,0,27.0,5.1,9.1,.561,0.0,0.0,.333,5.1,9.1,.562,.561,4.2,5.5,.752,3.1,6.2,9.3,1.6,0.5,0.7,2.9,3.9,14.4)
(1982,251,Alvin Scott,SF,26,PHO,81,38,21.5,2.3,4.7,.497,0.0,0.0,.000,2.3,4.7,.500,.497,1.3,1.8,.730,1.2,2.4,3.6,1.8,0.7,0.9,1.2,2.1,6.0)
(1982,255,Jerry Sichting,PG,25,IND,51,0,15.7,1.8,3.8,.469,0.0,0.2,.111,1.8,3.6,.486,.472,0.6,0.7,.763,0.3,0.8,1.1,2.3,0.6,0.0,0.8,1.2,4.2)
(1982,259,Larry Smith,PF,24,GSW,74,55,29.9,3.0,5.6,.534,0.0,0.0,.000,3.0,5.6,.535,.534,1.2,2.1,.553,3.8,7.2,11.0,1.1,0.9,0.7,1.4,3.9,7.1)
(1982,262,Robert Smith,PG,26,MIL,17,1,18.6,3.1,6.5,.473,0.1,0.6,.200,2.9,5.9,.500,.482,0.6,0.7,.833,0.1,0.8,0.8,2.6,0.6,0.1,0.8,2.1,6.8)
(1982,266,Larry Spriggs,SF,22,HOU,4,0,9.3,1.8,2.8,.636,0.0,0.0,,1.8,2.8,.636,.636,0.0,0.5,.000,0.5,1.0,1.5,1.0,0.5,0.0,1.0,1.8,3.5)
(1982,270,Reggie Theus,SG,24,CHI,82,82,34.6,6.8,14.6,.469,0.3,1.2,.250,6.5,13.3,.489,.479,4.4,5.5,.808,1.4,2.4,3.8,5.8,1.1,0.2,3.4,3.0,18.4)
(1982,274,Ray Tolbert,PF,23,TOT,64,0,9.5,1.6,3.2,.495,0.0,0.0,.000,1.6,3.1,.500,.495,0.3,0.5,.543,0.8,1.2,2.0,0.5,0.2,0.3,0.7,1.3,3.4)
(1982,278,Elston Turner,SF,22,DAL,80,62,25.0,3.5,8.0,.441,0.0,0.1,.000,3.5,7.9,.444,.441,1.2,1.7,.703,1.8,2.0,3.8,2.4,0.9,0.0,1.5,2.3,8.3)
(1982,281,Jan Van Breda Kolff,SF,30,NJN,41,0,11.0,1.0,2.0,.500,0.0,0.0,.000,1.0,2.0,.513,.500,1.5,1.9,.816,0.4,0.8,1.2,0.8,0.3,0.3,0.7,1.5,3.5)
(1982,285,Danny Vranes,SF,23,SEA,77,1,14.0,1.9,3.4,.546,0.0,0.0,.000,1.9,3.4,.548,.546,1.2,1.9,.601,0.9,1.6,2.6,0.7,0.4,0.3,0.9,1.9,4.9)
(1982,289,Richard Washington,PF,26,CLE,18,2,17.4,2.8,6.4,.435,0.0,0.1,.000,2.8,6.3,.442,.435,0.5,0.8,.600,1.8,2.4,4.2,0.8,0.4,0.1,1.9,2.8,6.1)
(1982,293,Jerome Whitehead,C,25,SDC,72,63,30.8,5.6,10.1,.559,0.0,0.0,,5.6,10.1,.559,.559,2.6,3.3,.763,3.2,6.0,9.2,1.4,0.7,0.6,2.0,4.0,13.8)
(1982,297,Jamaal Wilkes*,SF,28,LAL,82,82,35.4,9.1,17.3,.525,0.0,0.0,.000,9.1,17.2,.527,.525,3.0,4.1,.732,1.9,2.9,4.8,1.7,1.1,0.3,2.0,2.9,21.1)
(1982,Rk,Player,Pos,Age,Tm,G,GS,MP,FG,FGA,FG%,3P,3PA,3P%,2P,2PA,2P%,eFG%,FT,FTA,FT%,ORB,DRB,TRB,AST,STL,BLK,TOV,PF,PTS)
(1982,304,Ray Williams,SG,27,NJN,82,69,33.3,7.8,16.9,.462,0.1,0.7,.167,7.7,16.2,.474,.465,4.7,5.7,.832,1.4,2.5,4.0,6.0,2.4,0.5,3.5,3.7,20.4)
(1982,308,Brian Winters,SG,29,MIL,61,13,30.0,6.6,13.2,.501,0.6,1.5,.387,6.0,11.7,.516,.524,2.0,2.6,.788,0.8,2.0,2.8,4.1,0.9,0.1,1.9,3.1,15.9)
(1982,312,Mike Woodson,SG,23,TOT,83,74,28.1,6.5,12.9,.503,0.1,0.3,.280,6.4,12.6,.509,.507,2.7,3.4,.773,1.2,1.7,3.0,2.7,1.7,0.4,1.8,2.7,15.7)
(1982,316,Rich Yonakor,PF,23,SAS,10,0,7.0,1.4,2.6,.538,0.0,0.0,,1.4,2.6,.538,.538,0.5,0.7,.714,1.3,1.4,2.7,0.3,0.1,0.2,0.2,0.7,3.3)
