(1970,3,Mahdi Abdul-Rahman,PG,27,ATL,82,,33.6,6.0,12.9,.467,,,,6.0,12.9,.467,.467,3.3,4.0,.809,,,4.0,6.8,,,,3.2,15.3)
(1970,7,John Arthurs,G,22,MIL,11,,7.8,1.1,3.2,.343,,,,1.1,3.2,.343,.343,1.0,1.4,.733,,,1.3,1.5,,,,1.4,3.2)
(1970,11,Jim Barnett,SG,25,SDR,80,,26.3,5.6,12.5,.451,,,,5.6,12.5,.451,.451,3.6,4.6,.790,,,3.8,3.6,,,,2.8,14.9)
(1970,15,Walt Bellamy*,C,30,TOT,79,,25.7,4.4,8.5,.523,,,,4.4,8.5,.523,.523,2.7,4.7,.576,,,8.9,1.8,,,,3.3,11.6)
(1970,19,Bob Boozer,PF,32,SEA,82,,31.1,6.0,12.3,.491,,,,6.0,12.3,.491,.491,3.2,3.9,.822,,,8.7,1.3,,,,2.9,15.2)
(1970,22,Bill Bridges,PF,30,ATL,82,,39.9,5.4,11.4,.475,,,,5.4,11.4,.475,.475,4.0,5.5,.734,,,14.4,4.2,,,,3.6,14.8)
(1970,26,Wilt Chamberlain*,C,33,LAL,12,,42.1,10.8,18.9,.568,,,,10.8,18.9,.568,.568,5.8,13.1,.446,,,18.4,4.1,,,,2.6,27.3)
(1970,30,Archie Clark,PG,28,PHI,76,,36.5,7.8,15.8,.496,,,,7.8,15.8,.496,.496,4.1,5.2,.785,,,4.0,5.0,,,,2.6,19.7)
(1970,34,Freddie Crawford,SG,28,MIL,77,,17.3,3.2,6.6,.480,,,,3.2,6.6,.480,.480,1.3,1.9,.682,,,2.4,2.9,,,,2.4,7.6)
(1970,38,Jim Davis,C,28,ATL,82,,32.0,5.3,11.5,.464,,,,5.3,11.5,.464,.464,2.9,3.9,.755,,,9.7,2.9,,,,4.1,13.6)
(1970,41,Connie Dierking,C,33,CIN,76,,32.2,6.9,16.4,.419,,,,6.9,16.4,.419,.419,3.0,4.0,.752,,,8.2,2.2,,,,3.6,16.7)
(1970,45,Leroy Ellis,C,29,BAL,72,,16.2,2.7,5.8,.469,,,,2.7,5.8,.469,.469,1.2,1.6,.741,,,5.2,0.7,,,,1.8,6.6)
(1970,49,Jim Fox,C,26,PHO,81,,25.2,5.1,9.7,.524,,,,5.1,9.7,.524,.524,2.7,3.5,.770,,,7.0,1.1,,,,3.2,12.9)
(1970,53,Herm Gilliam,SG,23,CIN,57,,20.4,3.1,7.7,.406,,,,3.1,7.7,.406,.406,1.2,1.6,.747,,,3.8,3.1,,,,2.9,7.5)
(1970,57,Lamar Green,PF,22,PHO,58,,12.1,1.7,4.0,.432,,,,1.7,4.0,.432,.432,0.7,1.2,.586,,,4.8,0.3,,,,2.0,4.2)
(1970,Rk,Player,Pos,Age,Tm,G,GS,MP,FG,FGA,FG%,3P,3PA,3P%,2P,2PA,2P%,eFG%,FT,FTA,FT%,ORB,DRB,TRB,AST,STL,BLK,TOV,PF,PTS)
(1970,64,Shaler Halimon,SG,24,CHI,38,,13.6,2.5,6.4,.393,,,,2.5,6.4,.393,.393,1.3,1.9,.671,,,1.8,1.8,,,,1.5,6.3)
(1970,68,Connie Hawkins*,SF,27,PHO,81,,40.9,8.8,17.9,.490,,,,8.8,17.9,.490,.490,7.1,9.1,.779,,,10.4,4.8,,,,3.5,24.6)
(1970,72,Bill Hewitt,PF,25,TOT,65,,19.7,1.7,4.6,.369,,,,1.7,4.6,.369,.369,0.8,1.4,.574,,,5.4,1.0,,,,2.0,4.2)
(1970,76,Darrall Imhoff,C,31,PHI,79,,31.3,5.4,10.1,.540,,,,5.4,10.1,.540,.540,2.7,4.2,.650,,,9.5,2.7,,,,3.7,13.6)
(1970,80,Rich Johnson,C,23,BOS,65,,13.8,2.6,5.6,.463,,,,2.6,5.6,.463,.463,0.7,1.1,.657,,,3.2,0.5,,,,2.4,5.8)
(1970,83,Joe Kennedy,SF,23,SEA,14,,5.9,0.2,2.4,.088,,,,0.2,2.4,.088,.088,0.1,0.1,1.000,,,1.4,0.5,,,,0.5,0.6)
(1970,88,Steve Kuberski,PF,22,BOS,51,,15.6,2.5,6.6,.388,,,,2.5,6.6,.388,.388,1.3,1.8,.696,,,5.0,0.6,,,,1.7,6.4)
(1970,92,Paul Long,SG,25,DET,25,,5.2,1.1,2.5,.452,,,,1.1,2.5,.452,.452,1.1,1.5,.711,,,0.4,0.7,,,,0.9,3.3)
(1970,96,Mike Lynn,SF,24,LAL,44,,9.2,1.0,3.0,.331,,,,1.0,3.0,.331,.331,0.7,1.1,.646,,,1.5,0.7,,,,2.0,2.7)
(1970,100,Willie McCarter,SG,23,LAL,40,,21.5,3.3,8.7,.378,,,,3.3,8.7,.378,.378,1.1,1.5,.717,,,2.1,2.3,,,,1.8,7.7)
(1970,103,McCoy McLemore,SF,27,DET,73,,19.5,3.2,6.8,.466,,,,3.2,6.8,.466,.466,1.6,2.0,.821,,,4.6,1.1,,,,2.2,8.0)
(1970,107,Earl Monroe*,PG,25,BAL,82,,37.2,8.5,19.0,.446,,,,8.5,19.0,.446,.446,6.5,7.8,.830,,,3.1,4.9,,,,3.1,23.4)
(1970,111,Dorie Murrey,C,26,SEA,81,,13.3,1.9,4.2,.446,,,,1.9,4.2,.446,.446,1.7,2.3,.731,,,4.4,0.9,,,,2.4,5.5)
(1970,115,Grady O'Malley,F,21,ATL,24,,4.7,0.9,2.5,.350,,,,0.9,2.5,.350,.350,0.3,0.8,.421,,,1.1,0.4,,,,0.5,2.1)
(1970,119,Bob Portman,SG,22,SFW,60,,13.6,3.0,6.6,.445,,,,3.0,6.6,.445,.445,1.1,1.4,.776,,,3.7,0.5,,,,1.3,7.0)
(1970,122,Willis Reed*,C,27,NYK,81,,38.1,8.7,17.1,.507,,,,8.7,17.1,.507,.507,4.3,5.7,.756,,,13.9,2.0,,,,3.5,21.7)
(1970,126,Rick Roberson,C,22,LAL,74,,27.1,3.5,7.9,.447,,,,3.5,7.9,.447,.447,1.6,2.9,.566,,,9.1,1.2,,,,3.5,8.7)
(1970,130,Bob Rule,C,25,SEA,80,,37.0,9.9,21.3,.463,,,,9.9,21.3,.463,.463,4.8,6.8,.714,,,10.3,1.8,,,,3.5,24.6)
(1970,134,Dave Scholz,F,21,PHI,1,,1.0,1.0,1.0,1.000,,,,1.0,1.0,1.000,1.000,0.0,0.0,,,,0.0,0.0,,,,0.0,2.0)
(1970,138,Jerry Sloan*,SF,27,CHI,53,,34.4,5.8,13.9,.421,,,,5.8,13.9,.421,.421,3.9,6.0,.651,,,7.0,3.1,,,,3.4,15.6)
(1970,141,Greg Smith,PF,23,MIL,82,,28.9,4.1,8.1,.511,,,,4.1,8.1,.511,.511,1.5,2.1,.718,,,8.7,1.9,,,,3.7,9.8)
(1970,145,Nate Thurmond*,C,28,SFW,43,,44.6,7.9,19.2,.414,,,,7.9,19.2,.414,.414,6.1,8.0,.754,,,17.7,3.5,,,,2.6,21.9)
(1970,149,Al Tucker,PF,26,TOT,61,,13.4,2.4,4.7,.512,,,,2.4,4.7,.512,.512,1.1,1.4,.805,,,2.7,0.6,,,,1.4,5.9)
(1970,153,Tom Van Arsdale,SF,26,CIN,71,,35.8,8.7,19.4,.451,,,,8.7,19.4,.451,.451,5.4,6.9,.774,,,6.5,2.2,,,,3.5,22.8)
(1970,157,Jimmy Walker,SG,25,DET,81,,35.4,8.2,17.2,.478,,,,8.2,17.2,.478,.478,4.4,5.4,.807,,,3.0,3.1,,,,2.5,20.8)
(1970,Rk,Player,Pos,Age,Tm,G,GS,MP,FG,FGA,FG%,3P,3PA,3P%,2P,2PA,2P%,eFG%,FT,FTA,FT%,ORB,DRB,TRB,AST,STL,BLK,TOV,PF,PTS)
(1970,164,Lenny Wilkens*,PG,32,SEA,75,,37.4,6.0,14.2,.420,,,,6.0,14.2,.420,.420,5.8,7.4,.788,,,5.0,9.1,,,,2.8,17.8)
(1970,168,Sam Williams,SG,25,MIL,11,,4.0,1.0,2.2,.458,,,,1.0,2.2,.458,.458,0.5,1.0,.455,,,0.6,0.3,,,,0.5,2.5)
