(1970,2,Kareem Abdul-Jabbar*,C,22,MIL,82,,43.1,11.4,22.1,.518,,,,11.4,22.1,.518,.518,5.9,9.1,.653,,,14.5,4.1,,,,3.5,28.8)
(1970,6,Wally Anderzunas,SF,24,CIN,44,,8.4,1.5,3.8,.392,,,,1.5,3.8,.392,.392,0.7,1.0,.630,,,1.9,0.2,,,,1.1,3.6)
(1970,10,Dick Barnett,SG,33,NYK,82,,33.8,6.0,12.7,.475,,,,6.0,12.7,.475,.475,2.8,4.0,.714,,,2.7,3.6,,,,2.7,14.9)
(1970,14,Butch Beard,PG,22,ATL,72,,13.1,2.5,5.4,.467,,,,2.5,5.4,.467,.467,1.9,2.3,.828,,,1.9,1.7,,,,1.7,7.0)
(1970,18,Tom Boerwinkle,C,24,CHI,81,,28.8,4.3,9.6,.449,,,,4.3,9.6,.449,.449,1.9,2.8,.664,,,12.5,2.8,,,,3.1,10.4)
(1970,21,Bill Bradley*,SF,26,NYK,67,,31.3,6.2,13.4,.460,,,,6.2,13.4,.460,.460,2.2,2.6,.824,,,3.6,4.0,,,,3.3,14.5)
(1970,25,Fred Carter,SG,24,BAL,76,,16.0,2.1,5.8,.358,,,,2.1,5.8,.358,.358,1.1,1.5,.690,,,2.5,1.6,,,,1.8,5.2)
(1970,29,Len Chappell,SF,29,MIL,75,,15.1,3.2,7.0,.465,,,,3.2,7.0,.465,.465,1.8,2.8,.640,,,3.7,0.7,,,,1.7,8.3)
(1970,33,Bob Cousy*,PG,41,CIN,7,,4.9,0.1,0.4,.333,,,,0.1,0.4,.333,.333,0.4,0.4,1.000,,,0.7,1.4,,,,1.6,0.7)
(1970,37,Bob Dandridge,SF,22,MIL,81,,30.4,5.4,11.0,.485,,,,5.4,11.0,.485,.485,2.5,3.3,.754,,,7.7,3.6,,,,3.4,13.2)
(1970,Rk,Player,Pos,Age,Tm,G,GS,MP,FG,FGA,FG%,3P,3PA,3P%,2P,2PA,2P%,eFG%,FT,FTA,FT%,ORB,DRB,TRB,AST,STL,BLK,TOV,PF,PTS)
(1970,44,Joe Ellis,SF,25,SFW,76,,31.3,6.6,16.1,.410,,,,6.6,16.1,.410,.410,2.6,3.6,.741,,,7.8,1.8,,,,3.7,15.8)
(1970,48,Fred Foster,SF,23,CIN,74,,28.1,6.2,13.9,.449,,,,6.2,13.9,.449,.449,2.4,3.3,.724,,,4.2,1.4,,,,2.8,14.8)
(1970,52,Dick Garrett,SG,23,LAL,73,,31.8,4.8,11.2,.434,,,,4.8,11.2,.434,.434,1.9,2.2,.852,,,3.2,2.5,,,,3.2,11.6)
(1970,56,Johnny Green,PF,36,CIN,78,,29.2,6.2,11.0,.559,,,,6.2,11.0,.559,.559,3.3,5.5,.592,,,10.8,1.4,,,,3.4,15.6)
(1970,60,Richie Guerin*,SG,37,ATL,8,,8.0,0.4,1.4,.273,,,,0.4,1.4,.273,.273,0.1,0.1,1.000,,,0.3,1.5,,,,1.1,0.9)
(1970,63,Happy Hairston,PF,27,TOT,70,,34.7,6.9,13.9,.496,,,,6.9,13.9,.496,.496,4.7,5.9,.789,,,11.1,1.7,,,,3.3,18.5)
(1970,67,John Havlicek*,SG,29,BOS,81,,41.6,9.1,19.6,.464,,,,9.1,19.6,.464,.464,6.0,7.1,.844,,,7.8,6.8,,,,2.6,24.2)
(1970,71,Fred Hetzel,SF,27,PHI,63,,12.0,2.5,5.1,.483,,,,2.5,5.1,.483,.483,1.1,1.3,.835,,,3.3,0.7,,,,1.7,6.1)
(1970,75,Lou Hudson,SF,25,ATL,80,,38.6,10.4,19.6,.531,,,,10.4,19.6,.531,.531,4.6,5.6,.824,,,4.7,3.5,,,,2.8,25.4)
(1970,79,Neil Johnson,PF,26,PHO,28,,4.9,0.7,2.1,.333,,,,0.7,2.1,.333,.333,0.3,0.4,.667,,,1.7,0.4,,,,1.4,1.7)
(1970,82,Bob Kauffman,PF,23,CHI,64,,12.1,1.5,3.5,.425,,,,1.5,3.5,.425,.425,1.4,1.9,.715,,,3.3,1.2,,,,1.8,4.3)
(1970,86,Don Kojis,SF,31,SDR,56,,28.2,6.0,13.5,.447,,,,6.0,13.5,.447,.447,3.2,4.3,.751,,,6.9,1.4,,,,2.4,15.3)
(1970,87,Howard Komives,PG,28,DET,82,,29.5,4.4,10.7,.413,,,,4.4,10.7,.413,.413,2.3,2.9,.812,,,2.4,3.8,,,,3.0,11.2)
(1970,91,Bobby Lewis,SG,24,SFW,73,,18.5,2.9,7.6,.382,,,,2.9,7.6,.382,.382,1.4,2.1,.658,,,2.2,2.7,,,,2.3,7.2)
(1970,95,Jerry Lucas*,PF,29,TOT,67,,36.1,6.0,11.9,.507,,,,6.0,11.9,.507,.507,3.0,3.8,.784,,,14.2,2.6,,,,2.4,15.1)
(1970,99,Don May,SF,24,NYK,37,,6.4,1.1,2.7,.386,,,,1.1,2.7,.386,.386,0.5,0.5,.947,,,1.4,0.5,,,,1.1,2.6)
(1970,102,Stan McKenzie,SF,25,PHO,58,,9.1,1.4,3.6,.393,,,,1.4,3.6,.393,.393,1.0,1.3,.795,,,1.6,0.9,,,,1.2,3.8)
(1970,106,Steve Mix,SF,22,DET,18,,15.3,2.7,5.6,.480,,,,2.7,5.6,.480,.480,1.3,2.2,.590,,,3.6,0.8,,,,1.7,6.6)
(1970,110,Jeff Mullins,SG,27,SFW,74,,38.7,8.9,19.3,.460,,,,8.9,19.3,.460,.460,4.3,5.1,.847,,,5.2,4.9,,,,3.2,22.1)
(1970,114,Rich Niemann,C,23,BOS,6,,3.0,0.3,0.8,.400,,,,0.3,0.8,.400,.400,0.3,0.3,1.000,,,1.0,0.3,,,,1.7,1.0)
(1970,118,Loy Petersen,SG,24,CHI,31,,7.5,1.1,2.9,.367,,,,1.1,2.9,.367,.367,0.8,1.3,.667,,,0.8,0.7,,,,0.7,3.0)
(1970,121,Luther Rackley,C,23,CIN,66,,19.0,2.9,6.4,.449,,,,2.9,6.4,.449,.449,1.9,3.0,.636,,,5.7,0.8,,,,3.1,7.6)
(1970,125,Mike Riordan,SG,24,NYK,81,,20.7,3.1,6.8,.464,,,,3.1,6.8,.464,.464,1.4,2.0,.691,,,2.4,2.5,,,,2.4,7.7)
(1970,129,Guy Rodgers*,PG,34,MIL,64,,11.7,1.1,3.0,.356,,,,1.1,3.0,.356,.356,1.0,1.4,.744,,,1.2,3.3,,,,1.1,3.2)
(1970,133,Dale Schlueter,C,24,SFW,63,,10.9,1.3,2.7,.491,,,,1.3,2.7,.491,.491,1.0,1.5,.619,,,3.7,0.4,,,,1.7,3.6)
(1970,137,Paul Silas,PF,26,PHO,78,,36.4,4.8,10.3,.464,,,,4.8,10.3,.464,.464,3.2,5.3,.607,,,11.7,2.7,,,,3.4,12.8)
(1970,Rk,Player,Pos,Age,Tm,G,GS,MP,FG,FGA,FG%,3P,3PA,3P%,2P,2PA,2P%,eFG%,FT,FTA,FT%,ORB,DRB,TRB,AST,STL,BLK,TOV,PF,PTS)
(1970,144,Rod Thorn,SG,28,SEA,19,,5.5,1.1,2.4,.444,,,,1.1,2.4,.444,.444,0.8,1.3,.625,,,0.8,0.9,,,,0.4,2.9)
(1970,148,John Tresvant,PF,30,TOT,69,,21.7,3.8,8.6,.444,,,,3.8,8.6,.444,.444,3.0,4.1,.725,,,6.2,1.6,,,,3.0,10.6)
(1970,152,Dick Van Arsdale,SG,26,PHO,77,,38.5,7.7,15.1,.508,,,,7.7,15.1,.508,.508,6.0,7.5,.798,,,3.4,4.4,,,,3.7,21.3)
(1970,156,Chet Walker*,SF,29,CHI,78,,34.9,7.6,16.0,.477,,,,7.6,16.0,.477,.477,6.2,7.3,.850,,,7.7,2.5,,,,2.6,21.5)
(1970,160,Bob Weiss,PG,27,CHI,82,,31.0,4.5,10.4,.427,,,,4.5,10.4,.427,.427,2.6,3.1,.842,,,2.8,5.8,,,,2.5,11.5)
(1970,163,Jo Jo White*,PG,23,BOS,60,,22.1,5.2,11.4,.452,,,,5.2,11.4,.452,.452,1.9,2.3,.822,,,2.8,2.4,,,,2.2,12.2)
(1970,167,Ron Williams,PG,25,SFW,80,,30.4,5.7,13.1,.432,,,,5.7,13.1,.432,.432,3.5,4.2,.822,,,2.4,5.3,,,,3.6,14.8)
(1970,171,Tom Workman,F-C,25,DET,2,,3.0,0.0,0.5,.000,,,,0.0,0.5,.000,.000,0.0,0.0,,,,0.0,0.0,,,,0.5,0.0)
