(1970,1,Zaid Abdul-Aziz,PF,23,MIL,80,,20.5,3.0,6.8,.434,,,,3.0,6.8,.434,.434,1.5,2.3,.643,,,7.5,0.8,,,,2.1,7.4)
(1970,5,Lucius Allen,PG,22,SEA,81,,22.4,3.8,8.5,.442,,,,3.8,8.5,.442,.442,2.2,3.1,.731,,,2.6,4.2,,,,2.5,9.8)
(1970,9,Jim Barnes,C,28,BOS,77,,13.6,2.3,5.6,.410,,,,2.3,5.6,.410,.410,1.2,1.7,.742,,,4.5,0.7,,,,3.0,5.9)
(1970,13,Elgin Baylor*,SF,35,LAL,54,,41.0,9.5,19.5,.486,,,,9.5,19.5,.486,.486,5.1,6.6,.773,,,10.4,5.4,,,,2.4,24.0)
(1970,17,John Block,PF,25,SDR,82,,26.2,5.5,12.5,.442,,,,5.5,12.5,.442,.442,3.5,4.5,.782,,,7.4,1.7,,,,3.4,14.5)
(1970,Rk,Player,Pos,Age,Tm,G,GS,MP,FG,FGA,FG%,3P,3PA,3P%,2P,2PA,2P%,eFG%,FT,FTA,FT%,ORB,DRB,TRB,AST,STL,BLK,TOV,PF,PTS)
(1970,24,Joe Caldwell,SG,28,ATL,82,,34.8,8.2,16.2,.507,,,,8.2,16.2,.507,.507,4.6,6.7,.688,,,5.0,3.5,,,,3.1,21.1)
(1970,28,Don Chaney,SG,23,BOS,63,,13.3,1.8,5.1,.359,,,,1.8,5.1,.359,.359,1.3,1.7,.752,,,2.4,1.1,,,,1.9,5.0)
(1970,32,Mel Counts,C,28,LAL,81,,27.1,5.4,12.6,.427,,,,5.4,12.6,.427,.427,1.9,2.5,.776,,,8.4,2.0,,,,3.8,12.6)
(1970,36,Dick Cunningham,C,23,MIL,60,,6.9,0.9,2.4,.369,,,,0.9,2.4,.369,.369,0.4,0.6,.667,,,2.7,0.5,,,,1.2,2.1)
(1970,40,Dave DeBusschere*,PF,29,NYK,79,,33.3,6.2,13.7,.451,,,,6.2,13.7,.451,.451,2.2,3.2,.688,,,10.0,2.5,,,,3.1,14.6)
(1970,43,Johnny Egan,PG,31,LAL,72,,22.6,3.0,6.8,.438,,,,3.0,6.8,.438,.438,1.4,1.7,.818,,,1.4,3.0,,,,2.4,7.3)
(1970,47,Hank Finkel,C,27,BOS,80,,23.3,3.9,8.5,.454,,,,3.9,8.5,.454,.454,2.0,2.9,.670,,,7.7,1.3,,,,3.7,9.7)
(1970,51,Dave Gambee,SF,32,SFW,73,,13.0,2.5,6.4,.399,,,,2.5,6.4,.399,.399,2.1,2.5,.839,,,3.3,0.8,,,,2.4,7.2)
(1970,55,Bob Greacen,SF,22,MIL,41,,7.1,1.1,2.7,.404,,,,1.1,2.7,.404,.404,0.4,0.7,.643,,,1.4,0.7,,,,1.2,2.6)
(1970,59,Gary Gregor,SF,24,ATL,81,,19.8,3.5,8.2,.433,,,,3.5,8.2,.433,.433,1.1,1.4,.779,,,4.9,0.8,,,,2.0,8.1)
(1970,62,Al Hairston,SG,24,SEA,3,,6.7,1.0,2.7,.375,,,,1.0,2.7,.375,.375,0.3,0.3,1.000,,,1.7,2.0,,,,1.0,2.3)
(1970,66,Clem Haskins,SG,26,CHI,82,,39.2,8.1,18.1,.450,,,,8.1,18.1,.450,.450,4.0,5.2,.783,,,4.6,7.6,,,,2.9,20.3)
(1970,70,Brian Heaney,G,23,BAL,14,,5.0,0.9,1.7,.542,,,,0.9,1.7,.542,.542,0.1,0.3,.500,,,0.3,0.4,,,,1.2,2.0)
(1970,74,Bailey Howell*,PF,33,BOS,82,,25.3,4.9,11.4,.429,,,,4.9,11.4,.429,.429,2.9,3.8,.763,,,6.7,1.5,,,,3.2,12.6)
(1970,78,Gus Johnson*,PF,31,BAL,78,,37.4,7.4,16.4,.451,,,,7.4,16.4,.451,.451,2.5,3.5,.724,,,13.9,3.4,,,,3.4,17.3)
(1970,81,Wali Jones,PG,27,PHI,78,,22.3,4.7,10.9,.430,,,,4.7,10.9,.430,.430,2.4,2.9,.841,,,2.2,3.5,,,,2.7,11.8)
(1970,85,Jim King,PG,28,TOT,34,,11.5,1.6,3.8,.411,,,,1.6,3.8,.411,.411,1.0,1.2,.805,,,1.8,1.5,,,,1.4,4.1)
(1970,90,Clyde Lee,C,25,SFW,82,,32.2,4.4,10.0,.440,,,,4.4,10.0,.440,.440,2.2,3.7,.593,,,11.3,1.0,,,,3.2,11.0)
(1970,94,Bob Love,PF,27,CHI,82,,38.1,7.8,16.7,.466,,,,7.8,16.7,.466,.466,5.4,6.4,.842,,,8.7,1.8,,,,3.2,21.0)
(1970,98,Jack Marin,SF,25,BAL,82,,35.9,8.1,16.6,.489,,,,8.1,16.6,.489,.489,3.5,4.1,.844,,,6.5,2.6,,,,3.0,19.7)
(1970,101,Jon McGlocklin,SG,26,MIL,82,,36.2,7.8,14.7,.530,,,,7.8,14.7,.530,.530,2.1,2.4,.854,,,3.1,3.7,,,,2.0,17.6)
(1970,105,Eddie Miles,SG,29,TOT,47,,27.6,5.1,11.5,.440,,,,5.1,11.5,.440,.440,2.8,3.7,.760,,,3.8,1.8,,,,2.3,13.0)
(1970,109,Erwin Mueller,PF,25,TOT,78,,30.2,3.8,8.3,.464,,,,3.8,8.3,.464,.464,2.4,3.4,.719,,,6.2,2.6,,,,2.5,10.1)
(1970,113,Dave Newmark,C,23,ATL,64,,9.6,2.0,4.6,.429,,,,2.0,4.6,.429,.429,0.9,1.2,.766,,,2.7,0.7,,,,2.0,4.9)
(1970,117,Don Ohl,SG,33,ATL,66,,14.9,2.7,5.6,.473,,,,2.7,5.6,.473,.473,0.9,1.1,.806,,,1.1,1.5,,,,1.7,6.2)
(1970,Rk,Player,Pos,Age,Tm,G,GS,MP,FG,FGA,FG%,3P,3PA,3P%,2P,2PA,2P%,eFG%,FT,FTA,FT%,ORB,DRB,TRB,AST,STL,BLK,TOV,PF,PTS)
(1970,124,Pat Riley*,SF,24,SDR,36,,13.2,2.1,5.0,.417,,,,2.1,5.0,.417,.417,1.1,1.5,.727,,,1.6,2.4,,,,1.9,5.3)
(1970,128,Flynn Robinson,PG,28,MIL,81,,34.1,8.2,17.2,.477,,,,8.2,17.2,.477,.477,5.4,6.0,.898,,,3.2,5.5,,,,3.1,21.8)
(1970,132,Tom Sanders*,SF,31,BOS,57,,28.4,4.3,9.7,.443,,,,4.3,9.7,.443,.443,2.8,3.2,.880,,,5.5,1.6,,,,3.5,11.5)
(1970,136,Larry Siegfried,PG,30,BOS,78,,26.7,4.9,11.6,.424,,,,4.9,11.6,.424,.424,2.8,3.3,.856,,,2.7,3.8,,,,2.4,12.6)
(1970,140,Bingo Smith,SF,23,SDR,75,,16.0,3.2,7.6,.427,,,,3.2,7.6,.427,.427,0.9,1.3,.688,,,4.4,1.0,,,,1.6,7.3)
(1970,143,Dave Stallworth,SF,28,NYK,82,,16.8,2.9,6.8,.429,,,,2.9,6.8,.429,.429,2.0,2.7,.716,,,3.9,1.7,,,,2.4,7.8)
(1970,147,John Trapp,SF,24,SDR,70,,14.6,2.6,6.2,.426,,,,2.6,6.2,.426,.426,1.0,1.5,.692,,,4.4,0.7,,,,2.9,6.3)
(1970,151,Wes Unseld*,C,23,BAL,82,,39.4,6.4,12.4,.518,,,,6.4,12.4,.518,.518,3.3,5.2,.638,,,16.7,3.5,,,,3.0,16.2)
(1970,155,Neal Walk,C,21,PHO,82,,17.0,3.1,6.7,.470,,,,3.1,6.7,.470,.470,1.9,3.0,.640,,,5.5,1.0,,,,2.7,8.2)
(1970,159,Jim Washington,PF,26,PHI,79,,31.1,5.1,10.7,.476,,,,5.1,10.7,.476,.476,2.6,3.5,.747,,,9.3,1.3,,,,3.3,12.7)
(1970,162,Jerry West*,PG,31,LAL,74,,42.0,11.2,22.6,.497,,,,11.2,22.6,.497,.497,8.7,10.6,.824,,,4.6,7.5,,,,2.2,31.2)
(1970,166,Bernie Williams,SG,24,SDR,72,,17.1,3.5,8.9,.392,,,,3.5,8.9,.392,.392,1.3,1.7,.787,,,2.2,2.3,,,,1.7,8.3)
(1970,170,Lee Winfield,PG,22,SEA,64,,12.0,2.2,4.5,.479,,,,2.2,4.5,.479,.479,1.4,1.8,.750,,,1.5,1.6,,,,1.5,5.7)
