(1970,Rk,Player,Pos,Age,Tm,G,GS,MP,FG,FGA,FG%,3P,3PA,3P%,2P,2PA,2P%,eFG%,FT,FTA,FT%,ORB,DRB,TRB,AST,STL,BLK,TOV,PF,PTS)
(1970,4,Rick Adelman,PG,23,SDR,35,,20.5,2.7,7.1,.389,,,,2.7,7.1,.389,.389,1.9,2.6,.747,,,2.3,3.2,,,,2.6,7.4)
(1970,8,Al Attles,PG,33,SFW,45,,15.0,1.7,4.5,.386,,,,1.7,4.5,.386,.386,1.7,2.5,.664,,,1.6,3.2,,,,2.3,5.1)
(1970,12,Johnny Baum,SF,23,CHI,3,,4.3,1.0,3.7,.273,,,,1.0,3.7,.273,.273,0.0,0.0,,,,1.3,0.0,,,,0.3,2.0)
(1970,16,Dave Bing*,PG,26,DET,70,,33.3,8.2,18.5,.444,,,,8.2,18.5,.444,.444,6.5,8.3,.783,,,4.3,6.0,,,,2.8,22.9)
(1970,20,Nate Bowman,C,26,NYK,81,,9.2,1.2,2.9,.417,,,,1.2,2.9,.417,.417,0.5,1.0,.519,,,3.2,0.6,,,,2.3,2.9)
(1970,23,Em Bryant,PG,31,BOS,71,,22.8,3.0,7.3,.404,,,,3.0,7.3,.404,.404,1.9,2.5,.746,,,3.8,3.3,,,,2.8,7.8)
(1970,27,Jerry Chambers,SF,26,PHO,79,,14.4,3.6,8.3,.430,,,,3.6,8.3,.430,.430,1.2,1.6,.728,,,2.8,0.7,,,,2.1,8.3)
(1970,31,Barry Clemens,SF,26,SEA,78,,19.1,3.5,7.6,.454,,,,3.5,7.6,.454,.454,1.4,1.8,.793,,,4.1,1.5,,,,2.4,8.3)
(1970,35,Billy Cunningham*,SF,26,PHI,81,,39.4,9.9,21.1,.469,,,,9.9,21.1,.469,.469,6.3,8.6,.729,,,13.6,4.3,,,,4.1,26.1)
(1970,39,Mike Davis,SG,23,BAL,56,,23.8,4.6,10.5,.444,,,,4.6,10.5,.444,.444,2.7,3.4,.776,,,2.3,2.0,,,,3.1,11.9)
(1970,42,Terry Dischinger,SF,29,DET,75,,23.4,4.6,8.7,.526,,,,4.6,8.7,.526,.526,2.3,3.2,.722,,,4.9,1.4,,,,2.8,11.4)
(1970,46,Keith Erickson,SF,25,LAL,68,,25.8,3.8,8.3,.458,,,,3.8,8.3,.458,.458,1.3,1.8,.746,,,4.5,3.1,,,,2.6,8.9)
(1970,50,Walt Frazier*,PG,24,NYK,77,,39.5,7.8,15.0,.518,,,,7.8,15.0,.518,.518,5.3,7.1,.748,,,6.0,8.2,,,,2.6,20.9)
(1970,54,Gail Goodrich*,PG,26,PHO,81,,39.9,7.0,15.4,.454,,,,7.0,15.4,.454,.454,6.0,7.5,.808,,,4.2,7.5,,,,3.1,20.0)
(1970,58,Hal Greer*,SG,33,PHI,80,,37.8,8.8,19.4,.455,,,,8.8,19.4,.455,.455,4.4,5.4,.815,,,4.7,5.1,,,,3.8,22.0)
(1970,61,Matt Guokas,SG,25,PHI,80,,19.5,2.4,5.2,.454,,,,2.4,5.2,.454,.454,1.3,1.9,.711,,,2.7,2.8,,,,2.5,6.1)
(1970,65,Art Harris,SG,23,TOT,81,,19.2,3.5,8.9,.394,,,,3.5,8.9,.394,.394,1.1,1.7,.642,,,2.0,2.9,,,,2.7,8.1)
(1970,69,Elvin Hayes*,C,24,SDR,82,,44.7,11.1,24.6,.452,,,,11.1,24.6,.452,.452,5.2,7.6,.688,,,16.9,2.0,,,,3.3,27.5)
(1970,73,Bill Hosket,PF,23,NYK,36,,6.5,1.3,2.5,.505,,,,1.3,2.5,.505,.505,0.7,0.9,.788,,,1.8,0.5,,,,1.0,3.3)
(1970,77,Luke Jackson,PF,28,PHI,37,,15.8,1.9,4.9,.392,,,,1.9,4.9,.392,.392,1.6,2.2,.741,,,5.4,1.4,,,,2.2,5.5)
(1970,Rk,Player,Pos,Age,Tm,G,GS,MP,FG,FGA,FG%,3P,3PA,3P%,2P,2PA,2P%,eFG%,FT,FTA,FT%,ORB,DRB,TRB,AST,STL,BLK,TOV,PF,PTS)
(1970,84,Toby Kimball,PF,27,SDR,77,,21.1,2.8,6.6,.429,,,,2.8,6.6,.429,.429,1.4,2.4,.578,,,8.1,1.2,,,,2.4,7.1)
(1970,89,Stu Lantz,PG,23,SDR,82,,30.1,5.5,12.5,.443,,,,5.5,12.5,.443,.443,3.4,4.4,.770,,,3.1,3.5,,,,2.9,14.5)
(1970,93,Kevin Loughery,SG,29,BAL,55,,37.0,8.7,19.7,.441,,,,8.7,19.7,.441,.441,4.6,5.4,.849,,,3.1,5.3,,,,3.3,21.9)
(1970,97,Ed Manning,SF-PF,26,TOT,67,,11.6,1.8,4.8,.371,,,,1.8,4.8,.371,.371,0.6,0.8,.750,,,3.5,0.5,,,,1.8,4.2)
(1970,Rk,Player,Pos,Age,Tm,G,GS,MP,FG,FGA,FG%,3P,3PA,3P%,2P,2PA,2P%,eFG%,FT,FTA,FT%,ORB,DRB,TRB,AST,STL,BLK,TOV,PF,PTS)
(1970,104,Tom Meschery,SF,31,SEA,80,,28.7,4.9,10.2,.482,,,,4.9,10.2,.482,.482,2.5,3.1,.790,,,8.3,2.0,,,,4.0,12.3)
(1970,108,Otto Moore,C,23,DET,81,,31.1,4.7,9.9,.476,,,,4.7,9.9,.476,.476,2.4,3.8,.636,,,11.1,1.3,,,,2.9,11.9)
(1970,112,Don Nelson*,PF,29,BOS,82,,27.1,5.6,11.2,.501,,,,5.6,11.2,.501,.501,4.1,5.3,.775,,,7.3,1.8,,,,2.9,15.4)
(1970,116,Bud Ogden,SF,23,PHI,47,,7.6,1.7,3.7,.477,,,,1.7,3.7,.477,.477,0.6,0.8,.692,,,1.8,0.7,,,,1.3,4.1)
(1970,120,Bob Quick,SF,23,TOT,34,,10.7,1.9,4.1,.453,,,,1.9,4.1,.453,.453,1.4,2.1,.690,,,2.2,0.4,,,,1.5,5.1)
(1970,123,George Reynolds,G,22,DET,10,,4.4,0.8,1.9,.421,,,,0.8,1.9,.421,.421,0.5,0.7,.714,,,1.4,1.2,,,,1.0,2.1)
(1970,127,Oscar Robertson*,PG,31,CIN,69,,41.5,9.4,18.4,.511,,,,9.4,18.4,.511,.511,6.6,8.1,.809,,,6.1,8.1,,,,2.5,25.3)
(1970,131,Cazzie Russell,SF,25,NYK,78,,20.0,4.9,9.9,.498,,,,4.9,9.9,.498,.498,1.6,2.1,.775,,,3.0,1.7,,,,1.8,11.5)
(1970,135,Ray Scott,PF,31,BAL,73,,19.1,3.5,8.3,.425,,,,3.5,8.3,.425,.425,1.9,2.4,.803,,,6.3,1.6,,,,2.0,8.9)
(1970,139,Adrian Smith,SG,33,TOT,77,,14.1,2.0,5.4,.368,,,,2.0,5.4,.368,.368,2.0,2.2,.894,,,1.1,1.7,,,,1.6,5.9)
(1970,142,Dick Snyder,SG,25,TOT,82,,29.7,5.6,10.5,.528,,,,5.6,10.5,.528,.528,2.1,2.5,.813,,,3.9,4.2,,,,3.4,13.2)
(1970,146,Gene Tormohlen,C,32,ATL,2,,5.5,1.0,2.0,.500,,,,1.0,2.0,.500,.500,0.0,0.0,,,,2.0,0.5,,,,1.5,2.0)
(1970,150,Bill Turner,PF-SF,25,TOT,72,,16.3,2.7,6.5,.421,,,,2.7,6.5,.421,.421,1.7,2.3,.737,,,4.2,0.6,,,,2.7,7.2)
(1970,154,Norm Van Lier,PG,22,CIN,81,,35.7,3.7,9.2,.403,,,,3.7,9.2,.403,.403,2.0,2.8,.741,,,5.0,6.2,,,,4.1,9.5)
(1970,158,John Warren,SG,22,NYK,44,,6.2,1.0,2.5,.407,,,,1.0,2.5,.407,.407,0.5,0.8,.686,,,0.9,0.7,,,,1.2,2.5)
(1970,161,Walt Wesley,C,25,CHI,72,,19.5,3.8,9.0,.417,,,,3.8,9.0,.417,.417,2.0,3.0,.662,,,6.3,0.9,,,,2.6,9.5)
(1970,165,Art Williams,PG,30,SDR,80,,19.3,2.4,5.8,.407,,,,2.4,5.8,.407,.407,1.1,1.5,.746,,,3.7,6.3,,,,2.1,5.8)
(1970,169,George Wilson,C,27,PHI,67,,12.5,1.8,4.5,.388,,,,1.8,4.5,.388,.388,1.8,2.6,.709,,,4.7,0.8,,,,2.2,5.3)
