(1991,1,Alaa Abdelnaby,PF,22,POR,43,0,6.7,1.3,2.7,.474,0.0,0.0,,1.3,2.7,.474,.474,0.6,1.0,.568,0.6,1.4,2.1,0.3,0.1,0.3,0.5,0.9,3.1)
(1991,5,Mark Aguirre,SF,31,DET,78,13,25.7,5.4,11.7,.462,0.3,1.0,.308,5.1,10.7,.477,.475,3.1,4.1,.757,1.7,3.1,4.8,1.8,0.6,0.3,1.6,2.7,14.2)
(1991,9,Greg Anderson,PF,26,TOT,68,2,13.6,1.7,4.0,.430,0.0,0.0,.000,1.7,4.0,.431,.430,0.9,1.7,.522,1.4,3.3,4.7,0.2,0.5,0.7,1.2,2.1,4.3)
(1991,13,Michael Ansley,SF,23,ORL,67,1,13.1,2.1,3.9,.548,0.0,0.0,,2.1,3.9,.548,.548,1.4,1.9,.717,1.8,2.0,3.8,0.4,0.4,0.1,0.5,1.9,5.7)
(1991,17,Milos Babic,PF,22,CLE,12,0,4.3,0.5,1.6,.316,0.0,0.0,,0.5,1.6,.316,.316,0.6,1.0,.583,0.5,0.3,0.8,0.3,0.1,0.1,0.4,0.6,1.6)
(1991,Rk,Player,Pos,Age,Tm,G,GS,MP,FG,FGA,FG%,3P,3PA,3P%,2P,2PA,2P%,eFG%,FT,FTA,FT%,ORB,DRB,TRB,AST,STL,BLK,TOV,PF,PTS)
(1991,24,Kenny Battle,SG,26,TOT,56,8,16.9,2.4,5.0,.472,0.1,0.4,.125,2.3,4.6,.504,.477,1.3,1.7,.753,1.5,1.7,3.1,1.1,1.1,0.3,0.9,1.9,6.1)
(1991,28,Larry Bird*,SF,34,BOS,60,60,38.0,7.7,17.0,.454,1.3,3.3,.389,6.4,13.7,.470,.492,2.7,3.1,.891,0.9,7.6,8.5,7.2,1.8,1.0,3.1,2.0,19.4)
(1991,32,Muggsy Bogues,PG,26,CHH,81,46,28.4,3.0,6.5,.460,0.0,0.1,.000,3.0,6.3,.471,.460,1.1,1.3,.796,0.7,2.0,2.7,8.3,1.7,0.0,1.5,2.0,7.0)
(1991,36,Randy Breuer,C,30,MIN,73,44,20.6,2.7,6.0,.453,0.0,0.0,,2.7,6.0,.453,.453,0.5,1.1,.443,1.6,3.2,4.7,1.0,0.5,1.1,0.9,1.8,5.9)
(1991,40,Dee Brown,PG,22,BOS,82,5,23.7,3.5,7.5,.464,0.1,0.4,.206,3.4,7.0,.479,.470,1.7,1.9,.873,0.5,1.7,2.2,4.2,1.0,0.2,1.7,2.0,8.7)
(1991,43,Mark Bryant,PF,25,POR,53,0,14.7,1.9,3.8,.488,0.0,0.0,.000,1.9,3.8,.490,.488,1.4,1.9,.733,1.2,2.4,3.6,0.5,0.3,0.2,0.6,2.3,5.1)
(1991,47,Greg Butler,C,24,LAC,9,0,4.1,0.6,2.1,.263,0.0,0.0,,0.6,2.1,.263,.263,0.4,0.7,.667,0.9,0.9,1.8,0.1,0.0,0.0,0.4,1.0,1.6)
(1991,51,Elden Campbell,PF,22,LAL,52,0,7.3,1.1,2.4,.455,0.0,0.0,,1.1,2.4,.455,.455,0.6,0.9,.653,0.8,1.1,1.8,0.2,0.2,0.7,0.3,1.4,2.8)
(1991,55,Bill Cartwright,C,33,CHI,79,79,28.8,4.0,8.2,.490,0.0,0.0,,4.0,8.2,.490,.490,1.6,2.3,.697,2.1,4.0,6.2,1.6,0.4,0.2,1.4,2.1,9.6)
(1991,59,Tom Chambers,PF,31,PHO,76,75,32.6,7.3,16.7,.437,0.3,1.0,.274,7.1,15.8,.447,.445,5.0,6.0,.826,1.4,5.1,6.4,2.6,0.9,0.7,2.3,3.1,19.9)
(1991,62,Derrick Chievous,SF,23,CLE,18,0,6.1,0.9,2.6,.370,0.0,0.0,,0.9,2.6,.370,.370,0.5,0.9,.563,0.6,0.4,1.0,0.1,0.2,0.1,0.3,0.9,2.4)
(1991,66,Steve Colter,PG,28,SAC,19,0,13.2,1.2,2.9,.411,0.3,0.7,.357,0.9,2.2,.429,.455,0.4,0.5,.700,0.3,1.1,1.4,1.9,0.6,0.1,0.6,1.4,3.1)
(1991,70,Tyrone Corbin,SF,28,MIN,82,82,39.0,7.2,16.0,.448,0.0,0.1,.200,7.1,15.9,.450,.449,3.6,4.5,.798,2.3,4.9,7.2,4.2,2.0,0.6,2.5,3.1,18.0)
(1991,74,Earl Cureton,PF,33,CHH,9,1,17.7,0.9,2.7,.333,0.0,0.1,.000,0.9,2.6,.348,.333,0.1,0.3,.333,0.7,3.3,4.0,0.3,0.0,0.3,0.7,1.8,1.9)
(1991,78,Brad Daugherty,C,25,CLE,76,76,38.8,8.0,15.2,.524,0.0,0.0,.000,8.0,15.2,.525,.524,5.7,7.6,.751,2.3,8.6,10.9,3.3,1.0,0.6,2.8,2.5,21.6)
(1991,81,Walter Davis,SG,36,TOT,71,14,20.9,5.7,12.1,.468,0.2,0.5,.306,5.5,11.6,.475,.474,1.5,1.6,.915,1.0,1.5,2.5,1.8,1.1,0.0,1.2,2.1,13.0)
(1991,85,Vlade Divac,C,22,LAL,82,81,28.2,4.4,7.8,.565,0.1,0.2,.357,4.3,7.6,.570,.569,2.4,3.4,.703,2.5,5.6,8.1,1.1,1.3,1.5,1.8,3.0,11.2)
(1991,89,Larry Drew,PG,32,LAL,48,2,10.3,1.1,2.6,.432,0.3,0.7,.424,0.8,1.9,.435,.488,0.4,0.5,.773,0.1,0.6,0.7,2.5,0.3,0.0,1.0,0.8,2.9)
(1991,93,Joe Dumars*,SG,27,DET,80,80,38.1,7.8,16.2,.481,0.2,0.6,.311,7.6,15.6,.488,.487,4.6,5.2,.890,0.8,1.6,2.3,5.5,1.1,0.1,2.4,1.7,20.4)
(1991,97,Blue Edwards,SF,25,UTA,62,56,26.0,3.9,7.5,.526,0.1,0.4,.250,3.8,7.1,.541,.532,1.3,1.9,.701,0.8,2.4,3.2,1.7,0.9,0.5,1.7,3.3,9.3)
(1991,Rk,Player,Pos,Age,Tm,G,GS,MP,FG,FGA,FG%,3P,3PA,3P%,2P,2PA,2P%,eFG%,FT,FTA,FT%,ORB,DRB,TRB,AST,STL,BLK,TOV,PF,PTS)
(1991,104,Pervis Ellison,C,23,WSB,76,30,25.6,4.3,8.4,.513,0.0,0.1,.000,4.3,8.3,.517,.513,1.8,2.8,.650,2.9,4.8,7.7,1.3,0.6,2.1,1.9,3.5,10.4)
(1991,108,Jim Farmer,SG,26,TOT,27,1,16.9,3.7,8.3,.453,0.2,0.9,.217,3.6,7.4,.480,.464,1.8,2.4,.738,1.1,1.4,2.5,1.4,0.5,0.1,1.4,2.1,9.4)
(1991,112,Vern Fleming,PG,28,IND,69,45,28.0,5.2,9.7,.531,0.1,0.3,.222,5.1,9.5,.539,.534,2.3,3.2,.729,1.2,1.9,3.1,5.3,1.1,0.2,2.0,1.7,12.7)
(1991,116,Corey Gaines,SG,25,DEN,10,2,22.6,2.8,7.0,.400,0.5,2.1,.238,2.3,4.9,.469,.436,2.2,2.6,.846,0.4,1.0,1.4,9.1,1.0,0.2,2.3,2.5,8.3)
(1991,120,Kenny Gattison,PF,26,CHH,72,6,21.6,3.4,6.3,.532,0.0,0.0,.000,3.4,6.3,.534,.532,2.3,3.4,.661,1.9,3.4,5.3,0.6,0.7,0.9,1.4,2.9,9.0)
(1991,123,Kendall Gill,SG,22,CHH,82,36,23.7,4.6,10.2,.450,0.0,0.2,.143,4.6,10.0,.455,.451,1.9,2.2,.835,1.3,1.9,3.2,3.7,1.3,0.5,2.0,2.3,11.0)
(1991,127,Dan Godfread,C,23,MIN,10,0,2.0,0.5,1.2,.417,0.0,0.1,.000,0.5,1.1,.455,.417,0.3,0.4,.750,0.0,0.2,0.2,0.0,0.1,0.4,0.0,0.5,1.3)
(1991,131,Harvey Grant,PF,25,WSB,77,76,36.9,7.9,15.9,.498,0.0,0.2,.133,7.9,15.7,.502,.498,2.4,3.2,.743,2.3,4.9,7.2,2.6,1.2,0.8,1.6,3.0,18.2)
(1991,135,A.C. Green,PF,27,LAL,82,21,26.4,3.1,6.6,.476,0.1,0.7,.200,3.0,5.9,.507,.486,2.7,3.7,.738,2.5,3.8,6.3,0.9,0.7,0.3,1.2,1.4,9.1)
(1991,139,Darrell Griffith,SG,32,UTA,75,2,13.4,2.3,5.9,.391,0.6,1.8,.348,1.7,4.1,.410,.445,0.5,0.6,.756,0.2,1.0,1.2,0.5,0.6,0.1,0.6,1.3,5.7)
(1991,142,Tom Hammonds,PF,23,WSB,70,7,14.6,2.2,4.8,.461,0.0,0.1,.000,2.2,4.7,.467,.461,0.8,1.1,.722,0.8,2.1,2.9,0.6,0.2,0.1,0.8,1.5,5.2)
(1991,146,Ron Harper,SG,27,LAC,39,34,35.5,7.3,18.7,.391,1.2,3.8,.324,6.1,14.9,.408,.424,3.7,5.6,.668,1.5,3.3,4.8,5.4,1.7,0.9,3.3,2.8,19.6)
(1991,150,Gerald Henderson,PG,35,DET,23,10,17.0,2.2,5.1,.427,0.3,0.9,.333,1.9,4.2,.448,.457,0.7,0.9,.762,0.3,1.3,1.6,2.7,0.5,0.1,1.2,1.9,5.3)
(1991,154,Sean Higgins,SF,22,SAS,50,0,9.3,1.9,4.2,.458,0.1,0.4,.158,1.9,3.9,.487,.465,0.6,0.7,.848,0.4,0.9,1.3,0.7,0.2,0.0,1.0,1.1,4.5)
(1991,158,Dave Hoppen,C,26,TOT,30,0,5.2,0.8,1.5,.545,0.0,0.1,.000,0.8,1.4,.571,.545,0.5,0.7,.727,0.6,0.7,1.3,0.1,0.1,0.0,0.4,1.0,2.1)
(1991,161,Jay Humphries,PG,28,MIL,80,80,34.1,6.0,12.0,.502,0.8,2.0,.373,5.3,10.0,.528,.533,2.4,3.0,.799,0.7,2.0,2.8,6.7,1.6,0.1,1.9,3.0,15.2)
(1991,165,Henry James,PF,25,CLE,37,4,13.6,3.0,6.9,.441,0.6,1.6,.400,2.4,5.2,.454,.488,1.4,1.9,.722,0.7,1.4,2.1,0.9,0.4,0.1,1.0,1.6,8.1)
(1991,169,Eddie Johnson,SG,31,TOT,81,27,25.7,6.7,13.9,.484,0.5,1.5,.325,6.2,12.4,.503,.501,2.8,3.2,.891,1.3,2.0,3.3,1.4,0.7,0.1,1.5,2.2,16.7)
(1991,173,Vinnie Johnson,SG,34,DET,82,28,29.1,5.0,11.4,.434,0.1,0.4,.324,4.8,11.0,.438,.440,1.6,2.5,.646,1.3,2.1,3.4,3.3,0.9,0.2,1.4,2.0,11.7)
(1991,177,Steve Kerr,PG,25,CLE,57,4,15.9,1.7,3.9,.444,0.5,1.1,.452,1.2,2.8,.441,.507,0.8,0.9,.849,0.1,0.6,0.6,2.3,0.5,0.1,0.7,0.9,4.8)
(1991,Rk,Player,Pos,Age,Tm,G,GS,MP,FG,FGA,FG%,3P,3PA,3P%,2P,2PA,2P%,eFG%,FT,FTA,FT%,ORB,DRB,TRB,AST,STL,BLK,TOV,PF,PTS)
(1991,184,Greg Kite,C,29,ORL,82,82,27.1,2.0,4.1,.491,0.0,0.0,,2.0,4.1,.491,.491,0.8,1.5,.512,2.3,4.9,7.2,0.7,0.3,1.0,1.2,3.6,4.8)
(1991,188,Jon Koncak,C,27,ATL,77,61,25.1,1.8,4.2,.436,0.0,0.1,.125,1.8,4.1,.444,.438,0.4,0.7,.593,1.3,3.6,4.9,1.6,1.0,1.0,0.6,3.4,4.1)
(1991,192,Andrew Lang,C,24,PHO,63,18,18.3,1.7,3.0,.577,0.0,0.0,.000,1.7,3.0,.580,.577,1.5,2.1,.715,1.8,3.0,4.8,0.4,0.3,2.0,0.7,2.7,4.9)
(1991,196,Gary Leonard,C,23,ATL,4,0,2.3,0.0,0.0,,0.0,0.0,,0.0,0.0,,,0.5,1.0,.500,0.0,0.5,0.5,0.0,0.0,0.3,0.0,0.5,0.5)
(1991,200,Cliff Levingston,PF,30,CHI,78,0,13.0,1.6,3.6,.450,0.0,0.1,.250,1.6,3.6,.453,.452,0.8,1.2,.648,1.3,1.6,2.9,0.7,0.4,0.6,0.6,1.8,4.0)
(1991,203,Todd Lichti,SG,24,DEN,29,25,29.7,5.7,13.0,.439,0.5,1.6,.298,5.2,11.4,.459,.458,2.0,2.4,.855,1.7,2.2,3.9,2.5,1.6,0.3,1.1,2.2,14.0)
(1991,207,Grant Long,PF,24,MIA,80,66,31.4,3.5,7.0,.492,0.0,0.1,.167,3.4,6.9,.495,.493,2.3,2.9,.787,2.8,4.3,7.1,2.2,1.5,0.5,2.0,3.7,9.2)
(1991,211,Jeff Malone,SG,29,UTA,69,69,35.7,7.6,15.0,.508,0.0,0.1,.167,7.6,14.9,.510,.508,3.3,3.7,.917,0.5,2.5,3.0,2.1,0.7,0.1,1.6,1.9,18.6)
(1991,215,Sarunas Marciulionis*,SG,26,GSW,50,10,19.7,3.7,7.3,.501,0.0,0.1,.167,3.6,7.2,.507,.503,3.6,4.9,.724,1.0,1.3,2.4,1.7,1.2,0.1,1.5,2.7,10.9)
(1991,219,Vernon Maxwell,SG,25,HOU,82,79,35.0,6.1,15.2,.404,2.1,6.2,.337,4.0,9.0,.450,.473,2.6,3.6,.733,0.5,2.4,2.9,3.7,1.5,0.2,2.1,2.2,17.0)
(1991,222,Tim McCormick,C,28,ATL,56,7,12.3,1.7,3.3,.497,0.0,0.1,.000,1.7,3.3,.505,.497,1.2,1.6,.733,1.0,1.9,2.9,0.6,0.2,0.3,0.8,1.6,4.5)
(1991,226,Derrick McKey,SF,24,SEA,73,55,34.3,6.0,11.6,.517,0.1,0.3,.211,5.9,11.3,.524,.519,3.2,3.8,.845,2.4,3.4,5.8,2.3,1.2,0.8,2.2,3.0,15.3)
(1991,230,Reggie Miller*,SG,25,IND,82,82,36.2,7.3,14.2,.512,1.4,3.9,.348,5.9,10.3,.575,.560,6.7,7.3,.918,1.0,2.4,3.4,4.0,1.3,0.2,2.0,2.0,22.6)
(1991,234,Sidney Moncrief,SG,33,ATL,72,3,15.2,1.6,3.3,.488,0.3,0.9,.328,1.3,2.4,.545,.531,1.1,1.5,.781,0.4,1.3,1.8,1.4,0.7,0.1,0.9,1.6,4.7)
(1991,238,Chris Munk,PF,23,UTA,11,0,2.6,0.3,0.6,.429,0.0,0.0,,0.3,0.6,.429,.429,0.6,1.1,.583,0.5,0.8,1.3,0.1,0.1,0.2,0.5,0.5,1.2)
(1991,241,Pete Myers,SG,27,SAS,8,1,12.9,1.3,2.9,.435,0.0,0.1,.000,1.3,2.8,.455,.435,1.1,1.4,.818,0.3,2.0,2.3,1.8,0.4,0.4,1.8,1.8,3.6)
(1991,245,Johnny Newman,SF,27,CHH,81,81,30.6,5.9,12.6,.470,0.4,1.0,.357,5.5,11.5,.480,.485,4.8,5.9,.809,1.2,2.0,3.1,2.3,1.2,0.2,2.3,3.4,16.9)
(1991,249,Alan Ogg,C,23,MIA,31,1,8.4,0.8,1.8,.436,0.0,0.1,.000,0.8,1.7,.453,.436,0.2,0.3,.600,0.5,1.1,1.6,0.1,0.2,0.9,0.3,1.7,1.7)
(1991,253,Gerald Paddio,SF,25,CLE,70,22,16.9,3.0,7.2,.419,0.1,0.3,.250,2.9,6.9,.427,.425,1.1,1.3,.796,0.5,1.1,1.7,1.3,0.3,0.1,1.0,1.0,7.2)
(1991,257,Kenny Payne,SF,24,PHI,47,6,9.4,1.4,4.0,.360,0.1,0.4,.222,1.4,3.6,.374,.370,0.6,0.6,.897,0.4,1.0,1.4,0.3,0.2,0.1,0.4,0.9,3.5)
(1991,Rk,Player,Pos,Age,Tm,G,GS,MP,FG,FGA,FG%,3P,3PA,3P%,2P,2PA,2P%,eFG%,FT,FTA,FT%,ORB,DRB,TRB,AST,STL,BLK,TOV,PF,PTS)
(1991,264,Drazen Petrovic*,SG,26,TOT,61,0,16.6,4.0,8.1,.493,0.4,1.1,.354,3.6,7.0,.514,.516,1.9,2.2,.832,0.8,1.0,1.8,1.4,0.7,0.0,1.3,2.2,10.2)
(1991,268,Olden Polynice,C,26,TOT,79,30,26.5,4.0,7.1,.560,0.0,0.0,.000,4.0,7.1,.561,.560,1.8,3.2,.579,2.8,4.2,7.0,0.5,0.5,0.4,1.1,2.4,9.8)
(1991,272,Mark Price,PG,26,CLE,16,16,35.7,6.1,12.2,.497,1.1,3.3,.340,4.9,8.9,.556,.544,3.7,3.9,.952,0.5,2.3,2.8,10.4,2.6,0.1,3.5,1.4,16.9)
(1991,276,Blair Rasmussen,C,28,DEN,70,69,33.2,5.8,12.6,.458,0.0,0.1,.400,5.8,12.6,.458,.459,0.9,1.3,.677,2.4,7.3,9.7,1.0,0.7,1.9,1.2,4.4,12.5)
(1991,280,Glen Rice,SF,23,MIA,77,77,34.4,7.1,15.5,.461,0.9,2.4,.386,6.2,13.1,.475,.491,2.2,2.7,.818,1.1,3.8,4.9,2.5,1.3,0.3,2.2,2.8,17.4)
(1991,283,Doc Rivers,PG,29,ATL,79,79,32.7,5.6,12.9,.435,1.1,3.3,.336,4.5,9.6,.470,.478,2.8,3.3,.844,0.6,2.6,3.2,4.3,1.9,0.6,1.6,2.7,15.2)
(1991,287,David Robinson*,C,25,SAS,82,81,37.7,9.2,16.7,.552,0.0,0.1,.143,9.2,16.6,.554,.552,7.2,9.5,.762,4.1,8.9,13.0,2.5,1.5,3.9,3.3,3.2,25.6)
(1991,291,Tree Rollins,C,35,DET,37,0,5.5,0.4,0.9,.424,0.0,0.0,,0.4,0.9,.424,.424,0.2,0.4,.571,0.4,0.8,1.1,0.1,0.1,0.5,0.4,0.9,1.0)
(1991,295,Jeff Sanders,PF,25,CHH,3,0,14.3,2.0,4.7,.429,0.0,0.0,,2.0,4.7,.429,.429,0.3,0.7,.500,1.0,2.0,3.0,0.3,0.3,0.3,0.3,2.0,4.3)
(1991,299,Dwayne Schintzius,C,22,SAS,42,7,9.5,1.6,3.7,.439,0.0,0.0,.000,1.6,3.6,.444,.439,0.5,1.0,.550,0.7,2.2,2.9,0.4,0.0,0.7,0.8,1.5,3.8)
(1991,302,Dennis Scott,SG,22,ORL,82,73,28.5,6.1,14.4,.425,1.5,4.1,.374,4.6,10.4,.445,.478,1.9,2.5,.750,0.8,2.1,2.9,1.6,0.8,0.3,1.5,2.5,15.7)
(1991,306,Jack Sikma,C,35,MIL,77,44,25.2,3.8,9.0,.427,0.6,1.8,.341,3.2,7.2,.448,.460,2.2,2.6,.843,1.4,4.3,5.7,1.9,0.8,0.8,1.7,2.8,10.4)
(1991,310,Charles Smith,SF,25,LAC,74,74,36.5,7.4,15.8,.469,0.0,0.1,.000,7.4,15.7,.472,.469,5.2,6.5,.793,2.9,5.3,8.2,1.8,1.1,2.0,2.2,3.6,20.0)
(1991,314,Larry Smith,PF,33,HOU,81,28,23.7,1.6,3.2,.487,0.0,0.0,,1.6,3.2,.487,.487,0.1,0.6,.240,3.7,5.0,8.8,1.1,1.0,0.3,1.1,3.3,3.3)
(1991,318,Rik Smits,C,24,IND,76,38,22.2,4.5,9.3,.485,0.0,0.0,,4.5,9.3,.485,.485,1.9,2.5,.762,1.5,3.2,4.7,1.1,0.3,1.5,1.1,3.2,10.9)
(1991,321,Felton Spencer,C,23,MIN,81,46,25.9,2.4,4.7,.512,0.0,0.0,.000,2.4,4.7,.513,.512,2.2,3.1,.722,3.4,4.6,7.9,0.3,0.6,1.5,1.0,4.2,7.1)
(1991,325,Rod Strickland,PG,24,SAS,58,56,35.8,5.4,11.2,.482,0.2,0.6,.333,5.2,10.7,.490,.491,2.8,3.6,.763,1.0,2.8,3.8,8.0,2.0,0.2,2.7,2.2,13.8)
(1991,329,Reggie Theus,SG,33,NJN,81,81,36.5,7.2,15.4,.468,0.6,1.8,.361,6.6,13.6,.481,.488,3.6,4.2,.851,0.9,2.0,2.8,4.7,1.0,0.4,3.1,2.9,18.6)
(1991,333,Billy Thompson,SF,27,MIA,73,46,20.3,2.8,5.6,.499,0.0,0.1,.000,2.8,5.6,.504,.499,1.2,1.7,.718,1.6,2.6,4.3,1.5,0.4,0.7,1.6,2.2,6.8)
(1991,337,Otis Thorpe,PF,28,HOU,82,82,37.1,6.7,12.0,.556,0.0,0.1,.429,6.7,12.0,.557,.557,4.1,5.9,.696,3.5,6.8,10.3,2.4,0.9,0.2,2.6,3.4,17.5)
(1991,Rk,Player,Pos,Age,Tm,G,GS,MP,FG,FGA,FG%,3P,3PA,3P%,2P,2PA,2P%,eFG%,FT,FTA,FT%,ORB,DRB,TRB,AST,STL,BLK,TOV,PF,PTS)
(1991,344,Andre Turner,PG,26,PHI,70,1,20.1,2.4,5.5,.439,0.2,0.5,.364,2.2,5.0,.446,.454,0.9,1.2,.736,0.5,1.7,2.2,4.4,0.9,0.0,1.4,1.8,5.9)
(1991,348,Kiki Vandeweghe,SF,32,NYK,75,72,32.3,6.1,12.4,.494,0.7,1.9,.362,5.4,10.5,.518,.522,3.5,3.8,.899,1.0,1.4,2.4,1.5,0.6,0.1,1.4,1.6,16.3)
(1991,352,Milt Wagner,SG,27,MIA,13,1,8.9,1.8,4.4,.421,0.5,1.3,.353,1.4,3.1,.450,.474,0.7,0.8,.818,0.0,0.5,0.5,1.2,0.2,0.2,0.9,1.1,4.8)
(1991,356,Bill Wennington,C,27,SAC,77,23,18.9,2.4,5.4,.436,0.0,0.1,.200,2.3,5.3,.439,.437,1.0,1.2,.787,1.3,3.1,4.4,0.9,0.6,0.8,0.7,3.0,5.7)
(1991,360,Morlon Wiley,PG,24,ORL,34,0,10.3,1.3,3.2,.417,0.2,0.4,.500,1.1,2.8,.406,.444,0.5,0.7,.680,0.1,0.4,0.5,2.1,0.7,0.0,1.0,1.1,3.3)
(1991,363,Gerald Wilkins,SG,27,NYK,68,56,31.8,5.6,11.8,.473,0.1,0.6,.209,5.5,11.2,.488,.478,2.5,3.0,.820,1.1,1.9,3.0,4.0,1.2,0.3,2.4,2.7,13.8)
(1991,367,Jayson Williams,PF,22,PHI,52,1,9.8,1.4,3.1,.447,0.0,0.0,.500,1.4,3.1,.447,.450,0.7,1.1,.661,0.8,1.3,2.1,0.3,0.2,0.1,0.8,1.8,3.5)
(1991,371,Reggie Williams,SF,26,TOT,73,46,26.0,5.3,11.7,.449,0.8,2.2,.363,4.5,9.6,.468,.482,2.3,2.7,.843,1.8,2.4,4.2,1.8,1.5,0.6,1.5,3.5,13.6)
(1991,375,Kennard Winchester,SF,24,HOU,64,1,9.5,1.5,3.8,.400,0.1,0.3,.400,1.4,3.5,.400,.416,0.5,0.7,.778,0.5,0.5,1.0,0.4,0.3,0.2,0.5,1.1,3.7)
(1991,379,David Wood,SF,26,HOU,82,13,17.3,1.8,4.3,.424,0.3,1.1,.311,1.5,3.2,.463,.464,1.3,1.6,.812,1.3,1.7,3.0,1.1,0.7,0.2,1.1,2.9,5.3)
(1991,382,Orlando Woolridge,SF,31,DEN,53,50,34.4,9.2,18.5,.498,0.0,0.1,.000,9.2,18.5,.501,.498,6.6,8.3,.797,2.7,4.2,6.8,2.2,1.3,0.4,2.9,2.7,25.1)
(1991,386,A.J. Wynder,PG,26,BOS,6,0,6.5,0.5,2.0,.250,0.0,0.2,.000,0.5,1.8,.273,.250,1.0,1.3,.750,0.2,0.3,0.5,1.3,0.2,0.0,0.7,0.2,2.0)
