(1991,2,Mahmoud Abdul-Rauf,PG,21,DEN,67,19,22.5,6.2,15.1,.413,0.4,1.5,.240,5.9,13.6,.432,.425,1.3,1.5,.857,0.5,1.3,1.8,3.1,0.8,0.1,1.6,2.2,14.1)
(1991,6,Danny Ainge,SG,31,POR,80,0,21.4,4.2,8.9,.472,1.3,3.1,.406,2.9,5.8,.508,.543,1.4,1.7,.826,0.6,2.0,2.6,3.6,0.8,0.2,1.3,2.4,11.1)
(1991,10,Nick Anderson,SG,23,ORL,70,42,28.2,5.7,12.2,.467,0.2,0.8,.293,5.5,11.4,.479,.477,2.5,3.7,.668,1.3,4.2,5.5,1.5,1.1,0.6,1.6,2.1,14.1)
(1991,14,B.J. Armstrong,PG,23,CHI,82,0,21.1,3.7,7.7,.481,0.2,0.4,.500,3.5,7.3,.480,.493,1.2,1.4,.874,0.3,1.5,1.8,3.7,0.9,0.0,1.3,1.4,8.8)
(1991,18,Thurl Bailey,PF,29,UTA,82,22,30.3,4.9,10.6,.458,0.0,0.0,.000,4.9,10.6,.459,.458,2.7,3.3,.808,1.2,3.7,5.0,1.5,0.6,1.1,1.6,2.0,12.4)
(1991,21,Charles Barkley*,PF,27,PHI,67,67,37.3,9.9,17.4,.570,0.7,2.3,.284,9.3,15.1,.614,.589,7.1,9.8,.722,3.9,6.3,10.1,4.2,1.6,0.5,3.1,2.6,27.6)
(1991,25,William Bedford,C,27,DET,60,4,9.4,1.8,4.0,.438,0.1,0.2,.385,1.7,3.8,.441,.448,0.9,1.3,.705,0.9,1.3,2.2,0.5,0.0,0.6,0.5,1.3,4.5)
(1991,29,Rolando Blackman,SG,31,DAL,80,80,37.1,7.9,16.5,.482,0.5,1.4,.351,7.4,15.0,.494,.497,3.5,4.1,.865,0.8,2.4,3.2,3.8,0.9,0.2,2.0,1.9,19.9)
(1991,33,Manute Bol,C,28,PHI,82,6,18.6,0.8,2.0,.396,0.0,0.2,.071,0.8,1.8,.427,.399,0.3,0.5,.585,0.8,3.5,4.3,0.2,0.2,3.0,0.8,2.2,1.9)
(1991,37,Frank Brickowski,PF,31,MIL,75,73,25.5,5.0,9.4,.527,0.0,0.0,.000,5.0,9.4,.528,.527,2.6,3.3,.798,1.7,4.0,5.7,1.7,1.1,0.6,2.1,3.4,12.6)
(1991,Rk,Player,Pos,Age,Tm,G,GS,MP,FG,FGA,FG%,3P,3PA,3P%,2P,2PA,2P%,eFG%,FT,FTA,FT%,ORB,DRB,TRB,AST,STL,BLK,TOV,PF,PTS)
(1991,44,Jud Buechler,SF,22,NJN,74,10,11.6,1.3,3.1,.416,0.0,0.1,.250,1.3,3.0,.419,.418,0.6,0.9,.652,0.8,1.1,1.9,0.7,0.4,0.2,0.4,1.1,3.1)
(1991,48,Michael Cage,C,29,SEA,82,55,26.1,2.8,5.4,.508,0.0,0.0,.000,2.8,5.4,.511,.508,0.9,1.4,.625,2.2,4.6,6.8,1.1,1.0,0.7,1.0,2.4,6.4)
(1991,52,Tony Campbell,SG,28,MIN,77,71,37.6,8.5,19.5,.434,0.2,0.8,.262,8.3,18.7,.441,.439,4.6,5.8,.803,2.1,2.4,4.5,2.8,1.6,0.6,2.5,2.6,21.8)
(1991,56,Terry Catledge,PF,27,ORL,51,38,28.6,5.7,12.4,.462,0.0,0.1,.000,5.7,12.3,.466,.462,3.2,5.1,.624,3.3,3.7,7.0,1.1,0.7,0.2,2.1,2.2,14.6)
(1991,60,Rex Chapman,PG,23,CHH,70,68,30.0,5.9,13.2,.445,0.7,2.1,.324,5.2,11.1,.468,.471,3.3,4.0,.830,0.6,2.1,2.7,3.6,1.0,0.2,1.9,2.4,15.7)
(1991,63,Richard Coffey,SF,25,MIN,52,1,6.2,0.5,1.4,.373,0.0,0.0,.000,0.5,1.4,.378,.373,0.2,0.4,.545,0.8,0.7,1.5,0.1,0.1,0.1,0.1,0.9,1.3)
(1991,67,Lester Conner,PG,31,TOT,74,4,13.6,1.3,2.8,.464,0.0,0.1,.000,1.3,2.7,.475,.464,0.9,1.3,.723,0.3,1.2,1.5,2.2,1.1,0.0,0.8,1.0,3.5)
(1991,71,Dave Corzine,C,34,SEA,28,0,5.3,0.6,1.4,.447,0.0,0.0,,0.6,1.4,.447,.447,0.5,0.8,.591,0.4,0.8,1.2,0.1,0.2,0.2,0.1,0.6,1.7)
(1991,75,Dell Curry,SG,26,CHH,76,14,19.9,4.4,9.4,.471,0.4,1.1,.372,4.0,8.3,.485,.494,1.3,1.5,.842,0.6,2.0,2.6,2.2,1.0,0.3,1.1,1.6,10.6)
(1991,79,Brad Davis,PG,35,DAL,80,6,17.8,2.0,4.7,.426,0.3,1.1,.259,1.7,3.6,.476,.456,1.1,1.5,.771,0.2,1.3,1.5,2.9,0.6,0.2,1.0,2.7,5.4)
(1991,82,Johnny Dawkins,PG,27,PHI,4,4,31.0,6.5,10.3,.634,0.3,1.0,.250,6.3,9.3,.676,.646,2.5,2.8,.909,0.0,4.0,4.0,7.0,0.8,0.0,2.0,1.0,15.8)
(1991,86,James Donaldson,C,33,DAL,82,82,34.1,4.0,7.5,.532,0.0,0.0,,4.0,7.5,.532,.532,2.0,2.8,.721,2.5,6.4,8.9,0.8,0.4,1.1,1.8,2.2,10.0)
(1991,90,Clyde Drexler*,SG,28,POR,82,82,34.8,7.9,16.3,.482,0.7,2.3,.319,7.1,14.0,.509,.505,5.1,6.4,.794,2.6,4.1,6.7,6.0,1.8,0.7,2.8,2.8,21.5)
(1991,94,T.R. Dunn,SG,35,DEN,17,3,12.8,1.2,2.8,.447,0.1,0.2,.250,1.2,2.5,.465,.457,0.5,0.6,.900,1.2,1.3,2.5,1.4,0.7,0.1,0.4,1.8,3.1)
(1991,98,James Edwards,C,35,DET,72,70,26.4,5.3,11.0,.484,0.0,0.0,.500,5.3,11.0,.484,.484,3.0,4.1,.729,1.3,2.6,3.8,0.9,0.2,0.4,1.8,3.5,13.6)
(1991,101,Mario Elie,SF-SG,27,TOT,33,0,19.5,2.4,4.8,.497,0.1,0.3,.400,2.3,4.5,.503,.509,2.3,2.7,.843,1.4,1.9,3.3,1.4,0.6,0.3,0.9,2.6,7.2)
(1991,105,A.J. English,SG,23,WSB,70,12,20.6,3.6,8.2,.439,0.0,0.4,.097,3.5,7.7,.458,.441,1.6,2.2,.707,0.9,1.2,2.1,2.5,0.4,0.2,1.6,1.8,8.8)
(1991,109,Dave Feitl,C,28,HOU,52,2,7.2,1.0,2.7,.371,0.0,0.1,.000,1.0,2.6,.380,.371,0.6,0.8,.750,0.6,1.4,1.9,0.2,0.1,0.2,0.5,1.0,2.6)
(1991,113,Sleepy Floyd,PG,30,HOU,82,4,22.6,4.7,11.5,.411,0.6,2.1,.273,4.1,9.3,.443,.437,2.3,3.0,.752,0.6,1.3,1.9,3.9,1.2,0.2,1.7,1.5,12.3)
(1991,117,Kevin Gamble,SF,25,BOS,82,76,33.0,6.7,11.4,.587,0.0,0.1,.000,6.7,11.3,.592,.587,2.3,2.8,.815,1.0,2.2,3.3,3.1,1.2,0.4,1.8,2.9,15.6)
(1991,Rk,Player,Pos,Age,Tm,G,GS,MP,FG,FGA,FG%,3P,3PA,3P%,2P,2PA,2P%,eFG%,FT,FTA,FT%,ORB,DRB,TRB,AST,STL,BLK,TOV,PF,PTS)
(1991,124,Armen Gilliam,PF,26,TOT,75,75,35.3,6.5,13.3,.487,0.0,0.0,.000,6.5,13.3,.487,.487,3.6,4.4,.815,2.9,5.0,8.0,1.4,0.9,0.7,2.3,2.5,16.6)
(1991,128,Jim Grandholm,PF,30,DAL,26,0,6.5,1.2,2.2,.517,0.3,0.7,.529,0.8,1.6,.512,.595,0.4,0.8,.476,0.8,1.2,1.9,0.3,0.1,0.3,0.4,1.3,3.0)
(1991,132,Horace Grant,PF,25,CHI,78,76,33.9,5.1,9.4,.547,0.0,0.1,.167,5.1,9.3,.550,.548,2.5,3.6,.711,3.4,5.0,8.4,2.3,1.2,0.9,1.2,2.6,12.8)
(1991,136,Rickey Green,PG,36,PHI,79,75,28.5,4.2,9.1,.463,0.1,0.5,.222,4.1,8.7,.475,.468,1.5,1.8,.830,0.4,1.3,1.7,5.2,0.7,0.1,1.4,1.6,10.0)
(1991,140,Scott Haffner,PG,24,CHH,7,0,7.1,1.1,3.0,.381,0.0,0.3,.000,1.1,2.7,.421,.381,0.1,0.3,.500,0.3,0.3,0.6,1.3,0.4,0.1,0.6,0.6,2.4)
(1991,143,Bob Hansen,SG,30,SAC,36,24,22.5,2.7,7.1,.375,0.5,1.9,.275,2.1,5.2,.412,.412,0.5,1.0,.500,0.9,1.8,2.7,2.5,0.6,0.1,0.9,2.0,6.4)
(1991,147,Tony Harris,SG,23,PHI,6,0,6.8,0.7,2.7,.250,0.0,0.3,.000,0.7,2.3,.286,.250,0.3,0.7,.500,0.0,0.2,0.2,0.0,0.2,0.0,0.5,0.8,1.7)
(1991,151,Steve Henson,PG,22,MIL,68,0,10.1,1.2,2.8,.418,0.3,0.8,.333,0.9,2.0,.452,.466,0.6,0.6,.905,0.2,0.5,0.8,1.9,0.5,0.0,0.6,1.2,3.1)
(1991,155,Tyrone Hill,PF,22,GSW,74,22,16.1,2.0,4.0,.492,0.0,0.0,,2.0,4.0,.492,.492,1.3,2.1,.632,2.1,3.1,5.2,0.3,0.4,0.4,1.0,3.6,5.3)
(1991,159,Dennis Hopson,SF,25,CHI,61,0,11.9,1.7,4.0,.426,0.0,0.1,.200,1.7,3.9,.431,.428,0.9,1.4,.663,0.8,1.0,1.8,1.1,0.4,0.2,1.0,1.3,4.3)
(1991,162,Byron Irvin,SG,24,WSB,33,4,9.6,1.8,3.9,.465,0.0,0.2,.200,1.8,3.8,.476,.469,1.5,1.8,.820,0.7,0.6,1.4,0.7,0.5,0.1,0.5,1.0,5.2)
(1991,166,Les Jepsen,C,23,GSW,21,0,5.0,0.5,1.7,.306,0.0,0.0,.000,0.5,1.7,.314,.306,0.3,0.4,.667,0.8,1.0,1.8,0.0,0.0,0.1,0.1,0.8,1.3)
(1991,170,Kevin Johnson,PG,24,PHO,77,76,36.0,7.7,14.9,.516,0.1,0.6,.205,7.6,14.3,.529,.520,6.7,8.0,.843,0.7,2.8,3.5,10.1,2.1,0.1,3.5,2.3,22.2)
(1991,174,Charles Jones,C,33,WSB,62,54,24.2,1.1,2.0,.540,0.0,0.0,,1.1,2.0,.540,.540,0.5,0.8,.580,1.9,3.9,5.8,0.8,0.8,2.0,0.7,3.2,2.6)
(1991,178,Jerome Kersey,SF,28,POR,73,72,32.3,5.8,12.2,.478,0.1,0.2,.308,5.8,12.0,.481,.480,3.2,4.5,.709,2.3,4.3,6.6,3.1,1.4,1.0,2.0,3.4,14.8)
(1991,181,Bo Kimble,SG,24,LAC,62,22,16.2,2.6,6.7,.380,0.3,1.0,.292,2.3,5.7,.397,.403,1.5,1.9,.773,0.7,1.2,1.9,1.2,0.5,0.1,1.2,2.5,6.9)
(1991,185,Joe Kleine,C,29,BOS,72,1,11.8,1.4,3.0,.468,0.0,0.0,.000,1.4,3.0,.472,.468,0.8,1.0,.783,1.0,2.4,3.4,0.3,0.2,0.2,0.7,1.5,3.6)
(1991,189,Frank Kornet,PF,24,MIL,32,0,4.9,0.7,1.9,.371,0.2,0.6,.278,0.6,1.4,.409,.411,0.2,0.4,.538,0.3,0.4,0.8,0.3,0.2,0.0,0.3,0.9,1.8)
(1991,193,Eric Leckner,C,24,TOT,72,2,15.6,1.8,4.1,.446,0.0,0.0,,1.8,4.1,.446,.446,0.9,1.5,.559,1.1,3.0,4.1,0.5,0.2,0.3,1.0,2.7,4.5)
(1991,197,Jim Les,PG,27,SAC,55,8,25.4,2.2,4.9,.444,1.3,2.8,.461,0.9,2.1,.421,.576,1.6,1.9,.835,0.3,1.7,2.0,5.4,1.0,0.1,1.4,2.6,7.2)
(1991,Rk,Player,Pos,Age,Tm,G,GS,MP,FG,FGA,FG%,3P,3PA,3P%,2P,2PA,2P%,eFG%,FT,FTA,FT%,ORB,DRB,TRB,AST,STL,BLK,TOV,PF,PTS)
(1991,204,Alton Lister,C,32,GSW,77,65,20.2,2.4,5.1,.478,0.0,0.0,.000,2.4,5.1,.480,.478,1.5,2.6,.569,1.6,4.7,6.3,1.2,0.3,1.2,1.4,3.7,6.4)
(1991,208,John Long,SG,34,DET,25,0,10.2,1.4,3.4,.412,0.1,0.2,.333,1.3,3.2,.418,.424,1.0,1.0,.960,0.4,0.9,1.3,0.7,0.4,0.1,0.6,0.7,3.8)
(1991,212,Karl Malone*,PF,27,UTA,82,82,40.3,10.3,19.6,.527,0.0,0.2,.286,10.3,19.4,.529,.528,8.3,10.8,.770,2.9,8.9,11.8,3.3,1.1,1.0,3.0,3.3,29.0)
(1991,216,Jeff Martin,PG,24,LAC,74,26,18.0,2.9,6.9,.422,0.4,1.2,.307,2.5,5.7,.446,.449,0.9,1.4,.680,0.7,1.1,1.8,0.9,0.5,0.4,0.7,1.4,7.1)
(1991,220,Travis Mays,PG,22,SAC,64,55,33.5,4.6,11.3,.406,1.1,3.1,.365,3.5,8.2,.421,.456,4.0,5.2,.770,0.8,1.9,2.8,4.0,1.3,0.2,2.5,2.6,14.3)
(1991,223,Rodney McCray,PF,29,DAL,74,68,34.6,4.5,9.2,.495,0.2,0.5,.333,4.4,8.6,.505,.504,2.1,2.7,.803,2.1,5.5,7.6,3.5,0.9,0.7,1.7,2.7,11.4)
(1991,227,Nate McMillan,SG,26,SEA,78,0,18.4,1.7,3.9,.433,0.2,0.6,.354,1.5,3.3,.447,.461,0.7,1.2,.613,0.9,2.3,3.2,4.8,1.3,0.3,1.6,2.7,4.3)
(1991,231,Terry Mills,PF,23,TOT,55,2,14.9,2.4,5.2,.465,0.0,0.1,.000,2.4,5.2,.472,.465,0.9,1.2,.712,1.5,2.7,4.2,0.6,0.6,0.5,0.8,1.8,5.7)
(1991,235,Chris Morris,SF,25,NJN,79,68,32.3,5.2,12.2,.425,0.6,2.3,.251,4.6,9.9,.465,.449,2.3,3.1,.734,2.7,3.9,6.6,2.8,1.7,1.2,2.1,3.1,13.2)
(1991,239,Tod Murphy,PF,27,MIN,52,19,20.4,1.7,4.4,.396,0.0,0.3,.059,1.7,4.0,.424,.399,1.3,2.0,.667,1.8,3.1,4.9,1.2,0.5,0.4,0.6,1.9,4.8)
(1991,242,Larry Nance,PF,31,CLE,80,78,36.6,7.9,15.1,.524,0.0,0.1,.250,7.9,15.0,.526,.525,3.3,4.1,.803,2.5,6.1,8.6,3.0,0.8,2.5,1.6,2.7,19.2)
(1991,246,Ken Norman,SF,26,LAC,70,45,33.0,7.4,14.8,.501,0.1,0.5,.188,7.3,14.4,.511,.504,2.5,3.9,.629,2.5,4.6,7.1,2.3,0.9,0.9,2.0,2.7,17.4)
(1991,250,Hakeem Olajuwon*,C,28,HOU,56,50,36.8,8.7,17.1,.508,0.0,0.1,.000,8.7,17.1,.510,.508,3.8,4.9,.769,3.9,9.8,13.8,2.3,2.2,3.9,3.1,3.9,21.2)
(1991,254,Walter Palmer,C,22,UTA,28,0,3.0,0.5,1.6,.333,0.0,0.0,.000,0.5,1.6,.341,.333,0.4,0.5,.667,0.2,0.5,0.8,0.2,0.1,0.1,0.2,0.7,1.4)
(1991,258,Gary Payton*,PG,22,SEA,82,82,27.4,3.2,7.0,.450,0.0,0.2,.077,3.1,6.9,.459,.451,0.8,1.2,.711,1.3,1.6,3.0,6.4,2.0,0.2,2.2,3.0,7.2)
(1991,261,Tim Perry,C,25,PHO,46,2,12.8,1.6,3.1,.521,0.0,0.1,.000,1.6,3.0,.540,.521,0.9,1.5,.614,1.2,1.6,2.7,0.6,0.5,0.9,0.7,1.3,4.2)
(1991,265,Ricky Pierce,SG,31,TOT,78,2,27.8,7.2,14.8,.485,0.6,1.5,.397,6.6,13.3,.495,.505,5.5,6.0,.913,0.9,1.6,2.4,2.2,0.8,0.2,1.9,2.2,20.5)
(1991,269,Dave Popson,PF,26,BOS,19,0,3.4,0.7,1.7,.406,0.0,0.0,,0.7,1.7,.406,.406,0.5,0.5,.900,0.4,0.4,0.7,0.1,0.1,0.1,0.3,0.6,1.8)
(1991,273,Kevin Pritchard,PG,23,GSW,62,1,12.5,1.4,3.7,.384,0.1,0.5,.161,1.3,3.2,.419,.395,1.0,1.2,.805,0.3,0.8,1.0,1.3,0.5,0.1,1.0,1.7,3.9)
(1991,277,J.R. Reid,C,22,CHH,80,80,30.8,4.5,9.7,.466,0.0,0.0,.000,4.5,9.6,.467,.466,2.3,3.2,.703,1.9,4.4,6.3,1.1,1.1,0.6,1.9,3.6,11.3)
(1991,Rk,Player,Pos,Age,Tm,G,GS,MP,FG,FGA,FG%,3P,3PA,3P%,2P,2PA,2P%,eFG%,FT,FTA,FT%,ORB,DRB,TRB,AST,STL,BLK,TOV,PF,PTS)
(1991,284,Fred Roberts,PF,30,MIL,82,82,25.8,4.4,8.2,.533,0.0,0.3,.160,4.3,7.9,.547,.536,2.1,2.5,.813,1.3,2.1,3.4,1.6,0.8,0.4,1.6,2.3,10.8)
(1991,288,Larry Robinson,SG,23,TOT,36,10,11.8,1.7,4.2,.413,0.0,0.0,.000,1.7,4.1,.416,.413,0.4,0.8,.556,0.8,0.6,1.4,1.0,0.4,0.0,0.8,1.4,3.9)
(1991,292,Delaney Rudd,PG,28,UTA,82,0,10.7,1.5,3.5,.435,0.2,0.7,.279,1.3,2.7,.478,.465,0.7,0.9,.831,0.2,0.6,0.8,2.6,0.4,0.0,1.2,1.1,4.0)
(1991,296,Mike Sanders,SF,30,IND,80,7,17.0,2.6,6.2,.417,0.1,0.3,.200,2.5,5.9,.426,.421,0.6,0.7,.825,0.9,1.4,2.3,1.3,0.5,0.3,0.8,2.5,5.8)
(1991,300,Detlef Schrempf,PF,28,IND,82,3,32.1,5.3,10.1,.520,0.2,0.5,.375,5.1,9.6,.527,.529,5.4,6.6,.818,2.2,5.9,8.0,3.7,0.7,0.3,2.1,3.2,16.1)
(1991,303,Rony Seikaly,C,25,MIA,64,59,33.9,6.2,12.8,.481,0.0,0.1,.333,6.1,12.8,.482,.482,4.0,6.5,.619,3.2,7.8,11.1,1.5,0.8,1.3,3.2,3.3,16.4)
(1991,307,Lionel Simmons,SF,22,SAC,79,79,37.7,6.9,16.5,.422,0.0,0.1,.273,6.9,16.3,.423,.423,4.1,5.5,.736,2.4,6.4,8.8,4.0,1.4,1.1,2.9,3.2,18.0)
(1991,311,Clinton Smith,SG,27,WSB,5,0,9.0,0.4,0.8,.500,0.0,0.0,,0.4,0.8,.500,.500,0.6,1.2,.500,0.4,0.4,0.8,0.8,0.2,0.0,0.2,0.6,1.4)
(1991,315,Michael Smith,PF,25,BOS,47,3,8.3,2.0,4.3,.475,0.1,0.5,.250,1.9,3.7,.506,.490,0.5,0.6,.815,0.4,0.7,1.2,0.9,0.1,0.0,0.8,0.6,4.6)
(1991,319,Mike Smrek,C,28,TOT,15,0,6.3,0.6,1.8,.333,0.0,0.0,,0.6,1.8,.333,.333,0.4,0.8,.500,0.5,1.3,1.7,0.3,0.2,0.2,0.2,1.8,1.6)
(1991,322,John Starks,SG,25,NYK,61,10,19.2,3.0,6.7,.439,0.4,1.5,.290,2.5,5.2,.483,.472,1.3,1.7,.752,0.5,1.7,2.1,3.3,1.0,0.3,1.2,2.2,7.6)
(1991,326,Jon Sundvold,SG,29,MIA,24,0,9.4,1.8,4.5,.402,0.6,1.5,.429,1.2,3.0,.389,.472,0.5,0.5,1.000,0.1,0.3,0.4,1.0,0.3,0.0,0.7,0.5,4.7)
(1991,330,Irving Thomas,PF,25,LAL,26,0,4.2,0.7,1.9,.340,0.0,0.0,,0.7,1.9,.340,.340,0.5,0.8,.571,0.5,0.7,1.2,0.4,0.2,0.0,0.5,0.9,1.8)
(1991,334,LaSalle Thompson,C,29,IND,82,77,23.7,3.4,6.9,.488,0.0,0.1,.200,3.4,6.8,.491,.489,0.9,1.3,.692,1.9,5.0,6.9,1.8,0.8,0.8,2.0,3.2,7.6)
(1991,338,Sedale Threatt,PG,29,SEA,80,57,25.8,5.4,10.4,.519,0.1,0.4,.286,5.3,10.0,.529,.525,1.7,2.2,.792,0.3,0.9,1.2,3.4,1.4,0.1,1.7,2.4,12.7)
(1991,341,Andy Toolson,SF,25,UTA,47,15,10.0,1.1,2.6,.403,0.3,0.7,.375,0.8,2.0,.413,.452,0.5,0.7,.758,0.7,0.7,1.4,0.7,0.3,0.0,0.5,1.2,2.9)
(1991,345,Jeff Turner,PF,28,ORL,71,43,23.7,3.6,7.5,.487,0.1,0.2,.400,3.6,7.3,.489,.492,1.2,1.6,.759,1.5,3.6,5.1,1.4,0.4,0.1,1.8,3.3,8.6)
(1991,349,Loy Vaught,PF,22,LAC,73,0,16.1,2.4,4.9,.487,0.0,0.0,.000,2.4,4.9,.490,.487,0.7,1.0,.662,1.7,3.1,4.8,0.5,0.3,0.3,0.7,1.8,5.5)
(1991,353,Darrell Walker,PG,29,WSB,71,65,32.5,3.2,7.5,.430,0.0,0.1,.000,3.2,7.4,.437,.430,1.3,2.2,.604,2.0,5.0,7.0,6.5,1.1,0.5,2.2,2.8,7.8)
(1991,357,Doug West,SG,23,MIN,75,1,11.0,1.6,3.3,.480,0.0,0.0,.000,1.6,3.3,.482,.480,0.8,1.1,.690,0.7,1.1,1.8,0.6,0.5,0.3,0.5,1.5,3.9)
(1991,Rk,Player,Pos,Age,Tm,G,GS,MP,FG,FGA,FG%,3P,3PA,3P%,2P,2PA,2P%,eFG%,FT,FTA,FT%,ORB,DRB,TRB,AST,STL,BLK,TOV,PF,PTS)
(1991,364,Buck Williams,PF,30,POR,80,80,32.3,4.5,7.4,.602,0.0,0.0,,4.5,7.4,.602,.602,2.7,3.9,.705,2.8,6.6,9.4,1.2,0.6,0.6,1.7,3.1,11.7)
(1991,368,John Williams,SF,24,WSB,33,11,28.5,5.0,11.9,.417,0.3,1.2,.244,4.7,10.7,.438,.430,2.2,2.9,.753,1.3,4.1,5.4,4.0,1.2,0.2,2.1,1.9,12.5)
(1991,372,Scott Williams,PF,22,CHI,51,0,6.6,1.0,2.0,.510,0.0,0.0,.500,1.0,2.0,.510,.514,0.4,0.5,.714,0.8,1.1,1.9,0.3,0.2,0.3,0.5,1.0,2.5)
(1991,376,David Wingate,SG,27,SAS,25,0,22.5,2.1,5.5,.384,0.0,0.4,.111,2.1,5.2,.403,.388,1.2,1.6,.707,1.0,2.0,3.0,1.8,0.8,0.2,1.7,2.6,5.4)
(1991,380,Leon Wood,SG,28,SAC,12,0,18.5,2.1,5.3,.397,1.0,3.2,.316,1.1,2.1,.520,.492,1.6,1.8,.905,0.4,1.2,1.6,4.1,0.4,0.0,1.0,0.8,6.8)
(1991,383,Haywoode Workman,PG,25,WSB,73,56,27.9,3.2,7.1,.454,0.2,0.7,.240,3.0,6.4,.477,.466,1.4,1.8,.759,0.7,2.6,3.3,4.8,1.2,0.1,1.8,2.2,8.0)
(1991,387,Danny Young,PG,28,POR,75,1,12.0,1.4,3.6,.380,0.5,1.4,.346,0.9,2.2,.401,.446,0.5,0.6,.911,0.3,0.7,1.0,1.9,0.7,0.1,0.7,0.7,3.8)
