(1991,3,Mark Acres,C,28,ORL,68,0,19.3,1.6,3.1,.509,0.0,0.0,.333,1.6,3.1,.512,.512,1.0,1.5,.653,2.1,3.2,5.3,0.4,0.4,0.4,0.6,3.2,4.2)
(1991,7,Mark Alarie,PF,27,WSB,42,1,14.0,2.4,5.4,.440,0.1,0.5,.238,2.2,4.9,.461,.451,1.0,1.1,.854,1.0,1.8,2.8,1.1,0.4,0.2,1.0,2.1,5.8)
(1991,11,Ron Anderson,SF,32,PHI,82,13,28.5,6.2,12.9,.485,0.1,0.5,.209,6.1,12.3,.497,.490,2.0,2.4,.833,1.3,3.2,4.5,1.4,0.8,0.2,1.2,2.0,14.6)
(1991,15,Vincent Askew,SG,24,GSW,7,0,12.1,1.7,3.6,.480,0.0,0.0,,1.7,3.6,.480,.480,1.3,1.6,.818,1.0,0.6,1.6,1.9,0.3,0.0,0.9,3.0,4.7)
(1991,19,Cedric Ball,PF,22,LAC,7,0,3.7,0.4,1.1,.375,0.0,0.0,,0.4,1.1,.375,.375,0.3,0.3,1.000,0.7,0.9,1.6,0.0,0.0,0.3,0.3,0.7,1.1)
(1991,22,Dana Barros,PG,23,SEA,66,0,11.4,2.3,4.7,.495,0.5,1.2,.395,1.8,3.5,.530,.547,1.2,1.3,.918,0.3,0.8,1.1,1.7,0.3,0.0,0.8,0.6,6.3)
(1991,26,Benoit Benjamin,C,26,TOT,70,65,31.9,5.5,11.1,.496,0.0,0.0,,5.5,11.1,.496,.496,3.0,4.2,.712,2.2,8.1,10.3,1.7,0.8,2.1,3.4,2.6,14.0)
(1991,30,Lance Blanks,SG,24,DET,38,0,5.6,0.7,1.6,.426,0.1,0.4,.125,0.6,1.2,.533,.443,0.3,0.4,.714,0.1,0.4,0.5,0.7,0.2,0.1,0.5,0.9,1.7)
(1991,34,Anthony Bonner,PF,22,SAC,34,6,22.1,3.0,6.8,.448,0.0,0.0,,3.0,6.8,.448,.448,1.3,2.2,.579,1.7,3.0,4.7,1.4,1.1,0.1,1.2,1.8,7.4)
(1991,38,Scott Brooks,PG,25,MIN,80,0,12.3,2.0,4.6,.430,0.6,1.7,.333,1.4,2.9,.485,.491,0.8,0.9,.847,0.4,0.6,0.9,2.6,0.7,0.1,0.6,1.5,5.3)
(1991,41,Mike Brown,C,27,UTA,82,2,17.0,1.6,3.5,.454,0.0,0.0,,1.6,3.5,.454,.454,1.6,2.2,.742,1.3,2.8,4.1,0.6,0.4,0.3,1.0,2.0,4.8)
(1991,45,Matt Bullard,PF,23,HOU,18,0,3.5,0.8,1.7,.452,0.0,0.2,.000,0.8,1.6,.500,.452,0.6,0.9,.647,0.3,0.4,0.8,0.1,0.2,0.0,0.2,0.6,2.2)
(1991,49,Adrian Caldwell,PF,24,HOU,42,0,8.2,0.8,2.0,.422,0.0,0.0,.000,0.8,2.0,.427,.422,0.2,0.4,.412,1.0,1.4,2.4,0.2,0.5,0.2,0.7,0.8,1.8)
(1991,53,Antoine Carr,PF,29,SAC,77,48,32.8,8.2,15.9,.511,0.0,0.0,.000,8.2,15.9,.513,.511,3.8,5.1,.758,2.1,3.3,5.5,2.5,0.6,1.3,2.2,4.1,20.1)
(1991,57,Duane Causwell,C,22,SAC,76,55,22.6,2.8,5.4,.508,0.0,0.0,,2.8,5.4,.508,.508,1.4,2.2,.636,1.9,3.3,5.1,0.9,0.6,1.9,1.3,3.0,6.9)
(1991,Rk,Player,Pos,Age,Tm,G,GS,MP,FG,FGA,FG%,3P,3PA,3P%,2P,2PA,2P%,eFG%,FT,FTA,FT%,ORB,DRB,TRB,AST,STL,BLK,TOV,PF,PTS)
(1991,64,Derrick Coleman,PF,23,NJN,74,68,35.2,6.9,14.9,.467,0.2,0.5,.342,6.8,14.4,.472,.473,4.4,6.0,.731,3.6,6.6,10.3,2.2,1.0,1.3,2.9,2.9,18.4)
(1991,68,Anthony Cook,PF,23,DEN,58,25,19.3,2.0,4.9,.417,0.0,0.1,.000,2.0,4.8,.421,.417,1.2,2.2,.550,2.3,3.3,5.6,0.4,0.6,1.2,0.9,1.7,5.3)
(1991,72,Pat Cummings,PF,34,UTA,4,0,6.5,1.0,1.5,.667,0.0,0.0,,1.0,1.5,.667,.667,1.8,2.5,.700,0.8,0.5,1.3,0.0,0.0,0.0,0.5,2.0,3.8)
(1991,76,Quintin Dailey,SG,30,SEA,30,0,10.0,2.4,5.2,.471,0.0,0.0,.000,2.4,5.1,.474,.471,1.3,2.1,.613,0.4,0.7,1.1,0.5,0.2,0.0,0.6,0.8,6.1)
(1991,80,Terry Davis,PF,23,MIA,55,17,18.1,2.1,4.3,.487,0.0,0.0,.500,2.1,4.3,.487,.489,1.3,2.3,.556,1.9,2.9,4.8,0.7,0.3,0.5,0.7,2.3,5.5)
(1991,83,Tony Dawson,SF,23,SAC,4,0,4.3,1.0,1.8,.571,0.3,0.3,1.000,0.8,1.5,.500,.643,0.0,0.0,,0.5,0.0,0.5,0.0,0.0,0.0,0.3,0.0,2.3)
(1991,87,Sherman Douglas,PG,24,MIA,73,73,35.1,7.3,14.5,.504,0.1,0.4,.129,7.2,14.0,.516,.506,3.9,5.7,.686,1.1,1.8,2.9,8.5,1.7,0.1,3.7,2.4,18.5)
(1991,91,Kevin Duckworth,C,26,POR,81,81,31.0,6.4,13.4,.481,0.0,0.0,.000,6.4,13.4,.482,.481,3.0,3.8,.772,2.2,4.4,6.6,1.1,0.4,0.4,2.3,3.1,15.8)
(1991,95,Ledell Eackles,SG,24,WSB,67,17,24.1,5.1,11.4,.453,0.2,0.9,.237,4.9,10.5,.471,.462,2.4,3.3,.739,0.7,1.2,1.9,2.0,0.7,0.1,1.7,1.8,13.0)
(1991,99,Kevin Edwards,SG,25,MIA,79,16,25.3,4.8,11.7,.410,0.3,1.1,.286,4.5,10.7,.422,.423,2.2,2.7,.803,1.0,1.6,2.6,3.0,1.6,0.6,2.1,1.9,12.1)
(1991,102,Sean Elliott,SF,22,SAS,82,82,37.1,5.8,11.9,.490,0.2,0.8,.313,5.6,11.1,.502,.500,4.0,4.9,.808,1.7,3.8,5.6,2.9,0.8,0.4,1.8,2.3,15.9)
(1991,106,Alex English*,SF,37,DAL,79,26,22.1,4.1,9.3,.439,0.0,0.0,.000,4.1,9.3,.439,.439,1.5,1.8,.850,1.4,1.8,3.2,1.3,0.5,0.3,1.3,1.8,9.7)
(1991,110,Duane Ferrell,SF,25,ATL,78,2,14.9,2.2,4.6,.489,0.0,0.0,.667,2.2,4.5,.487,.492,1.6,2.0,.801,1.2,1.1,2.3,0.7,0.4,0.3,1.0,1.9,6.1)
(1991,114,Greg Foster,PF,22,WSB,54,3,11.2,1.8,3.9,.460,0.0,0.1,.000,1.8,3.8,.471,.460,0.8,1.1,.689,1.0,1.8,2.8,0.7,0.2,0.4,0.8,2.1,4.4)
(1991,118,Winston Garland,PG,26,LAC,69,26,24.7,3.2,7.5,.426,0.1,0.4,.154,3.1,7.1,.440,.430,1.7,2.3,.752,0.7,2.2,2.9,4.6,1.4,0.1,1.7,2.7,8.2)
(1991,121,Tate George,PG,22,NJN,56,11,10.6,1.4,3.4,.415,0.0,0.0,.000,1.4,3.4,.419,.415,0.6,0.7,.800,0.3,0.5,0.8,1.9,0.4,0.1,0.8,1.0,3.4)
(1991,125,Gerald Glass,SF,23,MIN,51,3,11.9,2.9,6.7,.438,0.0,0.3,.118,2.9,6.3,.455,.441,1.0,1.5,.684,1.1,0.9,2.0,0.8,0.5,0.2,0.8,1.5,6.9)
(1991,129,Gary Grant,PG,25,LAC,68,65,31.0,3.9,8.6,.451,0.1,0.6,.231,3.8,8.1,.467,.459,0.8,1.1,.689,1.0,2.1,3.1,8.6,1.5,0.2,3.1,2.8,8.7)
(1991,133,Stuart Gray,C,27,NYK,8,0,4.6,0.5,1.5,.333,0.0,0.0,,0.5,1.5,.333,.333,0.4,0.4,1.000,0.3,1.0,1.3,0.0,0.0,0.1,0.3,0.8,1.4)
(1991,137,Sidney Green,PF,30,SAS,66,7,16.7,2.7,5.8,.461,0.0,0.0,.000,2.7,5.8,.465,.461,1.3,1.6,.848,1.5,3.3,4.7,0.8,0.5,0.2,1.3,2.6,6.7)
(1991,Rk,Player,Pos,Age,Tm,G,GS,MP,FG,FGA,FG%,3P,3PA,3P%,2P,2PA,2P%,eFG%,FT,FTA,FT%,ORB,DRB,TRB,AST,STL,BLK,TOV,PF,PTS)
(1991,144,Tim Hardaway,PG,24,GSW,82,82,39.2,9.0,18.9,.476,1.2,3.1,.385,7.8,15.8,.494,.508,3.7,4.6,.803,1.1,3.0,4.0,9.7,2.6,0.1,3.3,2.8,22.9)
(1991,148,Scott Hastings,PF,30,DET,27,0,4.2,0.6,1.0,.571,0.1,0.1,.750,0.5,0.9,.542,.625,0.5,0.5,1.000,0.5,0.5,1.0,0.3,0.0,0.0,0.3,0.9,1.8)
(1991,152,Mike Higgins,SF,23,SAC,7,0,8.7,0.9,1.4,.600,0.0,0.0,,0.9,1.4,.600,.600,0.6,1.0,.571,0.6,0.1,0.7,0.3,0.0,0.3,0.6,2.3,2.3)
(1991,156,Roy Hinson,PF,29,NJN,9,0,10.1,2.2,4.3,.513,0.0,0.0,,2.2,4.3,.513,.513,0.1,0.3,.333,0.7,1.4,2.1,0.4,0.0,0.3,0.7,1.6,4.6)
(1991,160,Jeff Hornacek,SG,27,PHO,80,77,34.2,6.8,13.1,.518,0.8,1.8,.418,6.0,11.3,.534,.547,2.5,2.8,.897,0.9,3.1,4.0,5.1,1.4,0.2,1.6,2.3,16.9)
(1991,163,Mark Jackson,PG,25,NYK,72,21,22.2,3.5,7.1,.492,0.2,0.7,.255,3.3,6.3,.519,.505,1.6,2.2,.731,0.9,1.9,2.7,6.3,0.8,0.1,1.9,1.1,8.8)
(1991,167,Avery Johnson,PG,25,TOT,68,14,14.1,1.9,4.1,.469,0.0,0.1,.111,1.9,3.9,.481,.471,0.9,1.3,.678,0.3,0.8,1.1,3.4,0.7,0.1,1.1,0.9,4.7)
(1991,171,Magic Johnson*,PG,31,LAL,79,79,37.1,5.9,12.4,.477,1.0,3.2,.320,4.9,9.2,.532,.518,6.6,7.3,.906,1.3,5.6,7.0,12.5,1.3,0.2,4.0,1.9,19.4)
(1991,175,Michael Jordan*,SG,27,CHI,82,82,37.0,12.1,22.4,.539,0.4,1.1,.312,11.7,21.3,.551,.547,7.0,8.2,.851,1.4,4.6,6.0,5.5,2.7,1.0,2.5,2.8,31.5)
(1991,179,Alec Kessler,C,24,MIA,78,18,16.1,2.6,6.0,.425,0.0,0.1,.000,2.6,5.9,.429,.425,1.1,1.7,.672,1.5,2.8,4.3,0.4,0.2,0.3,1.4,2.4,6.2)
(1991,182,Bernard King*,SF,34,WSB,64,64,37.5,11.1,23.6,.472,0.1,0.6,.216,11.0,23.0,.478,.475,6.0,7.6,.790,1.8,3.2,5.0,4.6,0.9,0.3,4.0,2.9,28.4)
(1991,186,Negele Knight,PG,23,PHO,64,6,12.4,2.0,4.8,.425,0.1,0.4,.240,2.0,4.4,.442,.435,1.1,1.8,.602,0.3,0.8,1.1,3.0,0.3,0.1,1.2,1.3,5.3)
(1991,190,Bill Laimbeer,C,33,DET,82,81,32.5,4.5,9.5,.478,0.5,1.5,.296,4.1,8.0,.513,.502,1.5,1.8,.837,2.1,6.9,9.0,1.9,0.5,0.7,1.2,3.0,11.0)
(1991,194,Kurk Lee,SF,23,NJN,48,0,5.5,0.4,1.5,.268,0.1,0.3,.200,0.3,1.2,.286,.289,0.5,0.6,.893,0.1,0.5,0.6,0.7,0.2,0.0,0.4,0.8,1.4)
(1991,198,Clifford Lett,PG,25,SAS,7,0,14.1,2.0,4.1,.483,0.0,0.1,.000,2.0,4.0,.500,.483,0.9,1.3,.667,0.1,0.9,1.0,1.0,0.3,0.1,1.1,1.3,4.9)
(1991,201,Reggie Lewis,SG,25,BOS,79,79,36.4,7.6,15.4,.491,0.0,0.2,.077,7.6,15.3,.495,.491,3.6,4.3,.826,1.5,3.7,5.2,2.5,1.2,1.1,1.9,3.0,18.7)
(1991,205,Ian Lockhart,SF,23,PHO,1,0,2.0,1.0,1.0,1.000,0.0,0.0,,1.0,1.0,1.000,1.000,2.0,2.0,1.000,0.0,0.0,0.0,0.0,0.0,0.0,0.0,0.0,4.0)
(1991,209,Rick Mahorn,C,32,PHI,80,74,30.5,3.3,7.0,.467,0.0,0.1,.000,3.3,6.9,.475,.467,2.4,3.0,.788,1.9,5.9,7.8,1.5,1.0,0.7,1.6,3.5,8.9)
(1991,213,Moses Malone*,C,35,ATL,82,15,23.3,3.4,7.3,.468,0.0,0.1,.000,3.4,7.2,.474,.468,3.8,4.5,.831,3.3,4.8,8.1,0.8,0.4,0.9,1.7,1.6,10.6)
(1991,217,Anthony Mason,PF,24,DEN,3,0,7.0,0.7,1.3,.500,0.0,0.0,,0.7,1.3,.500,.500,2.0,2.7,.750,1.0,0.7,1.7,0.0,0.3,0.0,0.0,2.0,3.3)
(1991,Rk,Player,Pos,Age,Tm,G,GS,MP,FG,FGA,FG%,3P,3PA,3P%,2P,2PA,2P%,eFG%,FT,FTA,FT%,ORB,DRB,TRB,AST,STL,BLK,TOV,PF,PTS)
(1991,224,Xavier McDaniel,SF,27,TOT,81,79,32.5,7.3,14.6,.497,0.0,0.1,.000,7.3,14.5,.501,.497,2.4,3.3,.723,2.1,4.7,6.9,2.3,0.9,0.6,2.3,3.3,17.0)
(1991,228,Mark McNamara,C,31,ORL,2,0,6.5,0.0,0.5,.000,0.0,0.0,,0.0,0.5,.000,.000,0.0,0.0,,0.0,2.0,2.0,0.0,0.0,0.0,0.0,0.5,0.0)
(1991,232,Sam Mitchell,PF,27,MIN,82,60,38.1,5.4,12.3,.441,0.0,0.1,.000,5.4,12.2,.445,.441,3.7,4.8,.775,2.3,4.0,6.3,1.6,0.8,0.7,1.3,4.1,14.6)
(1991,236,John Morton,SF,23,CLE,66,2,18.3,1.8,4.2,.438,0.1,0.2,.333,1.8,4.0,.443,.445,1.7,2.1,.813,0.6,0.9,1.6,3.7,0.9,0.3,1.6,1.7,5.4)
(1991,240,Jerrod Mustaf,PF,21,NYK,62,5,13.3,1.7,3.7,.465,0.0,0.0,.000,1.7,3.7,.467,.465,0.9,1.4,.644,0.8,1.9,2.7,0.6,0.2,0.2,1.0,1.8,4.3)
(1991,243,Craig Neal,PG,26,DEN,10,0,12.5,1.4,3.5,.400,0.3,0.9,.333,1.1,2.6,.423,.443,1.3,2.2,.591,0.2,1.4,1.6,3.7,0.4,0.0,1.9,2.6,4.4)
(1991,247,Dan O'Sullivan,C,22,UTA,21,0,4.0,0.3,0.8,.438,0.0,0.0,,0.3,0.8,.438,.438,0.3,0.5,.636,0.2,0.6,0.8,0.2,0.0,0.0,0.2,0.9,1.0)
(1991,251,Jawann Oldham,C,33,IND,4,0,4.8,0.8,1.5,.500,0.0,0.0,,0.8,1.5,.500,.500,0.0,0.0,,0.0,0.8,0.8,0.0,0.0,0.0,0.0,0.3,1.5)
(1991,255,Robert Parish*,C,37,BOS,81,81,30.1,6.0,10.0,.598,0.0,0.0,.000,6.0,10.0,.599,.598,2.9,3.8,.767,3.3,7.2,10.6,0.8,0.8,1.3,1.9,2.4,14.9)
(1991,259,Will Perdue,C,25,CHI,74,3,13.1,1.6,3.2,.494,0.0,0.0,.000,1.6,3.1,.500,.494,1.0,1.5,.670,1.6,2.9,4.5,0.6,0.3,0.8,1.0,2.0,4.1)
(1991,262,Chuck Person,SF,26,IND,80,79,32.1,7.8,15.4,.504,0.9,2.5,.340,6.9,12.9,.536,.532,2.1,2.9,.721,1.5,3.7,5.2,3.0,0.7,0.2,2.3,2.8,18.4)
(1991,266,Ed Pinckney,PF,27,BOS,70,16,16.6,1.9,3.5,.539,0.0,0.0,.000,1.9,3.5,.541,.539,1.5,1.7,.897,2.2,2.7,4.9,0.6,0.9,0.6,0.6,2.1,5.2)
(1991,270,Terry Porter,PG,27,POR,81,81,32.9,6.0,11.7,.515,1.6,3.9,.415,4.4,7.8,.564,.584,3.4,4.2,.823,0.6,2.8,3.5,8.0,2.0,0.1,2.3,1.9,17.0)
(1991,274,Brian Quinnett,SG,24,NYK,68,5,14.9,2.0,4.5,.459,0.2,0.6,.349,1.8,3.8,.477,.483,0.4,0.5,.722,1.0,1.2,2.1,0.8,0.3,0.2,0.8,1.5,4.7)
(1991,278,Robert Reid,SF,35,PHI,3,0,12.3,0.7,4.7,.143,0.0,0.0,,0.7,4.7,.143,.143,0.0,0.0,,0.7,2.3,3.0,1.3,0.3,1.0,1.0,1.0,1.3)
(1991,281,Pooh Richardson,PG,24,MIN,82,82,38.5,7.7,16.5,.470,0.5,1.6,.328,7.2,14.9,.485,.486,1.1,2.0,.539,1.0,2.5,3.5,9.0,1.6,0.2,2.1,1.4,17.1)
(1991,285,Alvin Robertson,SG,28,MIL,81,81,32.1,5.4,11.2,.485,0.3,0.8,.365,5.1,10.4,.493,.497,2.5,3.2,.757,2.4,3.3,5.7,5.5,3.0,0.2,2.6,3.4,13.6)
(1991,289,Rumeal Robinson,PG,24,ATL,47,16,14.3,2.3,5.1,.446,0.0,0.2,.182,2.3,4.9,.459,.450,1.0,1.7,.588,0.4,1.1,1.5,2.8,0.7,0.2,1.6,1.4,5.6)
(1991,293,John Salley,PF,26,DET,74,1,22.3,2.4,5.1,.475,0.0,0.0,.000,2.4,5.1,.476,.475,2.5,3.5,.727,1.9,2.6,4.4,0.9,0.7,1.5,1.2,3.2,7.4)
(1991,297,Danny Schayes,C,31,MIL,82,38,27.2,3.6,7.3,.499,0.0,0.1,.000,3.6,7.2,.503,.499,3.3,4.0,.835,2.1,4.4,6.5,1.2,0.7,0.7,1.3,3.2,10.6)
(1991,Rk,Player,Pos,Age,Tm,G,GS,MP,FG,FGA,FG%,3P,3PA,3P%,2P,2PA,2P%,eFG%,FT,FTA,FT%,ORB,DRB,TRB,AST,STL,BLK,TOV,PF,PTS)
(1991,304,John Shasky,C,26,DAL,57,0,8.9,0.9,2.0,.440,0.0,0.0,,0.9,2.0,.440,.440,0.8,1.4,.608,1.0,1.3,2.4,0.2,0.2,0.4,0.5,1.3,2.6)
(1991,308,Scott Skiles,PG,26,ORL,79,66,34.4,5.8,13.2,.445,1.2,2.9,.408,4.7,10.3,.455,.489,4.3,4.8,.902,0.7,2.7,3.4,8.4,1.1,0.1,3.2,2.4,17.2)
(1991,312,Derek Smith,PG,29,BOS,2,0,8.0,0.5,2.0,.250,0.0,0.5,.000,0.5,1.5,.333,.250,1.5,2.0,.750,0.0,0.0,0.0,2.5,0.5,0.5,0.5,1.5,2.5)
(1991,316,Otis Smith,SF,27,ORL,75,39,25.1,5.4,12.0,.451,0.1,0.6,.196,5.3,11.4,.465,.456,2.9,4.0,.734,2.3,2.8,5.2,2.3,1.1,0.5,1.9,2.5,13.9)
(1991,320,Rory Sparrow,PG,32,SAC,80,74,29.7,4.6,9.5,.491,0.4,1.0,.397,4.3,8.5,.501,.511,0.7,1.0,.699,0.6,1.8,2.3,4.5,1.0,0.2,1.6,2.4,10.4)
(1991,323,Everette Stephens,PG,24,MIL,3,0,2.0,0.7,1.0,.667,0.0,0.0,,0.7,1.0,.667,.667,0.7,0.7,1.000,0.0,0.0,0.0,0.7,0.0,0.0,0.0,0.0,2.0)
(1991,327,Roy Tarpley,C,26,DAL,5,5,34.2,8.6,15.8,.544,0.0,0.2,.000,8.6,15.6,.551,.544,3.2,3.6,.889,3.2,7.8,11.0,2.4,1.2,1.8,2.6,4.0,20.4)
(1991,331,Isiah Thomas*,PG,29,DET,48,46,34.5,6.0,13.9,.435,0.4,1.4,.292,5.6,12.5,.450,.449,3.7,4.8,.782,0.7,2.6,3.3,9.3,1.6,0.2,3.9,2.5,16.2)
(1991,335,Mychal Thompson,C,36,LAL,72,4,15.0,1.6,3.2,.496,0.0,0.0,.000,1.6,3.1,.500,.496,0.9,1.2,.705,1.0,2.1,3.2,0.3,0.3,0.3,0.7,1.6,4.0)
(1991,339,Wayman Tisdale,PF,26,SAC,33,31,33.8,7.9,16.4,.483,0.0,0.0,.000,7.9,16.4,.484,.483,4.1,5.2,.800,2.3,5.4,7.7,2.0,0.7,0.8,2.5,3.0,20.0)
(1991,342,Kelly Tripucka,SF,31,CHH,77,1,16.7,2.4,5.4,.454,0.2,0.6,.333,2.2,4.8,.469,.472,2.0,2.2,.910,0.6,1.7,2.3,2.1,0.4,0.2,1.2,1.7,7.0)
(1991,346,Kelvin Upshaw,SG,28,DAL,48,1,10.7,2.2,4.8,.450,0.1,0.6,.241,2.0,4.2,.480,.465,1.1,1.3,.859,0.4,0.7,1.1,1.8,0.6,0.1,0.8,1.6,5.6)
(1991,350,Sam Vincent,PG,27,ORL,49,17,19.9,3.1,7.2,.431,0.1,0.4,.158,3.0,6.8,.446,.435,2.0,2.4,.825,0.3,1.8,2.2,4.0,0.6,0.1,1.9,1.5,8.3)
(1991,354,Kenny Walker,SF,26,NYK,54,8,14.3,1.5,3.5,.435,0.0,0.0,.000,1.5,3.5,.437,.435,1.2,1.5,.780,1.2,1.7,2.9,0.2,0.3,0.6,0.6,1.7,4.3)
(1991,358,Mark West,C,30,PHO,82,64,23.9,3.0,4.7,.647,0.0,0.0,,3.0,4.7,.647,.647,1.6,2.5,.655,2.1,4.8,6.9,0.5,0.4,2.0,1.0,3.2,7.7)
(1991,361,Dominique Wilkins*,SF,31,ATL,81,81,38.0,9.5,20.2,.470,1.0,3.1,.341,8.5,17.2,.492,.495,5.9,7.1,.829,3.2,5.8,9.0,3.3,1.5,0.8,2.5,1.9,25.9)
(1991,365,Herb Williams,C,32,DAL,60,36,30.5,5.5,10.9,.507,0.0,0.1,.000,5.5,10.9,.510,.507,1.4,2.2,.638,1.4,4.5,6.0,1.6,0.5,1.5,1.9,3.3,12.5)
(1991,369,Kenny Williams,PF,21,IND,75,0,7.0,1.2,2.4,.520,0.0,0.0,.000,1.2,2.3,.528,.520,0.5,0.7,.680,0.7,1.0,1.7,0.4,0.1,0.4,0.5,1.1,2.9)
(1991,373,Kevin Willis,PF,28,ATL,80,80,29.7,5.6,11.0,.504,0.1,0.1,.400,5.5,10.9,.505,.506,2.0,3.0,.668,3.2,5.6,8.8,1.2,0.8,0.5,1.9,2.9,13.1)
(1991,377,Randy Wittman,SF,31,IND,41,0,8.7,0.9,1.9,.443,0.0,0.1,.000,0.9,1.8,.473,.443,0.1,0.1,.667,0.1,0.7,0.8,0.6,0.2,0.1,0.2,0.2,1.8)
(1991,Rk,Player,Pos,Age,Tm,G,GS,MP,FG,FGA,FG%,3P,3PA,3P%,2P,2PA,2P%,eFG%,FT,FTA,FT%,ORB,DRB,TRB,AST,STL,BLK,TOV,PF,PTS)
(1991,384,James Worthy*,SF,29,LAL,78,74,38.6,9.2,18.7,.492,0.3,1.2,.289,8.8,17.5,.505,.501,2.7,3.4,.797,1.4,3.2,4.6,3.5,1.3,0.4,1.6,1.5,21.4)
