(1991,Rk,Player,Pos,Age,Tm,G,GS,MP,FG,FGA,FG%,3P,3PA,3P%,2P,2PA,2P%,eFG%,FT,FTA,FT%,ORB,DRB,TRB,AST,STL,BLK,TOV,PF,PTS)
(1991,4,Michael Adams,PG,28,DEN,66,66,35.5,8.5,21.5,.394,2.5,8.5,.296,6.0,13.0,.459,.453,7.0,8.0,.879,0.9,3.0,3.9,10.5,2.2,0.1,3.6,2.5,26.5)
(1991,8,Steve Alford,PG,26,DAL,34,0,6.9,1.7,3.4,.504,0.2,0.7,.304,1.5,2.8,.553,.534,0.8,0.9,.839,0.3,0.4,0.7,0.6,0.2,0.0,0.5,0.3,4.4)
(1991,12,Willie Anderson,SG,24,SAS,75,75,34.6,6.0,13.2,.457,0.1,0.5,.200,5.9,12.7,.467,.461,2.3,2.8,.798,0.9,3.8,4.7,4.8,1.1,0.6,2.2,3.0,14.4)
(1991,16,Keith Askins,SF,23,MIA,39,1,6.8,0.9,2.1,.420,0.2,0.6,.240,0.7,1.4,.500,.457,0.3,0.6,.480,0.8,1.0,1.7,0.5,0.4,0.3,0.3,1.2,2.2)
(1991,20,Ken Bannister,PF,30,LAC,47,3,7.2,0.9,1.7,.531,0.0,0.0,.000,0.9,1.7,.538,.531,0.5,1.4,.385,0.7,1.3,2.0,0.2,0.1,0.1,0.5,1.6,2.4)
(1991,23,John Battle,SG,28,ATL,79,2,23.6,5.0,10.9,.461,0.2,0.6,.286,4.8,10.3,.471,.469,3.4,4.0,.854,0.4,1.6,2.0,2.7,0.6,0.1,1.4,1.8,13.6)
(1991,27,Winston Bennett,SF,25,CLE,27,13,12.4,1.5,4.0,.374,0.0,0.0,,1.5,4.0,.374,.374,1.3,1.7,.745,1.1,1.3,2.4,1.0,0.3,0.1,0.7,1.9,4.3)
(1991,31,Mookie Blaylock,PG,23,NJN,72,70,35.9,6.0,14.4,.416,0.2,1.3,.154,5.8,13.2,.441,.423,1.9,2.4,.790,0.9,2.5,3.5,6.1,2.3,0.6,2.9,2.5,14.1)
(1991,35,Sam Bowie,C,29,NJN,62,51,30.9,5.1,11.7,.434,0.1,0.4,.182,5.0,11.3,.442,.437,2.7,3.7,.732,2.8,4.9,7.7,2.4,0.7,1.5,2.3,2.8,12.9)
(1991,39,Chucky Brown,SF,22,CLE,74,51,20.1,3.6,6.8,.524,0.0,0.1,.000,3.6,6.7,.528,.524,1.4,1.9,.701,1.1,1.8,2.9,1.1,0.4,0.3,1.3,1.8,8.5)
(1991,42,Tony Brown,SG-SF,30,TOT,30,0,9.8,1.0,2.7,.375,0.1,0.4,.250,0.9,2.3,.397,.394,0.7,0.8,.870,0.8,0.6,1.4,0.5,0.1,0.0,0.5,1.6,2.8)
(1991,46,Willie Burton,SF,22,MIA,76,26,25.4,4.5,10.2,.441,0.1,0.4,.133,4.4,9.8,.454,.444,3.0,3.9,.782,1.5,2.0,3.4,1.4,0.9,0.3,1.9,3.6,12.0)
(1991,50,Rick Calloway,SG,24,SAC,64,0,10.6,1.2,3.0,.391,0.0,0.0,.000,1.2,3.0,.395,.391,0.9,1.2,.696,0.4,0.8,1.2,1.0,0.3,0.1,0.8,1.5,3.2)
(1991,54,Joe Barry Carroll,C,32,PHO,11,0,8.7,1.2,3.3,.361,0.0,0.0,,1.2,3.3,.361,.361,1.0,1.1,.917,0.3,1.9,2.2,1.0,0.1,0.7,1.1,1.6,3.4)
(1991,58,Cedric Ceballos,SF,21,PHO,63,0,11.6,3.2,6.7,.487,0.0,0.1,.167,3.2,6.6,.492,.488,1.7,2.6,.663,1.2,1.2,2.4,0.6,0.3,0.1,1.1,1.1,8.2)
(1991,61,Maurice Cheeks,PG,34,NYK,76,64,28.3,3.2,6.4,.499,0.1,0.3,.250,3.1,6.1,.510,.504,1.4,1.7,.814,0.3,2.0,2.3,5.7,1.7,0.1,1.4,1.8,7.8)
(1991,65,Bimbo Coles,PG,22,MIA,82,9,16.5,2.0,4.8,.412,0.1,0.4,.176,1.9,4.4,.435,.420,0.9,1.2,.747,0.7,1.2,1.9,2.8,0.8,0.1,1.2,1.8,4.9)
(1991,69,Wayne Cooper,C,34,POR,67,1,11.1,0.9,2.2,.393,0.0,0.0,.000,0.9,2.1,.396,.393,0.5,0.6,.786,0.8,2.0,2.8,0.3,0.1,0.9,0.3,1.8,2.2)
(1991,73,Terry Cummings,PF,29,SAS,67,62,32.8,7.5,15.5,.484,0.1,0.5,.212,7.4,15.0,.493,.487,2.4,3.6,.683,2.9,4.9,7.8,2.3,0.9,0.4,2.0,3.4,17.6)
(1991,77,Adrian Dantley*,SF,34,MIL,10,0,12.6,1.9,5.0,.380,0.1,0.3,.333,1.8,4.7,.383,.390,1.8,2.6,.692,0.8,0.5,1.3,0.9,0.5,0.0,0.6,0.8,5.7)
(1991,Rk,Player,Pos,Age,Tm,G,GS,MP,FG,FGA,FG%,3P,3PA,3P%,2P,2PA,2P%,eFG%,FT,FTA,FT%,ORB,DRB,TRB,AST,STL,BLK,TOV,PF,PTS)
(1991,84,Byron Dinkins,PG,23,TOT,12,0,12.4,1.2,2.8,.412,0.0,0.0,,1.2,2.8,.412,.412,0.7,0.8,.889,0.0,1.0,1.0,1.6,0.2,0.0,1.1,1.3,3.0)
(1991,88,Greg Dreiling,C,28,IND,73,42,14.1,1.3,2.7,.505,0.0,0.0,.000,1.3,2.6,.510,.505,0.9,1.4,.600,0.9,2.6,3.5,0.7,0.3,0.4,0.8,2.4,3.5)
(1991,92,Chris Dudley,C,25,NJN,61,25,25.6,2.8,6.8,.408,0.0,0.0,,2.8,6.8,.408,.408,1.5,2.9,.534,3.8,4.6,8.4,0.6,0.6,2.5,1.3,3.6,7.1)
(1991,96,Mark Eaton,C,34,UTA,80,80,32.3,2.1,3.7,.579,0.0,0.0,,2.1,3.7,.579,.579,0.9,1.4,.634,2.3,6.1,8.3,0.6,0.5,2.4,1.2,3.7,5.1)
(1991,100,Craig Ehlo,SG,29,CLE,82,68,33.7,4.2,9.4,.445,0.6,1.8,.329,3.6,7.6,.473,.477,1.2,1.7,.679,1.7,3.0,4.7,4.6,1.5,0.4,2.0,2.5,10.1)
(1991,103,Dale Ellis,SG,30,TOT,51,24,27.9,6.7,14.1,.474,1.1,3.1,.363,5.5,11.0,.504,.513,2.4,3.3,.723,1.3,2.1,3.4,1.9,1.0,0.2,1.6,2.2,16.8)
(1991,107,Patrick Ewing*,C,28,NYK,81,81,38.3,10.4,20.3,.514,0.0,0.1,.000,10.4,20.2,.516,.514,5.7,7.7,.745,2.4,8.8,11.2,3.0,1.0,3.2,3.6,3.5,26.6)
(1991,111,Danny Ferry,PF,24,CLE,81,2,20.5,3.4,7.9,.428,0.3,1.0,.299,3.1,7.0,.445,.446,1.5,1.9,.816,1.2,2.3,3.5,1.8,0.5,0.3,1.5,2.8,8.6)
(1991,115,Anthony Frederick,SF,26,SAC,35,3,13.6,1.9,4.8,.399,0.0,0.0,,1.9,4.8,.399,.399,1.2,1.7,.717,1.0,1.4,2.4,1.3,0.6,0.4,1.1,1.4,5.1)
(1991,119,Tom Garrick,SG,24,LAC,67,0,14.2,1.5,3.5,.424,0.0,0.3,.000,1.5,3.2,.467,.424,0.9,1.2,.759,0.6,1.3,1.9,3.3,0.9,0.0,1.0,1.5,3.9)
(1991,122,Derrick Gervin,PF,27,NJN,56,4,13.3,2.9,7.0,.416,0.1,0.5,.250,2.8,6.5,.429,.425,1.6,2.0,.789,0.7,1.3,2.0,0.5,0.3,0.3,0.8,1.6,7.6)
(1991,126,Mike Gminski,C,31,TOT,80,79,27.5,4.5,10.1,.442,0.0,0.2,.143,4.4,9.9,.447,.443,1.6,2.0,.810,2.3,5.0,7.3,1.2,0.5,0.7,1.1,1.2,10.6)
(1991,130,Greg Grant,PG,24,NYK,22,0,4.9,0.5,1.2,.370,0.0,0.1,.333,0.4,1.1,.375,.389,0.2,0.3,.833,0.0,0.4,0.5,0.9,0.4,0.0,0.5,0.5,1.2)
(1991,134,Jeff Grayer,SG,25,MIL,82,7,17.3,2.6,5.9,.433,0.0,0.0,.000,2.6,5.9,.436,.433,1.2,1.8,.687,1.4,1.6,3.0,1.5,0.6,0.1,1.0,1.2,6.4)
(1991,138,Dave Greenwood,PF,33,SAS,63,11,16.2,1.3,2.7,.503,0.0,0.0,.000,1.3,2.7,.509,.503,1.1,1.5,.734,1.0,2.5,3.5,0.8,0.5,0.4,1.1,2.7,3.8)
(1991,141,Jack Haley,PF,27,NJN,78,18,15.1,2.1,4.4,.469,0.0,0.0,,2.1,4.4,.469,.469,1.4,2.3,.619,1.8,2.8,4.6,0.4,0.3,0.3,0.8,2.6,5.6)
(1991,145,Derek Harper,PG,29,DAL,77,77,37.4,7.4,15.9,.467,1.2,3.2,.362,6.3,12.7,.493,.503,3.7,5.1,.731,0.8,2.3,3.0,7.1,1.9,0.2,2.3,2.9,19.7)
(1991,149,Hersey Hawkins,SG,24,PHI,80,80,38.9,7.4,15.6,.472,1.4,3.4,.400,6.0,12.3,.491,.515,6.0,6.9,.871,0.6,3.3,3.9,3.7,2.2,0.5,2.7,2.3,22.1)
(1991,153,Rod Higgins,SF,31,GSW,82,9,24.7,3.2,6.8,.463,0.9,2.7,.332,2.3,4.1,.549,.529,2.3,2.8,.819,1.3,3.0,4.3,1.4,0.6,0.5,0.8,2.4,9.5)
(1991,157,Craig Hodges,SG,30,CHI,73,0,11.5,2.0,4.7,.424,0.6,1.6,.383,1.4,3.1,.445,.488,0.4,0.4,.963,0.1,0.4,0.6,1.3,0.5,0.0,0.5,1.0,5.0)
(1991,Rk,Player,Pos,Age,Tm,G,GS,MP,FG,FGA,FG%,3P,3PA,3P%,2P,2PA,2P%,eFG%,FT,FTA,FT%,ORB,DRB,TRB,AST,STL,BLK,TOV,PF,PTS)
(1991,164,Dave Jamerson,SG,23,HOU,37,0,5.5,1.2,3.1,.381,0.1,0.5,.263,1.0,2.5,.404,.403,0.6,0.7,.815,0.2,0.6,0.8,0.7,0.2,0.0,0.5,0.6,3.1)
(1991,168,Buck Johnson,SF,27,HOU,73,70,31.2,5.7,12.0,.477,0.0,0.2,.133,5.7,11.8,.483,.478,2.2,3.0,.727,1.5,3.0,4.5,1.9,1.1,0.6,1.7,3.3,13.6)
(1991,172,Steve Johnson,C,33,GSW,24,8,9.5,1.4,2.6,.540,0.0,0.0,,1.4,2.6,.540,.540,0.9,1.5,.595,0.8,1.6,2.4,0.7,0.2,0.2,1.0,2.1,3.8)
(1991,176,Shawn Kemp,PF,21,SEA,81,66,30.1,5.7,11.2,.508,0.0,0.1,.167,5.7,11.1,.513,.509,3.6,5.4,.661,3.3,5.1,8.4,1.8,1.0,1.5,2.5,3.9,15.0)
(1991,180,Randolph Keys,SF,24,CHH,44,0,10.8,1.3,3.3,.407,0.1,0.3,.214,1.3,3.0,.427,.417,0.4,0.8,.576,0.9,1.4,2.3,0.4,0.5,0.3,0.8,2.1,3.2)
(1991,183,Stacey King,PF,24,CHI,76,6,15.8,2.1,4.4,.467,0.0,0.0,.000,2.1,4.4,.470,.467,1.4,2.0,.704,0.9,1.8,2.7,0.9,0.3,0.6,1.2,1.8,5.5)
(1991,187,Bart Kofoed,SG,26,GSW,5,0,4.2,0.0,0.6,.000,0.0,0.0,,0.0,0.6,.000,.000,0.6,1.2,.500,0.4,0.2,0.6,0.8,0.0,0.0,0.4,0.8,0.6)
(1991,191,Jerome Lane,PF,24,DEN,62,25,22.3,3.3,7.4,.438,0.0,0.1,.250,3.2,7.4,.440,.439,0.9,2.3,.411,4.5,4.8,9.3,2.0,0.8,0.2,1.7,3.1,7.5)
(1991,195,Tim Legler,SG,24,DEN,10,0,14.8,2.5,7.2,.347,0.3,1.2,.250,2.2,6.0,.367,.368,0.5,0.6,.833,0.8,1.0,1.8,1.2,0.2,0.0,0.4,2.0,5.8)
(1991,199,Fat Lever,SG,30,DAL,4,0,21.5,2.3,5.8,.391,0.0,0.8,.000,2.3,5.0,.450,.391,2.8,3.5,.786,0.8,3.0,3.8,3.0,1.5,0.8,2.5,1.3,7.3)
(1991,202,Marcus Liberty,SF,22,DEN,76,18,15.4,2.8,6.8,.421,0.2,0.8,.298,2.6,6.0,.436,.438,0.8,1.2,.630,1.5,1.4,2.9,0.8,0.6,0.3,0.9,2.0,6.7)
(1991,206,Brad Lohaus,PF,26,MIL,81,3,15.0,2.2,5.1,.431,0.4,1.5,.277,1.8,3.7,.493,.471,0.5,0.7,.685,0.7,2.0,2.7,0.9,0.6,0.9,0.7,2.1,5.3)
(1991,210,Dan Majerle,SF,25,PHO,77,7,29.6,5.2,10.7,.484,0.4,1.1,.349,4.8,9.5,.499,.502,2.9,3.9,.762,2.2,3.2,5.4,2.8,1.4,0.5,1.5,2.1,13.6)
(1991,214,Danny Manning,PF,24,LAC,73,47,30.1,6.4,12.4,.519,0.0,0.0,.000,6.4,12.4,.521,.519,3.0,4.2,.716,2.3,3.5,5.8,2.7,1.6,0.8,2.6,3.8,15.9)
(1991,218,Tony Massenburg,PF,23,SAS,35,0,4.6,0.8,1.7,.450,0.0,0.0,,0.8,1.7,.450,.450,0.8,1.3,.622,0.7,1.0,1.7,0.1,0.1,0.3,0.4,0.7,2.3)
(1991,221,George McCloud,SF,23,IND,74,0,14.5,1.8,4.7,.373,0.6,1.7,.347,1.2,3.1,.388,.434,0.5,0.7,.776,0.5,1.1,1.6,2.0,0.5,0.1,1.2,1.9,4.6)
(1991,225,Kevin McHale*,PF,33,BOS,68,10,30.4,7.4,13.4,.553,0.2,0.5,.405,7.2,12.9,.559,.561,3.4,4.0,.829,2.1,4.9,7.1,1.9,0.4,2.1,2.1,2.9,18.4)
(1991,229,Scott Meents,PF,27,SEA,13,0,4.1,0.5,2.2,.250,0.1,0.1,1.000,0.5,2.1,.222,.268,0.2,0.3,.500,0.2,0.5,0.8,0.6,0.5,0.3,0.5,0.4,1.3)
(1991,233,Paul Mokeski,C,34,GSW,36,1,7.1,0.6,1.6,.356,0.1,0.3,.333,0.5,1.4,.360,.381,0.3,0.4,.800,0.6,1.3,1.9,0.3,0.2,0.1,0.2,1.6,1.6)
(1991,237,Chris Mullin*,SF,27,GSW,82,82,40.4,9.5,17.7,.536,0.5,1.6,.301,9.0,16.0,.560,.550,6.3,7.1,.884,1.7,3.7,5.4,4.0,2.1,0.8,3.0,2.1,25.7)
(1991,Rk,Player,Pos,Age,Tm,G,GS,MP,FG,FGA,FG%,3P,3PA,3P%,2P,2PA,2P%,eFG%,FT,FTA,FT%,ORB,DRB,TRB,AST,STL,BLK,TOV,PF,PTS)
(1991,244,Ed Nealy,PF,30,PHO,55,0,10.4,0.8,1.8,.464,0.1,0.3,.313,0.7,1.5,.494,.490,0.5,0.7,.737,0.8,1.9,2.7,0.7,0.4,0.1,0.3,0.8,2.2)
(1991,248,Charles Oakley,PF,27,NYK,76,74,36.0,4.0,7.8,.516,0.0,0.0,.000,4.0,7.8,.518,.516,3.1,4.0,.784,4.0,8.1,12.1,2.7,0.8,0.2,2.8,3.8,11.2)
(1991,252,Brian Oliver,SG,22,PHI,73,4,11.0,1.5,3.7,.408,0.1,0.2,.278,1.5,3.5,.417,.417,0.7,1.0,.732,0.2,0.8,1.1,1.2,0.5,0.1,0.7,1.0,3.8)
(1991,256,John Paxson,PG,30,CHI,82,82,24.0,3.9,7.0,.548,0.5,1.2,.438,3.4,5.9,.571,.585,0.4,0.5,.829,0.2,0.9,1.1,3.6,0.8,0.0,0.8,1.7,8.7)
(1991,260,Sam Perkins,PF,29,LAL,73,66,34.3,5.0,10.2,.495,0.2,0.9,.281,4.8,9.3,.515,.507,3.1,3.8,.821,2.3,5.1,7.4,1.5,0.9,1.1,1.4,3.4,13.5)
(1991,263,Jim Petersen,C,28,GSW,62,21,13.5,1.8,3.8,.483,0.0,0.1,.250,1.8,3.7,.487,.485,0.8,1.2,.658,1.1,2.1,3.2,0.4,0.2,0.7,0.8,2.5,4.5)
(1991,267,Scottie Pippen*,SF,25,CHI,82,82,36.8,7.3,14.1,.520,0.3,0.8,.309,7.1,13.2,.534,.529,2.9,4.1,.706,2.0,5.3,7.3,6.2,2.4,1.1,2.8,3.3,17.8)
(1991,271,Paul Pressey,SG,32,SAS,70,18,24.0,2.9,6.1,.472,0.2,0.8,.281,2.6,5.3,.501,.491,1.6,1.9,.827,0.7,1.8,2.5,3.9,0.9,0.5,1.9,2.5,7.5)
(1991,275,Kurt Rambis,PF,32,PHO,62,17,14.5,1.3,2.7,.497,0.0,0.0,.000,1.3,2.7,.503,.497,1.0,1.4,.706,1.2,3.0,4.3,1.0,0.4,0.2,0.7,1.7,3.6)
(1991,279,Jerry Reynolds,SG,28,ORL,80,9,23.0,4.3,9.9,.434,0.1,0.4,.294,4.2,9.5,.440,.440,4.2,5.2,.802,1.1,2.6,3.7,2.5,1.2,0.7,2.2,1.5,12.9)
(1991,282,Mitch Richmond*,SG,25,GSW,77,77,39.3,9.1,18.5,.494,0.5,1.5,.348,8.6,17.0,.506,.508,5.1,6.0,.847,1.9,4.0,5.9,3.1,1.6,0.4,3.0,2.7,23.9)
(1991,286,Clifford Robinson,PF,24,POR,82,11,23.7,4.5,9.8,.463,0.1,0.2,.316,4.5,9.6,.466,.467,2.5,3.8,.653,1.5,2.8,4.3,1.8,1.0,0.9,1.6,3.2,11.7)
(1991,290,Dennis Rodman*,PF,29,DET,82,77,33.5,3.4,6.8,.493,0.1,0.4,.200,3.3,6.5,.509,.498,1.4,2.1,.631,4.4,8.1,12.5,1.0,0.8,0.7,1.1,3.4,8.2)
(1991,294,Ralph Sampson*,C,30,SAC,25,4,13.9,1.4,3.7,.366,0.0,0.2,.200,1.3,3.5,.375,.371,0.2,0.8,.263,1.6,2.8,4.4,0.7,0.4,0.7,1.1,2.2,3.0)
(1991,298,Steve Scheffler,C,23,CHH,39,0,5.8,0.5,1.0,.513,0.0,0.0,,0.5,1.0,.513,.513,0.5,0.5,.905,0.5,0.6,1.2,0.2,0.2,0.1,0.1,0.5,1.5)
(1991,301,Byron Scott,SG,29,LAL,82,82,32.1,6.1,12.8,.477,0.9,2.7,.324,5.2,10.1,.517,.510,1.4,1.8,.797,0.7,2.3,3.0,2.2,1.2,0.3,1.0,1.8,14.5)
(1991,305,Brian Shaw,PG,24,BOS,79,79,35.1,5.6,11.9,.469,0.0,0.3,.111,5.6,11.6,.480,.471,2.6,3.2,.819,1.3,3.4,4.7,7.6,1.3,0.4,2.8,2.6,13.8)
(1991,309,Charles Smith,PG,23,BOS,5,0,6.0,0.6,1.4,.429,0.0,0.0,,0.6,1.4,.429,.429,0.6,1.0,.600,0.0,0.4,0.4,1.2,0.2,0.0,0.6,1.4,1.8)
(1991,313,Kenny Smith,PG,25,HOU,78,78,34.6,6.7,12.9,.520,0.6,1.7,.363,6.1,11.1,.545,.545,3.7,4.4,.844,0.5,1.6,2.1,7.1,1.4,0.1,3.0,1.7,17.7)
(1991,317,Tony Smith,SG,22,LAL,64,1,10.9,1.5,3.4,.441,0.0,0.1,.000,1.5,3.3,.455,.441,0.6,0.9,.702,0.4,0.7,1.1,2.1,0.4,0.2,1.1,1.3,3.7)
(1991,Rk,Player,Pos,Age,Tm,G,GS,MP,FG,FGA,FG%,3P,3PA,3P%,2P,2PA,2P%,eFG%,FT,FTA,FT%,ORB,DRB,TRB,AST,STL,BLK,TOV,PF,PTS)
(1991,324,John Stockton*,PG,28,UTA,82,82,37.8,6.0,11.9,.507,0.7,2.0,.345,5.3,9.9,.541,.537,4.4,5.3,.836,0.6,2.3,2.9,14.2,2.9,0.2,3.6,2.8,17.2)
(1991,328,Terry Teagle,SG,30,LAL,82,0,18.3,4.1,9.2,.443,0.0,0.1,.000,4.1,9.1,.448,.443,1.8,2.2,.819,1.0,1.2,2.2,1.0,0.4,0.1,1.0,2.0,9.9)
(1991,332,Jim Thomas,SG,30,MIN,3,0,4.7,0.3,1.3,.250,0.0,0.0,,0.3,1.3,.250,.250,0.0,0.0,,0.0,0.0,0.0,0.3,0.3,0.0,0.3,0.0,0.7)
(1991,336,Bob Thornton,PF,28,MIN,12,1,9.2,0.3,1.1,.308,0.0,0.0,,0.3,1.1,.308,.308,0.7,0.8,.800,0.1,1.2,1.3,0.1,0.0,0.3,0.8,1.5,1.3)
(1991,340,Tom Tolbert,PF,25,GSW,62,32,22.1,3.0,7.0,.423,0.1,0.3,.333,2.8,6.6,.427,.431,2.0,2.8,.738,1.4,3.0,4.4,1.2,0.6,0.6,1.3,3.1,8.1)
(1991,343,Trent Tucker,SG,31,NYK,65,13,18.4,2.9,6.7,.440,1.0,2.4,.418,2.0,4.3,.452,.514,0.3,0.4,.630,0.5,1.1,1.6,1.7,0.7,0.1,0.7,1.8,7.1)
(1991,347,Darnell Valentine,PG,31,CLE,65,60,28.3,3.5,7.6,.464,0.1,0.4,.240,3.4,7.2,.476,.470,2.2,2.6,.831,0.6,2.1,2.6,5.4,1.5,0.2,1.9,2.6,9.4)
(1991,351,Stojko Vrankovic,C,27,BOS,31,0,5.4,0.8,1.7,.462,0.0,0.0,,0.8,1.7,.462,.462,0.3,0.6,.556,0.5,1.2,1.6,0.1,0.0,0.9,0.8,1.4,1.9)
(1991,355,Spud Webb,PG,27,ATL,75,64,29.3,4.8,10.7,.447,0.7,2.2,.321,4.1,8.5,.480,.481,3.1,3.5,.868,0.5,1.8,2.3,5.6,1.6,0.1,1.9,2.4,13.4)
(1991,359,Randy White,PF,23,DAL,79,29,24.1,3.4,8.4,.398,0.1,0.5,.162,3.3,7.9,.412,.403,2.0,2.8,.707,2.2,4.2,6.4,0.8,1.0,0.6,1.7,3.9,8.8)
(1991,362,Eddie Lee Wilkins,C,28,NYK,68,1,9.8,1.7,3.8,.447,0.0,0.0,.000,1.7,3.7,.449,.447,0.8,1.3,.567,1.0,1.6,2.6,0.2,0.3,0.1,0.7,1.3,4.1)
(1991,366,Hot Rod Williams,C,28,CLE,43,14,30.1,4.6,10.0,.463,0.0,0.0,.000,4.6,10.0,.464,.463,2.5,3.8,.652,2.6,4.2,6.7,2.3,0.8,1.6,1.5,2.9,11.7)
(1991,370,Micheal Williams,PG,24,IND,73,37,23.4,3.6,7.2,.499,0.0,0.1,.143,3.6,7.1,.504,.500,4.0,4.5,.879,0.7,1.7,2.4,4.8,2.1,0.2,2.1,2.8,11.1)
(1991,374,Trevor Wilson,PF,22,ATL,25,0,6.5,0.8,2.8,.300,0.0,0.1,.000,0.8,2.7,.309,.300,0.5,1.0,.500,0.6,1.0,1.6,0.4,0.2,0.0,0.7,0.5,2.2)
(1991,378,Joe Wolf,C,26,DEN,74,38,21.5,3.2,7.0,.451,0.0,0.2,.133,3.1,6.8,.460,.453,0.9,1.1,.831,1.8,3.6,5.4,1.4,0.8,0.4,1.3,3.3,7.3)
(1991,381,Mike Woodson,SG,32,TOT,15,3,11.4,1.7,5.1,.338,0.1,0.5,.143,1.7,4.7,.357,.344,0.7,0.9,.846,0.2,0.7,0.9,1.0,0.3,0.3,0.8,1.2,4.3)
(1991,385,Howard Wright,PF,23,TOT,15,0,10.9,1.3,3.1,.404,0.0,0.1,.000,1.3,3.1,.413,.404,1.1,1.6,.667,0.8,2.2,3.0,0.2,0.3,0.3,0.7,1.9,3.6)
