(2014,Rk,Player,Pos,Age,Tm,G,GS,MP,FG,FGA,FG%,3P,3PA,3P,2P,2PA,2P,eFG%,FT,FTA,FT%,ORB,DRB,TRB,AST,STL,BLK,TOV,PF,PTS)
(2014,4,Arron Afflalo,SG,28,ORL,73,73,35.0,6.4,13.8,.459,1.8,4.1,.427,4.6,9.7,.473,.522,3.8,4.6,.815,0.4,3.2,3.6,3.4,0.5,0.0,2.0,1.9,18.2)
(2014,8,Lavoy Allen,PF,24,TOT,65,2,16.5,2.1,4.6,.447,0.0,0.2,.154,2.0,4.4,.460,.450,0.5,0.8,.660,1.8,3.0,4.8,1.1,0.4,0.5,0.7,1.9,4.7)
(2014,12,Louis Amundson,PF,31,TOT,19,0,9.7,0.8,1.7,.500,0.0,0.0,,0.8,1.7,.500,.500,0.3,1.3,.250,1.5,1.4,2.9,0.3,0.5,0.6,0.7,2.6,2.0)
(2014,16,Ryan Anderson,PF,25,NOP,22,14,36.1,7.0,16.1,.438,3.0,7.5,.409,4.0,8.6,.463,.532,2.7,2.8,.952,3.0,3.5,6.5,0.8,0.5,0.3,0.9,2.1,19.8)
(2014,20,Pero Antic,PF,31,ATL,50,26,18.5,2.5,5.9,.418,1.1,3.4,.327,1.3,2.5,.545,.514,1.0,1.3,.758,1.1,3.0,4.2,1.2,0.4,0.2,1.1,2.5,7.0)
(2014,23,Darrell Arthur,SF,25,DEN,68,1,17.1,2.4,6.0,.395,0.4,0.9,.375,2.0,5.1,.399,.424,0.8,0.9,.855,0.8,2.3,3.1,0.9,0.6,0.7,0.9,2.7,5.9)
(2014,27,Jeff Ayres,PF,26,SAS,73,10,13.0,1.4,2.4,.580,0.0,0.0,,1.4,2.4,.580,.580,0.5,0.8,.691,1.2,2.3,3.5,0.8,0.2,0.3,0.9,2.0,3.3)
(2014,31,Jose Barea,PG,29,MIN,79,1,18.6,3.2,8.3,.387,0.9,2.9,.316,2.3,5.4,.426,.443,1.0,1.3,.790,0.2,1.7,1.9,3.8,0.3,0.0,1.6,1.6,8.4)
(2014,35,Will Barton,SG,23,POR,41,0,9.4,1.6,3.8,.417,0.2,0.8,.303,1.3,3.0,.447,.449,0.6,0.8,.813,0.4,1.4,1.8,0.8,0.2,0.2,0.4,0.8,4.0)
(2014,39,Jerryd Bayless,PG,25,TOT,72,19,23.4,3.4,8.6,.402,1.1,2.9,.358,2.4,5.6,.425,.464,1.3,1.6,.797,0.3,1.7,2.0,2.7,0.8,0.1,1.1,2.2,9.3)
(2014,42,Bradley Beal,SG,20,WAS,73,73,34.7,6.6,15.7,.419,1.9,4.7,.402,4.7,11.0,.426,.479,2.0,2.6,.788,0.7,3.0,3.7,3.3,1.0,0.2,1.8,2.1,17.1)
(2014,46,Patrick Beverley,SG,25,HOU,56,55,31.3,3.6,8.6,.414,1.6,4.6,.361,1.9,4.0,.473,.509,1.5,1.8,.814,1.3,2.2,3.5,2.7,1.4,0.4,1.2,3.1,10.2)
(2014,50,DeJuan Blair,PF,24,DAL,78,13,15.6,2.7,5.0,.534,0.0,0.0,.000,2.7,5.0,.537,.534,1.0,1.6,.636,1.8,2.9,4.7,0.9,0.8,0.3,1.0,2.5,6.4)
(2014,54,Vander Blue,SG,21,BOS,3,0,5.0,0.7,1.3,.500,0.0,0.3,.000,0.7,1.0,.667,.500,0.3,1.7,.200,0.0,1.0,1.0,0.3,0.0,0.0,0.7,0.3,1.7)
(2014,58,Trevor Booker,PF,26,WAS,72,45,21.6,3.1,5.6,.551,0.0,0.0,.000,3.1,5.6,.554,.551,0.7,1.1,.618,2.1,3.2,5.3,0.9,0.6,0.6,0.8,1.8,6.8)
(2014,61,Avery Bradley,PG,23,BOS,60,58,30.9,6.0,13.8,.438,1.3,3.3,.395,4.7,10.4,.451,.485,1.5,1.9,.804,0.8,3.0,3.8,1.4,1.1,0.2,1.6,2.4,14.9)
(2014,65,Aaron Brooks,PG,29,TOT,72,12,21.6,3.2,8.1,.401,1.3,3.4,.387,1.9,4.6,.411,.484,1.2,1.3,.874,0.6,1.3,1.9,3.2,0.7,0.2,1.6,2.0,9.0)
(2014,69,Kobe Bryant,SG,35,LAL,6,6,29.5,5.2,12.2,.425,0.5,2.7,.188,4.7,9.5,.491,.445,3.0,3.5,.857,0.3,4.0,4.3,6.3,1.2,0.2,5.7,1.5,13.8)
(2014,73,Alec Burks,SG,22,UTA,78,12,28.1,4.9,10.7,.457,0.6,1.8,.350,4.2,8.8,.480,.487,3.6,4.8,.748,0.8,2.5,3.3,2.7,0.9,0.2,1.9,2.4,14.0)
(2014,77,Dwight Buycks,PG,24,TOR,14,0,10.4,1.1,3.4,.313,0.4,1.2,.294,0.7,2.2,.323,.365,0.6,0.6,.889,0.3,1.4,1.6,0.7,0.6,0.0,0.7,0.8,3.1)
(2014,Rk,Player,Pos,Age,Tm,G,GS,MP,FG,FGA,FG%,3P,3PA,3P,2P,2PA,2P,eFG%,FT,FTA,FT%,ORB,DRB,TRB,AST,STL,BLK,TOV,PF,PTS)
(2014,84,DeMarre Carroll,SF,27,ATL,73,73,32.1,4.1,8.8,.470,1.3,3.7,.362,2.8,5.1,.548,.546,1.5,1.9,.773,1.5,4.1,5.5,1.8,1.5,0.3,1.1,2.6,11.1)
(2014,88,Mario Chalmers,PG,27,MIA,73,73,29.8,3.5,7.7,.454,1.2,3.1,.385,2.3,4.6,.500,.531,1.7,2.2,.742,0.6,2.4,2.9,4.9,1.6,0.2,2.2,2.9,9.8)
(2014,92,Dionte Christmas,SF,27,PHO,31,0,6.4,0.7,2.0,.355,0.3,1.0,.290,0.4,1.0,.419,.427,0.6,0.8,.750,0.4,0.8,1.2,0.3,0.1,0.1,0.2,0.6,2.3)
(2014,96,Norris Cole,PG,25,MIA,82,6,24.6,2.5,6.1,.414,0.7,2.1,.345,1.8,4.0,.451,.474,0.6,0.8,.779,0.2,1.7,2.0,3.0,0.9,0.1,1.5,1.9,6.4)
(2014,100,Mike Conley,PG,26,MEM,73,73,33.5,6.3,14.1,.450,1.4,4.0,.361,4.9,10.1,.484,.500,3.1,3.8,.815,0.6,2.4,2.9,6.0,1.5,0.2,2.1,1.9,17.2)
(2014,103,Robert Covington,SF,23,HOU,7,0,4.9,0.9,2.0,.429,0.6,1.6,.364,0.3,0.4,.667,.571,0.0,0.0,,0.3,0.4,0.7,0.0,0.3,0.0,0.1,0.4,2.3)
(2014,107,Jae Crowder,SF,23,DAL,78,8,16.1,1.7,3.8,.439,0.6,1.9,.331,1.0,1.9,.552,.524,0.6,0.8,.754,0.6,1.9,2.5,0.8,0.8,0.3,0.5,1.3,4.6)
(2014,111,Stephen Curry,PG,25,GSW,78,78,36.5,8.4,17.7,.471,3.3,7.9,.424,5.0,9.8,.509,.566,3.9,4.5,.885,0.6,3.7,4.3,8.5,1.6,0.2,3.8,2.5,24.0)
(2014,115,Brandon Davies,PF,22,PHI,51,0,11.3,1.1,2.5,.422,0.0,0.2,.200,1.0,2.3,.441,.430,0.7,1.0,.642,0.7,1.4,2.1,0.5,0.5,0.2,0.7,1.8,2.8)
(2014,119,Austin Daye,SF,25,TOT,22,1,6.7,1.1,3.1,.353,0.5,1.7,.324,0.5,1.4,.387,.441,0.3,0.5,.600,0.2,1.0,1.2,0.4,0.2,0.2,0.2,0.8,3.0)
(2014,122,Matthew Dellavedova,SG,23,CLE,72,4,17.7,1.7,4.1,.412,0.8,2.2,.368,0.9,2.0,.461,.508,0.5,0.7,.792,0.4,1.3,1.7,2.6,0.5,0.1,0.8,1.7,4.7)
(2014,126,Gorgui Dieng,C,24,MIN,60,15,13.6,1.9,3.8,.498,0.0,0.0,1.000,1.9,3.8,.496,.500,1.0,1.6,.634,1.7,3.3,5.0,0.7,0.5,0.8,0.9,1.8,4.8)
(2014,130,Andre Drummond,C,20,DET,81,81,32.3,5.9,9.5,.623,0.0,0.0,.000,5.9,9.5,.625,.623,1.7,4.0,.418,5.4,7.8,13.2,0.4,1.2,1.6,1.4,3.4,13.5)
(2014,134,Kevin Durant,SF,25,OKC,81,81,38.5,10.5,20.8,.503,2.4,6.1,.391,8.1,14.8,.549,.560,8.7,9.9,.873,0.7,6.7,7.4,5.5,1.3,0.7,3.5,2.1,32.0)
(2014,138,Melvin Ely,C,35,NOP,2,0,13.5,1.5,3.0,.500,0.0,0.0,,1.5,3.0,.500,.500,0.0,0.0,,0.0,0.5,0.5,0.0,0.0,0.5,0.0,2.5,3.0)
(2014,141,Tyreke Evans,SF,24,NOP,72,22,28.2,5.4,12.5,.436,0.3,1.3,.221,5.1,11.1,.461,.448,3.3,4.3,.771,1.1,3.7,4.7,5.0,1.2,0.3,2.4,2.2,14.5)
(2014,145,Derrick Favors,PF,22,UTA,73,73,30.2,5.3,10.2,.522,0.0,0.0,.000,5.3,10.2,.523,.522,2.6,3.9,.669,2.7,6.0,8.7,1.2,1.0,1.5,1.8,3.2,13.3)
(2014,149,Derek Fisher,SG,39,OKC,81,0,17.6,1.7,4.5,.391,1.1,2.8,.384,0.7,1.6,.402,.512,0.7,0.9,.775,0.1,1.4,1.5,1.4,0.9,0.0,0.6,1.9,5.2)
(2014,153,Jimmer Fredette,SG,24,TOT,49,0,10.6,2.2,4.6,.471,0.8,1.7,.476,1.4,2.9,.469,.559,0.4,0.4,.905,0.2,0.9,1.1,1.3,0.3,0.1,1.0,0.7,5.6)
(2014,157,Kevin Garnett,C,37,BRK,54,54,20.5,2.9,6.6,.441,0.0,0.1,.000,2.9,6.5,.445,.441,0.7,0.9,.809,1.1,5.5,6.6,1.5,0.8,0.7,1.3,2.3,6.5)
(2014,Rk,Player,Pos,Age,Tm,G,GS,MP,FG,FGA,FG%,3P,3PA,3P,2P,2PA,2P,eFG%,FT,FTA,FT%,ORB,DRB,TRB,AST,STL,BLK,TOV,PF,PTS)
(2014,164,Taj Gibson,PF,28,CHI,82,8,28.7,5.2,10.9,.479,0.0,0.1,.000,5.2,10.8,.483,.479,2.6,3.4,.751,2.4,4.4,6.8,1.1,0.5,1.4,1.8,2.5,13.0)
(2014,168,Drew Gooden,C,32,WAS,22,0,18.0,3.5,6.5,.531,0.3,0.8,.412,3.1,5.7,.548,.556,1.1,1.2,.889,1.7,3.5,5.2,0.7,0.5,0.3,0.8,2.4,8.3)
(2014,172,Marcin Gortat,C,29,WAS,81,80,32.8,5.6,10.4,.542,0.0,0.0,1.000,5.6,10.4,.541,.542,1.9,2.8,.686,2.5,7.0,9.5,1.7,0.5,1.5,1.6,2.5,13.2)
(2014,176,Draymond Green,SF,23,GSW,82,12,21.9,2.3,5.6,.407,0.7,2.0,.333,1.6,3.6,.449,.467,1.0,1.5,.667,1.0,3.9,5.0,1.9,1.2,0.9,1.1,2.8,6.2)
(2014,180,Blake Griffin,PF,24,LAC,80,80,35.8,9.0,17.0,.528,0.2,0.6,.273,8.8,16.4,.537,.533,6.0,8.4,.715,2.4,7.1,9.5,3.9,1.2,0.6,2.8,3.3,24.1)
(2014,183,Justin Hamilton,C,23,TOT,8,0,9.0,1.1,2.5,.450,0.4,1.1,.333,0.8,1.4,.545,.525,0.6,0.6,1.000,0.5,0.4,0.9,0.0,0.6,0.0,0.5,1.0,3.3)
(2014,187,Maurice Harkless,SF,20,ORL,80,41,24.4,2.8,6.0,.464,0.7,1.9,.383,2.1,4.1,.502,.525,1.1,1.8,.594,0.9,2.4,3.3,1.0,1.2,0.6,1.1,1.8,7.4)
(2014,191,Elias Harris,SF,24,LAL,2,0,5.5,0.0,0.5,.000,0.0,0.0,,0.0,0.5,.000,.000,0.0,0.0,,0.5,0.0,0.5,0.5,0.5,0.0,0.0,0.0,0.0)
(2014,195,Udonis Haslem,PF,33,MIA,46,18,14.2,1.6,3.2,.507,0.0,0.0,,1.6,3.2,.507,.507,0.5,1.0,.568,0.9,2.9,3.8,0.3,0.2,0.3,0.5,1.7,3.8)
(2014,199,Gerald Henderson,SG,26,CHA,77,77,32.0,5.2,12.1,.433,0.5,1.5,.348,4.7,10.6,.445,.455,3.1,4.0,.761,0.4,3.6,4.0,2.6,0.7,0.4,1.5,2.1,14.0)
(2014,202,Roy Hibbert,C,27,IND,81,81,29.7,4.1,9.3,.439,0.0,0.1,.400,4.1,9.2,.439,.440,2.6,3.3,.770,2.5,4.1,6.6,1.1,0.4,2.2,1.8,3.3,10.8)
(2014,206,Jordan Hill,PF,26,LAL,72,32,20.8,4.0,7.2,.549,0.0,0.0,.000,4.0,7.2,.550,.549,1.7,2.5,.685,2.7,4.7,7.4,0.8,0.4,0.9,1.0,2.4,9.7)
(2014,210,Ryan Hollins,PF,29,LAC,61,0,7.9,0.9,1.2,.736,0.0,0.0,,0.9,1.2,.736,.736,0.6,0.9,.625,0.5,1.0,1.5,0.1,0.1,0.5,0.5,1.4,2.3)
(2014,214,Robbie Hummel,SF,24,MIN,53,5,12.4,1.3,3.3,.379,0.6,1.7,.360,0.7,1.7,.398,.469,0.3,0.3,.938,0.7,1.8,2.5,0.4,0.3,0.0,0.2,1.1,3.4)
(2014,218,Ersan Ilyasova,PF,26,MIL,55,47,26.9,4.3,10.5,.409,0.7,2.4,.282,3.6,8.1,.446,.441,1.9,2.4,.823,1.9,4.3,6.2,1.3,0.8,0.1,1.1,2.5,11.2)
(2014,221,Jarrett Jack,PG,30,CLE,80,31,28.2,3.6,8.7,.410,0.8,2.3,.341,2.8,6.4,.435,.455,1.6,1.9,.839,0.3,2.5,2.8,4.1,0.7,0.3,1.7,1.7,9.5)
(2014,225,Damion James,G-F,26,SAS,5,1,10.0,0.4,1.8,.222,0.0,0.4,.000,0.4,1.4,.286,.222,0.4,0.4,1.000,0.2,2.2,2.4,0.6,0.0,0.2,0.2,0.6,1.2)
(2014,229,Othyus Jeffers,SG,28,TOT,6,1,7.8,0.5,1.0,.500,0.0,0.3,.000,0.5,0.7,.750,.500,0.5,0.7,.750,0.2,1.3,1.5,0.2,0.0,0.0,0.2,0.5,1.5)
(2014,233,Brandon Jennings,PG,24,DET,80,79,34.1,5.3,14.2,.373,1.9,5.7,.337,3.4,8.5,.397,.441,3.0,4.0,.751,0.7,2.3,3.1,7.6,1.3,0.1,2.7,2.0,15.5)
(2014,237,James Johnson,SF,26,MEM,52,4,18.4,2.8,5.9,.464,0.4,1.7,.253,2.3,4.3,.548,.500,1.5,1.7,.844,1.2,2.0,3.2,2.1,0.8,1.1,1.3,2.0,7.4)
(2014,Rk,Player,Pos,Age,Tm,G,GS,MP,FG,FGA,FG%,3P,3PA,3P,2P,2PA,2P,eFG%,FT,FTA,FT%,ORB,DRB,TRB,AST,STL,BLK,TOV,PF,PTS)
(2014,245,Terrence Jones,PF,22,HOU,76,71,27.3,5.1,9.4,.542,0.4,1.3,.307,4.7,8.0,.581,.564,1.6,2.6,.605,2.1,4.8,6.9,1.1,0.7,1.3,0.9,1.8,12.1)
(2014,249,Enes Kanter,C,21,UTA,80,37,26.7,5.2,10.7,.491,0.0,0.0,.000,5.2,10.7,.492,.491,1.9,2.6,.730,2.8,4.7,7.5,0.9,0.4,0.5,1.8,2.9,12.3)
(2014,253,Andrei Kirilenko,PF,32,BRK,45,4,19.0,1.8,3.6,.513,0.0,0.1,.200,1.8,3.4,.523,.516,1.4,2.6,.513,1.2,2.0,3.2,1.6,0.9,0.4,1.2,1.4,5.0)
(2014,257,Viacheslav Kravtsov,C,26,PHO,20,0,3.0,0.4,0.8,.533,0.0,0.0,,0.4,0.8,.533,.533,0.2,0.4,.500,0.5,0.4,0.9,0.1,0.0,0.1,0.3,0.4,1.0)
(2014,Rk,Player,Pos,Age,Tm,G,GS,MP,FG,FGA,FG%,3P,3PA,3P,2P,2PA,2P,eFG%,FT,FTA,FT%,ORB,DRB,TRB,AST,STL,BLK,TOV,PF,PTS)
(2014,264,Ricky Ledo,SG,21,DAL,11,0,3.0,0.5,1.5,.353,0.3,0.7,.375,0.3,0.8,.333,.441,0.4,0.4,1.000,0.0,0.2,0.2,0.2,0.1,0.0,0.2,0.2,1.7)
(2014,268,Kawhi Leonard,SF,22,SAS,66,65,29.1,5.1,9.8,.522,1.0,2.8,.379,4.1,7.0,.579,.576,1.5,1.9,.802,1.2,5.1,6.2,2.0,1.7,0.8,1.2,1.9,12.8)
(2014,272,DeAndre Liggins,SG,25,MIA,1,0,1.0,1.0,1.0,1.000,0.0,0.0,,1.0,1.0,1.000,1.000,0.0,0.0,,1.0,0.0,1.0,0.0,0.0,0.0,0.0,0.0,2.0)
(2014,276,Brook Lopez,C,25,BRK,17,17,31.4,7.6,13.5,.563,0.0,0.1,.000,7.6,13.4,.566,.563,5.5,6.8,.817,2.3,3.7,6.0,0.9,0.5,1.8,1.6,3.1,20.7)
(2014,280,John Lucas,PG,31,UTA,42,6,14.1,1.5,4.5,.326,0.6,2.0,.298,0.9,2.5,.349,.392,0.2,0.4,.625,0.3,0.6,0.9,1.0,0.3,0.0,0.5,1.0,3.8)
(2014,283,Shawn Marion,SF,35,DAL,76,76,31.7,4.5,9.3,.482,0.8,2.1,.358,3.7,7.2,.518,.523,0.7,0.9,.785,1.7,4.8,6.5,1.6,1.2,0.5,1.3,1.6,10.4)
(2014,287,Kevin Martin,SG,30,MIN,68,68,32.0,6.5,15.0,.430,1.7,4.4,.387,4.8,10.7,.448,.486,4.5,5.0,.891,0.5,2.5,3.0,1.8,1.0,0.1,1.6,1.8,19.1)
(2014,291,Eric Maynor,PG,26,TOT,31,0,10.5,1.0,3.3,.317,0.4,1.2,.324,0.6,2.1,.313,.376,0.2,0.4,.545,0.3,1.0,1.3,1.7,0.3,0.1,0.9,0.5,2.6)
(2014,295,C.J. McCollum,SG,22,POR,38,0,12.5,1.9,4.7,.416,0.8,2.1,.375,1.2,2.6,.449,.500,0.6,0.9,.676,0.2,1.1,1.3,0.7,0.4,0.1,0.9,1.4,5.3)
(2014,299,Jodie Meeks,SG,26,LAL,77,70,33.2,5.4,11.6,.463,2.1,5.2,.401,3.3,6.3,.514,.554,2.9,3.4,.857,0.4,2.1,2.5,1.8,1.4,0.1,1.4,1.5,15.7)
(2014,302,C.J. Miles,SG,26,CLE,51,34,19.3,3.5,8.0,.435,1.6,4.1,.393,1.9,3.9,.480,.537,1.3,1.5,.853,0.4,1.7,2.0,1.0,0.9,0.3,0.9,2.0,9.9)
(2014,306,Quincy Miller,PF,21,DEN,52,16,15.2,1.8,4.9,.367,0.6,1.8,.319,1.2,3.1,.395,.426,0.8,1.1,.709,0.7,2.1,2.8,0.5,0.4,0.6,0.9,1.3,4.9)
(2014,310,Tony Mitchell,PF,21,DET,21,0,3.8,0.2,0.6,.417,0.0,0.0,1.000,0.2,0.5,.364,.458,0.5,0.9,.579,0.7,0.5,1.2,0.1,0.3,0.1,0.2,0.4,1.0)
(2014,314,Darius Morris,PG,23,TOT,27,0,11.6,1.4,3.6,.406,0.4,1.4,.316,1.0,2.1,.466,.469,0.6,1.0,.654,0.3,0.7,1.0,1.6,0.5,0.0,1.0,1.2,4.0)
(2014,318,Donatas Motiejunas,PF,23,HOU,62,3,15.4,2.1,4.8,.443,0.3,1.4,.250,1.8,3.4,.519,.478,0.9,1.5,.604,1.0,2.7,3.6,0.5,0.3,0.3,0.8,2.1,5.5)
(2014,321,Shabazz Muhammad,SG,21,MIN,37,0,7.8,1.5,3.4,.460,0.1,0.3,.273,1.5,3.1,.478,.472,0.7,1.1,.650,0.6,0.8,1.4,0.2,0.2,0.0,0.4,0.6,3.9)
(2014,325,Mike Muscala,PF,22,ATL,20,0,10.8,1.6,3.7,.425,0.0,0.2,.000,1.6,3.5,.443,.425,0.7,0.7,1.000,0.9,1.8,2.6,0.4,0.2,0.5,0.6,1.5,3.8)
(2014,329,Nemanja Nedovic,SG,22,GSW,24,0,5.9,0.3,1.6,.205,0.1,0.8,.167,0.2,0.9,.238,.244,0.3,0.3,.875,0.1,0.5,0.6,0.5,0.0,0.0,0.5,0.5,1.1)
(2014,333,Steve Novak,PF,30,TOR,54,1,10.0,1.1,2.7,.411,1.0,2.3,.426,0.1,0.4,.333,.589,0.1,0.1,1.000,0.1,0.9,1.1,0.2,0.2,0.1,0.1,0.8,3.3)
(2014,337,Kyle O'Quinn,C,23,ORL,69,19,17.2,2.7,5.4,.501,0.0,0.0,.000,2.7,5.3,.505,.501,0.8,1.2,.687,1.4,3.8,5.3,1.1,0.6,1.3,1.1,2.4,6.2)
(2014,Rk,Player,Pos,Age,Tm,G,GS,MP,FG,FGA,FG%,3P,3PA,3P,2P,2PA,2P,eFG%,FT,FTA,FT%,ORB,DRB,TRB,AST,STL,BLK,TOV,PF,PTS)
(2014,344,Zaza Pachulia,C,29,MIL,53,43,25.0,2.8,6.6,.427,0.0,0.0,.000,2.8,6.6,.428,.427,2.1,2.5,.846,2.7,3.6,6.3,2.6,0.8,0.3,1.7,2.3,7.7)
(2014,348,Patrick Patterson,PF,24,TOT,65,13,23.6,3.5,7.5,.460,0.8,2.3,.364,2.6,5.2,.503,.516,0.8,1.1,.704,1.8,3.5,5.3,1.2,0.8,0.6,1.0,2.4,8.5)
(2014,352,Paul Pierce,SF,36,BRK,75,68,28.0,4.3,9.5,.451,1.5,4.0,.373,2.8,5.5,.507,.529,3.4,4.1,.826,0.3,4.3,4.6,2.4,1.1,0.4,2.0,2.5,13.5)
(2014,356,Quincy Pondexter,SG,25,MEM,15,2,18.0,2.1,5.3,.392,0.7,2.3,.324,1.3,3.0,.444,.462,1.4,1.7,.808,0.7,1.1,1.7,1.3,0.3,0.1,1.0,1.2,6.3)
(2014,360,A.J. Price,SG,27,MIN,28,0,3.5,0.7,1.6,.413,0.2,0.8,.273,0.5,0.9,.542,.478,0.0,0.1,.000,0.0,0.3,0.4,0.5,0.0,0.0,0.3,0.2,1.6)
(2014,363,Tayshaun Prince,SF,33,MEM,76,76,25.6,2.6,6.5,.407,0.3,0.9,.290,2.4,5.6,.426,.427,0.4,0.8,.567,0.4,2.7,3.1,1.6,0.5,0.3,0.5,0.8,6.0)
(2014,367,Zach Randolph,PF,32,MEM,79,79,34.2,7.1,15.2,.467,0.0,0.3,.100,7.1,14.9,.474,.468,3.2,4.3,.742,3.4,6.7,10.1,2.5,0.7,0.3,2.3,2.7,17.4)
(2014,371,Austin Rivers,SG,21,NOP,69,4,19.4,2.8,6.9,.405,0.5,1.4,.364,2.3,5.4,.416,.443,1.6,2.5,.636,0.4,1.5,1.9,2.3,0.7,0.1,1.1,1.9,7.7)
(2014,375,Thomas Robinson,PF,22,POR,70,0,12.5,2.0,4.2,.481,0.0,0.0,.000,2.0,4.2,.483,.481,0.8,1.4,.564,1.5,2.9,4.4,0.5,0.3,0.3,0.8,1.9,4.8)
(2014,379,Ricky Rubio,PG,23,MIN,82,82,32.2,3.1,8.2,.381,0.5,1.6,.331,2.6,6.5,.393,.413,2.8,3.5,.802,0.7,3.4,4.2,8.6,2.3,0.1,2.7,2.7,9.5)
(2014,382,John Salmons,SG-SF,34,TOT,78,8,22.1,1.9,5.3,.363,0.8,2.1,.387,1.1,3.2,.348,.439,0.5,0.7,.769,0.3,1.8,2.1,1.9,0.6,0.2,0.7,1.6,5.2)
(2014,386,Mike Scott,PF,25,ATL,80,6,18.5,3.8,7.9,.479,0.8,2.5,.310,3.0,5.4,.558,.529,1.3,1.7,.780,0.8,2.8,3.6,0.9,0.4,0.1,1.0,1.5,9.6)
(2014,390,Mustafa Shakur,PG,29,OKC,3,0,3.7,0.0,1.0,.000,0.0,0.3,.000,0.0,0.7,.000,.000,0.3,0.7,.500,0.0,0.0,0.0,1.3,0.0,0.0,0.7,0.7,0.3)
(2014,394,Henry Sims,C,23,TOT,46,25,19.0,2.8,6.0,.474,0.0,0.0,.000,2.8,5.9,.476,.474,2.0,2.6,.744,2.3,2.9,5.2,1.1,0.6,0.4,0.9,2.5,7.6)
(2014,398,Donald Sloan,SG,26,IND,48,1,8.2,0.9,2.4,.376,0.2,0.9,.238,0.7,1.6,.453,.419,0.3,0.4,.600,0.1,0.8,0.9,1.0,0.2,0.0,0.5,0.4,2.3)
(2014,401,Ish Smith,PG,25,PHO,70,1,14.4,1.7,4.0,.423,0.0,0.3,.043,1.7,3.7,.457,.425,0.3,0.6,.564,0.4,1.4,1.8,2.6,0.7,0.2,0.9,0.9,3.7)
(2014,405,Tony Snell,SG,22,CHI,77,12,16.0,1.7,4.4,.384,0.7,2.3,.320,0.9,2.1,.456,.469,0.4,0.5,.756,0.2,1.4,1.6,0.9,0.4,0.2,0.6,1.1,4.5)
(2014,409,D.J. Stephens,SG,23,MIL,3,0,5.0,1.0,2.3,.429,0.0,0.0,,1.0,2.3,.429,.429,0.3,0.3,1.000,0.3,1.3,1.7,0.0,0.0,0.0,0.0,0.0,2.3)
(2014,413,Amar'e Stoudemire,C,31,NYK,65,21,22.6,4.8,8.6,.557,0.0,0.0,,4.8,8.6,.557,.557,2.3,3.1,.739,1.7,3.2,4.9,0.5,0.4,0.6,1.4,2.4,11.9)
(2014,417,Tyshawn Taylor,PG,23,BRK,23,3,11.7,1.3,4.0,.341,0.1,0.5,.250,1.2,3.4,.354,.357,1.0,1.3,.800,0.1,0.5,0.7,1.6,0.5,0.0,1.3,1.3,3.9)
(2014,Rk,Player,Pos,Age,Tm,G,GS,MP,FG,FGA,FG%,3P,3PA,3P,2P,2PA,2P,eFG%,FT,FTA,FT%,ORB,DRB,TRB,AST,STL,BLK,TOV,PF,PTS)
(2014,424,Adonis Thomas,SF,20,TOT,6,1,6.2,1.0,2.3,.429,0.2,0.8,.200,0.8,1.5,.556,.464,0.2,0.2,1.000,0.0,0.5,0.5,0.5,0.0,0.0,0.2,1.0,2.3)
(2014,428,Hollis Thompson,SF,22,PHI,77,41,22.6,2.2,4.8,.460,0.9,2.2,.401,1.4,2.7,.507,.550,0.7,0.9,.712,0.9,2.3,3.2,0.9,0.7,0.2,0.8,1.9,6.0)
(2014,432,Marcus Thornton,SG,26,TOT,72,27,24.2,3.5,8.9,.394,1.5,4.4,.345,2.0,4.5,.443,.480,1.3,1.6,.804,0.8,2.0,2.8,1.1,0.8,0.2,0.9,1.5,9.8)
(2014,436,Ronny Turiaf,C,31,MIN,31,10,19.5,2.1,3.5,.598,0.0,0.0,,2.1,3.5,.598,.598,0.7,1.6,.420,1.8,3.8,5.6,0.8,0.3,1.6,0.8,2.1,4.8)
(2014,440,Ekpe Udoh,PF,26,MIL,42,14,19.1,1.4,3.4,.399,0.0,0.0,,1.4,3.4,.399,.399,0.7,1.1,.638,1.5,2.1,3.5,0.7,0.4,1.0,0.9,2.3,3.4)
(2014,443,Anderson Varejao,C,31,CLE,65,29,27.7,3.5,7.1,.495,0.0,0.1,.000,3.5,7.0,.502,.495,1.4,2.1,.681,2.9,6.8,9.7,2.2,1.1,0.6,1.1,2.5,8.4)
(2014,447,Charlie Villanueva,PF,29,DET,20,0,9.0,1.8,4.6,.380,0.7,2.8,.250,1.1,1.8,.583,.457,0.4,0.7,.571,0.3,1.4,1.7,0.3,0.2,0.3,0.4,0.8,4.6)
(2014,451,Dion Waiters,SG,22,CLE,70,24,29.6,6.1,14.2,.433,1.3,3.6,.368,4.8,10.6,.455,.479,2.3,3.4,.685,0.5,2.3,2.8,3.0,0.9,0.2,2.2,2.2,15.9)
(2014,455,Casper Ware,PG,24,PHI,9,0,12.9,2.0,4.7,.429,0.8,2.3,.333,1.2,2.3,.524,.512,0.6,0.7,.833,0.0,1.0,1.0,1.1,0.9,0.0,0.6,1.2,5.3)
(2014,459,Martell Webster,SF,27,WAS,78,13,27.7,3.3,7.5,.433,1.9,4.8,.392,1.4,2.8,.502,.557,1.3,1.6,.840,0.5,2.4,2.8,1.2,0.5,0.2,0.7,1.9,9.7)
(2014,462,D.J. White,PF,27,CHA,2,0,5.0,0.0,0.5,.000,0.0,0.0,,0.0,0.5,.000,.000,0.0,0.0,,0.0,1.0,1.0,0.0,0.5,0.0,0.0,0.5,0.0)
(2014,466,Elliot Williams,SG,24,PHI,67,2,17.3,2.1,5.0,.415,0.6,1.9,.296,1.5,3.2,.486,.470,1.3,1.8,.731,0.4,1.5,1.9,1.1,0.5,0.0,1.0,1.9,6.0)
(2014,470,Reggie Williams,SF,27,OKC,3,0,5.7,1.7,3.0,.556,0.3,1.0,.333,1.3,2.0,.667,.611,0.0,0.0,,0.0,0.0,0.0,0.3,0.3,0.0,0.7,0.3,3.7)
(2014,474,Metta World Peace,SF,34,NYK,29,1,13.4,1.9,4.9,.397,0.6,1.9,.315,1.3,3.0,.448,.457,0.3,0.6,.625,0.6,1.4,2.0,0.6,0.8,0.3,0.7,1.5,4.8)
(2014,478,Tony Wroten,SG,20,PHI,72,16,24.5,4.8,11.2,.427,0.6,2.6,.213,4.2,8.6,.492,.452,2.9,4.5,.641,1.0,2.2,3.2,3.0,1.1,0.2,2.8,2.1,13.0)
(2014,481,Cody Zeller,C,21,CHA,82,3,17.3,2.1,4.9,.426,0.0,0.0,.000,2.1,4.9,.427,.426,1.8,2.4,.730,1.4,2.9,4.3,1.1,0.5,0.5,1.1,2.1,6.0)
