(2014,1,Quincy Acy,SF,23,TOT,63,0,13.4,1.0,2.2,.468,0.1,0.2,.267,1.0,2.0,.492,.482,0.6,0.8,.660,1.1,2.3,3.4,0.4,0.4,0.4,0.5,1.9,2.7)
(2014,5,Alexis Ajinca,C,25,NOP,56,30,17.0,2.4,4.4,.546,0.0,0.0,.000,2.4,4.4,.548,.546,1.0,1.2,.836,1.7,3.3,4.9,0.7,0.4,0.8,1.1,3.3,5.9)
(2014,9,Ray Allen,SG,38,MIA,73,9,26.5,3.3,7.4,.442,1.6,4.2,.375,1.7,3.2,.530,.549,1.4,1.6,.905,0.3,2.5,2.8,2.0,0.7,0.1,1.2,1.6,9.6)
(2014,13,Chris Andersen,C,35,MIA,72,0,19.4,2.5,3.8,.644,0.0,0.2,.250,2.4,3.7,.662,.649,1.7,2.3,.710,1.8,3.5,5.3,0.3,0.4,1.3,0.7,2.3,6.6)
(2014,17,Giannis Antetokounmpo,SF,19,MIL,77,23,24.6,2.2,5.4,.414,0.5,1.5,.347,1.7,3.9,.440,.463,1.8,2.6,.683,1.0,3.4,4.4,1.9,0.8,0.8,1.6,2.2,6.8)
(2014,Rk,Player,Pos,Age,Tm,G,GS,MP,FG,FGA,FG%,3P,3PA,3P,2P,2PA,2P,eFG%,FT,FTA,FT%,ORB,DRB,TRB,AST,STL,BLK,TOV,PF,PTS)
(2014,24,Omer Asik,C,27,HOU,48,19,20.2,2.1,4.0,.532,0.0,0.0,,2.1,4.0,.532,.532,1.6,2.6,.619,2.1,5.8,7.9,0.5,0.3,0.8,1.2,1.9,5.8)
(2014,28,Chris Babb,SG,23,BOS,14,0,9.4,0.6,2.1,.267,0.4,1.9,.222,0.1,0.2,.667,.367,0.0,0.0,,0.3,0.9,1.2,0.2,0.4,0.0,0.2,0.9,1.6)
(2014,32,Andrea Bargnani,C,28,NYK,42,39,29.9,5.3,12.0,.442,0.7,2.6,.278,4.6,9.4,.487,.472,2.0,2.4,.824,1.6,3.6,5.3,1.1,0.3,1.2,1.4,2.4,13.3)
(2014,36,Brandon Bass,PF,28,BOS,82,73,27.6,4.3,8.8,.486,0.0,0.1,.333,4.3,8.8,.487,.487,2.5,2.9,.858,2.0,3.8,5.7,1.1,0.4,0.9,1.2,2.3,11.1)
(2014,40,Aron Baynes,C,27,SAS,53,4,9.3,1.3,3.1,.436,0.0,0.0,,1.3,3.1,.436,.436,0.4,0.4,.905,1.1,1.7,2.7,0.6,0.0,0.1,0.7,1.5,3.0)
(2014,43,Michael Beasley,SF,25,MIA,55,2,15.1,3.2,6.5,.499,0.4,1.0,.389,2.8,5.5,.518,.528,1.1,1.4,.772,0.6,2.6,3.1,0.8,0.4,0.4,1.0,1.7,7.9)
(2014,47,Andris Biedrins,C,27,UTA,6,0,7.5,0.2,0.2,1.000,0.0,0.0,,0.2,0.2,1.000,1.000,0.2,1.0,.167,0.3,2.5,2.8,0.0,0.0,0.0,0.3,1.0,0.5)
(2014,51,Steve Blake,PG,33,TOT,55,28,27.2,2.4,6.4,.377,1.4,3.8,.376,1.0,2.6,.378,.489,0.6,0.8,.767,0.2,2.7,2.9,5.6,1.0,0.1,1.9,1.5,6.9)
(2014,55,Keith Bogans,SG,33,BOS,6,0,9.2,0.5,1.0,.500,0.5,1.0,.500,0.0,0.0,,.750,0.5,0.5,1.000,0.0,0.5,0.5,0.5,0.2,0.0,0.2,0.3,2.0)
(2014,59,Carlos Boozer,PF,32,CHI,76,76,28.2,5.9,12.9,.456,0.0,0.0,.000,5.9,12.9,.457,.456,1.9,2.5,.767,1.8,6.5,8.3,1.6,0.7,0.3,2.0,2.8,13.7)
(2014,62,Elton Brand,PF,34,ATL,73,15,19.4,2.5,4.5,.539,0.0,0.0,.000,2.5,4.5,.542,.539,0.8,1.3,.649,1.3,3.6,4.9,1.0,0.5,1.2,0.8,2.6,5.7)
(2014,66,MarShon Brooks,SG,25,TOT,35,0,9.0,1.6,3.6,.456,0.4,0.7,.520,1.3,2.9,.440,.508,0.9,1.3,.727,0.3,1.3,1.5,0.7,0.4,0.1,0.7,0.6,4.5)
(2014,70,Chase Budinger,SF,25,MIN,41,8,18.3,2.4,6.2,.394,1.0,2.9,.350,1.4,3.3,.433,.476,0.8,1.0,.821,0.5,2.0,2.5,0.8,0.5,0.0,0.6,1.4,6.7)
(2014,74,Caron Butler,SF,33,TOT,56,13,25.3,3.8,9.6,.394,1.8,4.4,.394,2.1,5.2,.395,.485,1.1,1.3,.840,0.4,3.7,4.1,1.5,0.8,0.3,1.1,2.1,10.5)
(2014,78,Andrew Bynum,C,26,TOT,26,19,19.8,3.6,8.7,.418,0.0,0.0,,3.6,8.7,.418,.418,1.4,1.9,.755,2.0,3.5,5.6,1.1,0.2,1.1,1.3,1.2,8.7)
(2014,81,Jose Calderon,PG,32,DAL,81,81,30.5,4.2,9.2,.456,2.4,5.2,.449,1.9,4.0,.464,.584,0.6,0.8,.825,0.4,2.0,2.4,4.7,0.9,0.1,1.3,1.7,11.4)
(2014,85,Vince Carter,SG,37,DAL,81,0,24.4,4.1,10.0,.407,1.8,4.6,.394,2.3,5.4,.418,.497,2.0,2.4,.821,0.8,2.7,3.5,2.6,0.8,0.4,1.3,2.6,11.9)
(2014,89,Tyson Chandler,C,31,NYK,55,55,30.2,3.5,5.9,.593,0.0,0.0,.000,3.5,5.8,.595,.593,1.8,2.8,.632,2.9,6.7,9.6,1.1,0.7,1.1,1.3,2.6,8.7)
(2014,93,Earl Clark,PF,26,TOT,54,17,14.2,1.8,4.8,.372,0.8,2.3,.336,1.0,2.6,.403,.450,0.4,0.6,.647,0.4,2.2,2.6,0.3,0.3,0.5,0.6,1.2,4.8)
(2014,97,Jason Collins,C,35,BRK,22,1,7.8,0.5,1.1,.458,0.0,0.1,.000,0.5,1.0,.524,.458,0.1,0.2,.750,0.3,0.5,0.9,0.2,0.4,0.0,0.3,1.4,1.1)
(2014,Rk,Player,Pos,Age,Tm,G,GS,MP,FG,FGA,FG%,3P,3PA,3P,2P,2PA,2P,eFG%,FT,FTA,FT%,ORB,DRB,TRB,AST,STL,BLK,TOV,PF,PTS)
(2014,104,Allen Crabbe,SG,21,POR,15,0,6.7,0.8,2.2,.364,0.4,0.9,.429,0.4,1.3,.316,.455,0.2,0.3,.750,0.1,0.5,0.6,0.4,0.1,0.1,0.2,0.7,2.2)
(2014,108,Dante Cunningham,PF,26,MIN,81,7,20.2,2.9,6.3,.464,0.0,0.1,.000,2.9,6.2,.468,.464,0.5,0.8,.567,1.4,2.7,4.1,1.0,0.8,0.7,0.5,1.8,6.3)
(2014,112,Samuel Dalembert,C,32,DAL,80,68,20.2,2.7,4.7,.568,0.0,0.0,.000,2.7,4.7,.569,.568,1.3,1.7,.737,2.5,4.3,6.8,0.5,0.5,1.2,1.1,2.6,6.6)
(2014,116,Anthony Davis,C,20,NOP,67,66,35.2,7.8,15.0,.519,0.0,0.1,.222,7.8,14.9,.522,.520,5.2,6.6,.791,3.1,7.0,10.0,1.6,1.3,2.8,1.6,3.0,20.8)
(2014,120,Nando De Colo,SF,26,TOT,47,3,10.5,1.4,3.3,.418,0.4,1.1,.340,1.0,2.1,.460,.477,0.7,0.7,.886,0.3,1.3,1.6,1.4,0.5,0.1,0.7,1.0,3.8)
(2014,123,Luol Deng,SF,28,TOT,63,63,35.1,5.9,13.7,.431,0.9,3.0,.302,5.0,10.7,.468,.465,3.4,4.3,.791,1.6,4.2,5.7,2.9,1.0,0.1,1.8,1.8,16.0)
(2014,127,Toney Douglas,PG,27,TOT,51,17,13.2,1.4,3.7,.384,0.6,2.0,.304,0.8,1.7,.477,.466,0.5,0.7,.735,0.4,1.4,1.7,1.3,0.4,0.1,0.7,1.6,4.0)
(2014,131,Jared Dudley,SF,28,LAC,74,43,23.4,2.6,6.0,.438,1.1,3.0,.360,1.6,3.0,.518,.529,0.5,0.8,.655,0.5,1.7,2.2,1.4,0.6,0.1,0.8,2.0,6.9)
(2014,135,Shane Edwards,SF,26,CLE,2,0,6.0,0.5,1.5,.333,0.0,0.0,,0.5,1.5,.333,.333,0.0,0.0,,0.5,0.5,1.0,0.0,0.0,0.0,0.5,0.5,1.0)
(2014,139,Jeremy Evans,SF,26,UTA,66,4,18.3,2.7,5.0,.527,0.0,0.0,.000,2.7,5.0,.530,.527,0.8,1.1,.680,1.8,2.9,4.7,0.7,0.6,0.7,0.6,2.1,6.1)
(2014,142,Kenneth Faried,PF,24,DEN,80,77,27.2,5.6,10.3,.545,0.0,0.0,.000,5.6,10.2,.547,.545,2.5,3.9,.650,3.0,5.6,8.6,1.2,0.9,0.9,1.7,2.4,13.7)
(2014,146,Carrick Felix,SG,23,CLE,7,0,5.4,1.0,2.0,.500,0.3,0.7,.400,0.7,1.3,.556,.571,0.4,0.6,.750,0.1,0.7,0.9,0.6,0.0,0.0,0.6,0.6,2.7)
(2014,150,Evan Fournier,SG,21,DEN,76,4,19.8,3.0,7.2,.419,1.2,3.1,.376,1.8,4.0,.453,.501,1.2,1.6,.756,0.4,2.2,2.7,1.5,0.4,0.1,1.3,2.4,8.4)
(2014,154,Joel Freeland,C,26,POR,52,0,14.0,1.5,3.1,.475,0.0,0.0,.000,1.5,3.1,.481,.475,0.4,0.6,.690,1.7,2.3,4.0,0.7,0.2,0.4,0.6,1.8,3.3)
(2014,158,Diante Garrett,PG,25,UTA,71,0,14.8,1.4,3.7,.381,0.5,1.4,.375,0.9,2.4,.385,.449,0.1,0.2,.833,0.2,1.2,1.4,1.7,0.6,0.1,1.1,1.1,3.5)
(2014,161,Rudy Gay,SF,27,TOT,73,73,34.7,7.4,16.2,.455,0.9,2.7,.330,6.5,13.5,.481,.483,4.4,5.3,.822,1.5,4.4,6.0,2.9,1.3,0.8,3.1,2.3,20.0)
(2014,165,Manu Ginobili,SG,36,SAS,68,3,22.8,4.3,9.2,.469,1.3,3.8,.349,3.0,5.4,.553,.541,2.4,2.8,.851,0.4,2.5,3.0,4.3,1.0,0.3,2.0,1.9,12.3)
(2014,169,Archie Goodwin,SG,19,PHO,52,0,10.3,1.5,3.2,.455,0.1,0.7,.139,1.4,2.5,.542,.470,0.7,1.1,.673,0.5,1.2,1.7,0.4,0.4,0.2,0.8,0.9,3.7)
(2014,173,Danny Granger,SF,30,TOT,41,2,20.7,2.8,7.5,.378,1.0,3.1,.336,1.8,4.4,.408,.448,1.5,1.6,.940,0.8,2.5,3.2,1.0,0.3,0.4,1.1,1.5,8.2)
(2014,177,Gerald Green,SG,28,PHO,82,48,28.4,5.5,12.3,.445,2.5,6.2,.400,3.0,6.0,.492,.547,2.4,2.8,.848,0.6,2.8,3.4,1.5,0.9,0.5,1.8,2.7,15.8)
(2014,Rk,Player,Pos,Age,Tm,G,GS,MP,FG,FGA,FG%,3P,3PA,3P,2P,2PA,2P,eFG%,FT,FTA,FT%,ORB,DRB,TRB,AST,STL,BLK,TOV,PF,PTS)
(2014,184,Tyler Hansbrough,PF,28,TOR,64,4,15.3,1.5,3.1,.474,0.0,0.0,.000,1.5,3.0,.479,.474,2.0,2.9,.681,1.9,2.6,4.5,0.3,0.4,0.3,0.7,2.1,4.9)
(2014,188,Josh Harrellson,C,24,DET,32,0,9.9,1.2,2.6,.463,0.4,1.0,.387,0.8,1.6,.510,.537,0.2,0.2,.714,0.9,1.4,2.4,0.5,0.2,0.5,0.3,1.4,2.9)
(2014,192,Manny Harris,SG,24,LAL,9,0,20.0,3.1,7.8,.400,0.8,2.2,.350,2.3,5.6,.420,.450,1.1,1.3,.833,0.8,3.0,3.8,1.2,0.4,0.1,1.0,1.1,8.1)
(2014,196,Spencer Hawes,C,25,TOT,80,78,30.9,5.0,11.0,.456,1.6,3.9,.416,3.4,7.2,.478,.529,1.5,1.9,.783,1.6,6.6,8.3,3.0,0.6,1.2,2.2,3.0,13.2)
(2014,200,Xavier Henry,SF,22,LAL,43,5,21.1,3.3,8.0,.417,0.7,1.9,.346,2.7,6.1,.439,.458,2.7,4.1,.655,0.6,2.1,2.7,1.2,1.0,0.2,1.3,1.8,10.0)
(2014,203,J.J. Hickson,PF,25,DEN,69,52,26.9,4.8,9.5,.508,0.0,0.1,.000,4.8,9.4,.514,.508,2.2,4.2,.517,3.0,6.2,9.2,1.4,0.7,0.7,1.9,2.6,11.8)
(2014,207,Solomon Hill,SF,22,IND,28,0,8.1,0.6,1.4,.425,0.3,0.8,.304,0.4,0.6,.588,.513,0.2,0.3,.857,0.3,1.1,1.5,0.4,0.2,0.1,0.5,0.7,1.7)
(2014,211,Scotty Hopson,SG,24,CLE,2,0,3.5,0.0,2.0,.000,0.0,1.0,.000,0.0,1.0,.000,.000,0.5,1.0,.500,0.0,0.0,0.0,0.5,0.5,0.0,0.0,0.0,0.5)
(2014,215,Kris Humphries,PF,28,BOS,69,30,19.9,3.3,6.7,.501,0.0,0.0,.000,3.3,6.7,.503,.501,1.7,2.1,.813,1.8,4.1,5.9,1.0,0.4,0.9,0.9,2.0,8.4)
(2014,219,Kyrie Irving,PG,21,CLE,71,71,35.2,7.5,17.4,.430,1.7,4.8,.358,5.8,12.6,.458,.480,4.1,4.8,.861,0.7,2.9,3.6,6.1,1.5,0.3,2.7,2.3,20.8)
(2014,222,Reggie Jackson,PG,23,OKC,80,36,28.5,5.0,11.5,.440,1.0,3.1,.339,4.0,8.4,.477,.485,2.0,2.2,.893,0.5,3.4,3.9,4.1,1.1,0.1,2.1,1.8,13.1)
(2014,226,LeBron James,PF,29,MIA,77,77,37.7,10.0,17.6,.567,1.5,4.0,.379,8.5,13.6,.622,.610,5.7,7.6,.750,1.1,5.9,6.9,6.3,1.6,0.3,3.5,1.6,27.1)
(2014,230,Al Jefferson,C,29,CHA,73,73,35.0,9.6,18.8,.509,0.0,0.2,.200,9.5,18.6,.512,.510,2.6,3.8,.690,2.1,8.7,10.8,2.1,0.9,1.1,1.7,2.4,21.8)
(2014,234,Jonas Jerebko,PF,26,DET,64,0,11.6,1.5,3.3,.471,0.5,1.2,.419,1.0,2.1,.500,.546,0.7,0.9,.729,0.8,1.9,2.7,0.6,0.3,0.1,0.7,1.3,4.2)
(2014,238,Joe Johnson,SG,32,BRK,79,79,32.6,5.8,12.9,.454,2.1,5.1,.401,3.8,7.8,.489,.533,2.0,2.5,.815,0.6,2.8,3.4,2.7,0.6,0.1,1.5,1.6,15.8)
(2014,241,Darius Johnson-Odom,SG,24,PHI,3,0,5.0,0.0,2.3,.000,0.0,1.0,.000,0.0,1.3,.000,.000,0.0,0.7,.000,0.0,0.7,0.7,0.3,0.3,0.0,0.7,1.0,0.0)
(2014,242,James Jones,SF,33,MIA,20,6,11.8,1.6,3.4,.456,1.4,2.7,.519,0.2,0.7,.214,.662,0.4,0.6,.636,0.1,1.1,1.2,0.5,0.2,0.2,0.2,0.3,4.9)
(2014,246,DeAndre Jordan,C,25,LAC,82,82,35.0,4.2,6.3,.676,0.0,0.0,,4.2,6.3,.676,.676,2.0,4.6,.428,4.0,9.5,13.6,0.9,1.0,2.5,1.5,3.2,10.4)
(2014,250,Sergey Karasev,SF,20,CLE,22,1,7.1,0.5,1.6,.343,0.2,0.9,.211,0.4,0.7,.500,.400,0.4,0.5,.900,0.0,0.7,0.7,0.3,0.1,0.0,0.5,1.0,1.7)
(2014,254,Brandon Knight,PG,22,MIL,72,69,33.3,6.4,15.2,.422,1.5,4.7,.325,4.9,10.5,.466,.473,3.6,4.5,.802,0.6,2.9,3.5,4.9,1.0,0.2,2.6,2.0,17.9)
(2014,258,Ognjen Kuzmic,C,23,GSW,21,0,4.4,0.2,0.6,.385,0.0,0.0,,0.2,0.6,.385,.385,0.2,0.5,.455,0.5,0.5,1.0,0.1,0.1,0.2,0.5,0.8,0.7)
(2014,261,Carl Landry,PF,30,SAC,18,1,12.9,1.7,3.3,.517,0.0,0.0,,1.7,3.3,.517,.517,0.8,0.9,.824,0.8,2.3,3.2,0.3,0.2,0.1,0.5,1.9,4.2)
(2014,265,Courtney Lee,SG,28,TOT,79,47,25.0,3.7,7.8,.480,0.9,2.5,.371,2.8,5.3,.531,.539,1.3,1.4,.884,0.4,2.0,2.4,1.5,0.8,0.4,0.9,1.6,9.6)
(2014,269,Meyers Leonard,C,21,POR,40,0,8.9,1.0,2.3,.451,0.0,0.2,.000,1.0,2.1,.482,.451,0.4,0.5,.762,0.7,2.1,2.8,0.5,0.2,0.1,0.4,1.9,2.5)
(2014,273,Damian Lillard,PG,23,POR,82,82,35.8,6.7,15.9,.424,2.7,6.8,.394,4.1,9.1,.447,.508,4.5,5.2,.871,0.4,3.1,3.5,5.6,0.8,0.3,2.4,2.4,20.7)
(2014,277,Robin Lopez,C,25,POR,82,82,31.7,4.3,7.9,.551,0.0,0.0,.000,4.3,7.8,.552,.551,2.4,3.0,.818,4.0,4.6,8.5,0.9,0.3,1.7,1.0,2.4,11.1)
(2014,Rk,Player,Pos,Age,Tm,G,GS,MP,FG,FGA,FG%,3P,3PA,3P,2P,2PA,2P,eFG%,FT,FTA,FT%,ORB,DRB,TRB,AST,STL,BLK,TOV,PF,PTS)
(2014,284,Kendall Marshall,PG,22,LAL,54,45,29.0,3.1,7.8,.406,1.3,3.3,.399,1.8,4.5,.411,.490,0.4,0.7,.528,0.3,2.6,2.9,8.8,0.9,0.1,2.8,1.4,8.0)
(2014,288,Roger Mason,SG,33,MIA,25,2,10.4,1.0,2.7,.373,0.7,1.9,.354,0.3,0.8,.421,.500,0.3,0.3,1.000,0.0,0.8,0.9,0.8,0.2,0.0,0.4,1.0,3.0)
(2014,292,O.J. Mayo,SG,26,MIL,52,23,25.9,4.3,10.6,.407,1.6,4.4,.370,2.7,6.2,.433,.484,1.5,1.7,.864,0.5,1.9,2.4,2.2,0.5,0.3,1.8,2.1,11.7)
(2014,296,JaVale McGee,C,26,DEN,5,5,15.8,3.4,7.6,.447,0.0,0.0,,3.4,7.6,.447,.447,0.2,0.2,1.000,2.0,1.4,3.4,0.4,0.2,1.4,1.6,3.2,7.0)
(2014,300,Gal Mekel,PG,25,DAL,31,1,9.4,1.0,2.8,.349,0.2,0.6,.250,0.8,2.1,.379,.378,0.3,0.4,.667,0.2,0.7,0.9,2.0,0.1,0.0,1.0,1.0,2.4)
(2014,303,Andre Miller,SG,37,TOT,58,2,16.9,1.8,4.0,.459,0.2,0.4,.524,1.6,3.6,.452,.483,1.0,1.3,.779,0.5,1.8,2.2,3.4,0.6,0.2,1.1,1.3,4.9)
(2014,307,Patrick Mills,PG,25,SAS,81,2,18.9,3.8,8.2,.464,1.7,3.9,.425,2.1,4.3,.500,.565,0.9,1.0,.890,0.4,1.7,2.1,1.8,0.8,0.1,0.8,1.4,10.2)
(2014,311,Nazr Mohammed,C,36,CHI,80,1,7.0,0.7,1.6,.429,0.0,0.0,,0.7,1.6,.429,.429,0.2,0.4,.533,0.8,1.4,2.2,0.3,0.2,0.4,0.5,1.0,1.6)
(2014,315,Marcus Morris,SF,24,PHO,82,1,22.0,3.5,7.9,.442,1.2,3.2,.381,2.3,4.8,.483,.518,1.5,1.9,.761,1.0,2.9,3.9,1.1,0.9,0.2,1.2,1.9,9.7)
(2014,319,Arnett Moultrie,PF,23,PHI,12,2,15.6,1.3,3.2,.421,0.0,0.0,,1.3,3.2,.421,.421,0.3,0.4,.800,0.9,2.0,2.9,0.2,0.7,0.3,0.6,1.8,3.0)
(2014,322,Byron Mullens,C,24,TOT,45,0,9.2,1.6,3.7,.442,0.7,2.0,.371,0.9,1.7,.526,.542,0.2,0.4,.500,0.5,1.5,2.0,0.3,0.3,0.2,0.6,1.4,4.2)
(2014,326,Hamady N'Diaye,C,27,SAC,14,0,5.3,0.2,0.6,.333,0.0,0.0,,0.2,0.6,.333,.333,0.0,0.1,.000,0.4,0.9,1.3,0.2,0.0,0.3,0.2,1.1,0.4)
(2014,330,Jameer Nelson,PG,31,ORL,68,68,32.0,4.3,11.0,.394,2.0,5.8,.348,2.3,5.2,.444,.485,1.4,1.6,.857,0.4,3.0,3.4,7.0,0.8,0.1,2.4,2.1,12.1)
(2014,334,Dirk Nowitzki,PF,35,DAL,80,80,32.9,7.9,15.9,.497,1.6,4.1,.398,6.3,11.8,.532,.549,4.2,4.7,.899,0.5,5.7,6.2,2.7,0.9,0.6,1.5,2.1,21.7)
(2014,338,Greg Oden,C,26,MIA,23,6,9.2,1.2,2.1,.551,0.0,0.0,,1.2,2.1,.551,.551,0.6,1.0,.565,1.0,1.3,2.3,0.0,0.3,0.6,0.5,2.3,2.9)
(2014,341,Arinze Onuaku,PF,26,TOT,5,0,6.0,0.2,1.0,.200,0.0,0.0,,0.2,1.0,.200,.200,0.2,0.4,.500,0.4,1.2,1.6,0.6,0.0,0.0,0.2,0.6,0.6)
(2014,345,Jannero Pargo,PG,34,CHA,29,0,8.3,1.8,4.1,.441,0.8,2.1,.400,1.0,2.0,.483,.542,0.3,0.4,.727,0.0,0.7,0.7,1.8,0.5,0.0,0.9,0.6,4.7)
(2014,349,Chris Paul,PG,28,LAC,62,62,35.0,6.5,14.0,.467,1.3,3.4,.368,5.3,10.6,.498,.511,4.8,5.6,.855,0.6,3.7,4.3,10.7,2.5,0.1,2.3,2.5,19.1)
(2014,353,Dexter Pittman,C,25,ATL,2,0,1.5,0.0,0.5,.000,0.0,0.0,,0.0,0.5,.000,.000,0.0,1.0,.000,1.5,0.0,1.5,0.0,0.0,0.0,0.0,0.0,0.0)
(2014,357,Otto Porter,SF,20,WAS,37,0,8.6,0.9,2.5,.363,0.1,0.6,.190,0.8,1.9,.414,.385,0.2,0.3,.667,0.6,1.0,1.5,0.3,0.2,0.0,0.4,0.7,2.1)
(2014,Rk,Player,Pos,Age,Tm,G,GS,MP,FG,FGA,FG%,3P,3PA,3P,2P,2PA,2P,eFG%,FT,FTA,FT%,ORB,DRB,TRB,AST,STL,BLK,TOV,PF,PTS)
(2014,364,Miroslav Raduljica,C,26,MIL,48,2,9.7,1.4,2.6,.540,0.0,0.0,,1.4,2.6,.540,.540,0.9,1.1,.818,1.1,1.1,2.3,0.5,0.1,0.3,0.6,1.8,3.8)
(2014,368,J.J. Redick,SG,29,LAC,35,34,28.2,5.2,11.4,.455,2.1,5.3,.395,3.1,6.1,.507,.546,2.8,3.0,.915,0.3,1.9,2.1,2.2,0.8,0.1,1.2,1.9,15.2)
(2014,372,Andre Roberson,PF,22,OKC,40,16,10.0,0.8,1.7,.485,0.1,0.3,.154,0.8,1.4,.564,.500,0.2,0.3,.700,0.9,1.5,2.4,0.4,0.5,0.3,0.5,1.9,1.9)
(2014,376,Rajon Rondo,PG,27,BOS,30,30,33.3,4.7,11.7,.403,0.9,3.0,.289,3.8,8.7,.442,.440,1.4,2.2,.627,0.7,4.7,5.5,9.8,1.3,0.1,3.3,2.2,11.7)
(2014,380,Brandon Rush,SG,28,UTA,38,0,11.0,0.8,2.4,.333,0.4,1.2,.340,0.4,1.1,.326,.422,0.1,0.1,.600,0.1,1.0,1.2,0.6,0.1,0.2,0.5,0.8,2.1)
(2014,383,Larry Sanders,C,25,MIL,23,20,25.4,3.3,7.0,.469,0.0,0.0,.000,3.3,7.0,.472,.469,1.1,2.4,.473,2.6,4.6,7.2,0.8,0.8,1.7,1.1,3.2,7.7)
(2014,387,Thabo Sefolosha,SG,29,OKC,61,61,26.0,2.3,5.6,.415,0.8,2.5,.316,1.5,3.1,.495,.485,0.9,1.1,.768,0.8,2.8,3.6,1.5,1.3,0.3,0.9,1.5,6.3)
(2014,391,Tornike Shengelia,SF,22,TOT,26,0,5.9,0.5,1.1,.464,0.0,0.2,.000,0.5,0.8,.591,.464,0.1,0.3,.375,0.2,0.5,0.6,0.5,0.1,0.0,0.5,0.7,1.1)
(2014,395,Kyle Singler,SF,25,DET,82,36,28.5,3.3,7.3,.447,1.1,3.0,.382,2.1,4.3,.492,.525,1.9,2.2,.826,1.4,2.3,3.7,0.9,0.7,0.5,1.0,2.6,9.6)
(2014,399,Chris Smith,PG,26,NYK,2,0,1.0,0.0,0.0,,0.0,0.0,,0.0,0.0,,,0.0,0.0,,0.0,0.0,0.0,0.0,0.0,0.0,0.0,0.0,0.0)
(2014,402,J.R. Smith,SF,28,NYK,74,37,32.7,5.4,12.9,.415,2.6,6.5,.394,2.8,6.4,.436,.514,1.2,1.9,.652,0.5,3.5,4.0,3.0,0.9,0.3,1.5,2.6,14.5)
(2014,406,James Southerland,SF,23,TOT,4,0,7.5,1.3,3.8,.333,0.8,1.5,.500,0.5,2.3,.222,.433,0.3,0.5,.500,0.0,2.0,2.0,0.0,0.3,0.5,0.3,0.8,3.5)
(2014,410,Lance Stephenson,SG,23,IND,78,78,35.3,5.5,11.2,.491,1.1,3.1,.352,4.4,8.0,.545,.540,1.8,2.5,.711,1.2,5.9,7.2,4.6,0.7,0.1,2.7,2.5,13.8)
(2014,414,Rodney Stuckey,SG,27,DET,73,5,26.7,5.1,11.7,.436,0.3,1.2,.273,4.8,10.5,.455,.450,3.3,4.0,.836,0.5,1.8,2.3,2.1,0.7,0.1,1.7,1.8,13.9)
(2014,418,Jeff Teague,PG,25,ATL,79,79,32.2,5.8,13.2,.438,0.9,2.8,.329,4.8,10.3,.469,.474,4.0,4.8,.846,0.4,2.2,2.6,6.7,1.1,0.2,2.9,2.0,16.5)
(2014,421,Garrett Temple,SG,27,WAS,75,0,8.5,0.7,1.9,.362,0.1,0.4,.207,0.6,1.5,.402,.383,0.4,0.6,.698,0.3,0.6,0.9,1.0,0.5,0.1,0.6,1.0,1.8)
(2014,425,Isaiah Thomas,PG,24,SAC,72,54,34.7,6.9,15.2,.453,1.8,5.1,.349,5.1,10.2,.504,.510,4.8,5.7,.850,0.7,2.3,2.9,6.3,1.3,0.1,3.0,2.6,20.3)
(2014,429,Jason Thompson,PF,27,SAC,82,61,24.5,3.1,6.0,.506,0.0,0.0,,3.1,6.0,.506,.506,1.0,1.8,.579,1.9,4.6,6.4,0.6,0.4,0.7,1.2,3.1,7.1)
(2014,433,Jamaal Tinsley,PG,35,UTA,8,5,13.8,0.5,2.5,.200,0.1,1.9,.067,0.4,0.6,.600,.225,0.0,0.0,,0.3,1.1,1.4,2.9,0.3,0.0,1.1,1.3,1.1)
(2014,437,Hedo Turkoglu,SF,34,LAC,38,0,10.3,1.1,2.9,.385,0.6,1.3,.440,0.5,1.6,.339,.486,0.2,0.5,.500,0.3,2.1,2.3,0.9,0.5,0.3,0.4,1.3,3.0)
(2014,Rk,Player,Pos,Age,Tm,G,GS,MP,FG,FGA,FG%,3P,3PA,3P,2P,2PA,2P,eFG%,FT,FTA,FT%,ORB,DRB,TRB,AST,STL,BLK,TOV,PF,PTS)
(2014,444,Jarvis Varnado,PF,25,TOT,24,0,14.1,1.5,2.5,.600,0.0,0.0,,1.5,2.5,.600,.600,1.1,2.2,.519,0.8,1.8,2.6,0.5,0.4,1.2,0.4,2.6,4.1)
(2014,448,Nikola Vucevic,C,23,ORL,57,57,31.8,6.2,12.2,.507,0.0,0.0,,6.2,12.2,.507,.507,1.8,2.4,.766,3.2,7.7,11.0,1.8,1.1,0.8,2.0,3.0,14.2)
(2014,452,Kemba Walker,PG,23,CHA,73,73,35.8,6.2,15.7,.393,1.5,4.5,.333,4.7,11.2,.417,.441,3.9,4.6,.837,0.5,3.7,4.2,6.1,1.2,0.4,2.3,1.8,17.7)
(2014,456,C.J. Watson,PG,29,IND,63,5,18.9,2.3,5.3,.437,0.8,2.3,.366,1.5,3.0,.492,.516,1.1,1.4,.784,0.3,1.3,1.6,1.7,1.0,0.1,1.0,1.0,6.6)
(2014,460,David West,PF,33,IND,80,80,30.9,5.7,11.7,.488,0.1,0.2,.267,5.7,11.6,.491,.490,2.5,3.1,.789,1.5,5.3,6.8,2.8,0.8,0.9,1.7,2.3,14.0)
(2014,463,Royce White,PF,22,SAC,3,0,3.0,0.0,0.3,.000,0.0,0.0,,0.0,0.3,.000,.000,0.0,0.0,,0.0,0.0,0.0,0.0,0.0,0.0,0.0,0.7,0.0)
(2014,467,Lou Williams,PG,27,ATL,60,7,24.1,3.3,8.2,.400,1.3,3.9,.342,2.0,4.4,.450,.480,2.5,3.0,.849,0.2,1.9,2.1,3.5,0.8,0.1,1.5,1.1,10.4)
(2014,471,Shawne Williams,PF,27,LAL,36,13,20.9,2.0,5.3,.380,1.2,3.6,.326,0.9,1.8,.492,.490,0.4,0.6,.700,0.7,3.9,4.6,0.8,0.5,0.8,0.6,2.6,5.6)
(2014,475,Brandan Wright,C,26,DAL,58,0,18.6,3.9,5.7,.677,0.0,0.0,,3.9,5.7,.677,.677,1.3,1.8,.726,1.8,2.4,4.2,0.5,0.6,0.9,0.6,1.6,9.1)
(2014,479,Nick Young,SG,28,LAL,64,9,28.3,6.0,13.9,.435,2.1,5.5,.386,3.9,8.4,.468,.511,3.7,4.5,.825,0.5,2.1,2.6,1.5,0.7,0.2,1.5,2.4,17.9)
(2014,482,Tyler Zeller,C,24,CLE,70,9,15.0,2.2,4.1,.538,0.0,0.0,.000,2.2,4.1,.540,.538,1.2,1.7,.719,1.5,2.6,4.0,0.5,0.3,0.5,0.9,2.0,5.7)
