(2014,3,Jeff Adrien,PF,27,TOT,53,12,18.1,2.7,5.2,.520,0.0,0.0,,2.7,5.2,.520,.520,1.4,2.2,.639,1.9,3.8,5.8,0.7,0.5,0.7,0.7,2.0,6.8)
(2014,7,LaMarcus Aldridge,PF,28,POR,69,69,36.2,9.4,20.6,.458,0.0,0.2,.200,9.4,20.4,.461,.459,4.3,5.2,.822,2.4,8.7,11.1,2.6,0.9,1.0,1.8,2.1,23.2)
(2014,11,Al-Farouq Aminu,SF,23,NOP,80,65,25.6,2.9,6.2,.474,0.2,0.6,.271,2.8,5.6,.496,.487,1.1,1.7,.664,1.6,4.6,6.2,1.4,1.0,0.5,1.1,1.8,7.2)
(2014,15,James Anderson,SG,24,PHI,80,62,28.9,3.9,9.0,.431,1.4,4.4,.328,2.4,4.6,.530,.511,1.0,1.3,.726,0.7,3.0,3.8,1.9,0.9,0.4,1.3,1.9,10.1)
(2014,19,Joel Anthony,C,31,TOT,33,0,5.6,0.4,1.0,.375,0.0,0.0,,0.4,1.0,.375,.375,0.1,0.2,.500,0.5,0.7,1.2,0.1,0.1,0.4,0.1,0.5,0.8)
(2014,22,Hilton Armstrong,C,29,GSW,15,1,6.5,0.6,1.3,.474,0.0,0.0,,0.6,1.3,.474,.474,0.5,1.1,.438,1.3,1.9,3.1,0.3,0.3,0.3,0.4,0.7,1.7)
(2014,26,Gustavo Ayon,C,28,ATL,26,14,16.5,2.0,3.9,.510,0.0,0.0,,2.0,3.9,.510,.510,0.3,0.8,.400,1.6,3.2,4.8,1.1,1.0,0.4,1.1,1.8,4.3)
(2014,30,Leandro Barbosa,PG,31,PHO,20,0,18.4,2.8,6.6,.427,0.4,1.3,.280,2.5,5.3,.462,.454,1.6,2.0,.795,0.3,1.6,1.9,1.6,0.4,0.2,1.0,1.5,7.5)
(2014,34,Matt Barnes,SF,33,LAC,63,40,27.5,3.7,8.4,.438,1.5,4.5,.343,2.1,3.9,.549,.530,1.0,1.4,.733,1.0,3.7,4.6,2.0,0.9,0.4,1.3,2.9,9.9)
(2014,38,Nicolas Batum,SF,25,POR,82,82,36.0,4.6,10.0,.465,1.8,4.9,.361,2.9,5.1,.566,.554,2.0,2.5,.803,1.4,6.0,7.5,5.1,0.9,0.7,2.5,1.9,13.0)
(2014,41,Kent Bazemore,SG,24,TOT,67,15,13.6,2.2,5.1,.429,0.6,1.9,.336,1.6,3.2,.484,.491,1.0,1.6,.606,0.1,1.6,1.7,1.4,0.6,0.2,1.2,1.5,6.0)
(2014,45,Anthony Bennett,SF,20,CLE,52,0,12.8,1.5,4.3,.356,0.3,1.0,.245,1.3,3.3,.390,.384,0.8,1.3,.638,0.9,2.0,3.0,0.3,0.4,0.2,0.9,1.8,4.2)
(2014,49,Bismack Biyombo,C,21,CHA,77,9,13.9,1.1,1.9,.611,0.0,0.0,,1.1,1.9,.611,.611,0.6,1.2,.517,1.4,3.4,4.8,0.1,0.1,1.1,0.5,1.6,2.9)
(2014,53,Eric Bledsoe,PG,24,PHO,43,40,32.9,6.2,12.9,.477,1.2,3.3,.357,5.0,9.7,.517,.522,4.3,5.5,.772,0.6,4.1,4.7,5.5,1.6,0.3,3.3,2.3,17.7)
(2014,57,Matt Bonner,PF,33,SAS,61,0,11.3,1.2,2.7,.445,0.7,1.6,.429,0.5,1.1,.470,.573,0.1,0.2,.750,0.3,1.9,2.1,0.5,0.2,0.2,0.3,0.8,3.2)
(2014,Rk,Player,Pos,Age,Tm,G,GS,MP,FG,FGA,FG%,3P,3PA,3P,2P,2PA,2P,eFG%,FT,FTA,FT%,ORB,DRB,TRB,AST,STL,BLK,TOV,PF,PTS)
(2014,64,Ronnie Brewer,SF,28,TOT,24,3,6.7,0.1,0.6,.200,0.0,0.3,.125,0.1,0.3,.286,.233,0.0,0.1,.000,0.1,0.5,0.6,0.4,0.3,0.0,0.1,0.2,0.3)
(2014,68,Shannon Brown,SG,28,TOT,29,1,8.7,0.8,2.3,.364,0.0,0.1,.000,0.8,2.2,.375,.364,0.5,0.7,.714,0.2,0.7,1.0,0.3,0.4,0.0,0.6,0.8,2.2)
(2014,72,Trey Burke,PG,21,UTA,70,68,32.3,4.9,12.8,.380,1.6,4.8,.330,3.3,8.0,.410,.442,1.5,1.6,.903,0.5,2.4,3.0,5.7,0.6,0.1,1.9,2.1,12.8)
(2014,76,Rasual Butler,SG,34,IND,50,2,7.6,1.0,2.2,.464,0.5,1.2,.419,0.5,1.0,.521,.582,0.2,0.3,.571,0.1,0.7,0.8,0.3,0.1,0.2,0.2,0.6,2.7)
(2014,80,Nick Calathes,SG,24,MEM,71,7,16.5,2.0,4.4,.457,0.3,0.9,.311,1.7,3.5,.492,.487,0.6,1.0,.611,0.3,1.6,1.9,2.9,0.9,0.1,1.4,1.6,4.9)
(2014,83,Isaiah Canaan,PG,22,HOU,22,0,11.5,1.4,4.0,.356,0.8,2.5,.327,0.6,1.5,.406,.460,1.0,1.3,.724,0.3,0.8,1.1,1.0,0.4,0.2,1.0,1.1,4.6)
(2014,87,Omri Casspi,PF,25,HOU,71,2,18.1,2.4,5.8,.422,0.9,2.5,.347,1.6,3.3,.479,.496,1.2,1.7,.680,0.8,2.9,3.7,1.2,0.6,0.2,1.0,1.4,6.9)
(2014,91,Josh Childress,SF,30,NOP,4,0,6.0,0.0,0.0,,0.0,0.0,,0.0,0.0,,,0.0,0.0,,0.0,0.8,0.8,0.5,0.3,0.0,0.3,0.3,0.0)
(2014,95,Victor Claver,SF,25,POR,21,0,8.8,0.8,2.0,.405,0.1,0.9,.167,0.7,1.1,.583,.440,0.5,0.5,.909,0.4,1.4,1.9,0.6,0.1,0.1,0.5,0.8,2.2)
(2014,99,Nick Collison,PF,33,OKC,81,0,16.7,1.7,3.0,.556,0.0,0.2,.235,1.6,2.8,.580,.564,0.8,1.1,.710,1.4,2.2,3.6,1.3,0.4,0.3,0.9,2.3,4.2)
(2014,102,DeMarcus Cousins,C,23,SAC,71,71,32.4,8.3,16.8,.496,0.0,0.1,.000,8.3,16.7,.499,.496,6.1,8.4,.726,3.1,8.6,11.7,2.9,1.5,1.3,3.5,3.8,22.7)
(2014,106,Jordan Crawford,SG,25,TOT,81,35,23.0,4.0,9.7,.415,1.1,3.5,.316,2.9,6.2,.471,.472,1.8,2.1,.864,0.3,1.9,2.3,3.5,0.6,0.1,1.7,1.5,11.0)
(2014,110,Seth Curry,PG,23,TOT,2,0,6.5,0.5,1.5,.333,0.5,0.5,1.000,0.0,1.0,.000,.500,0.0,0.0,,0.0,0.5,0.5,0.0,1.0,0.0,0.0,0.0,1.5)
(2014,114,Luigi Datome,SF,26,DET,34,0,7.0,1.0,2.9,.351,0.2,1.1,.179,0.8,1.7,.466,.387,0.2,0.3,.800,0.4,0.9,1.4,0.3,0.2,0.0,0.3,0.6,2.4)
(2014,118,Glen Davis,PF,28,TOT,68,44,24.4,4.0,8.7,.457,0.1,0.2,.364,3.9,8.6,.459,.460,1.4,2.0,.693,1.6,3.6,5.2,1.1,0.9,0.4,1.1,2.3,9.4)
(2014,121,Dewayne Dedmon,C,24,TOT,31,6,12.6,1.2,2.7,.458,0.0,0.0,,1.2,2.7,.458,.458,0.7,1.0,.656,1.2,2.9,4.1,0.2,0.2,0.7,0.6,2.1,3.1)
(2014,125,Boris Diaw,PF,31,SAS,79,24,25.0,3.8,7.3,.521,0.6,1.4,.402,3.3,5.9,.549,.559,0.9,1.2,.739,0.9,3.2,4.1,2.8,0.6,0.4,1.5,1.8,9.1)
(2014,129,Goran Dragic,SG,27,PHO,76,75,35.1,7.3,14.4,.505,1.6,3.9,.408,5.7,10.4,.542,.561,4.2,5.5,.760,0.9,2.3,3.2,5.9,1.4,0.3,2.8,2.7,20.3)
(2014,133,Mike Dunleavy,SF,33,CHI,82,61,31.5,4.1,9.4,.430,1.5,4.0,.380,2.6,5.5,.467,.510,1.7,2.0,.854,0.6,3.6,4.2,2.3,0.8,0.6,1.3,2.0,11.3)
(2014,137,Monta Ellis,PG,28,DAL,82,82,36.9,7.0,15.6,.451,0.8,2.5,.330,6.2,13.0,.474,.478,4.1,5.2,.788,0.5,3.1,3.6,5.7,1.7,0.3,3.2,2.4,19.0)
(2014,Rk,Player,Pos,Age,Tm,G,GS,MP,FG,FGA,FG%,3P,3PA,3P,2P,2PA,2P,eFG%,FT,FTA,FT%,ORB,DRB,TRB,AST,STL,BLK,TOV,PF,PTS)
(2014,144,Vitor Faverani,C,25,BOS,37,8,13.2,1.7,4.0,.435,0.3,1.1,.300,1.4,2.9,.486,.476,0.6,1.0,.649,1.1,2.3,3.5,0.4,0.4,0.7,1.1,2.0,4.4)
(2014,148,Landry Fields,SF,25,TOR,30,2,10.7,0.9,2.2,.403,0.0,0.2,.000,0.9,2.1,.435,.403,0.5,0.7,.636,0.5,1.5,2.0,0.7,0.3,0.1,0.4,0.8,2.3)
(2014,152,Jamaal Franklin,SG,22,MEM,21,0,7.7,0.8,1.9,.410,0.2,0.5,.455,0.5,1.3,.393,.474,0.1,0.1,1.000,0.2,0.9,1.1,0.3,0.2,0.1,0.5,1.1,1.9)
(2014,156,Francisco Garcia,SF,32,HOU,55,4,19.7,2.1,5.3,.401,1.3,3.5,.358,0.9,1.8,.485,.519,0.2,0.3,.526,0.4,1.8,2.2,1.1,0.5,0.6,0.5,2.2,5.7)
(2014,160,Pau Gasol,C,33,LAL,60,60,31.4,7.1,14.8,.480,0.1,0.2,.286,7.0,14.5,.483,.482,3.1,4.2,.736,2.1,7.6,9.7,3.4,0.5,1.5,2.4,2.1,17.4)
(2014,163,Paul George,SF,23,IND,80,80,36.2,7.2,17.0,.424,2.3,6.3,.364,4.9,10.8,.458,.490,5.0,5.8,.864,0.8,6.0,6.8,3.5,1.9,0.3,2.8,2.5,21.7)
(2014,167,Ryan Gomes,SF,31,OKC,5,0,6.8,0.6,1.6,.375,0.0,0.4,.000,0.6,1.2,.500,.375,0.0,0.0,,0.0,0.8,0.8,0.2,0.0,0.0,0.2,1.0,1.2)
(2014,171,Eric Gordon,SG,25,NOP,64,64,32.1,5.6,12.8,.436,1.6,4.0,.391,4.0,8.7,.456,.498,2.7,3.5,.785,0.5,2.1,2.6,3.3,1.2,0.2,2.1,1.8,15.4)
(2014,175,Danny Green,SG,26,SAS,68,59,24.3,3.2,7.4,.432,1.9,4.7,.415,1.3,2.8,.460,.562,0.7,0.9,.794,0.4,3.0,3.4,1.5,1.0,0.9,1.1,1.6,9.1)
(2014,179,Willie Green,SG,32,LAC,55,9,15.8,1.9,4.9,.376,0.7,2.2,.339,1.1,2.7,.407,.452,0.5,0.6,.824,0.2,1.2,1.4,0.9,0.4,0.2,0.6,1.7,5.0)
(2014,182,Jordan Hamilton,SF,23,TOT,60,12,17.0,2.5,6.3,.391,1.2,3.3,.354,1.3,3.0,.433,.484,0.7,0.9,.784,0.5,2.7,3.2,0.9,0.7,0.3,0.8,1.1,6.7)
(2014,186,James Harden,SG,24,HOU,73,73,38.0,7.5,16.5,.456,2.4,6.6,.366,5.1,9.9,.515,.529,7.9,9.1,.866,0.8,3.9,4.7,6.1,1.6,0.4,3.6,2.4,25.4)
(2014,190,Devin Harris,PG,30,DAL,40,0,20.5,2.4,6.4,.378,0.8,2.5,.307,1.6,3.8,.425,.439,2.3,2.9,.800,0.2,1.9,2.1,4.5,0.7,0.1,1.5,1.8,7.9)
(2014,194,Tobias Harris,PF,21,ORL,61,36,30.3,5.4,11.7,.464,0.5,2.1,.254,4.9,9.7,.508,.486,3.2,4.0,.807,1.4,5.5,7.0,1.3,0.7,0.4,1.3,2.3,14.6)
(2014,198,Gordon Hayward,SF,23,UTA,77,77,36.4,5.5,13.4,.413,1.1,3.6,.304,4.4,9.8,.453,.454,4.0,4.9,.816,0.8,4.3,5.1,5.2,1.4,0.5,2.8,2.0,16.2)
(2014,201,John Henson,PF,23,MIL,70,23,26.5,4.9,9.1,.538,0.0,0.0,.000,4.9,9.1,.539,.538,1.3,2.5,.514,2.4,4.7,7.1,1.6,0.6,1.7,1.6,2.6,11.1)
(2014,205,George Hill,PG,27,IND,76,76,32.0,3.6,8.1,.442,1.3,3.4,.365,2.3,4.7,.497,.519,1.9,2.3,.807,0.7,3.0,3.7,3.5,1.0,0.3,1.2,2.1,10.3)
(2014,209,Jrue Holiday,PG,23,NOP,34,34,33.6,6.0,13.4,.447,0.9,2.3,.390,5.1,11.1,.459,.480,1.5,1.9,.810,0.8,3.4,4.2,7.9,1.6,0.4,3.1,2.7,14.3)
(2014,213,Dwight Howard,C,28,HOU,71,71,33.7,6.7,11.3,.591,0.0,0.1,.286,6.6,11.2,.594,.593,4.9,9.0,.547,3.3,8.9,12.2,1.8,0.8,1.8,3.2,3.4,18.3)
(2014,217,Andre Iguodala,SF,30,GSW,63,63,32.4,3.5,7.3,.480,1.0,2.8,.354,2.5,4.5,.558,.548,1.4,2.1,.652,0.8,3.8,4.7,4.2,1.5,0.3,1.6,1.6,9.3)
(2014,Rk,Player,Pos,Age,Tm,G,GS,MP,FG,FGA,FG%,3P,3PA,3P,2P,2PA,2P,eFG%,FT,FTA,FT%,ORB,DRB,TRB,AST,STL,BLK,TOV,PF,PTS)
(2014,224,Bernard James,C,28,DAL,30,0,4.9,0.4,0.8,.478,0.0,0.0,.000,0.4,0.7,.500,.478,0.2,0.4,.545,0.5,0.9,1.4,0.1,0.1,0.3,0.3,0.8,0.9)
(2014,228,Antawn Jamison,PF,37,LAC,22,0,11.3,1.3,4.2,.315,0.4,1.9,.195,1.0,2.3,.412,.359,0.8,1.1,.720,0.4,2.1,2.5,0.3,0.4,0.1,0.3,1.3,3.8)
(2014,232,John Jenkins,SG,22,ATL,13,0,12.2,1.2,3.2,.381,0.3,1.4,.222,0.9,1.8,.500,.429,0.3,0.3,1.000,0.2,1.5,1.7,0.8,0.1,0.1,0.8,0.8,3.1)
(2014,236,Chris Johnson,SF,23,BOS,40,0,19.7,2.1,5.4,.397,1.1,3.2,.339,1.1,2.2,.483,.498,0.9,1.1,.860,0.8,1.7,2.4,0.8,0.7,0.1,0.6,1.6,6.3)
(2014,240,Wesley Johnson,SF,26,LAL,79,62,28.4,3.5,8.2,.425,1.3,3.4,.369,2.2,4.8,.466,.502,0.8,1.0,.792,0.9,3.5,4.4,1.6,1.1,1.0,1.1,2.6,9.1)
(2014,244,Solomon Jones,PF,29,ORL,11,0,7.7,0.5,1.5,.353,0.0,0.0,,0.5,1.5,.353,.353,0.2,0.4,.500,0.7,0.7,1.5,0.2,0.2,0.2,0.2,1.1,1.3)
(2014,248,Chris Kaman,C,31,LAL,39,13,18.9,4.5,8.9,.509,0.0,0.1,.000,4.5,8.8,.513,.509,1.3,1.7,.765,1.4,4.5,5.9,1.5,0.3,1.0,1.9,2.4,10.4)
(2014,252,Michael Kidd-Gilchrist,SF,20,CHA,62,62,24.2,2.7,5.7,.473,0.0,0.1,.111,2.7,5.5,.483,.475,1.8,3.0,.614,1.8,3.5,5.2,0.8,0.7,0.6,1.0,2.3,7.2)
(2014,256,Kosta Koufos,C,24,MEM,80,22,16.9,2.8,5.7,.495,0.0,0.0,,2.8,5.7,.495,.495,0.8,1.2,.645,2.0,3.2,5.2,0.5,0.4,0.9,0.8,2.3,6.4)
(2014,260,Jeremy Lamb,SG,21,OKC,78,0,19.7,3.4,7.8,.432,1.1,3.2,.356,2.2,4.6,.483,.504,0.7,0.8,.797,0.3,2.1,2.4,1.5,0.7,0.3,0.8,1.8,8.5)
(2014,263,Ty Lawson,PG,26,DEN,62,61,35.8,5.6,13.0,.431,1.2,3.3,.356,4.4,9.7,.455,.475,5.2,6.5,.798,0.6,2.8,3.5,8.8,1.6,0.2,3.2,1.8,17.6)
(2014,267,Alex Len,C,20,PHO,42,3,8.6,0.8,1.9,.423,0.0,0.0,,0.8,1.9,.423,.423,0.5,0.7,.645,0.9,1.4,2.4,0.1,0.1,0.4,0.6,1.6,2.0)
(2014,271,Rashard Lewis,SF,34,MIA,60,6,16.2,1.6,3.9,.415,0.8,2.2,.343,0.9,1.7,.510,.513,0.4,0.6,.788,0.4,1.4,1.8,1.0,0.9,0.1,0.6,1.5,4.5)
(2014,275,Shaun Livingston,PG,28,BRK,76,54,26.0,3.1,6.4,.483,0.0,0.1,.167,3.1,6.3,.486,.484,2.1,2.5,.827,0.9,2.4,3.2,3.2,1.2,0.4,1.4,2.3,8.3)
(2014,279,Kyle Lowry,PG,27,TOR,79,79,36.2,5.8,13.7,.423,2.4,6.3,.380,3.4,7.3,.460,.511,4.0,4.9,.813,1.1,3.6,4.7,7.4,1.5,0.2,2.5,3.4,17.9)
(2014,282,Ian Mahinmi,C,27,IND,77,1,16.2,1.2,2.5,.481,0.0,0.0,.000,1.2,2.4,.484,.481,1.2,1.9,.621,1.4,1.9,3.3,0.3,0.5,0.9,0.8,2.7,3.5)
(2014,286,Kenyon Martin,PF,36,NYK,32,15,19.8,2.0,3.8,.512,0.0,0.0,.000,2.0,3.8,.516,.512,0.3,0.6,.579,1.1,3.1,4.2,1.6,0.8,0.8,0.8,2.7,4.3)
(2014,290,Jason Maxiell,PF,30,ORL,34,13,14.4,1.4,3.1,.448,0.0,0.0,,1.4,3.1,.448,.448,0.4,0.9,.484,0.8,1.7,2.5,0.3,0.2,0.6,0.4,1.4,3.2)
(2014,294,Ray McCallum,PG,22,SAC,45,10,19.9,2.5,6.7,.377,0.5,1.3,.373,2.0,5.4,.378,.413,0.7,1.0,.744,0.4,1.4,1.8,2.7,0.5,0.2,0.9,1.5,6.2)
(2014,298,Josh McRoberts,PF,26,CHA,78,78,30.3,3.2,7.3,.436,1.3,3.7,.361,1.8,3.5,.516,.529,0.8,1.1,.729,1.1,3.7,4.8,4.3,0.7,0.6,1.1,2.4,8.5)
(2014,301,Khris Middleton,SF,22,MIL,82,64,30.0,4.6,10.4,.440,1.5,3.5,.414,3.1,6.9,.454,.511,1.4,1.7,.861,0.7,3.0,3.8,2.1,1.0,0.2,1.5,3.0,12.1)
(2014,305,Mike Miller,SF,33,MEM,82,4,20.8,2.6,5.4,.481,1.3,2.8,.459,1.3,2.6,.505,.602,0.6,0.7,.821,0.4,2.2,2.5,1.6,0.3,0.1,0.9,1.2,7.1)
(2014,309,Tony Mitchell,SF,24,MIL,3,0,3.3,1.0,1.7,.600,0.0,0.3,.000,1.0,1.3,.750,.600,0.0,0.0,,0.3,0.0,0.3,0.3,0.3,0.0,0.0,0.0,2.0)
(2014,313,E'Twaun Moore,SG,24,ORL,79,3,19.1,2.5,5.8,.428,0.7,2.0,.354,1.7,3.7,.468,.490,0.7,0.9,.765,0.4,1.4,1.7,1.4,0.8,0.2,0.7,1.3,6.3)
(2014,317,Anthony Morrow,SG,28,NOP,76,9,18.8,3.1,6.8,.458,1.2,2.6,.451,2.0,4.3,.462,.542,0.9,1.1,.828,0.4,1.5,1.8,0.8,0.5,0.2,0.7,1.3,8.4)
(2014,Rk,Player,Pos,Age,Tm,G,GS,MP,FG,FGA,FG%,3P,3PA,3P,2P,2PA,2P,eFG%,FT,FTA,FT%,ORB,DRB,TRB,AST,STL,BLK,TOV,PF,PTS)
(2014,324,Toure' Murry,PG,24,NYK,51,0,7.3,1.1,2.5,.434,0.1,0.2,.417,1.0,2.3,.436,.453,0.5,0.8,.590,0.3,0.6,0.9,1.0,0.4,0.0,0.7,0.9,2.7)
(2014,328,Gary Neal,SG,29,TOT,52,3,21.4,3.7,9.1,.410,1.3,3.5,.378,2.4,5.6,.430,.482,1.8,2.0,.895,0.2,1.5,1.7,1.6,0.3,0.0,1.2,1.3,10.5)
(2014,332,Joakim Noah,C,28,CHI,80,80,35.3,4.8,10.0,.475,0.0,0.0,.000,4.8,10.0,.476,.475,3.1,4.2,.737,3.5,7.7,11.3,5.4,1.2,1.5,2.4,3.1,12.6)
(2014,336,Jermaine O'Neal,PF,35,GSW,44,13,20.1,2.8,5.6,.504,0.0,0.0,,2.8,5.6,.504,.504,2.3,3.0,.750,1.9,3.6,5.5,0.6,0.3,0.9,1.2,2.3,7.9)
(2014,340,Kelly Olynyk,C,22,BOS,70,9,20.0,3.3,7.2,.466,0.6,1.6,.351,2.8,5.5,.500,.506,1.4,1.7,.811,2.0,3.2,5.2,1.6,0.5,0.4,1.5,3.2,8.7)
(2014,343,Travis Outlaw,SF,29,SAC,63,4,16.9,2.1,5.2,.399,0.7,1.9,.350,1.4,3.3,.426,.462,0.7,0.8,.808,0.6,2.1,2.7,0.8,0.3,0.3,0.4,1.5,5.4)
(2014,347,Chandler Parsons,SF,25,HOU,74,74,37.6,6.3,13.3,.472,1.8,4.7,.370,4.5,8.6,.528,.538,2.2,3.0,.742,0.9,4.6,5.5,4.0,1.2,0.4,1.9,2.3,16.6)
(2014,351,Kendrick Perkins,C,29,OKC,62,62,19.5,1.4,3.1,.451,0.0,0.0,.000,1.4,3.1,.453,.451,0.6,1.1,.552,1.3,3.6,4.9,1.1,0.4,0.5,1.5,2.9,3.4)
(2014,355,Miles Plumlee,C,25,PHO,80,79,24.6,3.6,6.9,.517,0.0,0.0,,3.6,6.9,.517,.517,0.9,1.7,.561,2.5,5.4,7.8,0.5,0.6,1.1,1.4,2.3,8.1)
(2014,359,Phil Pressey,PG,22,BOS,75,11,15.1,1.0,3.4,.308,0.4,1.4,.264,0.7,2.0,.340,.364,0.4,0.6,.644,0.3,1.1,1.4,3.2,0.9,0.1,1.2,1.3,2.8)
(2014,362,Pablo Prigioni,PG,36,NYK,66,27,19.4,1.3,2.9,.461,1.0,2.1,.464,0.3,0.8,.451,.631,0.2,0.2,.917,0.5,1.4,2.0,3.5,1.0,0.0,0.9,2.0,3.8)
(2014,366,Shavlik Randolph,PF,30,PHO,14,0,6.8,0.5,1.0,.500,0.0,0.0,,0.5,1.0,.500,.500,0.4,0.8,.545,0.5,1.3,1.8,0.1,0.2,0.1,0.4,1.1,1.4)
(2014,370,Luke Ridnour,PG,32,TOT,61,14,18.7,2.1,5.4,.385,0.6,1.8,.343,1.5,3.6,.406,.442,0.3,0.4,.654,0.4,1.2,1.6,2.9,0.5,0.1,1.1,1.5,5.0)
(2014,374,Nate Robinson,PG,29,DEN,44,1,19.7,3.7,8.7,.428,1.3,3.5,.377,2.4,5.2,.463,.504,1.6,1.9,.835,0.5,1.4,1.8,2.5,0.8,0.1,1.3,2.1,10.4)
(2014,378,Terrence Ross,SG,22,TOR,81,62,26.7,3.9,9.3,.423,2.0,5.0,.395,1.9,4.2,.458,.531,1.0,1.2,.837,0.5,2.6,3.1,1.0,0.8,0.3,1.1,2.3,10.9)
(2014,381,Robert Sacre,C,24,LAL,65,13,16.8,2.2,4.6,.477,0.0,0.0,,2.2,4.6,.477,.477,1.0,1.4,.681,1.3,2.6,3.9,0.8,0.4,0.7,0.7,2.1,5.4)
(2014,385,Luis Scola,PF,33,IND,82,2,17.1,3.2,6.8,.470,0.0,0.1,.143,3.2,6.7,.474,.471,1.2,1.7,.728,1.0,3.7,4.8,1.0,0.3,0.2,1.3,2.0,7.6)
(2014,389,Ramon Sessions,PG,27,TOT,83,19,26.7,4.0,9.3,.429,0.4,1.5,.282,3.6,7.8,.457,.452,3.9,4.9,.807,0.5,2.0,2.4,4.1,0.6,0.1,1.8,1.1,12.3)
(2014,393,Alexey Shved,SG,25,MIN,63,0,10.5,1.2,3.8,.321,0.5,1.6,.294,0.7,2.1,.341,.384,1.1,1.4,.756,0.3,1.0,1.3,1.1,0.4,0.3,0.8,0.6,4.0)
(2014,397,Peyton Siva,SG,23,DET,24,0,9.3,0.8,2.4,.316,0.3,1.0,.280,0.5,1.3,.344,.377,0.5,0.6,.733,0.1,0.5,0.6,1.4,0.4,0.0,0.8,1.1,2.3)
(2014,Rk,Player,Pos,Age,Tm,G,GS,MP,FG,FGA,FG%,3P,3PA,3P,2P,2PA,2P,eFG%,FT,FTA,FT%,ORB,DRB,TRB,AST,STL,BLK,TOV,PF,PTS)
(2014,404,Josh Smith,SF,28,DET,77,76,35.5,6.7,16.0,.419,0.9,3.4,.264,5.8,12.6,.462,.448,2.1,3.9,.532,1.3,5.4,6.8,3.3,1.4,1.4,2.6,2.6,16.4)
(2014,408,Tiago Splitter,C,29,SAS,59,50,21.5,3.1,5.9,.523,0.0,0.1,.000,3.1,5.8,.528,.523,2.1,2.9,.699,2.1,4.1,6.2,1.5,0.5,0.5,1.3,2.0,8.2)
(2014,412,Julyan Stone,SG,25,TOR,21,0,5.7,0.3,0.8,.412,0.1,0.4,.250,0.2,0.4,.556,.471,0.1,0.1,.667,0.1,0.9,1.0,0.6,0.1,0.0,0.2,0.6,0.9)
(2014,416,Jeffery Taylor,SF,24,CHA,26,8,24.2,3.2,8.4,.376,0.7,2.6,.269,2.5,5.8,.424,.417,1.0,1.8,.553,0.6,1.7,2.3,0.8,0.5,0.2,1.0,2.4,8.0)
(2014,420,Mirza Teletovic,SF,28,BRK,72,7,19.4,3.1,7.3,.418,1.9,4.8,.390,1.2,2.5,.472,.546,0.6,0.9,.710,0.8,2.9,3.7,0.8,0.4,0.3,0.8,2.0,8.6)
(2014,423,Hasheem Thabeet,C,26,OKC,23,0,8.3,0.6,1.0,.565,0.0,0.0,,0.6,1.0,.565,.565,0.0,0.2,.200,0.4,1.3,1.7,0.0,0.2,0.4,0.6,2.0,1.2)
(2014,427,Malcolm Thomas,PF,25,TOT,8,0,7.9,0.9,2.0,.438,0.1,0.5,.250,0.8,1.5,.500,.469,0.0,0.3,.000,0.6,2.0,2.6,0.3,0.0,0.4,1.1,0.6,1.9)
(2014,431,Tristan Thompson,PF,22,CLE,82,82,31.6,4.4,9.3,.477,0.0,0.0,.000,4.4,9.3,.478,.477,2.9,4.1,.693,3.3,5.9,9.2,0.9,0.5,0.4,1.3,2.3,11.7)
(2014,435,P.J. Tucker,SF,28,PHO,81,81,30.7,3.3,7.6,.431,0.9,2.4,.387,2.4,5.2,.450,.491,1.9,2.5,.776,2.0,4.5,6.5,1.7,1.4,0.3,1.3,2.5,9.4)
(2014,439,Jeremy Tyler,C,22,NYK,41,0,9.7,1.5,2.8,.517,0.0,0.0,,1.5,2.8,.517,.517,0.6,1.2,.542,0.9,1.7,2.7,0.2,0.1,0.5,0.6,1.7,3.6)
(2014,442,Jonas Valanciunas,C,21,TOR,81,81,28.2,4.4,8.3,.531,0.0,0.0,.000,4.4,8.3,.532,.531,2.4,3.2,.762,2.8,6.0,8.8,0.7,0.3,0.9,1.7,3.1,11.3)
(2014,446,Jan Vesely,PF,23,TOT,54,1,14.4,1.6,3.2,.514,0.0,0.0,,1.6,3.2,.514,.514,0.4,1.0,.339,1.5,2.0,3.5,0.4,1.0,0.6,0.7,2.2,3.6)
(2014,450,Dwyane Wade,SG,32,MIA,54,53,32.9,7.7,14.1,.545,0.2,0.6,.281,7.5,13.5,.557,.551,3.5,4.8,.733,1.1,3.4,4.5,4.7,1.5,0.5,3.0,2.0,19.0)
(2014,454,Gerald Wallace,SF,31,BOS,58,16,24.4,2.0,4.0,.504,0.3,1.1,.297,1.7,2.9,.584,.546,0.8,1.7,.465,0.6,3.0,3.7,2.5,1.3,0.2,1.7,1.4,5.1)
(2014,458,Maalik Wayns,PG,22,LAC,2,0,4.5,0.5,1.0,.500,0.0,0.0,,0.5,1.0,.500,.500,0.0,0.0,,0.0,1.0,1.0,1.0,1.0,0.0,0.0,2.0,1.0)
(2014,461,Russell Westbrook,PG,25,OKC,46,46,30.7,7.5,17.2,.437,1.5,4.7,.318,6.0,12.5,.482,.480,5.3,6.4,.826,1.2,4.5,5.7,6.9,1.9,0.2,3.8,2.3,21.8)
(2014,465,Derrick Williams,SF-PF,22,TOT,78,15,23.3,2.6,6.2,.427,0.3,1.3,.263,2.3,4.9,.470,.454,2.4,3.3,.718,0.9,3.2,4.1,0.7,0.6,0.3,1.0,1.5,8.0)
(2014,469,Mo Williams,PG,31,POR,74,0,24.8,3.8,9.1,.417,1.1,3.0,.369,2.7,6.0,.441,.478,1.1,1.2,.876,0.6,1.5,2.1,4.3,0.7,0.1,2.0,2.7,9.7)
(2014,473,Nate Wolters,PG,22,MIL,58,31,22.6,2.9,6.7,.437,0.3,1.1,.290,2.6,5.6,.465,.460,1.0,1.6,.656,0.6,2.0,2.6,3.2,0.6,0.3,1.0,1.2,7.2)
(2014,477,Dorell Wright,SF,28,POR,68,13,14.5,1.6,4.4,.374,1.0,3.0,.342,0.6,1.4,.442,.490,0.8,1.0,.754,0.4,2.4,2.8,0.9,0.3,0.2,0.6,0.9,5.0)
(2014,Rk,Player,Pos,Age,Tm,G,GS,MP,FG,FGA,FG%,3P,3PA,3P,2P,2PA,2P,eFG%,FT,FTA,FT%,ORB,DRB,TRB,AST,STL,BLK,TOV,PF,PTS)
