(2014,2,Steven Adams,C,20,OKC,81,20,14.8,1.1,2.3,.503,0.0,0.0,,1.1,2.3,.503,.503,1.0,1.7,.581,1.8,2.3,4.1,0.5,0.5,0.7,0.9,2.5,3.3)
(2014,6,Cole Aldrich,C,25,NYK,46,2,7.2,0.7,1.3,.541,0.0,0.0,,0.7,1.3,.541,.541,0.6,0.7,.867,0.8,2.0,2.8,0.3,0.2,0.7,0.4,0.9,2.0)
(2014,10,Tony Allen,SG,32,MEM,55,28,23.2,3.7,7.5,.494,0.2,0.9,.234,3.5,6.7,.527,.507,1.4,2.2,.628,1.4,2.3,3.8,1.7,1.6,0.3,1.6,2.2,9.0)
(2014,14,Alan Anderson,SF,31,BRK,78,26,22.7,2.5,6.2,.400,1.1,3.2,.339,1.4,3.0,.464,.487,1.2,1.5,.780,0.5,1.7,2.2,1.0,0.6,0.1,0.8,1.9,7.2)
(2014,18,Carmelo Anthony,PF,29,NYK,77,77,38.7,9.6,21.3,.452,2.2,5.4,.402,7.5,15.9,.469,.503,6.0,7.0,.848,1.9,6.2,8.1,3.1,1.2,0.7,2.6,2.9,27.4)
(2014,21,Trevor Ariza,SF,28,WAS,77,77,35.4,5.1,11.1,.456,2.3,5.7,.407,2.7,5.3,.509,.562,1.9,2.5,.772,1.3,4.9,6.2,2.5,1.6,0.3,1.7,2.3,14.4)
(2014,25,D.J. Augustin,PG,26,TOT,71,9,27.3,4.2,10.1,.415,1.9,4.7,.401,2.3,5.4,.427,.508,2.8,3.2,.885,0.2,1.6,1.8,4.4,0.7,0.0,1.8,2.1,13.1)
(2014,29,Luke Babbitt,PF,24,NOP,27,2,17.5,2.2,5.7,.390,1.3,3.5,.379,0.9,2.2,.407,.506,0.5,0.7,.778,0.7,2.6,3.3,1.1,0.3,0.4,0.6,1.9,6.3)
(2014,33,Harrison Barnes,SF,21,GSW,78,24,28.3,3.5,8.7,.399,0.8,2.4,.347,2.6,6.3,.419,.448,1.7,2.3,.718,0.8,3.1,4.0,1.5,0.8,0.3,1.1,2.0,9.5)
(2014,37,Shane Battier,SF,35,MIA,73,56,20.1,1.4,3.8,.382,1.0,2.9,.348,0.4,0.9,.492,.515,0.2,0.3,.652,0.5,1.4,1.9,0.9,0.7,0.5,0.3,1.7,4.1)
(2014,Rk,Player,Pos,Age,Tm,G,GS,MP,FG,FGA,FG%,3P,3PA,3P,2P,2PA,2P,eFG%,FT,FTA,FT%,ORB,DRB,TRB,AST,STL,BLK,TOV,PF,PTS)
(2014,44,Marco Belinelli,SF,27,SAS,80,25,25.2,4.2,8.7,.485,1.6,3.7,.430,2.6,5.0,.525,.576,1.4,1.6,.847,0.2,2.6,2.8,2.2,0.6,0.1,1.2,1.6,11.4)
(2014,48,Chauncey Billups,SG,37,DET,19,7,16.3,1.3,4.2,.304,0.7,2.5,.292,0.5,1.6,.323,.392,0.5,0.6,.833,0.2,1.3,1.5,2.2,0.4,0.1,1.3,1.3,3.8)
(2014,52,Andray Blatche,PF,27,BRK,73,7,22.2,4.4,9.2,.476,0.2,0.7,.278,4.2,8.5,.494,.487,2.2,3.0,.742,1.6,3.7,5.3,1.5,1.0,0.5,1.5,2.3,11.2)
(2014,56,Andrew Bogut,C,29,GSW,67,67,26.4,3.5,5.6,.627,0.0,0.0,,3.5,5.6,.627,.627,0.3,1.0,.344,2.7,7.3,10.0,1.7,0.7,1.8,1.4,3.1,7.3)
(2014,60,Chris Bosh,C,29,MIA,79,79,32.0,6.2,12.1,.516,0.9,2.8,.339,5.3,9.3,.569,.555,2.8,3.4,.820,1.2,5.4,6.6,1.1,1.0,1.0,1.6,2.4,16.2)
(2014,63,Corey Brewer,SF,27,MIN,81,81,32.2,4.8,10.0,.481,0.7,2.6,.280,4.1,7.4,.552,.517,2.0,2.8,.718,0.8,1.8,2.6,1.7,1.9,0.4,1.3,2.6,12.3)
(2014,67,Lorenzo Brown,PG,23,PHI,26,0,8.6,1.0,3.3,.302,0.1,1.2,.100,0.9,2.2,.411,.320,0.3,0.5,.692,0.3,0.8,1.1,1.6,0.5,0.1,0.6,0.7,2.5)
(2014,71,Reggie Bullock,SF,22,LAC,43,0,9.2,1.0,2.8,.355,0.5,1.7,.301,0.5,1.1,.438,.446,0.2,0.2,.778,0.3,1.0,1.3,0.3,0.2,0.0,0.3,0.6,2.7)
(2014,75,Jimmy Butler,SG,24,CHI,67,67,38.7,4.1,10.3,.397,1.0,3.6,.283,3.1,6.8,.457,.446,3.9,5.0,.769,1.3,3.6,4.9,2.6,1.9,0.5,1.5,1.6,13.1)
(2014,79,Will Bynum,PG,31,DET,56,3,18.8,3.3,7.7,.428,0.4,1.1,.323,2.9,6.6,.446,.451,1.7,2.2,.802,0.4,1.3,1.8,3.9,0.7,0.1,1.8,2.2,8.7)
(2014,82,Kentavious Caldwell-Pope,SG,20,DET,80,41,19.8,2.3,5.8,.396,0.7,2.3,.319,1.5,3.4,.447,.460,0.6,0.8,.770,0.5,1.5,2.0,0.7,0.9,0.2,0.4,1.8,5.9)
(2014,86,Michael Carter-Williams,PG,22,PHI,70,70,34.5,6.1,15.1,.405,0.8,3.0,.264,5.3,12.1,.440,.431,3.7,5.2,.703,1.4,4.8,6.2,6.3,1.9,0.6,3.5,3.0,16.7)
(2014,90,Wilson Chandler,SF,26,DEN,62,55,31.1,5.0,11.9,.416,2.0,5.7,.348,3.0,6.2,.478,.499,1.8,2.5,.724,0.9,3.8,4.7,1.8,0.7,0.5,1.3,3.1,13.6)
(2014,94,Ian Clark,SG,22,UTA,23,0,7.5,1.1,2.9,.388,0.5,1.3,.355,0.7,1.6,.417,.470,0.2,0.3,.714,0.1,0.7,0.8,0.7,0.3,0.1,0.6,1.0,3.0)
(2014,98,Darren Collison,PG,26,LAC,80,35,25.9,4.1,8.7,.467,0.9,2.4,.376,3.2,6.3,.501,.518,2.4,2.8,.857,0.6,1.8,2.4,3.7,1.2,0.2,1.7,1.9,11.4)
(2014,101,Chris Copeland,SF,29,IND,41,0,6.5,1.3,2.9,.470,0.8,1.9,.418,0.5,0.9,.579,.611,0.2,0.3,.714,0.2,0.6,0.8,0.4,0.1,0.2,0.3,0.9,3.7)
(2014,105,Jamal Crawford,SG,33,LAC,69,24,30.3,6.1,14.7,.416,2.3,6.5,.361,3.8,8.2,.460,.496,4.0,4.7,.866,0.5,1.8,2.3,3.2,0.9,0.2,2.0,1.7,18.6)
(2014,109,Jared Cunningham,SG,22,TOT,13,0,6.2,0.5,1.6,.286,0.1,0.5,.143,0.4,1.1,.357,.310,1.0,1.2,.813,0.1,0.4,0.5,0.6,0.2,0.0,0.2,1.2,2.0)
(2014,113,Troy Daniels,SG,22,HOU,5,1,15.0,3.0,6.2,.484,2.4,5.0,.480,0.6,1.2,.500,.677,0.0,0.0,,0.0,0.8,0.8,1.0,0.0,0.0,0.6,1.2,8.4)
(2014,117,Ed Davis,PF,24,MEM,63,4,15.2,2.5,4.6,.534,0.0,0.0,,2.5,4.6,.534,.534,0.7,1.4,.528,1.5,2.7,4.1,0.4,0.3,0.7,0.6,1.8,5.7)
(2014,Rk,Player,Pos,Age,Tm,G,GS,MP,FG,FGA,FG%,3P,3PA,3P,2P,2PA,2P,eFG%,FT,FTA,FT%,ORB,DRB,TRB,AST,STL,BLK,TOV,PF,PTS)
(2014,124,DeMar DeRozan,SG,24,TOR,79,79,38.2,7.6,17.8,.429,0.8,2.7,.305,6.8,15.2,.451,.452,6.6,8.0,.824,0.6,3.7,4.3,4.0,1.1,0.4,2.2,2.5,22.7)
(2014,128,Chris Douglas-Roberts,SF,27,CHA,49,8,20.7,2.3,5.1,.440,1.0,2.7,.386,1.2,2.4,.500,.542,1.3,1.7,.805,0.3,2.1,2.4,1.0,0.6,0.3,0.7,1.2,6.9)
(2014,132,Tim Duncan,C,37,SAS,74,74,29.2,6.0,12.2,.490,0.0,0.1,.000,6.0,12.2,.493,.490,3.1,4.3,.731,2.1,7.6,9.7,3.0,0.6,1.9,2.1,1.8,15.1)
(2014,136,Wayne Ellington,SG,26,DAL,45,1,8.7,1.2,2.8,.437,0.6,1.3,.424,0.7,1.5,.448,.536,0.2,0.2,.909,0.2,0.8,1.0,0.4,0.4,0.0,0.2,0.7,3.2)
(2014,140,Reggie Evans,PF,33,TOT,54,20,16.6,1.3,2.8,.473,0.0,0.0,,1.3,2.8,.473,.473,1.3,2.4,.554,2.1,4.1,6.2,0.4,0.7,0.1,1.1,2.2,4.0)
(2014,143,Jordan Farmar,PG,27,LAL,41,5,22.2,3.7,8.9,.415,1.7,3.9,.438,2.0,5.0,.397,.511,1.1,1.4,.746,0.5,2.0,2.5,4.9,0.9,0.2,2.3,1.6,10.1)
(2014,147,Raymond Felton,PG,29,NYK,65,65,31.0,3.7,9.4,.395,1.0,3.0,.318,2.7,6.4,.431,.446,1.4,1.9,.721,0.8,2.2,3.0,5.6,1.2,0.4,2.0,2.4,9.7)
(2014,151,Randy Foye,SG,30,DEN,81,78,30.7,4.5,10.8,.413,2.3,6.1,.380,2.1,4.7,.456,.521,1.9,2.3,.849,0.4,2.4,2.9,3.5,0.8,0.5,1.8,2.5,13.2)
(2014,155,Channing Frye,PF,30,PHO,82,82,28.2,4.1,9.5,.432,2.0,5.3,.370,2.1,4.2,.509,.535,1.0,1.2,.821,0.9,4.2,5.1,1.2,0.7,0.8,1.1,3.0,11.1)
(2014,159,Marc Gasol,C,29,MEM,59,59,33.4,5.7,12.1,.473,0.0,0.2,.182,5.7,11.9,.477,.474,3.1,4.1,.768,1.4,5.8,7.2,3.6,1.0,1.3,1.9,2.5,14.6)
(2014,162,Alonzo Gee,SF,26,CLE,65,24,15.7,1.5,3.6,.415,0.3,0.9,.328,1.2,2.7,.444,.456,0.7,0.9,.705,0.5,1.8,2.3,0.7,0.6,0.2,0.7,1.5,4.0)
(2014,166,Rudy Gobert,C,21,UTA,45,0,9.6,0.8,1.6,.486,0.0,0.0,,0.8,1.6,.486,.486,0.7,1.4,.492,1.1,2.3,3.4,0.2,0.2,0.9,0.7,1.3,2.3)
(2014,170,Ben Gordon,SG,30,CHA,19,0,14.7,1.9,5.7,.343,0.4,1.5,.276,1.5,4.2,.367,.380,0.9,1.1,.810,0.2,1.3,1.4,1.1,0.5,0.1,1.1,0.9,5.2)
(2014,174,Aaron Gray,C,29,TOT,37,6,9.6,0.7,1.6,.443,0.0,0.0,.000,0.7,1.6,.450,.443,0.3,0.5,.550,1.1,1.9,3.0,0.6,0.3,0.2,0.8,1.7,1.8)
(2014,178,Jeff Green,SF,27,BOS,82,82,34.2,5.9,14.3,.412,1.6,4.8,.341,4.2,9.5,.448,.469,3.5,4.3,.795,0.7,4.0,4.6,1.7,0.7,0.6,2.0,2.2,16.9)
(2014,181,Jorge Gutierrez,PG,25,BRK,15,2,16.3,1.7,3.6,.463,0.2,0.8,.250,1.5,2.8,.524,.491,0.6,0.8,.750,0.2,1.3,1.5,2.0,0.7,0.1,0.9,2.5,4.1)
(2014,185,Tim Hardaway,SG,21,NYK,81,1,23.1,3.6,8.5,.428,1.6,4.4,.363,2.0,4.1,.498,.523,1.3,1.6,.828,0.2,1.3,1.5,0.8,0.5,0.1,0.6,1.8,10.2)
(2014,189,Al Harrington,PF,33,WAS,34,0,15.0,2.4,6.1,.396,1.0,2.9,.340,1.4,3.1,.449,.478,0.8,1.0,.771,0.4,1.9,2.4,0.8,0.4,0.0,1.0,2.1,6.6)
(2014,193,Mike Harris,PF,30,UTA,20,0,11.3,1.5,3.1,.475,0.0,0.1,.000,1.5,3.0,.492,.475,1.3,1.4,.963,0.8,0.9,1.7,0.3,0.8,0.4,0.6,1.8,4.2)
(2014,197,Chuck Hayes,C,30,TOT,61,1,12.4,0.9,2.1,.431,0.0,0.0,.000,0.9,2.1,.434,.431,0.3,0.4,.800,1.1,2.3,3.4,0.6,0.6,0.2,0.5,1.6,2.2)
(2014,Rk,Player,Pos,Age,Tm,G,GS,MP,FG,FGA,FG%,3P,3PA,3P,2P,2PA,2P,eFG%,FT,FTA,FT%,ORB,DRB,TRB,AST,STL,BLK,TOV,PF,PTS)
(2014,204,Nene Hilario,PF,31,WAS,53,37,29.4,5.6,11.2,.503,0.0,0.1,.200,5.6,11.1,.506,.504,2.9,5.0,.583,1.2,4.3,5.5,2.9,1.2,0.9,2.2,3.1,14.2)
(2014,208,Kirk Hinrich,PG,33,CHI,73,61,29.0,3.3,8.5,.393,1.2,3.3,.351,2.2,5.2,.419,.461,1.3,1.7,.760,0.4,2.2,2.6,3.9,1.1,0.4,1.6,2.8,9.1)
(2014,212,Al Horford,C,27,ATL,29,29,33.0,8.2,14.5,.567,0.1,0.4,.364,8.1,14.1,.572,.571,2.0,2.9,.682,2.3,6.1,8.4,2.6,0.9,1.5,2.2,1.9,18.6)
(2014,216,Serge Ibaka,PF,24,OKC,81,81,32.9,6.5,12.1,.536,0.3,0.7,.383,6.2,11.3,.546,.548,1.9,2.5,.784,2.8,6.0,8.8,1.0,0.5,2.7,1.5,2.9,15.1)
(2014,220,Royal Ivey,SG,32,OKC,2,0,2.5,0.0,1.0,.000,0.0,0.5,.000,0.0,0.5,.000,.000,0.0,0.0,,0.0,0.5,0.5,0.0,0.0,0.0,0.0,0.5,0.0)
(2014,223,Stephen Jackson,SF,35,LAC,9,0,11.9,0.7,2.9,.231,0.1,1.6,.071,0.6,1.3,.417,.250,0.2,0.4,.500,0.2,0.9,1.1,0.6,0.7,0.1,0.7,1.2,1.7)
(2014,227,Mike James,PG,38,CHI,11,0,7.0,0.5,1.9,.238,0.1,0.5,.200,0.4,1.5,.250,.262,0.0,0.2,.000,0.0,0.6,0.6,1.5,0.2,0.0,0.5,1.0,1.0)
(2014,231,Richard Jefferson,SF,33,UTA,82,78,27.0,3.6,8.0,.450,1.5,3.7,.409,2.1,4.3,.484,.544,1.5,2.0,.741,0.2,2.5,2.7,1.6,0.7,0.2,1.1,2.0,10.1)
(2014,235,Amir Johnson,PF,26,TOR,77,72,28.8,4.5,7.9,.562,0.3,0.9,.303,4.2,7.1,.593,.578,1.2,1.9,.636,2.2,4.3,6.6,1.5,0.7,1.1,1.6,3.5,10.4)
(2014,239,Orlando Johnson,SG,24,TOT,45,0,8.7,0.8,2.5,.319,0.2,1.0,.191,0.6,1.5,.409,.358,0.4,0.6,.731,0.2,1.0,1.2,0.4,0.1,0.0,0.3,0.6,2.2)
(2014,243,Perry Jones,PF,22,OKC,62,7,12.3,1.3,2.9,.459,0.4,1.0,.361,1.0,1.9,.508,.519,0.5,0.7,.667,0.5,1.4,1.8,0.4,0.2,0.3,0.3,1.0,3.5)
(2014,247,Cory Joseph,SG,22,SAS,68,19,13.8,1.9,3.9,.475,0.2,0.6,.316,1.7,3.3,.502,.498,1.2,1.4,.823,0.5,1.1,1.6,1.7,0.5,0.2,0.6,1.2,5.0)
(2014,251,Ryan Kelly,PF,22,LAL,59,25,22.2,2.7,6.3,.423,0.8,2.4,.338,1.8,3.9,.476,.488,1.9,2.3,.815,0.7,3.0,3.7,1.6,0.5,0.8,0.8,2.5,8.0)
(2014,255,Kyle Korver,SG,32,ATL,71,71,33.9,4.1,8.6,.475,2.6,5.5,.472,1.5,3.1,.479,.626,1.2,1.3,.926,0.3,3.7,4.0,2.9,1.0,0.3,1.4,2.1,12.0)
(2014,259,Doron Lamb,SG,22,ORL,53,0,13.1,1.2,3.0,.394,0.7,1.7,.400,0.5,1.3,.386,.506,0.5,0.7,.806,0.2,0.8,0.9,0.8,0.2,0.0,0.5,1.0,3.6)
(2014,262,Shane Larkin,PG,21,DAL,48,0,10.2,1.1,2.9,.380,0.3,0.8,.316,0.8,2.1,.404,.423,0.3,0.5,.640,0.2,0.6,0.9,1.5,0.5,0.0,0.8,1.0,2.8)
(2014,266,David Lee,PF,30,GSW,69,67,33.2,7.4,14.2,.523,0.0,0.0,.000,7.4,14.2,.523,.523,3.3,4.3,.780,2.6,6.7,9.3,2.1,0.7,0.4,2.2,3.0,18.2)
(2014,270,Jon Leuer,PF,24,MEM,49,0,13.1,2.5,5.0,.492,0.5,1.0,.469,2.0,4.0,.497,.539,0.8,1.0,.787,0.8,2.5,3.2,0.4,0.4,0.3,0.6,1.3,6.2)
(2014,274,Jeremy Lin,PG,25,HOU,71,33,28.9,4.2,9.3,.446,1.2,3.2,.358,3.0,6.1,.492,.508,3.1,3.7,.823,0.5,2.2,2.6,4.1,1.0,0.4,2.5,2.3,12.5)
(2014,278,Kevin Love,PF,25,MIN,77,77,36.3,8.4,18.5,.457,2.5,6.6,.376,6.0,11.9,.502,.524,6.8,8.2,.821,2.9,9.6,12.5,4.4,0.8,0.5,2.5,1.8,26.1)
(2014,281,Shelvin Mack,PG,23,ATL,73,11,20.4,2.9,6.9,.417,0.8,2.5,.337,2.0,4.3,.464,.479,0.9,1.0,.865,0.3,1.9,2.2,3.7,0.7,0.0,1.2,1.4,7.5)
(2014,285,Cartier Martin,SF,29,TOT,59,6,14.7,1.9,4.5,.420,1.0,2.6,.391,0.9,1.9,.460,.532,0.8,1.1,.738,0.2,1.6,1.9,0.6,0.5,0.1,0.6,1.2,5.6)
(2014,289,Wesley Matthews,SG,27,POR,82,82,33.9,5.4,12.3,.441,2.5,6.2,.393,3.0,6.1,.490,.541,3.1,3.7,.837,0.6,2.9,3.5,2.4,0.9,0.2,1.3,2.1,16.4)
(2014,293,Luc Mbah a Moute,PF-SF,27,TOT,64,7,15.7,1.4,3.0,.451,0.1,0.3,.235,1.3,2.8,.472,.461,0.7,1.0,.687,0.9,1.4,2.3,0.6,0.5,0.2,0.6,1.1,3.5)
(2014,297,Ben McLemore,SG,20,SAC,82,55,26.7,3.1,8.3,.376,1.2,3.6,.320,2.0,4.7,.419,.446,1.4,1.7,.804,0.6,2.2,2.9,1.0,0.5,0.2,1.2,2.5,8.8)
(2014,Rk,Player,Pos,Age,Tm,G,GS,MP,FG,FGA,FG%,3P,3PA,3P,2P,2PA,2P,eFG%,FT,FTA,FT%,ORB,DRB,TRB,AST,STL,BLK,TOV,PF,PTS)
(2014,304,Darius Miller,SF,23,NOP,45,7,16.1,1.6,3.7,.440,0.6,1.7,.325,1.1,2.0,.539,.515,0.6,0.8,.806,0.2,1.0,1.2,1.0,0.5,0.2,0.5,2.0,4.4)
(2014,308,Paul Millsap,PF,28,ATL,74,73,33.5,6.5,14.1,.461,1.0,2.9,.358,5.5,11.3,.487,.498,3.9,5.3,.731,2.1,6.4,8.5,3.1,1.7,1.1,2.5,2.8,17.9)
(2014,312,Greg Monroe,PF,23,DET,82,82,32.8,6.1,12.4,.497,0.0,0.0,.000,6.1,12.4,.497,.497,2.9,4.5,.657,3.1,6.1,9.3,2.1,1.1,0.6,2.0,2.5,15.2)
(2014,316,Markieff Morris,PF,24,PHO,81,0,26.6,5.1,10.4,.486,0.4,1.3,.315,4.7,9.1,.512,.507,3.2,4.0,.792,1.7,4.3,6.0,1.8,0.8,0.6,1.8,2.9,13.8)
(2014,320,Timofey Mozgov,C,27,DEN,82,30,21.6,3.5,6.6,.523,0.0,0.3,.167,3.4,6.4,.539,.527,2.4,3.2,.754,2.1,4.4,6.4,0.8,0.3,1.2,1.5,2.6,9.4)
(2014,323,Erik Murphy,C,23,CHI,24,0,2.6,0.1,0.5,.231,0.0,0.1,.000,0.1,0.4,.300,.231,0.0,0.0,,0.1,0.3,0.3,0.1,0.0,0.2,0.1,0.3,0.3)
(2014,327,Steve Nash,PG,39,LAL,15,10,20.9,2.4,6.3,.383,0.5,1.6,.333,1.9,4.7,.400,.426,1.5,1.6,.917,0.3,1.7,1.9,5.7,0.5,0.1,2.1,1.2,6.8)
(2014,331,Andrew Nicholson,PF,24,ORL,76,5,15.4,2.4,5.5,.429,0.4,1.2,.315,2.0,4.4,.459,.462,0.6,0.8,.825,0.7,2.7,3.4,0.3,0.2,0.3,0.7,2.0,5.7)
(2014,335,James Nunnally,SF,23,TOT,13,0,12.7,1.2,3.5,.326,0.6,1.9,.320,0.5,1.6,.333,.413,0.5,0.7,.667,0.1,1.4,1.5,0.6,0.5,0.2,0.5,0.8,3.4)
(2014,339,Victor Oladipo,PG,21,ORL,80,44,31.1,4.9,11.7,.419,0.9,2.8,.327,4.0,8.9,.448,.458,3.1,4.0,.780,0.5,3.6,4.1,4.1,1.6,0.5,3.2,2.6,13.8)
(2014,342,Daniel Orton,C,23,PHI,22,4,11.4,1.0,2.1,.447,0.0,0.0,,1.0,2.1,.447,.447,1.0,1.4,.767,0.7,2.0,2.8,0.7,0.3,0.7,0.8,1.7,3.0)
(2014,346,Tony Parker,PG,31,SAS,68,68,29.4,6.7,13.4,.499,0.4,1.0,.373,6.3,12.5,.509,.513,2.9,3.6,.811,0.3,2.0,2.3,5.7,0.5,0.1,2.2,1.3,16.7)
(2014,350,Nikola Pekovic,C,28,MIN,54,54,30.8,7.0,13.0,.541,0.0,0.0,,7.0,13.0,.541,.541,3.4,4.6,.747,3.8,4.9,8.7,0.9,0.6,0.4,1.6,2.4,17.5)
(2014,354,Mason Plumlee,PF,23,BRK,70,22,18.2,2.8,4.3,.659,0.0,0.0,.000,2.8,4.3,.666,.659,1.7,2.8,.626,1.4,3.0,4.4,0.9,0.7,0.8,1.1,2.4,7.4)
(2014,358,Josh Powell,F,31,HOU,1,0,19.0,2.0,6.0,.333,0.0,0.0,,2.0,6.0,.333,.333,0.0,0.0,,0.0,5.0,5.0,0.0,0.0,1.0,1.0,1.0,4.0)
(2014,361,Ronnie Price,SG,30,ORL,31,2,12.2,0.9,3.0,.304,0.3,1.4,.209,0.6,1.6,.388,.353,0.3,0.4,.692,0.3,1.1,1.4,2.1,0.8,0.1,0.8,1.6,2.4)
(2014,365,Anthony Randolph,PF,24,DEN,43,5,12.3,1.6,4.1,.386,0.4,1.4,.295,1.2,2.7,.435,.438,1.2,1.6,.754,0.5,2.4,2.8,0.7,0.6,0.4,0.9,1.5,4.8)
(2014,369,Glen Rice,SG,23,WAS,11,1,9.9,1.0,3.4,.297,0.5,1.5,.294,0.5,1.8,.300,.365,0.5,0.6,.714,0.4,1.5,1.8,0.6,0.5,0.1,0.8,0.6,2.9)
(2014,373,Brian Roberts,PG,28,NOP,72,42,23.2,3.4,8.1,.420,0.9,2.5,.360,2.5,5.6,.447,.475,1.7,1.8,.940,0.2,1.7,1.9,3.3,0.6,0.1,1.3,1.8,9.4)
(2014,377,Derrick Rose,PG,25,CHI,10,10,31.1,5.8,16.4,.354,1.6,4.7,.340,4.2,11.7,.359,.402,2.7,3.2,.844,0.9,2.3,3.2,4.3,0.5,0.1,3.4,1.5,15.9)
(2014,Rk,Player,Pos,Age,Tm,G,GS,MP,FG,FGA,FG%,3P,3PA,3P,2P,2PA,2P,eFG%,FT,FTA,FT%,ORB,DRB,TRB,AST,STL,BLK,TOV,PF,PTS)
(2014,384,Dennis Schroder,PG,20,ATL,49,0,13.1,1.5,3.8,.383,0.2,0.9,.238,1.3,3.0,.425,.410,0.6,0.9,.674,0.1,1.1,1.2,1.9,0.3,0.0,1.2,1.1,3.7)
(2014,388,Kevin Seraphin,C,24,WAS,53,1,10.9,2.1,4.2,.505,0.0,0.0,,2.1,4.2,.505,.505,0.5,0.6,.871,1.0,1.4,2.4,0.3,0.1,0.5,0.8,1.9,4.7)
(2014,392,Iman Shumpert,SG,23,NYK,74,58,26.5,2.5,6.5,.378,1.0,3.1,.333,1.4,3.5,.418,.457,0.7,1.0,.746,1.1,3.1,4.2,1.7,1.2,0.2,1.1,2.8,6.7)
(2014,396,Chris Singleton,SF,24,WAS,25,0,10.0,1.0,2.7,.373,0.3,0.8,.368,0.7,1.9,.375,.425,0.7,1.0,.720,0.7,1.5,2.2,0.2,0.4,0.1,0.7,1.0,3.0)
(2014,400,Greg Smith,C,23,HOU,11,0,9.1,1.6,2.5,.643,0.0,0.0,,1.6,2.5,.643,.643,0.2,0.5,.400,1.0,1.5,2.5,0.0,0.1,0.2,0.5,1.5,3.5)
(2014,403,Jason Smith,PF,27,NOP,31,27,26.8,4.2,9.1,.465,0.0,0.0,,4.2,9.1,.465,.465,1.3,1.6,.780,1.6,4.2,5.8,0.9,0.4,0.9,0.9,3.2,9.7)
(2014,407,Marreese Speights,C,26,GSW,79,3,12.4,2.5,5.6,.441,0.1,0.4,.258,2.4,5.2,.455,.450,1.4,1.7,.821,1.3,2.4,3.7,0.4,0.1,0.4,0.8,1.9,6.4)
(2014,411,Greg Stiemsma,C,28,NOP,55,20,18.3,1.3,2.2,.574,0.0,0.0,.000,1.3,2.2,.579,.574,0.3,0.6,.594,1.3,2.8,4.1,0.7,0.6,1.0,0.8,3.1,2.9)
(2014,415,Jared Sullinger,PF,21,BOS,74,44,27.6,5.2,12.1,.427,0.8,2.8,.269,4.4,9.3,.475,.458,2.1,2.7,.778,3.3,4.9,8.1,1.6,0.5,0.7,1.6,3.4,13.3)
(2014,419,Marquis Teague,SG,20,TOT,40,3,11.1,1.0,3.0,.319,0.1,0.5,.278,0.8,2.5,.327,.340,0.7,0.9,.743,0.0,1.0,1.0,1.5,0.3,0.1,1.0,1.2,2.7)
(2014,422,Jason Terry,PG,36,BRK,35,0,16.3,1.6,4.3,.362,1.1,2.9,.379,0.5,1.4,.327,.490,0.3,0.4,.667,0.1,0.9,1.1,1.6,0.4,0.0,0.8,1.4,4.5)
(2014,426,Lance Thomas,SF,25,NOP,5,0,8.4,0.4,1.8,.222,0.0,0.0,,0.4,1.8,.222,.222,0.4,0.8,.500,0.4,1.0,1.4,0.6,0.0,0.0,0.4,0.8,1.2)
(2014,430,Klay Thompson,SG,23,GSW,81,81,35.4,6.9,15.5,.444,2.8,6.6,.417,4.1,8.9,.464,.533,1.8,2.3,.795,0.5,2.6,3.1,2.2,0.9,0.5,1.7,2.9,18.4)
(2014,434,Anthony Tolliver,PF,28,CHA,64,9,20.3,2.0,4.8,.420,1.6,3.9,.413,0.4,0.9,.450,.586,0.5,0.6,.805,0.5,2.1,2.6,0.7,0.3,0.2,0.4,1.3,6.1)
(2014,438,Evan Turner,SF,25,TOT,81,56,30.3,5.4,12.6,.425,0.6,1.9,.321,4.7,10.7,.444,.450,2.6,3.2,.813,0.8,4.3,5.0,3.2,0.8,0.1,2.3,2.4,14.0)
(2014,441,Beno Udrih,SG,31,TOT,41,12,15.7,1.9,4.3,.438,0.5,1.0,.452,1.4,3.3,.434,.492,0.6,0.7,.833,0.2,1.2,1.4,2.8,0.6,0.1,1.1,1.2,4.9)
(2014,445,Greivis Vasquez,SG-PG,27,TOT,79,23,22.5,3.5,8.3,.421,1.4,3.7,.377,2.1,4.7,.455,.504,1.2,1.4,.880,0.3,1.9,2.2,4.1,0.4,0.1,1.6,1.8,9.6)
(2014,449,Sasha Vujacic,SG,29,LAC,2,0,5.0,1.0,2.5,.400,0.5,1.0,.500,0.5,1.5,.333,.500,0.0,0.0,,0.0,1.5,1.5,0.0,0.5,0.0,1.5,0.5,2.5)
(2014,453,John Wall,PG,23,WAS,82,82,36.3,7.1,16.3,.433,1.3,3.8,.351,5.7,12.5,.458,.473,3.9,4.8,.805,0.5,3.6,4.1,8.8,1.8,0.5,3.6,2.7,19.3)
(2014,457,Earl Watson,PG,34,POR,24,0,6.7,0.1,0.5,.273,0.1,0.3,.286,0.0,0.2,.250,.364,0.2,0.2,1.000,0.2,0.4,0.6,1.2,0.2,0.0,0.7,1.4,0.5)
(2014,Rk,Player,Pos,Age,Tm,G,GS,MP,FG,FGA,FG%,3P,3PA,3P,2P,2PA,2P,eFG%,FT,FTA,FT%,ORB,DRB,TRB,AST,STL,BLK,TOV,PF,PTS)
(2014,464,Deron Williams,PG,29,BRK,64,58,32.2,5.0,11.2,.450,1.5,4.2,.366,3.5,7.0,.500,.518,2.7,3.4,.801,0.2,2.4,2.6,6.1,1.5,0.2,2.2,2.3,14.3)
(2014,468,Marvin Williams,PF,27,UTA,66,50,25.4,3.5,8.0,.439,1.3,3.5,.359,2.2,4.4,.503,.519,0.9,1.1,.781,1.2,3.8,5.1,1.2,0.8,0.5,0.8,2.3,9.1)
(2014,472,Jeff Withey,C,23,NOP,58,4,11.8,1.2,2.2,.535,0.0,0.0,.000,1.2,2.2,.539,.535,0.9,1.3,.712,0.8,1.7,2.6,0.4,0.3,0.9,0.3,1.3,3.3)
(2014,476,Chris Wright,SF,25,MIL,8,0,15.8,2.6,4.4,.600,0.0,0.1,.000,2.6,4.3,.618,.600,0.8,1.9,.400,1.3,1.3,2.5,0.6,0.9,0.6,0.6,2.1,6.0)
(2014,480,Thaddeus Young,PF,25,PHI,79,78,34.4,7.4,16.2,.454,1.1,3.7,.308,6.2,12.5,.496,.489,2.1,2.9,.712,2.1,3.9,6.0,2.3,2.1,0.5,2.1,2.7,17.9)
