(1988,2,Mark Acres,C,25,BOS,79,5,14.6,1.4,2.6,.532,0.0,0.0,,1.4,2.6,.532,.532,0.9,1.4,.640,1.3,2.1,3.4,0.5,0.4,0.3,0.7,2.5,3.6)
(1988,6,Danny Ainge,SG,28,BOS,81,81,37.3,6.0,12.1,.491,1.8,4.4,.415,4.1,7.7,.534,.566,2.0,2.2,.878,0.7,2.3,3.1,6.2,1.4,0.2,1.9,2.5,15.7)
(1988,10,Richard Anderson,PF,27,TOT,74,3,18.2,2.3,5.9,.390,0.6,2.0,.320,1.7,3.9,.426,.444,0.8,1.0,.753,1.2,2.9,4.1,1.5,0.7,0.2,0.8,1.9,6.1)
(1988,14,John Bagley,PG,27,NJN,82,74,33.8,4.8,10.9,.439,0.6,2.0,.292,4.2,9.0,.471,.465,1.8,2.2,.822,0.7,2.4,3.1,5.8,1.3,0.1,2.5,2.0,12.0)
(1988,18,John Battle,SG,25,ATL,67,1,18.3,4.1,9.1,.454,0.2,0.6,.390,3.9,8.5,.458,.467,2.1,2.8,.750,0.4,1.3,1.7,2.4,0.5,0.1,1.1,1.3,10.6)
(1988,21,Kent Benson,C,33,CLE,2,0,6.0,1.0,1.0,1.000,0.0,0.0,,1.0,1.0,1.000,1.000,0.5,1.0,.500,0.0,0.5,0.5,0.0,0.5,0.5,1.0,1.0,2.5)
(1988,25,Uwe Blab,C,25,DAL,73,1,9.0,0.8,1.8,.439,0.0,0.0,,0.8,1.8,.439,.439,0.6,0.9,.708,0.7,1.1,1.8,0.5,0.1,0.4,0.7,1.5,2.2)
(1988,29,Manute Bol,C,25,WSB,77,4,14.8,1.0,2.1,.455,0.0,0.0,.000,1.0,2.1,.457,.455,0.3,0.6,.531,0.9,2.6,3.6,0.2,0.1,2.7,0.5,2.1,2.3)
(1988,33,Frank Brickowski,C,28,SAS,70,68,31.8,6.1,11.5,.528,0.0,0.1,.200,6.1,11.4,.530,.529,3.8,5.0,.768,2.4,4.5,6.9,3.8,1.1,0.5,3.0,3.9,16.0)
(1988,37,Michael Cage,PF,26,LAC,72,70,36.9,5.0,10.6,.470,0.0,0.0,.000,5.0,10.6,.471,.470,4.5,6.6,.688,5.2,7.9,13.0,1.5,1.3,0.8,2.2,2.7,14.5)
(1988,Rk,Player,Pos,Age,Tm,G,GS,MP,FG,FGA,FG%,3P,3PA,3P%,2P,2PA,2P%,eFG%,FT,FTA,FT%,ORB,DRB,TRB,AST,STL,BLK,TOV,PF,PTS)
(1988,44,Tom Chambers,PF,28,SEA,82,82,32.7,7.5,16.6,.448,0.4,1.3,.303,7.0,15.3,.461,.460,5.1,6.3,.807,1.6,4.3,6.0,2.6,1.1,0.6,2.5,3.6,20.4)
(1988,48,Steve Colter,PG,25,TOT,68,53,22.3,3.0,6.5,.460,0.0,0.1,.300,2.9,6.3,.464,.464,1.1,1.4,.789,0.9,1.7,2.5,3.8,0.9,0.2,1.3,1.9,7.1)
(1988,52,Michael Cooper,SG,31,LAL,61,8,29.4,3.1,7.9,.392,0.9,2.9,.320,2.2,5.0,.434,.451,1.6,1.9,.858,0.8,2.9,3.7,4.7,1.1,0.4,1.7,2.2,8.7)
(1988,56,Winston Crite,SF,22,PHO,29,0,8.9,1.2,2.3,.500,0.0,0.0,,1.2,2.3,.500,.500,0.7,0.9,.760,0.9,1.3,2.2,0.5,0.2,0.3,0.9,1.4,3.0)
(1988,60,Dell Curry,SG,23,CLE,79,8,19.0,4.3,9.4,.458,0.4,1.0,.346,3.9,8.4,.472,.477,1.0,1.3,.782,0.5,1.6,2.1,1.9,1.2,0.3,1.4,1.6,10.0)
(1988,63,Brad Daugherty,C,22,CLE,79,78,37.4,7.0,13.7,.510,0.0,0.0,.000,7.0,13.7,.511,.510,4.8,6.7,.716,1.9,6.5,8.4,4.2,0.6,0.7,3.4,3.0,18.7)
(1988,67,Darryl Dawkins,C,31,TOT,6,0,5.5,0.3,1.5,.222,0.0,0.0,,0.3,1.5,.222,.222,1.0,2.5,.400,0.3,0.5,0.8,0.3,0.0,0.3,1.2,2.3,1.7)
(1988,71,Billy Donovan,PG,22,NYK,44,0,8.3,1.0,2.5,.404,0.0,0.2,.000,1.0,2.3,.431,.404,0.4,0.5,.810,0.1,0.5,0.6,2.0,0.4,0.0,1.0,0.8,2.4)
(1988,75,Kevin Duckworth,C,23,POR,78,50,28.5,5.8,11.6,.496,0.0,0.0,,5.8,11.6,.496,.496,4.2,5.5,.770,2.9,4.5,7.4,0.8,0.4,0.4,2.3,3.6,15.8)
(1988,79,Mark Eaton,C,31,UTA,82,82,33.3,2.8,6.6,.418,0.0,0.0,,2.8,6.6,.418,.418,1.5,2.3,.623,2.8,5.9,8.7,0.7,0.5,3.7,1.6,3.9,7.0)
(1988,82,Craig Ehlo,SG,26,CLE,79,27,21.6,2.9,6.1,.466,0.3,0.8,.344,2.6,5.3,.485,.489,1.1,1.7,.674,1.1,2.4,3.5,2.6,1.0,0.4,1.4,2.3,7.1)
(1988,86,Mike Evans,PG,32,DEN,56,0,11.7,2.5,5.5,.453,0.6,1.6,.396,1.8,3.9,.477,.511,0.5,0.7,.811,0.2,0.7,0.9,1.4,0.6,0.1,0.8,1.4,6.1)
(1988,90,Kenny Fields,SF,25,LAC,7,0,22.0,2.3,5.1,.444,0.0,0.0,,2.3,5.1,.444,.444,2.9,3.7,.769,1.9,2.3,4.1,1.4,0.7,0.3,2.7,2.4,7.4)
(1988,94,World B. Free,SG,34,HOU,58,0,11.8,2.5,6.0,.409,0.1,0.6,.229,2.3,5.4,.429,.420,1.4,1.7,.800,0.2,0.5,0.8,1.0,0.3,0.1,0.8,1.3,6.4)
(1988,98,Artis Gilmore*,C,38,TOT,71,27,12.6,1.4,2.5,.547,0.0,0.0,,1.4,2.5,.547,.547,0.9,1.8,.523,1.0,2.0,3.0,0.3,0.2,0.4,0.9,2.1,3.7)
(1988,101,Horace Grant,PF,22,CHI,81,6,22.6,3.1,6.3,.501,0.0,0.0,.000,3.1,6.2,.503,.501,1.4,2.2,.626,1.9,3.6,5.5,1.1,0.6,0.7,1.1,2.7,7.7)
(1988,105,Sidney Green,PF,27,NYK,82,65,25.0,3.1,7.1,.441,0.0,0.0,.000,3.1,7.1,.443,.441,1.5,2.3,.663,2.7,5.1,7.8,1.1,0.8,0.4,1.8,3.9,7.8)
(1988,109,Petur Gudmundsson,C,29,SAS,69,9,14.7,2.0,4.1,.496,0.0,0.0,.000,2.0,4.0,.498,.496,1.7,2.1,.807,1.3,3.3,4.7,1.2,0.3,0.9,1.5,2.9,5.7)
(1988,113,Ron Harper,SG,24,CLE,57,52,32.1,6.0,12.8,.464,0.1,0.4,.150,5.9,12.5,.473,.467,3.4,4.9,.705,1.1,2.8,3.9,4.9,2.1,0.9,2.8,2.8,15.4)
(1988,117,Gerald Henderson,PG,32,TOT,75,5,20.1,2.6,6.0,.428,0.9,2.2,.423,1.7,3.9,.431,.504,1.8,2.3,.812,0.4,1.1,1.4,3.1,0.9,0.1,1.8,2.5,7.9)
(1988,Rk,Player,Pos,Age,Tm,G,GS,MP,FG,FGA,FG%,3P,3PA,3P%,2P,2PA,2P%,eFG%,FT,FTA,FT%,ORB,DRB,TRB,AST,STL,BLK,TOV,PF,PTS)
(1988,124,Dave Hoppen,C,23,TOT,39,8,16.5,2.2,4.7,.459,0.0,0.0,.000,2.2,4.7,.462,.459,1.4,1.6,.871,1.5,3.0,4.5,0.8,0.3,0.2,0.9,2.2,5.7)
(1988,128,Eddie Hughes,PG,27,UTA,11,0,3.8,0.5,1.2,.385,0.1,0.5,.167,0.4,0.6,.571,.423,0.5,0.5,1.000,0.3,0.1,0.4,0.7,0.0,0.0,0.5,0.5,1.5)
(1988,132,Michael Jackson,PG,23,SAC,58,0,13.1,1.1,2.9,.374,0.1,0.4,.240,1.0,2.5,.397,.392,0.4,0.6,.719,0.3,0.7,1.0,3.1,0.3,0.1,1.0,1.4,2.7)
(1988,136,Eddie Johnson,SF,28,PHO,73,59,29.8,7.3,15.2,.480,0.3,1.3,.255,7.0,13.9,.501,.491,2.8,3.3,.850,1.7,2.7,4.4,2.5,0.5,0.1,1.9,2.6,17.7)
(1988,140,Magic Johnson*,PG,28,LAL,72,70,36.6,6.8,13.8,.492,0.2,0.8,.196,6.7,13.1,.510,.497,5.8,6.8,.853,1.2,5.0,6.2,11.9,1.6,0.2,3.7,2.0,19.6)
(1988,143,Caldwell Jones,C,37,POR,79,77,22.5,1.6,3.3,.487,0.0,0.1,.000,1.6,3.3,.494,.487,1.0,1.3,.736,1.3,3.8,5.2,1.0,0.4,1.3,1.0,3.2,4.2)
(1988,147,Jerome Kersey,SF,25,POR,79,75,36.6,7.7,15.5,.499,0.0,0.2,.200,7.7,15.3,.502,.500,3.7,5.0,.735,2.7,5.6,8.3,3.1,1.6,0.8,2.0,3.8,19.2)
(1988,151,Joe Kleine,C,26,SAC,82,60,24.4,4.0,8.4,.472,0.0,0.0,,4.0,8.4,.472,.472,1.9,2.3,.814,2.2,4.9,7.1,1.1,0.3,0.7,1.3,2.8,9.8)
(1988,155,Bill Laimbeer,C,30,DET,82,82,35.3,5.5,11.3,.493,0.2,0.5,.333,5.4,10.8,.500,.500,2.3,2.6,.874,2.0,8.1,10.1,2.4,0.8,1.0,1.7,3.5,13.5)
(1988,159,Cliff Levingston,PF,27,ATL,82,32,26.0,3.8,6.9,.557,0.0,0.0,.500,3.8,6.9,.557,.558,2.3,3.0,.772,2.8,3.4,6.1,0.9,0.6,1.0,1.1,3.5,10.0)
(1988,162,Alton Lister,C,29,SEA,82,55,22.1,2.1,4.2,.504,0.0,0.0,.500,2.1,4.2,.504,.506,1.4,2.3,.606,2.4,5.2,7.6,0.7,0.3,1.7,1.1,3.9,5.6)
(1988,166,Maurice Lucas,PF,35,POR,73,0,16.3,2.3,5.1,.450,0.0,0.0,.000,2.3,5.1,.454,.450,1.5,2.0,.736,1.4,2.9,4.3,1.3,0.5,0.1,1.0,2.6,6.1)
(1988,168,Jeff Malone,SG,26,WSB,80,80,33.2,8.1,17.0,.476,0.1,0.3,.417,8.0,16.7,.478,.480,4.2,4.8,.882,0.6,2.0,2.6,3.0,0.6,0.2,2.2,2.5,20.5)
(1988,172,Bill Martin,SF,25,PHO,10,0,10.1,1.6,5.1,.314,0.0,0.1,.000,1.6,5.0,.320,.314,0.8,1.3,.615,0.9,1.8,2.7,0.6,0.5,0.0,0.9,1.6,4.0)
(1988,176,Tim McCormick,C,25,TOT,70,55,30.2,5.0,9.3,.537,0.0,0.0,.000,5.0,9.2,.539,.537,2.1,3.1,.674,2.1,4.6,6.7,1.7,0.5,0.3,1.6,3.3,12.0)
(1988,180,Mike McGee,SF-SG,28,TOT,48,0,20.9,4.6,11.0,.421,1.1,3.3,.331,3.5,7.7,.459,.471,1.6,2.1,.745,1.1,1.5,2.7,1.5,1.1,0.1,1.4,1.7,12.0)
(1988,183,Derrick McKey,SF,21,SEA,82,4,20.8,3.1,6.3,.491,0.1,0.4,.367,3.0,6.0,.499,.502,2.1,2.7,.772,1.4,2.6,4.0,1.3,0.9,0.8,1.3,2.9,8.5)
(1988,187,Reggie Miller*,SG,22,IND,82,1,22.4,3.7,7.6,.488,0.7,2.1,.355,3.0,5.5,.538,.537,1.8,2.3,.801,1.2,1.2,2.3,1.6,0.6,0.2,1.2,1.9,10.0)
(1988,191,Sidney Moncrief,SG,30,MIL,56,51,25.5,3.9,7.9,.489,0.1,0.6,.161,3.8,7.4,.513,.494,2.9,3.5,.837,1.0,2.2,3.2,3.6,0.7,0.3,1.5,1.9,10.8)
(1988,195,Chris Mullin*,SF,24,GSW,60,55,33.9,7.8,15.4,.508,0.6,1.6,.351,7.3,13.8,.526,.526,4.0,4.5,.885,1.0,2.5,3.4,4.8,1.9,0.5,2.6,2.3,20.2)
(1988,199,Pete Myers,SG,24,SAS,22,0,14.9,2.0,4.3,.453,0.0,0.2,.000,2.0,4.1,.473,.453,1.2,1.8,.667,0.5,1.2,1.7,2.2,0.8,0.3,1.5,1.4,5.1)
(1988,202,Ed Nealy,PF,27,SAS,68,1,12.3,0.7,1.6,.459,0.0,0.0,.500,0.7,1.6,.458,.463,0.6,0.9,.651,1.2,2.1,3.3,0.7,0.4,0.1,0.4,1.4,2.1)
(1988,206,Kurt Nimphius,C,29,SAS,72,7,12.8,1.8,3.6,.498,0.0,0.0,.000,1.8,3.6,.500,.498,0.8,1.2,.723,0.9,1.3,2.1,0.7,0.3,0.8,0.7,2.0,4.4)
(1988,210,Hakeem Olajuwon*,C,25,HOU,79,79,35.8,9.0,17.5,.514,0.0,0.1,.000,9.0,17.5,.516,.514,4.8,6.9,.695,3.8,8.3,12.1,2.1,2.1,2.7,3.1,4.1,22.8)
(1988,214,Jim Paxson,SG,30,TOT,45,3,17.8,3.0,6.6,.460,0.1,0.5,.238,2.9,6.2,.477,.468,1.5,1.8,.861,0.3,0.7,1.0,1.7,0.7,0.1,0.9,1.6,7.7)
(1988,218,Jim Petersen,PF,25,HOU,69,50,26.0,3.6,7.1,.510,0.0,0.1,.167,3.6,7.0,.515,.511,1.7,2.2,.745,2.1,4.2,6.3,1.5,0.5,0.6,1.7,2.9,8.9)
(1988,221,Ed Pinckney,PF,24,SAC,79,7,14.9,2.3,4.3,.522,0.0,0.0,.000,2.3,4.3,.525,.522,1.7,2.3,.747,1.2,1.7,2.9,0.8,0.5,0.4,1.0,1.5,6.2)
(1988,225,Paul Pressey,SG,29,MIL,75,75,33.1,4.6,9.4,.491,0.1,0.5,.205,4.5,8.8,.508,.497,3.8,4.8,.798,1.7,3.3,5.0,7.0,1.5,0.5,2.6,3.1,13.1)
(1988,229,Blair Rasmussen,C,25,DEN,79,45,22.5,5.5,11.2,.492,0.0,0.0,,5.5,11.2,.492,.492,1.7,2.2,.776,1.6,3.9,5.5,1.0,0.3,1.0,0.9,3.1,12.7)
(1988,233,Doc Rivers,PG,26,ATL,80,80,31.3,5.0,11.1,.453,0.1,0.4,.273,4.9,10.7,.460,.458,4.0,5.3,.758,1.0,3.5,4.6,9.3,1.8,0.5,2.6,3.4,14.2)
(1988,237,Dennis Rodman*,PF,26,DET,82,32,26.2,4.9,8.6,.561,0.1,0.2,.294,4.8,8.4,.568,.565,1.9,3.5,.535,3.9,4.8,8.7,1.3,0.9,0.5,1.9,3.3,11.6)
(1988,Rk,Player,Pos,Age,Tm,G,GS,MP,FG,FGA,FG%,3P,3PA,3P%,2P,2PA,2P%,eFG%,FT,FTA,FT%,ORB,DRB,TRB,AST,STL,BLK,TOV,PF,PTS)
(1988,244,Ralph Sampson*,C-PF,27,TOT,48,44,34.6,6.2,14.2,.438,0.0,0.2,.182,6.2,14.0,.443,.440,3.1,4.1,.760,2.9,6.7,9.6,2.5,0.9,1.8,3.6,3.4,15.6)
(1988,248,Detlef Schrempf,SF,25,DAL,82,4,19.4,3.0,6.6,.456,0.1,0.4,.156,2.9,6.2,.475,.461,2.5,3.2,.756,1.2,2.2,3.4,1.9,0.5,0.4,1.3,2.3,8.5)
(1988,252,Purvis Short,SG,30,HOU,81,11,24.1,5.9,12.2,.481,0.1,0.3,.238,5.8,11.9,.486,.483,2.5,3.0,.858,0.9,1.9,2.7,2.0,0.7,0.2,1.5,2.4,14.3)
(1988,256,Derek Smith,SG,26,SAC,35,18,25.7,5.0,10.4,.478,0.2,0.7,.348,4.7,9.7,.487,.489,2.5,3.2,.770,1.0,1.9,2.9,2.5,0.6,0.5,1.4,3.1,12.7)
(1988,260,Mike Smrek,C,25,LAL,48,2,8.8,0.9,2.1,.427,0.0,0.0,,0.9,2.1,.427,.427,0.9,1.4,.667,0.6,1.2,1.8,0.2,0.1,0.9,0.6,2.2,2.8)
(1988,263,John Stockton*,PG,25,UTA,82,79,34.7,5.5,9.6,.574,0.3,0.8,.358,5.2,8.8,.594,.589,3.3,4.0,.840,0.7,2.2,2.9,13.8,3.0,0.2,3.2,3.0,14.7)
(1988,267,Terry Teagle,SG,27,GSW,47,4,20.4,5.3,11.6,.454,0.0,0.2,.111,5.3,11.4,.460,.455,2.1,2.6,.802,0.9,0.9,1.7,1.3,0.7,0.1,1.7,2.0,12.6)
(1988,271,Billy Thompson,SF,24,LAL,9,0,4.2,0.3,1.4,.231,0.0,0.0,,0.3,1.4,.231,.231,0.9,1.1,.800,0.2,0.8,1.0,0.1,0.1,0.0,0.7,1.2,1.6)
(1988,275,Otis Thorpe,PF,25,SAC,82,82,37.5,7.6,15.0,.507,0.0,0.1,.000,7.6,14.9,.510,.507,5.6,7.4,.755,3.4,6.8,10.2,3.2,0.8,0.7,2.8,3.2,20.8)
(1988,279,Andrew Toney,SG,30,PHI,29,15,18.0,2.5,5.9,.421,0.3,0.9,.333,2.2,5.0,.438,.447,2.0,2.5,.806,0.3,1.3,1.6,3.7,0.4,0.2,1.7,1.2,7.3)
(1988,282,Trent Tucker,SG,28,NYK,71,4,17.6,2.7,6.4,.424,1.0,2.4,.413,1.7,4.1,.431,.500,0.7,1.0,.718,0.5,1.2,1.7,1.6,0.7,0.1,0.7,2.2,7.1)
(1988,286,Terry Tyler,SF,31,SAC,74,28,16.0,2.5,5.5,.452,0.0,0.1,.143,2.5,5.4,.458,.453,0.6,0.9,.641,1.2,2.1,3.3,0.8,0.6,0.6,0.6,1.1,5.5)
(1988,290,Sam Vincent,PG,24,TOT,72,27,20.8,2.9,6.4,.456,0.1,0.3,.381,2.8,6.1,.459,.464,2.0,2.3,.868,0.5,1.6,2.1,5.3,0.8,0.2,1.9,2.0,8.0)
(1988,294,Granville Waiters,C,27,CHI,22,0,5.2,0.4,1.3,.310,0.0,0.0,.000,0.4,1.3,.321,.310,0.0,0.1,.000,0.4,0.9,1.3,0.0,0.1,0.7,0.3,1.2,0.8)
(1988,298,Chris Washburn,C,22,TOT,37,0,7.0,1.0,2.2,.444,0.0,0.0,,1.0,2.2,.444,.444,0.5,0.8,.581,0.8,1.3,2.0,0.2,0.1,0.2,0.5,0.8,2.4)
(1988,301,Pearl Washington,PG,24,NJN,68,10,20.3,3.6,8.0,.448,0.2,0.7,.224,3.4,7.3,.470,.458,1.9,2.8,.698,0.8,0.9,1.7,3.0,1.3,0.1,2.1,2.4,9.3)
(1988,305,Mark West,C,27,TOT,83,41,25.3,3.8,6.9,.551,0.0,0.0,.000,3.8,6.9,.552,.551,2.0,3.4,.596,2.0,4.3,6.3,0.9,0.6,1.8,2.1,3.2,9.7)
(1988,309,Tony White,PG,22,TOT,49,0,11.9,2.3,5.1,.446,0.0,0.1,.000,2.3,5.0,.457,.446,0.8,1.1,.722,0.2,0.4,0.6,1.2,0.4,0.0,1.0,1.2,5.3)
(1988,313,Buck Williams,PF,27,NJN,70,70,37.7,6.7,11.9,.560,0.0,0.0,1.000,6.6,11.9,.560,.561,4.9,7.4,.668,4.3,7.7,11.9,1.6,1.0,0.6,2.7,3.8,18.3)
(1988,317,Kevin Williams,SG,26,SEA,80,9,13.6,2.5,5.6,.442,0.0,0.1,.143,2.5,5.5,.447,.443,1.3,1.5,.844,0.8,0.8,1.6,1.2,0.8,0.1,0.9,2.6,6.3)
(1988,Rk,Player,Pos,Age,Tm,G,GS,MP,FG,FGA,FG%,3P,3PA,3P%,2P,2PA,2P%,eFG%,FT,FTA,FT%,ORB,DRB,TRB,AST,STL,BLK,TOV,PF,PTS)
(1988,324,Randy Wittman,SG,28,ATL,82,82,29.4,4.6,9.6,.478,0.0,0.0,,4.6,9.6,.478,.478,0.9,1.1,.798,0.5,1.6,2.1,3.7,0.6,0.2,1.0,1.4,10.0)
(1988,328,Orlando Woolridge,SF,28,NJN,19,12,32.7,5.8,13.0,.445,0.0,0.1,.000,5.8,12.9,.449,.445,4.8,6.8,.708,1.6,3.2,4.8,3.7,0.7,1.1,2.5,3.8,16.4)
(1988,332,Phil Zevenbergen,C,23,SAS,8,0,7.3,1.9,3.4,.556,0.0,0.0,,1.9,3.4,.556,.556,0.0,0.3,.000,0.5,1.1,1.6,0.4,0.4,0.1,0.5,1.5,3.8)
