(1988,1,Kareem Abdul-Jabbar*,C,40,LAL,80,80,28.9,6.0,11.3,.532,0.0,0.0,.000,6.0,11.3,.532,.532,2.6,3.4,.762,1.5,4.5,6.0,1.7,0.6,1.2,2.0,2.7,14.6)
(1988,5,Mark Aguirre,SF,28,DAL,77,77,33.9,9.7,20.4,.475,0.7,2.2,.302,9.0,18.2,.496,.491,5.0,6.5,.770,2.4,3.3,5.6,3.6,0.9,0.7,2.6,2.9,25.1)
(1988,9,Greg Anderson,PF,23,SAS,82,45,24.2,4.6,9.2,.501,0.0,0.1,.200,4.6,9.2,.503,.502,2.4,4.0,.604,2.0,4.3,6.3,1.0,0.7,1.5,1.7,2.8,11.7)
(1988,13,Vincent Askew,SG,21,PHI,14,2,16.7,1.6,5.3,.297,0.0,0.0,,1.6,5.3,.297,.297,0.6,0.8,.727,0.4,1.1,1.6,2.4,0.7,0.4,0.9,0.9,3.7)
(1988,17,Charles Barkley*,PF,24,PHI,80,80,39.6,9.4,16.0,.587,0.6,2.0,.280,8.9,14.1,.630,.604,8.9,11.9,.751,4.8,7.1,11.9,3.2,1.3,1.3,3.8,3.5,28.3)
(1988,Rk,Player,Pos,Age,Tm,G,GS,MP,FG,FGA,FG%,3P,3PA,3P%,2P,2PA,2P%,eFG%,FT,FTA,FT%,ORB,DRB,TRB,AST,STL,BLK,TOV,PF,PTS)
(1988,24,Otis Birdsong,SG,32,NJN,67,59,28.1,5.0,11.0,.458,0.1,0.4,.360,4.9,10.6,.461,.464,0.7,1.4,.511,1.1,1.4,2.5,3.3,0.8,0.2,1.9,2.1,10.9)
(1988,28,Muggsy Bogues,PG,23,WSB,79,14,20.6,2.1,5.4,.390,0.0,0.2,.188,2.1,5.2,.398,.393,0.7,0.9,.784,0.4,1.3,1.7,5.1,1.6,0.0,1.3,1.7,5.0)
(1988,32,Randy Breuer,C,27,MIL,81,73,27.9,4.8,9.7,.495,0.0,0.0,,4.8,9.7,.495,.495,2.3,3.5,.657,2.4,4.4,6.8,1.3,0.6,1.3,1.3,2.4,12.0)
(1988,36,Steve Burtt,SG,25,LAC,19,0,16.4,3.3,7.3,.449,0.0,0.2,.000,3.3,7.1,.463,.449,2.5,3.6,.681,0.3,1.1,1.4,2.0,0.5,0.3,2.1,2.9,9.0)
(1988,40,Antoine Carr,PF,26,ATL,80,2,18.5,3.5,6.5,.544,0.0,0.1,.250,3.5,6.4,.546,.544,1.8,2.3,.780,1.2,2.4,3.6,1.3,0.5,1.0,1.5,3.4,8.8)
(1988,43,Terry Catledge,PF,24,WSB,70,40,23.0,4.2,8.4,.506,0.0,0.0,.000,4.2,8.3,.508,.506,2.2,3.4,.655,2.6,3.1,5.7,0.9,0.5,0.1,1.4,2.5,10.7)
(1988,47,Norris Coleman,SF,26,LAC,29,11,14.9,2.3,6.6,.346,0.0,0.1,.500,2.2,6.5,.344,.348,0.7,1.2,.556,1.2,1.6,2.8,0.4,0.4,0.2,0.6,1.8,5.3)
(1988,51,Jeff Cook,PF,31,PHO,33,0,10.9,0.4,1.8,.237,0.0,0.0,.000,0.4,1.8,.241,.237,0.7,0.8,.821,1.1,2.1,3.2,0.4,0.3,0.2,0.4,1.9,1.5)
(1988,55,Dave Corzine,C,31,CHI,80,32,29.1,4.3,8.9,.481,0.0,0.1,.111,4.3,8.8,.486,.482,1.4,1.9,.752,2.1,4.5,6.6,1.9,0.5,1.2,1.4,1.9,10.1)
(1988,59,Earl Cureton,PF,30,LAC,69,11,16.3,1.9,4.5,.429,0.0,0.0,.000,1.9,4.4,.433,.429,0.5,0.9,.524,1.4,2.5,3.9,0.9,0.5,0.5,0.8,2.0,4.3)
(1988,62,Adrian Dantley*,SF,31,DET,69,50,31.1,6.4,12.5,.514,0.0,0.0,.000,6.4,12.5,.516,.514,7.1,8.3,.860,1.2,2.1,3.3,2.5,0.6,0.1,2.0,2.1,20.0)
(1988,66,Walter Davis,SF,33,PHO,68,48,28.7,7.2,15.2,.473,0.5,1.4,.375,6.6,13.8,.483,.491,3.0,3.4,.887,0.5,1.9,2.3,4.1,1.3,0.0,1.9,1.9,17.9)
(1988,70,James Donaldson,C,30,DAL,81,81,31.1,2.6,4.7,.558,0.0,0.0,,2.6,4.7,.558,.558,1.8,2.3,.778,3.0,6.3,9.3,0.8,0.5,1.3,1.4,2.2,7.0)
(1988,74,Clyde Drexler*,SG,25,POR,81,80,37.8,10.5,20.7,.506,0.1,0.6,.212,10.3,20.1,.515,.509,5.9,7.2,.811,3.2,3.4,6.6,5.8,2.5,0.6,2.9,3.1,27.0)
(1988,78,T.R. Dunn,SG,32,DEN,82,1,18.7,0.9,1.9,.449,0.0,0.0,.000,0.9,1.9,.452,.449,0.5,0.6,.769,1.3,1.6,2.9,1.1,1.2,0.1,0.3,1.9,2.2)
(1988,81,James Edwards,C,32,TOT,69,44,24.7,4.4,9.3,.470,0.0,0.0,.000,4.4,9.3,.470,.470,3.0,4.7,.654,1.7,4.2,6.0,1.1,0.2,0.5,1.9,3.1,11.8)
(1988,85,Alex English*,SF,34,DEN,80,80,35.2,10.5,21.3,.495,0.0,0.1,.000,10.5,21.2,.496,.495,3.9,4.7,.828,2.1,2.6,4.7,4.7,0.9,0.3,2.3,2.4,25.0)
(1988,89,Dave Feitl,C,25,GSW,70,19,16.1,2.6,5.8,.450,0.0,0.1,.000,2.6,5.7,.455,.450,1.3,1.9,.701,1.2,3.6,4.8,0.8,0.2,0.1,1.2,2.1,6.5)
(1988,93,Tellis Frank,PF,22,GSW,78,29,20.5,3.1,7.2,.428,0.0,0.0,.000,3.1,7.2,.429,.428,1.9,2.7,.725,1.2,3.0,4.2,1.4,0.7,0.3,1.4,3.4,8.1)
(1988,97,Armen Gilliam,PF,23,PHO,55,53,32.9,6.2,13.1,.475,0.0,0.0,,6.2,13.1,.475,.475,2.4,3.5,.679,2.4,5.5,7.9,1.3,1.1,0.5,2.2,2.6,14.8)
(1988,Rk,Player,Pos,Age,Tm,G,GS,MP,FG,FGA,FG%,3P,3PA,3P%,2P,2PA,2P%,eFG%,FT,FTA,FT%,ORB,DRB,TRB,AST,STL,BLK,TOV,PF,PTS)
(1988,104,Rickey Green,PG,33,UTA,81,3,13.8,1.9,4.6,.424,0.0,0.2,.211,1.9,4.3,.436,.430,0.9,1.0,.904,0.2,0.8,1.0,3.7,0.7,0.0,1.2,1.0,4.9)
(1988,108,Darrell Griffith,SG,29,UTA,52,11,20.2,4.8,11.3,.429,0.5,2.0,.275,4.3,9.3,.462,.453,1.1,1.8,.641,0.7,1.8,2.4,1.8,1.0,0.1,1.3,2.0,11.3)
(1988,112,Derek Harper,PG,26,DAL,82,82,37.0,6.5,14.2,.459,0.7,2.3,.313,5.8,11.9,.488,.485,3.2,4.2,.759,0.9,2.1,3.0,7.7,2.0,0.4,2.3,2.0,17.0)
(1988,116,Dave Henderson,SG,23,PHI,22,1,16.0,2.1,5.3,.405,0.0,0.0,.000,2.1,5.2,.409,.405,1.5,2.1,.681,0.5,1.1,1.6,1.5,0.5,0.2,1.8,1.9,5.7)
(1988,120,Rod Higgins,SF,28,GSW,68,67,32.2,5.6,10.7,.526,0.3,0.6,.487,5.3,10.1,.528,.539,4.0,4.7,.848,1.4,2.9,4.3,2.8,1.0,0.5,1.6,2.8,15.5)
(1988,123,Mike Holton,PG,26,POR,82,2,15.6,2.0,4.3,.462,0.0,0.2,.200,2.0,4.1,.473,.466,1.3,1.6,.829,0.6,1.2,1.8,2.6,0.5,0.1,1.0,1.9,5.3)
(1988,127,Phil Hubbard,SF,31,CLE,78,59,20.9,3.0,6.2,.489,0.0,0.1,.000,3.0,6.2,.494,.489,2.3,3.1,.749,1.5,2.1,3.6,1.0,0.6,0.1,1.5,2.1,8.4)
(1988,131,Mark Jackson,PG,22,NYK,82,80,39.6,5.3,12.4,.432,0.4,1.5,.254,5.0,10.8,.458,.448,2.5,3.2,.774,1.5,3.4,4.8,10.6,2.5,0.1,3.1,3.0,13.6)
(1988,135,Dennis Johnson*,PG,33,BOS,77,74,34.7,4.6,10.4,.438,0.2,0.6,.261,4.4,9.8,.449,.446,3.3,3.9,.856,0.8,2.3,3.1,7.8,1.2,0.4,2.5,2.6,12.6)
(1988,139,Kevin Johnson,PG,21,TOT,80,28,24.0,3.4,7.5,.461,0.1,0.3,.208,3.4,7.2,.472,.466,2.2,2.6,.839,0.5,1.9,2.4,5.5,1.3,0.3,1.8,1.9,9.2)
(1988,142,Vinnie Johnson,SG,31,DET,82,1,23.6,5.2,11.7,.443,0.1,0.3,.208,5.1,11.4,.449,.446,1.8,2.6,.677,1.1,1.7,2.8,3.3,0.7,0.2,1.9,2.0,12.2)
(1988,146,Michael Jordan*,SG,24,CHI,82,82,40.4,13.0,24.4,.535,0.1,0.6,.132,13.0,23.7,.546,.537,8.8,10.5,.841,1.7,3.8,5.5,5.9,3.2,1.6,3.1,3.3,35.0)
(1988,150,Greg Kite,C,26,TOT,53,19,20.1,1.7,3.9,.449,0.0,0.0,.000,1.7,3.8,.451,.449,0.8,1.5,.506,1.6,3.4,5.0,0.9,0.4,1.1,1.4,2.9,4.2)
(1988,154,Larry Krystkowiak,PF,23,MIL,50,7,21.0,2.6,5.3,.481,0.0,0.1,.000,2.6,5.3,.487,.481,2.1,2.5,.811,1.8,2.9,4.6,1.0,0.4,0.2,1.1,2.7,7.2)
(1988,158,Fat Lever,SG,27,DEN,82,82,37.3,7.8,16.6,.473,0.1,0.7,.211,7.7,15.9,.484,.477,3.0,3.9,.785,2.5,5.6,8.1,7.8,2.7,0.3,2.2,2.6,18.9)
(1988,161,Reggie Lewis,SG,22,BOS,49,0,8.3,1.8,3.9,.466,0.0,0.1,.000,1.8,3.9,.476,.466,0.8,1.2,.702,0.6,0.7,1.3,0.5,0.3,0.3,0.6,1.1,4.5)
(1988,165,John Lucas,PG,34,MIL,81,22,21.8,3.5,7.8,.445,0.6,1.9,.338,2.8,5.9,.479,.486,1.6,2.0,.802,0.4,1.6,2.0,4.8,1.1,0.0,1.5,1.3,9.2)
(1988,167,Rick Mahorn,PF,29,DET,67,64,29.3,4.1,7.2,.574,0.0,0.0,.500,4.1,7.1,.574,.575,2.4,3.2,.756,2.4,6.1,8.4,0.9,0.6,0.6,1.8,3.9,10.7)
(1988,171,Pace Mannion,SF,27,MIL,35,1,13.6,1.4,3.4,.407,0.1,0.3,.167,1.3,3.0,.434,.415,0.7,1.1,.676,0.5,1.0,1.5,1.6,0.4,0.2,0.7,1.5,3.5)
(1988,175,Cedric Maxwell,SF,32,HOU,71,0,11.9,1.1,2.4,.468,0.0,0.0,.000,1.1,2.4,.473,.468,1.5,2.0,.769,1.0,1.5,2.5,0.8,0.3,0.2,0.8,1.1,3.8)
(1988,179,Ben McDonald,PF,25,GSW,81,41,25.2,3.2,6.8,.467,0.1,0.4,.257,3.1,6.4,.482,.476,1.1,1.4,.784,1.6,2.5,4.1,1.7,0.5,0.1,1.1,3.0,7.6)
(1988,182,Kevin McKenna,SG,29,NJN,31,2,12.7,1.4,3.5,.394,0.5,1.6,.320,0.9,1.9,.458,.468,0.8,0.8,.960,0.1,0.9,1.0,1.3,0.5,0.1,0.6,1.8,4.1)
(1988,186,Chris McNealy,PF,26,NYK,19,0,13.9,1.2,3.9,.311,0.0,0.0,,1.2,3.9,.311,.311,1.1,1.6,.677,1.3,2.1,3.4,1.2,0.8,0.1,0.9,2.6,3.5)
(1988,190,Paul Mokeski,C,31,MIL,60,0,14.1,1.7,3.5,.476,0.0,0.1,.000,1.7,3.4,.485,.476,0.9,1.2,.708,1.2,2.5,3.7,0.4,0.5,0.5,0.8,3.2,4.2)
(1988,194,Ron Moore,C,26,TOT,14,0,4.2,0.6,2.1,.310,0.0,0.0,,0.6,2.1,.310,.310,0.4,0.6,.750,0.1,0.4,0.6,0.1,0.4,0.0,0.3,1.5,1.7)
(1988,198,Tod Murphy,PF,24,LAC,1,0,19.0,1.0,1.0,1.000,0.0,0.0,,1.0,1.0,1.000,1.000,3.0,4.0,.750,1.0,1.0,2.0,2.0,1.0,0.0,0.0,2.0,5.0)
(1988,201,Calvin Natt,PF,31,DEN,27,7,19.7,3.8,7.7,.490,0.0,0.0,.000,3.8,7.7,.493,.490,2.0,2.7,.740,1.3,2.3,3.6,1.7,0.5,0.1,1.1,1.6,9.6)
(1988,205,Johnny Newman,SF,24,NYK,77,25,20.6,3.5,8.1,.435,0.3,1.2,.280,3.2,6.8,.463,.456,2.7,3.2,.841,1.1,0.9,2.1,0.8,0.9,0.1,1.3,2.6,10.0)
(1988,209,Charles Oakley,PF,24,CHI,82,82,34.3,4.6,9.5,.483,0.0,0.1,.250,4.5,9.3,.487,.485,3.2,4.4,.727,4.0,9.0,13.0,3.0,0.8,0.3,2.9,3.3,12.4)
(1988,213,Robert Parish*,C,34,BOS,74,73,31.2,6.0,10.1,.589,0.0,0.0,.000,6.0,10.1,.590,.589,2.4,3.3,.734,2.3,6.1,8.5,1.6,0.7,1.1,2.1,2.7,14.3)
(1988,217,Chuck Person,SF,23,IND,79,71,35.5,7.3,15.8,.459,0.7,2.2,.333,6.5,13.6,.480,.483,1.7,2.5,.670,2.2,4.6,6.8,3.9,0.9,0.1,2.7,3.4,17.0)
(1988,Rk,Player,Pos,Age,Tm,G,GS,MP,FG,FGA,FG%,3P,3PA,3P%,2P,2PA,2P%,eFG%,FT,FTA,FT%,ORB,DRB,TRB,AST,STL,BLK,TOV,PF,PTS)
(1988,224,Terry Porter,PG,24,POR,82,82,36.5,5.6,10.9,.519,0.3,0.8,.348,5.3,10.0,.533,.533,3.3,4.0,.846,0.8,3.8,4.6,10.1,1.8,0.2,3.0,2.5,14.9)
(1988,228,Kurt Rambis,PF,29,LAL,70,20,12.1,1.5,2.7,.548,0.0,0.0,,1.5,2.7,.548,.548,1.0,1.3,.785,1.5,2.4,3.8,0.8,0.6,0.2,0.8,1.5,4.0)
(1988,232,Jerry Reynolds,SF,25,MIL,62,21,18.7,3.0,6.8,.449,0.0,0.1,.429,3.0,6.6,.449,.452,1.9,2.5,.773,1.1,1.5,2.6,1.7,1.2,0.5,1.7,1.6,8.0)
(1988,236,Cliff Robinson,SF,27,PHI,62,51,34.0,7.8,16.8,.464,0.0,0.1,.222,7.8,16.6,.466,.465,3.4,4.7,.717,1.9,4.7,6.5,2.1,1.3,0.6,2.6,3.1,19.0)
(1988,240,Scott Roth,SF,24,UTA,26,0,7.7,1.2,2.8,.405,0.1,0.4,.182,1.1,2.4,.444,.419,0.8,1.2,.733,0.3,0.8,1.1,0.6,0.5,0.0,0.4,1.4,3.2)
(1988,243,John Salley,C,23,DET,82,16,24.4,3.1,5.6,.566,0.0,0.0,,3.1,5.6,.566,.566,2.3,3.2,.709,2.0,2.9,4.9,1.4,0.6,1.7,1.5,3.6,8.5)
(1988,247,Russ Schoene,PF,27,SEA,81,2,12.0,2.6,5.6,.458,0.2,0.7,.293,2.4,4.9,.482,.477,0.6,0.8,.810,1.0,1.5,2.4,0.7,0.5,0.2,0.7,1.9,6.0)
(1988,251,Brad Sellers,SF,25,CHI,82,76,27.0,4.0,8.7,.457,0.0,0.1,.143,4.0,8.6,.460,.457,1.5,1.9,.790,1.3,1.7,3.0,1.7,0.4,0.8,1.1,2.1,9.5)
(1988,255,Scott Skiles,PG,23,IND,51,2,14.9,1.7,4.1,.411,0.1,0.4,.300,1.6,3.7,.423,.426,0.9,1.1,.833,0.2,1.1,1.3,3.5,0.4,0.1,1.5,1.9,4.4)
(1988,259,Otis Smith,SG,24,TOT,72,18,21.5,4.5,9.2,.491,0.2,0.6,.317,4.3,8.6,.502,.501,2.5,3.2,.777,1.8,1.7,3.4,2.2,1.3,0.6,1.5,2.2,11.7)
(1988,262,Steve Stipanovich,C,27,IND,80,80,33.7,5.1,10.4,.496,0.0,0.2,.200,5.1,10.2,.502,.498,3.2,3.9,.809,2.0,6.3,8.3,2.3,1.1,0.9,2.0,3.8,13.5)
(1988,266,Roy Tarpley,PF,23,DAL,81,9,28.5,5.5,11.0,.500,0.0,0.1,.000,5.5,10.9,.503,.500,2.5,3.4,.740,4.4,7.4,11.8,1.1,1.3,1.1,2.1,3.9,13.5)
(1988,270,Bernard Thompson,SF,25,PHO,37,7,15.3,2.0,4.3,.465,0.0,0.1,.000,2.0,4.2,.471,.465,1.2,1.6,.717,1.1,1.0,2.1,1.4,0.6,0.0,0.6,2.0,5.2)
(1988,274,Bob Thornton,PF,25,TOT,48,2,12.4,1.4,2.7,.500,0.0,0.0,.000,1.4,2.7,.508,.500,0.7,1.1,.618,1.0,1.4,2.3,0.3,0.2,0.1,0.7,2.1,3.4)
(1988,278,Ray Tolbert,PF,29,TOT,25,0,10.4,1.4,2.8,.507,0.0,0.0,,1.4,2.8,.507,.507,0.8,1.2,.633,0.9,1.3,2.2,0.4,0.3,0.2,0.8,1.6,3.6)
(1988,281,Kelly Tripucka,SF,28,UTA,49,21,19.9,2.8,6.2,.459,0.6,1.5,.419,2.2,4.7,.472,.510,1.2,1.4,.868,0.6,1.8,2.4,2.1,0.7,0.1,1.4,1.4,7.5)
(1988,285,Melvin Turpin,C,27,UTA,79,0,12.8,2.5,4.9,.512,0.0,0.0,.333,2.5,4.9,.513,.513,0.9,1.2,.724,1.1,1.9,3.0,0.4,0.3,0.9,0.9,2.0,5.9)
(1988,289,Jay Vincent,SF,28,DEN,73,8,24.0,6.1,13.1,.466,0.0,0.1,.250,6.1,13.1,.466,.466,3.2,3.9,.805,1.1,3.1,4.2,2.0,0.6,0.4,1.9,2.7,15.4)
(1988,293,Milt Wagner,SG,24,LAL,40,4,9.5,1.6,3.7,.422,0.1,0.3,.200,1.5,3.4,.438,.429,0.7,0.7,.897,0.1,0.6,0.7,1.5,0.2,0.1,0.6,1.1,3.8)
(1988,297,Jamie Waller,SG,23,NJN,9,0,10.1,1.8,4.4,.400,0.0,0.2,.000,1.8,4.2,.421,.400,1.1,2.0,.556,1.0,0.4,1.4,0.3,0.4,0.1,1.2,1.4,4.7)
(1988,Rk,Player,Pos,Age,Tm,G,GS,MP,FG,FGA,FG%,3P,3PA,3P%,2P,2PA,2P%,eFG%,FT,FTA,FT%,ORB,DRB,TRB,AST,STL,BLK,TOV,PF,PTS)
(1988,304,Bill Wennington,C,24,DAL,30,0,4.2,0.8,1.6,.510,0.0,0.1,.500,0.8,1.6,.511,.520,0.4,0.6,.632,0.5,0.8,1.3,0.1,0.2,0.3,0.3,1.1,2.1)
(1988,308,Eric White,SF,22,LAC,17,4,20.7,3.9,7.3,.532,0.1,0.1,1.000,3.8,7.2,.528,.536,2.6,3.4,.789,1.8,1.8,3.6,0.5,0.4,0.2,1.2,1.9,10.5)
(1988,312,Gerald Wilkins,SG,24,NYK,81,78,33.4,7.3,16.3,.446,0.5,1.6,.302,6.8,14.8,.462,.461,2.4,3.0,.786,1.3,2.0,3.3,4.0,1.1,0.3,2.6,2.3,17.4)
(1988,316,John Williams,SF,21,WSB,82,37,29.6,5.2,11.1,.469,0.1,0.5,.132,5.1,10.6,.484,.472,2.3,3.1,.734,1.5,3.9,5.4,2.8,1.4,0.4,1.8,2.6,12.8)
(1988,320,Nikita Wilson,SF,23,POR,15,0,3.6,0.5,1.5,.304,0.0,0.0,,0.5,1.5,.304,.304,0.3,0.4,.833,0.1,0.6,0.7,0.2,0.0,0.0,0.3,0.5,1.3)
(1988,323,Rickie Winslow,SF,23,MIL,7,0,6.4,0.4,1.9,.231,0.0,0.1,.000,0.4,1.7,.250,.231,0.1,0.3,.500,0.4,0.6,1.0,0.3,0.1,0.0,0.6,1.3,1.0)
(1988,327,Mike Woodson,SG,29,LAC,80,77,31.7,7.0,15.8,.445,0.2,1.0,.231,6.8,14.8,.459,.452,3.7,4.3,.868,0.8,1.6,2.4,3.4,1.4,0.3,2.3,2.6,18.0)
(1988,331,Danny Young,PG,25,SEA,77,0,12.3,1.2,2.8,.408,0.3,1.0,.286,0.9,1.8,.475,.459,0.6,0.7,.811,0.2,0.7,1.0,2.8,0.7,0.0,0.5,0.9,3.2)
