(1988,3,Alvan Adams,C,33,PHO,82,25,20.1,3.1,6.2,.496,0.0,0.0,.500,3.0,6.1,.496,.497,1.3,1.6,.844,1.4,3.0,4.5,2.2,1.0,0.5,1.7,3.0,7.5)
(1988,7,Mark Alarie,PF,24,WSB,63,0,12.2,2.3,4.8,.480,0.1,0.3,.222,2.2,4.5,.496,.487,0.6,0.8,.714,1.1,1.4,2.5,0.6,0.2,0.2,0.8,1.7,5.2)
(1988,11,Ron Anderson,SF,29,IND,74,1,14.8,2.9,5.9,.498,0.0,0.0,.000,2.9,5.9,.500,.498,1.5,1.9,.766,1.2,1.7,2.9,1.1,0.6,0.1,1.0,1.3,7.3)
(1988,15,James Bailey,PF,30,PHO,65,0,13.4,1.7,3.7,.452,0.0,0.1,.000,1.7,3.6,.460,.452,1.1,1.4,.787,1.1,2.1,3.2,0.6,0.3,0.4,1.1,2.8,4.4)
(1988,19,William Bedford,C,24,DET,38,0,7.8,1.2,2.7,.436,0.0,0.0,,1.2,2.7,.436,.436,0.3,0.6,.565,0.7,1.0,1.7,0.1,0.2,0.4,0.5,1.2,2.7)
(1988,22,Walter Berry,SF,23,SAS,73,56,26.3,7.4,13.2,.563,0.0,0.0,,7.4,13.2,.563,.563,2.6,4.4,.600,2.4,3.0,5.4,1.5,0.8,0.9,2.2,2.8,17.4)
(1988,26,Rolando Blackman,SG,28,DAL,71,69,36.3,7.0,14.8,.473,0.0,0.1,.000,7.0,14.7,.476,.473,4.7,5.3,.873,1.2,2.3,3.5,3.7,0.9,0.3,2.0,1.6,18.7)
(1988,30,Dudley Bradley,SG,30,TOT,65,15,22.1,2.4,5.6,.427,0.6,1.6,.363,1.8,4.0,.452,.478,1.1,1.5,.763,0.4,1.6,2.0,2.3,1.8,0.7,1.4,2.6,6.5)
(1988,34,Michael Brooks,SF,29,DEN,16,0,8.3,1.3,3.1,.408,0.0,0.0,,1.3,3.1,.408,.408,0.2,0.3,.750,1.2,1.6,2.8,0.8,0.3,0.1,0.8,1.3,2.7)
(1988,38,Tony Campbell,SF,25,LAL,13,1,18.6,4.4,7.8,.564,0.1,0.2,.333,4.3,7.5,.571,.569,2.2,3.0,.718,0.6,1.5,2.1,1.2,0.8,0.2,2.0,3.2,11.0)
(1988,41,Joe Barry Carroll,C,29,TOT,77,30,26.0,5.2,12.0,.435,0.0,0.0,.000,5.2,12.0,.436,.435,2.2,2.9,.764,1.7,4.6,6.4,1.5,0.6,1.4,2.1,2.5,12.7)
(1988,45,Maurice Cheeks,PG,31,PHI,79,79,36.3,5.4,10.9,.495,0.0,0.3,.136,5.4,10.7,.504,.497,2.9,3.5,.825,0.7,2.5,3.2,8.0,2.1,0.3,2.0,1.5,13.7)
(1988,49,Dallas Comegys,PF,23,NJN,75,17,15.0,2.1,4.8,.430,0.0,0.0,.000,2.1,4.8,.431,.430,1.4,2.0,.707,0.7,2.2,2.9,0.9,0.5,0.9,1.5,2.3,5.6)
(1988,53,Wayne Cooper,C,31,DEN,45,32,19.2,2.6,6.0,.437,0.0,0.0,.000,2.6,6.0,.439,.437,1.1,1.5,.746,2.2,3.8,6.0,0.7,0.3,2.1,1.3,3.2,6.4)
(1988,57,Pat Cummings,PF,31,NYK,62,9,15.3,2.3,5.0,.456,0.0,0.0,.000,2.3,4.9,.458,.456,1.0,1.3,.738,1.3,2.5,3.8,0.6,0.3,0.2,1.0,2.3,5.5)
(1988,Rk,Player,Pos,Age,Tm,G,GS,MP,FG,FGA,FG%,3P,3PA,3P%,2P,2PA,2P%,eFG%,FT,FTA,FT%,ORB,DRB,TRB,AST,STL,BLK,TOV,PF,PTS)
(1988,64,Brad Davis,PG,32,DAL,75,12,19.7,2.8,5.5,.501,0.4,1.0,.405,2.4,4.5,.522,.537,1.2,1.4,.843,0.2,1.1,1.4,4.0,0.7,0.2,1.2,2.0,7.2)
(1988,68,Johnny Dawkins,PG,24,SAS,65,61,33.5,6.2,12.8,.485,0.3,0.9,.311,5.9,11.9,.499,.496,3.0,3.4,.896,1.0,2.1,3.1,7.4,1.4,0.0,2.4,1.5,15.8)
(1988,72,Greg Dreiling,C,25,IND,20,0,3.7,0.4,0.9,.471,0.0,0.0,,0.4,0.9,.471,.471,0.9,1.3,.692,0.2,0.7,0.9,0.3,0.1,0.2,0.6,1.0,1.7)
(1988,76,Chris Dudley,C,22,CLE,55,1,9.3,1.2,2.5,.474,0.0,0.0,,1.2,2.5,.474,.474,0.7,1.3,.563,1.3,1.3,2.6,0.4,0.2,0.3,0.6,1.6,3.1)
(1988,80,Franklin Edwards,PG,28,SAC,16,11,25.9,3.4,7.2,.470,0.0,0.1,.000,3.4,7.1,.478,.470,1.5,2.0,.750,0.3,0.9,1.2,5.8,0.6,0.1,2.9,0.6,8.3)
(1988,83,Dale Ellis,SG,27,SEA,75,73,37.2,10.2,20.3,.503,1.4,3.5,.413,8.8,16.8,.521,.538,4.0,5.3,.767,2.2,2.3,4.5,2.6,1.0,0.1,2.3,2.9,25.8)
(1988,87,Patrick Ewing*,C,25,NYK,82,82,31.0,8.0,14.4,.555,0.0,0.0,.000,8.0,14.4,.556,.555,4.2,5.8,.716,3.0,5.3,8.2,1.5,1.3,3.0,3.5,4.0,20.2)
(1988,91,Vern Fleming,PG,25,IND,80,80,34.2,5.5,10.6,.523,0.0,0.2,.000,5.5,10.4,.531,.523,2.8,3.5,.802,1.3,3.2,4.6,7.1,1.4,0.1,2.2,2.8,13.9)
(1988,95,Kevin Gamble,SF,22,POR,9,0,2.1,0.0,0.3,.000,0.0,0.1,.000,0.0,0.2,.000,.000,0.0,0.0,,0.2,0.1,0.3,0.1,0.2,0.0,0.2,0.2,0.0)
(1988,99,Mike Gminski,C,28,TOT,81,81,36.6,6.2,13.9,.448,0.0,0.0,.000,6.2,13.9,.449,.448,4.4,4.8,.906,3.0,7.0,10.0,1.7,0.8,1.5,2.2,2.2,16.9)
(1988,102,Stuart Gray,C,24,IND,74,0,10.9,1.2,2.6,.466,0.0,0.0,.000,1.2,2.6,.469,.466,0.6,1.0,.603,0.9,2.4,3.4,0.6,0.1,0.4,0.7,2.1,3.0)
(1988,106,Dave Greenwood,PF,30,SAS,45,40,27.5,3.4,7.3,.460,0.0,0.0,.000,3.4,7.2,.463,.460,1.8,2.5,.748,2.0,4.6,6.7,2.2,0.7,0.5,1.6,3.0,8.6)
(1988,110,Bob Hansen,SG,27,UTA,81,51,22.2,3.9,7.5,.517,0.4,1.2,.330,3.5,6.3,.553,.543,1.4,1.9,.743,0.8,1.5,2.3,2.2,0.8,0.1,1.1,2.4,9.6)
(1988,114,Steve Harris,SG,24,TOT,58,26,18.7,3.8,8.4,.458,0.0,0.1,.000,3.8,8.3,.465,.458,1.5,1.9,.788,0.9,1.3,2.2,1.5,0.9,0.1,1.0,1.5,9.2)
(1988,118,Kevin Henderson,SG,23,TOT,17,2,11.2,1.2,3.1,.396,0.0,0.1,.000,1.2,3.1,.404,.396,0.9,1.5,.577,0.5,0.7,1.2,1.4,0.5,0.0,1.0,1.5,3.4)
(1988,121,Roy Hinson,SF,26,TOT,77,57,33.7,5.9,12.1,.487,0.0,0.0,.000,5.9,12.1,.488,.487,3.5,4.6,.775,2.1,4.6,6.7,1.3,0.9,1.8,2.2,3.6,15.3)
(1988,125,Dennis Hopson,SG,22,NJN,61,19,22.4,3.6,9.0,.404,0.2,0.7,.267,3.4,8.3,.417,.415,2.1,2.9,.740,1.0,1.3,2.3,1.9,0.9,0.4,2.0,2.4,9.6)
(1988,129,Jay Humphries,PG,25,TOT,68,33,26.6,4.2,7.9,.528,0.0,0.3,.167,4.1,7.6,.540,.531,1.6,2.3,.732,0.7,1.8,2.6,5.8,1.2,0.1,1.9,2.6,10.0)
(1988,133,Buck Johnson,SF,24,HOU,70,2,12.6,2.2,4.3,.520,0.0,0.1,.125,2.2,4.1,.531,.522,1.0,1.3,.736,1.1,1.3,2.4,0.7,0.4,0.4,0.8,1.8,5.4)
(1988,137,Frank Johnson,PG,29,WSB,75,17,16.8,2.9,6.6,.434,0.0,0.1,.111,2.9,6.5,.440,.435,1.6,2.0,.812,0.5,1.1,1.6,2.5,0.9,0.1,1.3,1.6,7.4)
(1988,Rk,Player,Pos,Age,Tm,G,GS,MP,FG,FGA,FG%,3P,3PA,3P%,2P,2PA,2P%,eFG%,FT,FTA,FT%,ORB,DRB,TRB,AST,STL,BLK,TOV,PF,PTS)
(1988,144,Charles Jones,PF,30,WSB,69,49,19.0,1.0,2.6,.407,0.0,0.0,.000,1.0,2.6,.409,.407,0.8,1.1,.707,1.5,3.2,4.7,0.9,0.8,1.6,0.8,3.3,2.9)
(1988,148,Albert King,SF,28,PHI,72,44,22.1,2.9,7.5,.391,0.2,0.7,.347,2.7,6.8,.395,.406,1.1,1.4,.757,1.0,2.0,3.0,1.5,0.5,0.3,1.3,3.0,7.2)
(1988,152,Bart Kofoed,SG,23,UTA,36,0,6.3,0.5,1.3,.375,0.1,0.2,.286,0.4,1.1,.390,.396,0.2,0.4,.615,0.1,0.3,0.4,0.6,0.2,0.0,0.5,1.2,1.3)
(1988,156,Jeff Lamp,SF,28,LAL,3,0,2.3,0.0,0.0,,0.0,0.0,,0.0,0.0,,,0.7,0.7,1.000,0.0,0.0,0.0,0.0,0.0,0.0,0.0,0.3,0.7)
(1988,160,Ralph Lewis,SG,24,DET,50,0,6.2,0.5,1.7,.310,0.0,0.0,.000,0.5,1.7,.314,.310,0.6,1.0,.604,0.3,0.7,1.0,0.3,0.3,0.1,0.4,0.7,1.7)
(1988,163,Brad Lohaus,PF,23,BOS,70,4,10.3,1.7,3.5,.496,0.0,0.2,.231,1.7,3.3,.511,.502,0.7,0.9,.806,0.7,1.3,2.0,0.7,0.3,0.6,0.8,1.8,4.2)
(1988,169,Karl Malone*,PF,24,UTA,82,82,39.0,10.5,20.1,.520,0.0,0.1,.000,10.5,20.1,.522,.520,6.7,9.6,.700,3.4,8.6,12.0,2.4,1.4,0.6,4.0,3.6,27.7)
(1988,173,Maurice Martin,SF,23,DEN,26,0,5.2,0.9,2.3,.377,0.0,0.2,.250,0.8,2.2,.386,.385,0.4,0.8,.476,0.5,0.4,0.9,0.5,0.2,0.1,0.4,0.8,2.2)
(1988,177,Rodney McCray,SF,26,HOU,81,80,33.2,4.4,9.2,.481,0.0,0.0,.000,4.4,9.2,.484,.481,3.6,4.5,.785,2.9,4.9,7.8,3.3,0.7,0.6,1.8,2.0,12.4)
(1988,Rk,Player,Pos,Age,Tm,G,GS,MP,FG,FGA,FG%,3P,3PA,3P%,2P,2PA,2P%,eFG%,FT,FTA,FT%,ORB,DRB,TRB,AST,STL,BLK,TOV,PF,PTS)
(1988,184,Nate McMillan,PG,23,SEA,82,82,29.9,2.9,6.0,.474,0.1,0.3,.375,2.8,5.8,.479,.483,1.8,2.5,.707,1.4,2.7,4.1,8.6,2.1,0.6,2.3,2.9,7.6)
(1988,188,Dirk Minniefield,PG,27,TOT,72,6,14.9,1.5,3.1,.489,0.1,0.2,.250,1.4,2.8,.507,.498,0.6,0.8,.745,0.4,0.9,1.3,3.2,0.8,0.0,1.3,1.8,3.6)
(1988,192,Andre Moore,PF-SF,23,TOT,10,0,5.0,0.9,2.7,.333,0.0,0.0,,0.9,2.7,.333,.333,0.6,0.8,.750,0.6,0.8,1.4,0.6,0.2,0.1,0.4,0.6,2.4)
(1988,196,Jay Murphy,PF,25,WSB,9,0,5.1,0.9,2.6,.348,0.0,0.0,,0.9,2.6,.348,.348,0.4,0.6,.800,0.4,1.3,1.8,0.1,0.0,0.0,0.6,0.6,2.2)
(1988,200,Larry Nance,PF,28,TOT,67,60,35.6,7.3,13.7,.529,0.0,0.1,.333,7.2,13.6,.531,.530,4.5,5.8,.779,2.9,6.2,9.1,3.1,0.9,2.4,2.3,3.6,19.1)
(1988,203,Martin Nessley,C,22,TOT,44,0,7.6,0.5,1.2,.385,0.0,0.0,,0.5,1.2,.385,.385,0.2,0.4,.444,0.5,1.3,1.9,0.4,0.2,0.3,0.5,2.0,1.1)
(1988,207,Ken Norman,SF,23,LAC,66,28,21.7,3.7,7.6,.482,0.0,0.2,.000,3.7,7.4,.492,.482,1.3,2.6,.512,1.5,2.5,4.0,1.2,0.7,0.5,1.6,1.9,8.6)
(1988,211,Jawann Oldham,C,30,SAC,54,13,17.5,2.2,4.6,.476,0.0,0.0,,2.2,4.6,.476,.476,1.1,1.6,.678,1.5,4.1,5.6,0.6,0.2,2.0,1.1,2.6,5.5)
(1988,215,John Paxson,PG,27,CHI,81,30,23.3,3.5,7.2,.493,0.4,1.2,.347,3.1,6.0,.522,.521,0.4,0.6,.733,0.2,1.1,1.3,3.7,0.6,0.0,0.8,1.9,7.9)
(1988,219,Michael Phelps,SG,26,LAC,2,0,11.5,1.5,3.5,.429,0.0,0.0,,1.5,3.5,.429,.429,1.5,2.0,.750,0.0,1.0,1.0,1.5,2.5,0.0,1.0,0.5,4.5)
(1988,222,Scottie Pippen*,SF,22,CHI,79,0,20.9,3.3,7.1,.463,0.1,0.3,.174,3.3,6.8,.475,.466,1.3,2.2,.576,1.5,2.3,3.8,2.1,1.2,0.7,1.7,2.7,7.9)
(1988,226,Harold Pressley,SF,24,SAC,80,49,25.4,4.0,8.8,.453,0.5,1.4,.327,3.5,7.4,.476,.479,1.3,1.6,.792,1.7,2.9,4.6,2.3,1.1,0.7,1.7,2.6,9.7)
(1988,230,Robert Reid,SG,32,HOU,62,31,15.8,2.7,5.7,.463,0.2,0.5,.382,2.5,5.2,.472,.482,0.8,1.0,.794,0.6,1.4,2.0,1.1,0.4,0.1,0.7,1.9,6.3)
(1988,234,Fred Roberts,PF,27,BOS,74,14,13.9,2.2,4.5,.488,0.0,0.1,.000,2.2,4.4,.497,.488,1.7,2.2,.776,0.8,1.4,2.2,1.1,0.2,0.2,0.9,1.6,6.1)
(1988,238,Johnny Rogers,PF,24,CLE,24,0,7.0,1.1,2.5,.426,0.0,0.1,.000,1.1,2.5,.441,.426,0.4,0.5,.769,0.3,0.8,1.1,0.1,0.2,0.1,0.4,1.0,2.6)
(1988,241,Brian Rowsom,PF,22,IND,4,0,4.0,0.0,1.5,.000,0.0,0.0,,0.0,1.5,.000,.000,1.5,1.5,1.000,0.3,1.0,1.3,0.3,0.3,0.0,0.3,0.8,1.5)
(1988,245,Mike Sanders,SF,27,TOT,59,16,15.0,2.6,5.1,.505,0.0,0.0,.000,2.6,5.1,.507,.505,1.0,1.3,.776,0.6,1.2,1.8,0.9,0.5,0.2,0.8,2.2,6.2)
(1988,249,Byron Scott,SG,26,LAL,81,81,37.6,8.8,16.6,.527,0.8,2.2,.346,8.0,14.4,.554,.550,3.4,3.9,.858,0.9,3.2,4.1,4.1,1.9,0.3,2.0,2.5,21.7)
(1988,253,Jerry Sichting,PG,31,TOT,52,1,13.3,1.8,3.3,.541,0.2,0.4,.455,1.6,2.9,.553,.570,0.3,0.4,.739,0.2,0.5,0.7,1.8,0.4,0.0,0.4,1.2,4.1)
(1988,257,Kenny Smith,PG,22,SAC,61,60,35.6,5.4,11.4,.477,0.2,0.6,.308,5.2,10.7,.487,.486,2.7,3.3,.819,0.7,1.6,2.3,7.1,1.5,0.1,3.0,2.3,13.8)
(1988,Rk,Player,Pos,Age,Tm,G,GS,MP,FG,FGA,FG%,3P,3PA,3P%,2P,2PA,2P%,eFG%,FT,FTA,FT%,ORB,DRB,TRB,AST,STL,BLK,TOV,PF,PTS)
(1988,264,John Stroeder,PF,29,MIL,41,0,6.6,0.7,1.9,.367,0.0,0.0,.000,0.7,1.9,.377,.367,0.5,0.7,.667,0.6,1.1,1.7,0.5,0.1,0.3,0.6,1.2,1.9)
(1988,268,Reggie Theus,SG,30,SAC,73,73,36.3,8.5,18.1,.470,0.2,0.8,.271,8.3,17.2,.479,.476,4.4,5.3,.831,1.0,2.2,3.2,6.3,0.8,0.2,3.2,2.4,21.6)
(1988,272,LaSalle Thompson,C,26,SAC,69,9,18.2,3.1,6.6,.471,0.0,0.1,.400,3.1,6.5,.472,.474,1.7,2.4,.720,2.0,4.2,6.2,1.0,0.8,1.1,1.6,3.1,8.0)
(1988,276,Sedale Threatt,PG,26,TOT,71,0,14.9,3.0,6.0,.508,0.0,0.4,.111,3.0,5.6,.535,.512,0.8,1.0,.803,0.3,0.9,1.2,2.3,0.8,0.1,0.9,1.4,6.9)
(1988,280,Sedric Toney,PG,25,NYK,21,0,6.6,1.0,2.3,.438,0.2,0.7,.357,0.8,1.6,.471,.490,0.5,0.5,.909,0.1,0.2,0.4,1.1,0.4,0.0,0.6,1.0,2.7)
(1988,283,Andre Turner,PG,23,HOU,12,0,8.3,1.0,2.8,.353,0.1,0.6,.143,0.9,2.3,.407,.368,0.8,1.2,.714,0.3,0.3,0.7,1.9,0.6,0.1,1.0,1.1,2.9)
(1988,287,Darnell Valentine,PG,28,LAC,79,31,20.7,2.8,6.7,.418,0.2,0.4,.455,2.6,6.3,.416,.432,1.3,1.7,.743,0.5,1.5,2.0,4.8,1.5,0.1,1.9,1.7,7.1)
(1988,291,Danny Vranes,SF,29,PHI,57,5,13.5,0.9,2.1,.438,0.0,0.1,.000,0.9,2.1,.449,.438,0.3,0.6,.429,0.8,1.3,2.1,0.6,0.5,0.6,0.4,1.8,2.1)
(1988,295,Darrell Walker,SG,26,WSB,52,0,18.1,2.2,5.6,.392,0.0,0.1,.000,2.2,5.5,.400,.392,1.6,2.0,.781,0.8,1.6,2.4,1.9,1.2,0.2,1.3,2.0,6.0)
(1988,299,Duane Washington,SG,23,NJN,15,0,10.4,1.2,2.8,.429,0.1,0.3,.500,1.1,2.5,.421,.452,1.1,1.3,.800,0.3,1.1,1.5,2.3,0.8,0.0,0.6,1.5,3.6)
(1988,302,Spud Webb,PG,24,ATL,82,1,16.4,2.3,4.9,.475,0.0,0.2,.053,2.3,4.7,.496,.476,1.3,1.6,.817,0.2,1.6,1.8,4.1,0.8,0.1,1.6,1.5,6.0)
(1988,306,Ennis Whatley,PG,25,ATL,5,0,4.8,0.8,1.8,.444,0.0,0.0,,0.8,1.8,.444,.444,0.6,0.8,.750,0.0,0.8,0.8,0.4,0.4,0.0,0.8,0.6,2.2)
(1988,310,Jerome Whitehead,C,31,GSW,72,27,17.0,2.4,5.0,.483,0.0,0.0,,2.4,5.0,.483,.483,0.8,1.1,.720,1.5,2.9,4.5,0.5,0.4,0.3,0.7,2.9,5.7)
(1988,314,Herb Williams,C,29,IND,75,37,26.2,4.1,9.8,.425,0.0,0.1,.000,4.1,9.7,.428,.425,1.7,2.3,.737,1.5,4.7,6.3,1.3,0.5,1.9,1.6,3.3,10.0)
(1988,318,Reggie Williams,SF,23,LAC,35,14,24.5,4.3,12.2,.356,0.4,1.7,.224,4.0,10.5,.377,.371,1.4,1.9,.727,1.6,1.8,3.4,1.7,0.8,0.6,1.8,3.1,10.4)
(1988,321,Ricky Wilson,PG,23,TOT,24,1,17.5,1.8,4.6,.391,0.4,1.1,.385,1.4,3.5,.393,.436,1.2,1.7,.725,0.1,1.0,1.1,2.9,1.0,0.1,1.0,1.7,5.2)
(1988,325,Joe Wolf,C,23,LAC,42,26,27.1,3.2,8.0,.407,0.1,0.4,.200,3.2,7.6,.417,.412,1.1,1.3,.833,1.2,3.2,4.5,2.3,0.9,0.4,1.8,3.3,7.6)
(1988,329,James Worthy*,SF,26,LAL,75,72,35.4,8.2,15.5,.531,0.0,0.2,.125,8.2,15.3,.537,.532,3.2,4.1,.796,1.7,3.3,5.0,3.9,1.0,0.7,2.1,2.3,19.7)
