(1980,1,Kareem Abdul-Jabbar*,C,32,LAL,82,,38.3,10.2,16.9,.604,0.0,0.0,.000,10.2,16.9,.604,.604,4.4,5.8,.765,2.3,8.5,10.8,4.5,1.0,3.4,3.6,2.6,24.8)
(1980,5,Dennis Awtrey,C,31,CHI,26,,21.5,1.0,2.3,.450,0.0,0.0,,1.0,2.3,.450,.450,1.2,1.9,.640,1.1,3.3,4.4,1.5,0.5,0.6,1.0,2.5,3.3)
(1980,9,Mike Bantom,SF,28,IND,77,,30.3,5.0,9.9,.505,0.0,0.0,.333,5.0,9.8,.506,.506,1.8,2.7,.665,2.5,3.4,5.9,3.6,1.1,0.6,2.5,3.5,11.8)
(1980,13,Billy Ray Bates,SG,23,POR,16,,14.7,4.5,9.1,.493,0.5,1.2,.421,4.0,7.9,.504,.521,1.8,2.4,.718,0.8,1.0,1.8,1.9,0.9,0.1,1.3,1.6,11.3)
(1980,17,Henry Bibby,PG,30,PHI,82,,24.8,3.1,7.6,.401,0.1,0.6,.212,2.9,7.0,.418,.410,2.8,3.5,.790,0.8,1.7,2.5,3.7,0.8,0.1,1.8,2.0,9.0)
(1980,Rk,Player,Pos,Age,Tm,G,GS,MP,FG,FGA,FG%,3P,3PA,3P%,2P,2PA,2P%,eFG%,FT,FTA,FT%,ORB,DRB,TRB,AST,STL,BLK,TOV,PF,PTS)
(1980,24,Alonzo Bradley,SF,26,HOU,22,,4.4,0.8,2.2,.354,0.0,0.0,1.000,0.7,2.1,.340,.365,0.3,0.4,.667,0.1,0.2,0.3,0.1,0.1,0.0,0.4,0.4,1.9)
(1980,28,Ron Brewer,SG,24,POR,82,,34.3,6.7,14.4,.464,0.1,0.4,.188,6.6,14.0,.471,.466,2.2,2.7,.840,0.7,2.0,2.6,2.6,1.2,0.6,2.0,1.9,15.7)
(1980,32,John Brown,SF,28,TOT,32,,12.0,1.2,3.3,.352,0.0,0.0,,1.2,3.3,.352,.352,1.2,1.5,.792,0.8,1.4,2.2,0.6,0.1,0.1,0.9,2.2,3.5)
(1980,36,Tom Burleson,C,27,KCK,37,,7.4,1.0,2.8,.346,0.0,0.1,.000,1.0,2.7,.356,.346,0.6,1.1,.575,0.6,1.3,1.9,0.5,0.2,0.4,0.7,1.3,2.6)
(1980,40,Mack Calvin,PG,32,UTA,48,,16.1,2.1,4.7,.441,0.0,0.2,.091,2.1,4.5,.458,.443,2.2,2.4,.897,0.3,1.5,1.8,2.8,0.6,0.0,1.2,1.5,6.4)
(1980,43,M.L. Carr,SF,29,BOS,82,7,24.3,4.4,9.3,.474,0.1,0.5,.293,4.3,8.8,.485,.482,2.2,2.9,.739,1.3,2.7,4.0,1.9,1.5,0.4,1.7,2.6,11.1)
(1980,47,Harvey Catchings,C,28,MIL,72,,19.0,1.3,3.4,.398,0.0,0.0,.000,1.3,3.4,.399,.398,0.5,0.9,.629,2.3,3.4,5.7,1.1,0.3,2.3,0.9,2.7,3.2)
(1980,51,Jim Chones,C,30,LAL,82,,29.2,4.5,9.3,.489,0.0,0.0,.000,4.5,9.2,.491,.489,1.5,2.1,.740,1.7,5.1,6.9,1.8,0.7,0.8,2.1,3.3,10.6)
(1980,55,Michael Cooper,SG,23,LAL,82,,24.1,3.7,7.0,.524,0.1,0.2,.250,3.6,6.8,.534,.529,1.4,1.7,.776,1.2,1.6,2.8,2.7,1.0,0.5,1.7,2.6,8.8)
(1980,59,John Coughran,SF,28,GSW,24,,6.7,1.2,3.4,.358,0.1,0.4,.222,1.1,3.0,.375,.370,0.3,0.6,.571,0.1,0.7,0.8,0.5,0.3,0.0,0.5,1.0,2.8)
(1980,62,Terry Crosby,PG,23,KCK,4,,7.0,0.5,1.0,.500,0.0,0.0,,0.5,1.0,.500,.500,0.5,0.5,1.000,0.0,0.3,0.3,1.8,0.0,0.0,1.3,1.0,1.5)
(1980,66,Brad Davis,PG,24,TOT,18,,14.9,1.9,3.5,.556,0.0,0.1,.000,1.9,3.4,.565,.556,0.7,0.9,.813,0.2,0.7,0.9,2.8,0.7,0.1,0.8,1.6,4.6)
(1980,70,Darryl Dawkins,C,23,PHI,80,,31.8,6.2,11.8,.522,0.0,0.1,.000,6.2,11.8,.526,.522,2.4,3.6,.653,2.5,6.2,8.7,1.9,0.6,1.8,2.9,4.1,14.7)
(1980,74,Coby Dietrick,C,31,CHI,79,,23.2,2.9,6.3,.454,0.0,0.1,.111,2.9,6.2,.460,.455,1.1,1.5,.763,1.3,3.3,4.6,2.7,1.1,0.6,1.4,2.9,6.9)
(1980,78,Mike Dunleavy,PG,25,HOU,51,,20.3,2.9,6.3,.464,0.1,0.4,.150,2.8,5.9,.485,.469,2.2,2.6,.828,0.5,1.5,2.0,4.1,0.8,0.1,2.2,2.4,8.0)
(1980,81,Bob Elliott,PF,24,NJN,54,,13.4,1.9,4.2,.443,0.0,0.1,.250,1.9,4.1,.446,.445,1.9,2.8,.684,1.2,2.2,3.4,1.0,0.5,0.3,1.6,1.8,5.7)
(1980,85,Julius Erving*,SF,29,PHI,78,,36.1,10.7,20.7,.519,0.1,0.3,.200,10.7,20.4,.523,.520,5.4,6.8,.787,2.8,4.6,7.4,4.6,2.2,1.8,3.6,2.7,26.9)
(1980,89,Chris Ford,SG,31,BOS,73,73,29.0,4.5,9.7,.465,1.0,2.2,.427,3.6,7.5,.477,.515,1.2,1.6,.754,1.1,1.4,2.5,2.9,1.5,0.4,1.4,2.4,11.2)
(1980,93,World B. Free,SG,26,SDC,68,,38.0,10.8,22.9,.474,0.1,0.4,.360,10.7,22.5,.476,.477,8.4,11.2,.753,1.9,1.6,3.5,4.2,1.2,0.5,3.4,2.9,30.2)
(1980,97,Gus Gerard,SF,26,KCK,73,,11.9,2.2,4.8,.457,0.0,0.0,.333,2.2,4.7,.458,.458,0.9,1.4,.660,1.1,1.4,2.4,0.6,0.6,0.4,0.7,1.3,5.3)
(1980,Rk,Player,Pos,Age,Tm,G,GS,MP,FG,FGA,FG%,3P,3PA,3P%,2P,2PA,2P%,eFG%,FT,FTA,FT%,ORB,DRB,TRB,AST,STL,BLK,TOV,PF,PTS)
(1980,104,Mike Green,C,28,KCK,21,,21.9,3.3,7.6,.434,0.0,0.1,.000,3.3,7.5,.439,.434,1.1,2.0,.571,1.7,3.7,5.4,1.3,0.6,1.0,1.7,2.6,7.7)
(1980,108,Bob Gross,SF,26,POR,62,,25.5,3.6,7.6,.468,0.0,0.2,.100,3.5,7.5,.476,.469,1.5,1.8,.833,1.4,2.7,4.0,3.7,1.0,0.8,2.7,2.9,8.7)
(1980,112,Joe Hassett,SG,24,IND,74,,15.3,2.9,6.9,.422,0.9,2.7,.348,2.0,4.2,.469,.490,0.3,0.4,.828,0.5,0.8,1.3,1.4,0.6,0.1,0.6,1.1,7.1)
(1980,116,Gar Heard,PF,31,PHO,82,,17.1,2.1,5.0,.417,0.0,0.0,.000,2.1,5.0,.419,.417,0.8,1.0,.744,1.4,3.2,4.6,1.2,1.0,0.6,1.1,2.2,5.0)
(1980,120,Armond Hill,PG,26,ATL,79,,26.5,2.2,5.5,.411,0.0,0.1,.250,2.2,5.4,.412,.412,1.6,1.8,.849,0.4,1.4,1.7,5.4,1.4,0.1,2.2,3.3,6.1)
(1980,123,Lionel Hollins,SG-PG,26,TOT,47,,25.7,4.5,11.2,.403,0.1,0.4,.150,4.4,10.8,.413,.406,2.1,3.0,.721,0.6,1.3,1.9,3.4,1.6,0.2,2.7,2.2,11.2)
(1980,127,Dan Issel*,C,31,DEN,82,,35.8,8.7,17.3,.505,0.0,0.1,.333,8.7,17.1,.506,.506,6.3,8.1,.775,2.9,5.9,8.8,2.4,1.1,0.7,2.0,2.3,23.8)
(1980,131,Clemon Johnson,C,23,IND,79,,19.5,2.5,5.0,.503,0.0,0.0,,2.5,5.0,.503,.503,0.9,1.5,.632,1.8,3.2,5.0,1.5,0.6,1.5,1.0,2.7,6.0)
(1980,135,George Johnson,PF,23,DEN,75,,25.8,4.1,8.7,.476,0.0,0.1,.222,4.1,8.5,.480,.478,2.0,2.5,.783,2.5,5.3,7.8,2.1,1.1,0.9,2.0,3.5,10.2)
(1980,139,Mickey Johnson,PF,27,IND,82,,32.3,7.2,15.5,.463,0.1,0.4,.156,7.1,15.1,.471,.465,4.7,5.9,.799,3.1,5.2,8.3,4.2,1.9,1.4,3.5,3.5,19.1)
(1980,142,Bobby Jones,PF,28,PHI,81,,26.2,4.9,9.2,.532,0.0,0.0,.000,4.9,9.2,.534,.532,3.2,4.1,.781,1.9,3.7,5.6,1.8,1.3,1.5,1.8,2.8,13.0)
(1980,145,Major Jones,PF,26,HOU,82,,18.8,2.3,4.8,.480,0.0,0.0,.333,2.3,4.7,.481,.481,0.7,1.3,.565,1.8,2.9,4.6,0.8,0.6,0.8,1.4,2.3,5.3)
(1980,149,Greg Kelser,SF,22,DET,50,,24.7,5.6,11.9,.472,0.1,0.3,.200,5.5,11.6,.479,.475,2.9,4.1,.719,2.5,3.0,5.5,2.2,1.2,0.7,2.8,3.5,14.2)
(1980,153,Bernard King*,SF,23,UTA,19,,22.1,3.7,7.2,.518,0.0,0.0,,3.7,7.2,.518,.518,1.8,3.3,.540,1.3,3.4,4.6,2.7,0.4,0.2,2.6,3.5,9.3)
(1980,157,Arvid Kramer,C,23,DEN,8,,5.6,0.9,2.8,.318,0.0,0.0,,0.9,2.8,.318,.318,0.3,0.3,1.000,0.8,0.8,1.5,0.4,0.0,0.6,0.6,1.0,2.0)
(1980,Rk,Player,Pos,Age,Tm,G,GS,MP,FG,FGA,FG%,3P,3PA,3P%,2P,2PA,2P%,eFG%,FT,FTA,FT%,ORB,DRB,TRB,AST,STL,BLK,TOV,PF,PTS)
(1980,164,John Lambert,PF,27,CLE,74,,17.9,2.2,5.4,.413,0.0,0.0,.000,2.2,5.4,.416,.413,1.0,1.4,.723,1.9,2.9,4.8,0.8,0.6,0.6,0.9,2.7,5.4)
(1980,168,Butch Lee,PG,23,TOT,14,,3.9,0.4,1.7,.250,0.0,0.0,,0.4,1.7,.250,.250,0.4,0.6,.750,0.5,0.3,0.8,0.9,0.1,0.0,0.7,0.1,1.3)
(1980,172,Maurice Lucas,PF,27,TOT,63,,29.9,5.9,12.9,.456,0.0,0.1,.222,5.9,12.8,.459,.458,2.8,3.8,.749,2.3,6.3,8.5,3.3,0.7,1.0,3.5,3.5,14.7)
(1980,176,Pete Maravich*,SG,32,TOT,43,4,22.4,5.7,12.6,.449,0.2,0.3,.667,5.4,12.3,.443,.459,2.1,2.4,.867,0.4,1.4,1.8,1.9,0.6,0.1,1.9,1.8,13.7)
(1980,180,Jim McElroy,PG,26,TOT,67,,22.8,3.4,7.9,.433,0.1,0.3,.238,3.3,7.6,.441,.437,2.0,2.6,.767,0.5,1.0,1.5,3.4,0.7,0.3,2.0,1.8,8.9)
(1980,183,Tom McMillen,C,27,ATL,53,,20.2,3.6,7.2,.500,0.0,0.0,.000,3.6,7.2,.501,.500,1.5,2.0,.757,1.3,2.8,4.2,1.2,0.7,0.3,1.2,2.4,8.7)
(1980,187,Mike Mitchell,SF,24,CLE,82,,34.2,9.5,18.1,.523,0.0,0.1,.000,9.5,18.0,.525,.523,3.3,4.2,.787,2.5,4.7,7.2,1.1,0.9,0.9,2.1,3.2,22.2)
(1980,191,Eric Money,SG-PG,24,TOT,61,,25.4,4.5,9.0,.500,0.0,0.0,,4.5,9.0,.500,.500,1.4,1.7,.783,0.5,1.2,1.7,4.2,0.9,0.2,2.5,2.4,10.3)
(1980,195,Calvin Natt,SF,23,TOT,78,,36.6,8.0,16.6,.479,0.0,0.1,.333,7.9,16.5,.480,.480,3.9,5.4,.730,3.1,5.8,8.9,2.2,1.3,0.4,2.5,2.6,19.9)
(1980,199,Mark Olberding,SF,23,SAS,75,,28.1,3.9,8.1,.478,0.0,0.0,.000,3.9,8.1,.480,.478,2.8,3.5,.795,1.1,4.5,5.6,4.4,0.9,0.3,2.4,3.7,10.6)
(1980,202,Robert Parish*,C,26,GSW,72,,29.4,7.1,14.0,.507,0.0,0.0,.000,7.1,14.0,.507,.507,2.8,3.9,.715,3.4,7.4,10.9,1.7,0.8,1.6,3.1,3.4,17.0)
(1980,206,Wiley Peck,SF,22,SAS,52,,12.1,1.4,3.3,.432,0.0,0.0,.000,1.4,3.2,.437,.432,0.7,1.1,.618,1.3,2.3,3.5,0.6,0.3,0.4,0.9,1.9,3.5)
(1980,210,Ben Poquette,C,24,UTA,82,,28.6,3.6,6.9,.523,0.0,0.0,.000,3.6,6.9,.525,.523,1.7,2.0,.832,1.5,5.3,6.8,1.6,0.5,2.0,1.3,3.5,8.9)
(1980,214,Robert Reid,SF,24,HOU,76,,30.3,5.5,11.3,.487,0.0,0.0,.000,5.5,11.3,.488,.487,2.0,2.7,.736,1.8,4.0,5.8,3.2,1.7,0.8,2.2,3.7,13.0)
(1980,218,Anthony Roberts,SF,24,DEN,23,,21.1,3.0,7.9,.381,0.0,0.0,.000,3.0,7.8,.383,.381,1.7,2.6,.650,2.3,2.4,4.7,0.9,0.6,0.1,1.2,2.3,7.7)
(1980,221,Jackie Robinson,SF,24,DET,7,,7.3,1.3,2.4,.529,0.0,0.1,.000,1.3,2.3,.563,.529,1.3,1.6,.818,0.4,0.3,0.7,0.0,0.4,0.4,0.3,1.1,3.9)
(1980,225,John Roche,PG,30,DEN,82,,27.9,4.3,9.0,.478,0.6,1.6,.380,3.7,7.5,.498,.511,2.1,2.5,.866,0.3,1.1,1.4,4.9,1.0,0.1,1.9,1.7,11.4)
(1980,229,Alvin Scott,SF,24,PHO,79,,16.5,1.6,3.8,.422,0.0,0.0,.333,1.6,3.8,.423,.424,1.2,1.5,.779,1.1,1.8,2.9,1.2,0.6,0.7,1.2,1.3,4.4)
(1980,233,John Shumate,PF,27,TOT,65,,20.6,3.2,6.0,.528,0.0,0.0,.000,3.2,6.0,.529,.528,2.5,3.3,.764,1.7,3.9,5.6,1.3,0.6,0.7,1.4,1.9,8.9)
(1980,237,Ralph Simpson,SG,30,NJN,8,,10.1,2.3,5.9,.383,0.0,0.3,.000,2.3,5.6,.400,.383,0.6,1.3,.500,0.8,0.6,1.4,1.8,1.1,0.0,1.5,0.4,5.1)
(1980,Rk,Player,Pos,Age,Tm,G,GS,MP,FG,FGA,FG%,3P,3PA,3P%,2P,2PA,2P%,eFG%,FT,FTA,FT%,ORB,DRB,TRB,AST,STL,BLK,TOV,PF,PTS)
(1980,244,Willie Smith,PG,26,CLE,62,,17.0,2.0,5.1,.384,0.3,1.1,.239,1.7,3.9,.426,.411,0.6,0.8,.769,0.9,1.0,2.0,4.2,1.2,0.0,1.5,1.8,4.8)
(1980,248,Earl Tatum,SG,26,CLE,33,,6.8,1.1,2.8,.383,0.1,0.2,.333,1.0,2.7,.386,.394,0.3,0.6,.579,0.3,0.5,0.8,0.6,0.5,0.2,0.5,0.9,2.6)
(1980,252,Rudy Tomjanovich,PF,31,HOU,62,,29.6,6.0,12.5,.476,0.4,1.3,.278,5.6,11.3,.498,.490,1.9,2.4,.803,2.1,3.6,5.8,1.8,0.5,0.2,1.6,2.6,14.2)
(1980,256,Terry Tyler,SF,23,DET,82,,32.6,5.2,11.3,.465,0.0,0.1,.167,5.2,11.1,.469,.466,1.7,2.3,.765,2.8,4.9,7.6,1.6,1.3,2.7,2.1,2.9,12.3)
(1980,260,Foots Walker,PG,28,CLE,76,,31.9,3.4,7.5,.454,0.0,0.1,.111,3.4,7.4,.460,.455,2.6,3.2,.802,1.0,2.8,3.8,8.0,2.0,0.2,2.1,2.7,9.4)
(1980,263,Lloyd Walton,PG,26,MIL,76,,16.4,1.4,3.2,.455,0.0,0.0,.333,1.4,3.1,.456,.457,0.6,0.9,.690,0.4,0.8,1.2,3.8,0.6,0.0,1.5,0.9,3.6)
(1980,267,Marvin Webster,C,27,NYK,20,,14.9,1.9,4.0,.481,0.0,0.0,,1.9,4.0,.481,.481,0.6,0.8,.750,1.4,2.6,4.0,0.5,0.2,0.6,1.0,2.0,4.4)
(1980,271,Rudy White,SG,26,HOU,9,,11.8,1.4,2.7,.542,0.0,0.0,,1.4,2.7,.542,.542,1.1,1.4,.769,0.0,1.0,1.0,0.6,0.6,0.0,0.9,0.9,4.0)
(1980,275,Jamaal Wilkes*,SF,26,LAL,82,,37.9,8.9,16.6,.535,0.0,0.2,.176,8.8,16.4,.539,.536,2.3,2.9,.808,2.1,4.3,6.4,3.0,1.6,0.3,1.9,2.7,20.0)
(1980,279,Ray Williams,PG,25,NYK,82,,31.5,8.4,16.9,.496,0.1,0.5,.189,8.3,16.4,.505,.499,4.1,5.2,.787,1.8,3.2,5.0,6.2,2.0,0.3,3.1,3.6,20.9)
(1980,282,Bill Willoughby,SF,22,CLE,78,,18.6,2.8,5.9,.479,0.0,0.1,.111,2.8,5.7,.487,.480,1.2,1.6,.756,1.6,2.7,4.2,0.9,0.4,0.8,0.9,2.4,6.9)
(1980,286,Larry Wright,PG,25,WSB,76,,16.9,3.0,6.6,.458,0.1,0.2,.250,3.0,6.4,.465,.462,1.3,1.4,.889,0.5,1.1,1.6,2.9,0.6,0.2,1.4,1.9,7.3)
