(1980,Rk,Player,Pos,Age,Tm,G,GS,MP,FG,FGA,FG%,3P,3PA,3P%,2P,2PA,2P%,eFG%,FT,FTA,FT%,ORB,DRB,TRB,AST,STL,BLK,TOV,PF,PTS)
(1980,4,Tiny Archibald*,PG,31,BOS,80,80,35.8,4.8,9.9,.482,0.1,0.2,.222,4.7,9.7,.488,.485,4.5,5.4,.830,0.7,1.7,2.5,8.4,1.3,0.1,3.0,2.7,14.1)
(1980,8,Greg Ballard,SF,25,WSB,82,,29.7,6.6,13.4,.495,0.2,0.6,.340,6.5,12.9,.502,.502,2.1,2.8,.753,2.9,4.9,7.8,1.9,1.1,0.4,1.6,2.4,15.6)
(1980,12,Tim Bassett,PF,28,TOT,12,,13.7,1.0,2.8,.353,0.0,0.0,,1.0,2.8,.353,.353,0.8,1.3,.667,0.9,1.8,2.8,1.2,0.7,0.0,0.8,2.3,2.8)
(1980,16,Del Beshore,PG,23,CHI,68,,12.8,1.3,3.7,.352,0.1,0.4,.385,1.1,3.3,.348,.372,0.9,1.3,.667,0.2,0.7,0.9,2.0,0.9,0.1,1.5,1.5,3.6)
(1980,20,Ron Boone,SG,33,TOT,81,,29.5,5.0,11.3,.443,0.2,0.6,.380,4.8,10.7,.446,.453,2.2,2.4,.893,0.7,2.1,2.8,3.8,1.2,0.0,2.4,2.9,12.4)
(1980,23,Winford Boynes,SG,22,NJN,64,,17.2,3.5,7.3,.473,0.0,0.1,.000,3.5,7.2,.477,.473,1.6,2.1,.765,0.8,1.3,2.1,1.5,0.9,0.3,1.5,2.1,8.5)
(1980,27,Jim Brewer,PF,28,POR,67,,15.2,1.3,2.7,.489,0.0,0.1,.000,1.3,2.7,.503,.489,0.2,0.4,.483,1.5,2.3,3.8,1.1,0.6,0.6,0.7,1.9,2.9)
(1980,31,Fred Brown,SG,31,SEA,80,,21.3,5.1,10.5,.479,0.5,1.1,.443,4.6,9.4,.483,.502,1.4,1.7,.837,0.4,1.5,1.9,2.2,0.8,0.2,1.3,1.5,12.0)
(1980,35,Quinn Buckner,PG,25,MIL,67,,25.2,4.6,9.8,.467,0.0,0.1,.400,4.5,9.7,.468,.469,1.6,2.1,.734,1.0,2.5,3.6,5.7,2.0,0.1,2.2,3.0,10.7)
(1980,39,Corky Calhoun,SF,29,IND,7,,4.3,0.6,1.3,.444,0.0,0.0,,0.6,1.3,.444,.444,0.0,0.3,.000,1.0,0.4,1.4,0.0,0.3,0.0,0.1,0.9,1.1)
(1980,42,Kenny Carr,PF,24,TOT,79,,23.3,4.8,9.7,.492,0.0,0.1,.000,4.8,9.7,.495,.492,2.2,3.3,.658,2.5,4.9,7.4,1.0,0.8,0.7,1.9,3.1,11.8)
(1980,46,Bill Cartwright,C,22,NYK,82,,38.4,8.1,14.8,.547,0.0,0.0,,8.1,14.8,.547,.547,5.5,6.9,.797,2.4,6.5,8.9,2.0,0.6,1.2,2.7,3.4,21.7)
(1980,50,Phil Chenier,SG,29,TOT,43,,19.8,3.2,8.1,.390,0.1,0.3,.417,3.0,7.8,.389,.397,1.1,1.6,.731,0.4,1.4,1.8,2.1,0.8,0.3,1.3,1.3,7.6)
(1980,54,Jeff Cook,PF,23,PHO,66,,13.7,2.0,4.2,.469,0.0,0.0,.000,2.0,4.1,.474,.469,1.6,2.0,.806,1.4,2.3,3.7,1.3,0.4,0.3,1.1,1.5,5.5)
(1980,58,Dave Corzine,C,23,WSB,78,,10.6,1.2,2.8,.417,0.0,0.0,,1.2,2.8,.417,.417,0.6,0.9,.662,1.3,2.1,3.5,0.8,0.1,0.4,0.8,1.5,2.9)
(1980,61,Charlie Criss,PG,31,ATL,81,,22.1,3.1,7.1,.431,0.0,0.2,.059,3.1,6.9,.442,.432,2.1,2.6,.811,0.3,1.1,1.4,3.0,0.9,0.0,1.6,1.6,8.3)
(1980,65,Adrian Dantley*,SF,23,UTA,68,,39.3,10.7,18.6,.576,0.0,0.0,.000,10.7,18.6,.577,.576,6.5,7.7,.842,2.7,4.9,7.6,2.8,1.4,0.2,3.4,3.1,28.0)
(1980,69,Walter Davis,SF,25,PHO,75,,30.8,8.8,15.5,.563,0.0,0.1,.000,8.8,15.5,.565,.563,4.0,4.9,.819,1.0,2.6,3.6,4.5,1.5,0.3,3.2,2.7,21.5)
(1980,73,Larry Demic,PF,22,NYK,82,,22.8,2.8,6.4,.436,0.0,0.0,,2.8,6.4,.436,.436,1.3,2.2,.601,2.4,3.5,5.9,0.8,0.7,0.4,2.0,3.7,7.0)
(1980,77,Terry Duerod,SG,23,DET,67,,19.9,4.2,8.9,.472,0.2,0.8,.283,4.0,8.1,.490,.484,0.7,1.0,.682,0.4,1.0,1.5,1.7,0.6,0.2,1.2,1.5,9.3)
(1980,Rk,Player,Pos,Age,Tm,G,GS,MP,FG,FGA,FG%,3P,3PA,3P%,2P,2PA,2P%,eFG%,FT,FTA,FT%,ORB,DRB,TRB,AST,STL,BLK,TOV,PF,PTS)
(1980,84,Alex English*,SF,26,TOT,78,,30.8,7.1,14.3,.497,0.0,0.1,.333,7.1,14.2,.498,.498,2.7,3.4,.789,3.4,4.3,7.8,2.9,0.9,0.8,2.7,2.6,16.9)
(1980,88,Eric Fernsten,PF,26,BOS,56,0,7.7,1.3,2.7,.464,0.0,0.0,,1.3,2.7,.464,.464,0.6,0.9,.635,0.7,1.0,1.7,0.5,0.3,0.2,0.4,0.8,3.1)
(1980,92,Walt Frazier*,PG,34,CLE,3,,9.0,1.3,3.7,.364,0.0,0.3,.000,1.3,3.3,.400,.364,0.7,0.7,1.000,0.3,0.7,1.0,2.7,0.7,0.3,1.3,0.7,3.3)
(1980,96,Gary Garland,PG,22,DEN,78,,14.2,2.0,4.6,.435,0.1,0.2,.316,1.9,4.3,.442,.444,0.2,0.3,.692,0.6,1.1,1.8,1.9,0.7,0.1,0.9,1.0,4.3)
(1980,100,Artis Gilmore*,C,30,CHI,48,,32.7,6.4,10.7,.595,0.0,0.0,,6.4,10.7,.595,.595,5.1,7.2,.712,2.3,6.8,9.0,2.8,0.6,1.2,2.8,3.5,17.8)
(1980,103,Glen Gondrezick,SF,24,DEN,59,,17.3,2.5,4.8,.517,0.0,0.1,.333,2.5,4.7,.521,.521,1.6,2.1,.760,1.8,2.6,4.4,1.4,1.2,0.3,1.0,2.0,6.6)
(1980,107,Paul Griffin,C,26,SAS,82,,22.1,2.1,3.8,.553,0.0,0.0,,2.1,3.8,.553,.553,2.1,2.9,.725,1.9,3.5,5.3,3.0,1.0,0.6,1.6,3.7,6.3)
(1980,111,James Hardy,PF,23,UTA,76,,21.1,2.4,4.8,.507,0.0,0.0,.500,2.4,4.8,.507,.508,0.7,0.9,.773,1.6,3.6,5.3,1.4,0.6,1.1,1.4,2.7,5.5)
(1980,115,Spencer Haywood*,PF,30,LAL,76,,20.3,3.8,7.8,.487,0.0,0.1,.250,3.8,7.7,.489,.488,2.1,2.7,.772,1.7,2.8,4.6,1.2,0.5,0.8,1.8,2.6,9.7)
(1980,119,Johnny High,PG,22,PHO,82,,13.7,1.8,3.9,.446,0.0,0.1,.143,1.7,3.9,.453,.447,1.5,2.2,.674,0.8,1.3,2.1,1.5,0.9,0.2,1.5,2.1,5.0)
(1980,122,Brad Holland,SG,23,LAL,38,,5.2,1.2,2.7,.423,0.1,0.4,.200,1.1,2.3,.461,.438,0.4,0.4,.938,0.1,0.3,0.4,0.6,0.4,0.0,0.3,0.6,2.8)
(1980,126,Geoff Huston,PG,22,NYK,71,,13.0,1.3,3.4,.390,0.0,0.2,.176,1.3,3.2,.406,.396,0.4,0.5,.737,0.2,0.6,0.8,2.2,0.5,0.1,1.0,1.2,3.1)
(1980,130,Cheese Johnson,SF,22,GSW,9,,5.9,1.3,3.3,.400,0.0,0.0,,1.3,3.3,.400,.400,0.3,0.6,.600,0.7,0.9,1.6,0.2,0.1,0.0,0.4,1.2,3.0)
(1980,134,George Johnson,C,31,NJN,81,,26.2,3.1,6.7,.457,0.0,0.0,.000,3.1,6.7,.458,.457,1.1,1.6,.706,2.4,5.1,7.4,2.1,0.7,3.2,2.5,3.9,7.2)
(1980,138,Marques Johnson,SF,23,MIL,77,,34.9,8.9,16.5,.544,0.0,0.1,.222,8.9,16.3,.546,.545,3.8,4.8,.791,2.8,4.5,7.4,3.5,1.3,0.9,2.4,2.2,21.7)
(1980,141,Vinnie Johnson,SG,23,SEA,38,,8.6,1.2,3.0,.391,0.0,0.0,.000,1.2,3.0,.395,.391,0.8,1.0,.795,0.5,0.9,1.4,1.4,0.5,0.1,1.1,1.1,3.2)
(1980,148,Rich Kelley,C,26,TOT,80,,23.0,2.9,6.1,.473,0.0,0.0,.000,2.9,6.0,.476,.473,3.1,3.9,.787,2.5,3.9,6.4,2.2,1.0,1.2,2.5,3.4,8.8)
(1980,152,Carl Kilpatrick,C,23,UTA,2,,3.0,0.5,1.0,.500,0.0,0.0,,0.5,1.0,.500,.500,0.5,1.0,.500,0.5,1.5,2.0,0.0,0.0,0.0,0.0,0.5,1.5)
(1980,156,Toby Knight,SF,24,NYK,81,,36.4,8.3,15.6,.529,0.0,0.0,.000,8.3,15.6,.530,.529,2.6,3.2,.808,2.5,3.6,6.1,1.9,1.4,1.1,2.0,3.7,19.1)
(1980,160,Kevin Kunnert,C,28,POR,18,,16.8,2.8,6.3,.439,0.0,0.0,,2.8,6.3,.439,.439,1.4,2.4,.605,2.1,4.2,6.2,1.6,0.4,1.2,2.3,3.3,7.0)
(1980,163,Tom LaGarde,C,24,SEA,82,,14.2,1.8,3.7,.477,0.0,0.0,,1.8,3.7,.477,.477,1.1,1.7,.657,1.5,2.3,3.8,1.1,0.2,0.4,1.2,2.5,4.7)
(1980,167,Allen Leavell,PG,22,HOU,77,,27.6,4.3,8.5,.503,0.0,0.2,.158,4.2,8.3,.513,.505,2.3,2.9,.814,0.7,1.6,2.4,5.4,1.6,0.4,2.7,2.6,10.9)
(1980,171,John Lucas,PG,26,GSW,80,,34.5,4.9,10.4,.467,0.2,0.5,.286,4.7,9.9,.477,.475,2.8,3.6,.768,0.8,2.0,2.8,7.5,1.7,0.0,2.3,2.5,12.6)
(1980,175,Steve Malovic,PF,23,TOT,39,,11.4,0.8,1.7,.463,0.0,0.0,,0.8,1.7,.463,.463,0.5,0.7,.667,0.9,1.3,2.2,0.7,0.2,0.2,0.6,1.3,2.1)
(1980,179,Bob McAdoo*,PF,28,DET,58,,36.2,8.5,17.7,.480,0.1,0.4,.125,8.4,17.3,.489,.481,4.1,5.6,.730,1.7,6.3,8.1,3.4,1.3,1.1,4.1,3.1,21.1)
(1980,182,Billy McKinney,PG,24,KCK,76,,17.5,2.7,6.0,.449,0.0,0.1,.100,2.7,5.9,.457,.450,1.4,1.8,.805,0.3,0.9,1.1,3.3,0.8,0.1,1.2,1.1,6.8)
(1980,186,Dave Meyers,PF,26,MIL,79,,27.9,5.1,10.5,.481,0.0,0.1,.200,5.0,10.4,.482,.481,2.0,3.1,.634,1.8,3.9,5.7,2.8,0.9,0.5,2.3,2.8,12.1)
(1980,190,Sidney Moncrief,SG,22,MIL,77,,20.2,2.7,5.9,.468,0.0,0.0,.000,2.7,5.8,.469,.468,3.0,3.8,.795,2.0,2.4,4.4,1.7,0.9,0.2,1.5,1.4,8.5)
(1980,194,Swen Nater,C,30,SDC,81,,35.3,5.5,9.9,.554,0.0,0.0,.000,5.5,9.8,.556,.554,2.4,3.4,.718,4.3,10.7,15.0,2.9,0.6,0.5,3.2,3.2,13.4)
(1980,198,Sylvester Norris,C,22,SAS,17,,11.1,1.1,2.5,.419,0.0,0.0,,1.1,2.5,.419,.419,0.2,0.4,.667,0.6,1.9,2.5,0.4,0.2,0.7,1.1,2.4,2.4)
(1980,201,Tom Owens,C,30,POR,76,,30.8,6.8,13.3,.514,0.0,0.0,.500,6.8,13.2,.514,.514,2.8,3.7,.753,2.5,5.1,7.5,2.6,0.6,0.7,2.3,3.6,16.4)
(1980,205,Jim Paxson,SG,22,POR,72,,17.6,2.6,6.4,.411,0.0,0.3,.045,2.6,6.1,.429,.412,0.9,1.3,.711,0.3,1.2,1.5,2.0,0.7,0.1,1.3,1.3,6.2)
(1980,209,Stan Pietkiewicz,PG,23,SDC,50,,11.5,1.8,3.6,.508,0.2,0.7,.250,1.6,2.9,.573,.534,0.7,0.9,.804,0.5,0.4,0.9,1.9,0.5,0.1,1.0,1.0,4.6)
(1980,213,Marlon Redmond,SG,24,KCK,24,,12.4,2.5,5.8,.428,0.0,0.4,.000,2.5,5.4,.457,.428,1.0,1.4,.706,0.8,1.4,2.2,0.8,0.2,0.4,0.8,1.1,5.9)
(1980,217,Micheal Ray Richardson,SG,24,NYK,82,,37.3,6.1,13.0,.472,0.3,1.3,.245,5.8,11.6,.498,.485,2.7,4.1,.660,1.8,4.7,6.6,10.1,3.2,0.4,4.4,3.2,15.3)
(1980,Rk,Player,Pos,Age,Tm,G,GS,MP,FG,FGA,FG%,3P,3PA,3P%,2P,2PA,2P%,eFG%,FT,FTA,FT%,ORB,DRB,TRB,AST,STL,BLK,TOV,PF,PTS)
(1980,224,Dave Robisch,C,30,CLE,82,,32.6,6.0,11.5,.520,0.0,0.0,.000,6.0,11.4,.522,.520,3.4,4.0,.842,2.7,5.3,8.0,2.3,0.6,0.6,1.7,2.6,15.3)
(1980,228,Campy Russell,SF,28,CLE,41,,32.5,6.9,15.4,.451,0.0,0.2,.111,6.9,15.1,.456,.452,4.3,5.8,.745,1.9,3.6,5.5,4.2,1.8,0.5,3.6,2.8,18.2)
(1980,232,Purvis Short,SF,22,GSW,62,,26.4,7.4,14.8,.503,0.0,0.1,.000,7.4,14.7,.507,.503,2.2,2.7,.812,1.9,3.2,5.1,2.0,1.0,0.1,2.0,3.0,17.0)
(1980,236,Paul Silas,PF,36,SEA,82,,19.5,1.4,3.6,.378,0.0,0.0,,1.4,3.6,.378,.378,1.1,1.7,.654,2.5,2.8,5.3,0.8,0.3,0.1,1.0,1.5,3.8)
(1980,240,Phil Smith,SG,27,GSW,51,,30.4,6.4,13.4,.474,0.1,0.4,.318,6.2,13.0,.480,.480,2.6,3.4,.789,0.5,2.3,2.9,3.7,1.2,0.3,2.4,3.0,15.5)
(1980,243,Sam Smith,SF,25,CHI,30,,16.5,3.2,7.7,.422,0.3,1.2,.229,3.0,6.5,.456,.439,1.9,2.1,.905,0.7,1.1,1.8,1.4,0.8,0.2,1.1,1.8,8.6)
(1980,247,Larry Steele,SF,30,POR,16,,27.9,3.9,9.1,.425,0.0,0.3,.000,3.9,8.9,.437,.425,1.4,1.7,.815,0.8,2.0,2.8,4.2,1.6,0.1,2.1,3.3,9.1)
(1980,251,David Thompson*,SG,25,DEN,39,,31.8,7.4,15.8,.468,0.2,0.5,.368,7.2,15.3,.472,.474,6.5,8.6,.758,1.4,3.0,4.5,3.2,1.0,1.0,3.0,2.7,21.5)
(1980,255,Dave Twardzik,PG,29,POR,67,,23.8,2.7,5.9,.464,0.1,0.1,.571,2.7,5.8,.463,.470,2.9,3.8,.782,0.8,1.6,2.3,4.1,1.1,0.0,2.0,2.2,8.5)
(1980,259,Andre Wakefield,SG,25,UTA,8,,5.9,0.8,1.9,.400,0.0,0.0,,0.8,1.9,.400,.400,0.4,0.4,1.000,0.0,0.5,0.5,0.4,0.1,0.0,1.0,1.6,1.9)
(1980,262,Bill Walton*,C,27,SDC,14,,24.1,5.8,11.5,.503,0.0,0.0,,5.8,11.5,.503,.503,2.3,3.9,.593,2.0,7.0,9.0,2.4,0.6,2.7,2.6,2.6,13.9)
(1980,266,Nick Weatherspoon,SF,29,SDC,57,,19.7,2.9,6.6,.434,0.0,0.0,,2.9,6.6,.434,.434,1.1,1.6,.692,1.5,2.2,3.6,0.9,0.6,0.3,1.5,2.4,6.9)
(1980,270,Jo Jo White*,PG,33,GSW,78,,26.3,4.3,9.1,.476,0.0,0.1,.167,4.3,9.0,.479,.477,1.2,1.5,.851,0.5,1.8,2.3,3.1,1.1,0.2,2.0,2.4,9.9)
(1980,274,Bob Wilkerson,SF,25,DEN,75,,31.7,5.7,13.7,.417,0.1,0.5,.206,5.6,13.3,.425,.421,2.2,3.0,.748,1.1,3.1,4.2,3.2,1.2,0.4,2.6,2.6,13.8)
(1980,278,Gus Williams,PG,26,SEA,82,,36.2,9.0,18.7,.482,0.1,0.4,.194,8.9,18.3,.489,.484,4.0,5.1,.788,1.5,1.8,3.4,4.8,2.4,0.5,2.2,2.0,22.1)
(1980,281,John Williamson,SG,28,TOT,58,,23.7,6.2,14.1,.439,0.2,0.6,.314,6.0,13.5,.445,.446,2.0,2.4,.841,0.7,1.1,1.7,2.2,0.6,0.3,1.6,2.4,14.6)
(1980,285,Brian Winters,SG,27,MIL,80,,32.8,6.7,14.0,.479,0.5,1.3,.373,6.2,12.7,.490,.496,2.3,2.7,.860,0.6,2.2,2.8,4.5,1.3,0.4,2.3,2.6,16.2)
