(1980,2,Tom Abernethy,PF,25,GSW,67,,18.2,2.3,4.7,.481,0.0,0.0,.000,2.3,4.7,.483,.481,0.8,1.2,.683,0.9,1.9,2.9,1.3,0.5,0.2,0.6,1.8,5.4)
(1980,6,Gus Bailey,SG,28,WSB,20,,9.0,0.8,1.8,.457,0.1,0.1,1.000,0.8,1.7,.441,.471,0.3,0.7,.385,0.3,1.1,1.4,1.3,0.4,0.2,0.6,0.9,1.9)
(1980,10,Marvin Barnes,PF,27,SDC,20,,14.4,1.2,3.0,.400,0.0,0.0,,1.2,3.0,.400,.400,0.8,1.6,.500,1.7,2.2,3.9,0.9,0.3,0.6,0.9,2.6,3.2)
(1980,14,Ron Behagen,PF,29,WSB,6,,10.7,1.5,3.8,.391,0.0,0.0,,1.5,3.8,.391,.391,0.8,1.0,.833,1.0,1.3,2.3,1.2,0.0,0.7,0.7,2.3,3.8)
(1980,18,Larry Bird*,PF,23,BOS,82,82,36.0,8.5,17.8,.474,0.7,1.7,.406,7.7,16.1,.481,.494,3.7,4.4,.836,2.6,7.8,10.4,4.5,1.7,0.6,3.2,3.4,21.3)
(1980,21,Lawrence Boston,PF,23,WSB,13,,9.6,1.8,4.0,.462,0.0,0.0,,1.8,4.0,.462,.462,0.6,1.0,.615,1.5,1.5,3.0,0.2,0.3,0.2,0.6,1.9,4.3)
(1980,25,Dudley Bradley,SG,22,IND,82,,24.7,3.4,7.4,.452,0.0,0.1,.400,3.3,7.4,.452,.453,1.7,2.1,.782,0.8,1.9,2.7,3.1,2.6,0.6,2.0,2.4,8.4)
(1980,29,Junior Bridgeman,SF,26,MIL,81,,28.6,7.3,15.3,.478,0.1,0.3,.185,7.3,15.0,.484,.480,2.8,3.3,.865,1.3,2.4,3.7,2.9,1.2,0.2,2.1,2.7,17.6)
(1980,33,Roger Brown,C,29,CHI,4,,9.3,0.3,0.8,.333,0.0,0.0,,0.3,0.8,.333,.333,0.0,0.0,,0.5,2.0,2.5,0.3,0.0,0.8,0.0,1.0,0.5)
(1980,37,Don Buse,PG,29,PHO,81,,30.9,3.2,7.3,.443,0.2,1.0,.241,3.0,6.3,.475,.459,1.0,1.6,.664,0.9,2.0,2.9,4.0,1.6,0.1,1.1,1.4,7.7)
(1980,Rk,Player,Pos,Age,Tm,G,GS,MP,FG,FGA,FG%,3P,3PA,3P%,2P,2PA,2P%,eFG%,FT,FTA,FT%,ORB,DRB,TRB,AST,STL,BLK,TOV,PF,PTS)
(1980,44,Bob Carrington,SG,26,SDC,10,,13.4,1.5,3.7,.405,0.0,0.2,.000,1.5,3.5,.429,.405,0.6,0.8,.750,0.6,0.7,1.3,0.3,0.4,0.1,0.5,1.8,3.6)
(1980,48,Don Chaney,SG,33,BOS,60,0,8.7,1.1,3.2,.354,0.0,0.1,.167,1.1,3.1,.361,.357,0.5,0.7,.762,0.5,0.7,1.2,0.6,0.5,0.2,0.6,1.3,2.8)
(1980,52,Jim Cleamons,PG,30,TOT,79,,22.6,2.7,5.7,.476,0.1,0.4,.226,2.6,5.3,.494,.483,1.1,1.4,.743,0.7,1.3,1.9,3.6,0.7,0.1,1.4,1.7,6.6)
(1980,56,Wayne Cooper,PF,23,GSW,79,,22.5,4.6,9.5,.489,0.0,0.1,.250,4.6,9.4,.491,.490,1.7,2.3,.751,2.6,3.9,6.4,0.5,0.3,1.0,1.8,3.1,11.0)
(1980,60,Dave Cowens*,C,31,BOS,66,55,32.7,6.4,14.1,.453,0.0,0.2,.083,6.4,13.9,.458,.453,1.4,1.8,.779,1.9,6.2,8.1,3.1,1.0,0.9,1.6,3.3,14.2)
(1980,63,Pat Cummings,C,23,MIL,71,,12.7,2.6,5.2,.505,0.0,0.0,,2.6,5.2,.505,.505,1.3,1.7,.764,1.1,2.2,3.4,0.7,0.3,0.2,1.0,2.0,6.6)
(1980,67,Harry Davis,SF,24,SAS,4,,7.5,1.5,3.0,.500,0.0,0.0,,1.5,3.0,.500,.500,0.3,0.5,.500,0.5,1.0,1.5,0.0,0.3,0.0,0.8,2.0,3.3)
(1980,71,Paul Dawkins,SF,22,UTA,57,,13.6,2.5,5.3,.470,0.0,0.1,.200,2.5,5.2,.475,.472,0.6,0.8,.688,0.7,1.5,2.2,1.4,0.6,0.2,1.3,2.0,5.5)
(1980,75,Leon Douglas,C,25,DET,70,,25.5,3.2,6.5,.486,0.0,0.0,.000,3.2,6.5,.487,.486,1.8,2.6,.676,2.4,4.7,7.2,1.7,0.4,0.9,1.8,3.6,8.1)
(1980,79,T.R. Dunn,SG,24,POR,82,,22.5,2.9,6.7,.436,0.0,0.0,.000,2.9,6.7,.438,.436,1.0,1.4,.757,1.6,2.3,4.0,1.8,1.2,0.4,1.1,1.8,6.9)
(1980,82,Bo Ellis,PF,25,DEN,48,,10.5,1.3,2.8,.449,0.0,0.1,.000,1.3,2.8,.459,.449,0.8,1.1,.755,1.1,1.4,2.4,0.6,0.2,0.5,0.5,1.4,3.4)
(1980,86,Earl Evans,PF,24,DET,36,,10.6,1.8,3.9,.450,0.2,0.5,.389,1.6,3.4,.459,.475,0.7,1.2,.571,0.7,1.4,2.1,1.0,0.4,0.0,1.0,1.8,4.4)
(1980,90,Don Ford,SF,27,TOT,73,,13.7,1.8,3.8,.478,0.0,0.0,.333,1.8,3.7,.480,.480,0.6,0.7,.849,0.6,1.9,2.5,0.9,0.3,0.3,0.7,1.8,4.2)
(1980,94,Terry Furlow,SG,25,TOT,76,,27.9,5.7,12.2,.464,0.3,1.1,.293,5.3,11.1,.481,.477,2.3,2.6,.872,0.9,1.6,2.6,3.9,1.0,0.3,2.1,1.3,13.9)
(1980,98,George Gervin*,SG,27,SAS,78,,37.6,13.1,24.9,.528,0.4,1.3,.314,12.7,23.6,.540,.536,6.5,7.6,.852,2.0,3.2,5.2,2.6,1.4,1.0,3.3,2.7,33.1)
(1980,101,Jack Givens,SF,23,ATL,82,,15.3,2.2,5.8,.385,0.0,0.0,.000,2.2,5.7,.386,.385,1.3,1.6,.828,1.4,1.6,3.0,0.7,0.6,0.2,0.7,1.6,5.7)
(1980,105,Dave Greenwood,PF,22,CHI,82,,34.0,6.1,12.8,.474,0.0,0.1,.143,6.1,12.7,.476,.474,4.1,5.1,.810,2.7,6.7,9.4,2.2,0.7,1.6,2.6,3.8,16.3)
(1980,109,Ernie Grunfeld,SF,24,KCK,80,,17.5,2.3,5.3,.443,0.0,0.0,.500,2.3,5.2,.443,.444,1.3,1.6,.771,1.1,1.8,2.9,1.4,0.7,0.1,1.0,1.9,5.9)
(1980,113,Steve Hawes,PF,29,ATL,82,,22.6,3.7,7.4,.502,0.0,0.1,.375,3.7,7.3,.504,.505,1.8,2.2,.824,1.8,4.2,6.0,1.8,0.9,0.4,1.5,2.5,9.3)
(1980,117,Gerald Henderson,PG,24,BOS,76,2,14.0,2.5,5.0,.500,0.0,0.1,.333,2.5,4.9,.503,.503,1.2,1.7,.690,0.5,0.6,1.1,1.9,0.6,0.2,1.4,1.3,6.2)
(1980,Rk,Player,Pos,Age,Tm,G,GS,MP,FG,FGA,FG%,3P,3PA,3P%,2P,2PA,2P%,eFG%,FT,FTA,FT%,ORB,DRB,TRB,AST,STL,BLK,TOV,PF,PTS)
(1980,124,Phil Hubbard,PF,23,DET,64,,18.6,3.3,7.0,.466,0.0,0.0,.000,3.3,7.0,.468,.466,2.6,3.4,.750,1.8,3.2,5.0,1.1,0.8,0.2,1.9,3.2,9.1)
(1980,128,Phil Jackson*,PF,34,NJN,16,,12.1,1.8,2.9,.630,0.0,0.1,.000,1.8,2.8,.659,.630,0.4,0.6,.700,0.8,0.8,1.5,0.8,0.3,0.3,0.6,2.2,4.1)
(1980,132,Dennis Johnson*,SG,25,SEA,81,,36.3,7.1,16.8,.422,0.1,0.7,.207,6.9,16.1,.431,.426,4.7,6.0,.780,2.1,3.0,5.1,4.1,1.8,1.0,2.8,3.3,19.0)
(1980,136,John Johnson,SF,32,SEA,81,,31.3,4.7,9.5,.488,0.0,0.0,,4.7,9.5,.488,.488,2.0,2.5,.801,2.0,3.2,5.3,5.2,0.9,0.4,3.0,2.6,11.3)
(1980,140,Ollie Johnson,SF,30,CHI,79,,19.4,3.3,6.7,.497,0.0,0.1,.091,3.3,6.5,.506,.498,1.0,1.2,.882,0.6,1.4,2.1,2.0,0.7,0.3,1.2,2.1,7.7)
(1980,143,Caldwell Jones,C,29,PHI,80,,34.6,2.9,6.7,.436,0.0,0.0,.000,2.9,6.6,.438,.436,1.6,2.2,.697,2.7,9.1,11.9,2.1,0.5,2.0,2.7,3.7,7.4)
(1980,146,Eddie Jordan,PG,25,NJN,82,,32.4,5.3,12.4,.430,0.1,0.6,.250,5.2,11.8,.439,.436,2.5,3.1,.779,0.8,2.5,3.3,6.8,2.7,0.3,3.1,2.9,13.3)
(1980,150,Larry Kenon,PF,27,SAS,78,,35.9,8.3,17.1,.485,0.0,0.1,.111,8.3,17.0,.488,.486,3.5,4.4,.783,3.3,6.6,9.9,3.0,1.4,0.2,3.0,2.5,20.1)
(1980,154,Reggie King,PF,22,KCK,82,,25.0,3.1,6.1,.515,0.0,0.0,.000,3.1,6.1,.516,.515,1.9,2.7,.726,2.2,4.7,6.9,1.3,0.8,0.4,1.2,2.8,8.2)
(1980,158,Joel Kramer,C,24,PHO,54,,13.2,1.2,2.6,.469,0.0,0.0,.000,1.2,2.6,.472,.469,1.0,1.3,.800,0.9,1.9,2.8,1.4,0.5,0.1,0.9,1.9,3.5)
(1980,161,Mitch Kupchak,PF,25,WSB,40,,11.3,1.7,4.0,.419,0.0,0.1,.000,1.7,4.0,.424,.419,1.3,1.9,.693,0.8,1.8,2.6,0.4,0.2,0.2,1.0,1.2,4.7)
(1980,165,Mark Landsberger,C,24,TOT,77,,19.6,3.2,6.3,.516,0.0,0.0,,3.2,6.3,.516,.516,1.5,2.9,.523,2.9,5.0,8.0,0.6,0.4,0.3,1.3,1.8,8.0)
(1980,169,Ron Lee,PG,27,TOT,61,,19.1,1.9,5.0,.370,0.4,1.0,.373,1.5,4.0,.370,.407,0.7,1.1,.629,0.7,1.4,2.0,4.0,1.6,0.3,1.7,2.8,4.8)
(1980,173,Ollie Mack,SG,22,TOT,50,,13.6,2.0,4.0,.492,0.0,0.1,.000,2.0,3.9,.505,.492,0.8,1.0,.745,0.6,0.8,1.4,1.1,0.5,0.1,0.7,1.0,4.7)
(1980,177,Cedric Maxwell,SF,24,BOS,80,80,34.3,5.7,9.4,.609,0.0,0.0,,5.7,9.4,.609,.609,5.5,6.9,.787,3.6,5.3,8.8,2.5,1.0,0.8,2.9,3.3,16.9)
(1980,Rk,Player,Pos,Age,Tm,G,GS,MP,FG,FGA,FG%,3P,3PA,3P%,2P,2PA,2P%,eFG%,FT,FTA,FT%,ORB,DRB,TRB,AST,STL,BLK,TOV,PF,PTS)
(1980,184,John Mengelt,SG,30,CHI,36,,10.8,2.5,4.6,.542,0.0,0.2,.000,2.5,4.4,.563,.542,1.1,1.4,.796,0.1,0.6,0.6,1.1,0.3,0.0,1.0,1.5,6.1)
(1980,188,Steve Mix,SF,32,PHI,81,,19.0,4.5,8.7,.516,0.0,0.1,.400,4.4,8.6,.518,.519,2.6,3.1,.831,1.4,2.2,3.6,1.8,0.8,0.1,1.6,1.4,11.6)
(1980,192,Earl Monroe*,SG,35,NYK,51,,12.4,3.2,6.9,.457,0.0,0.0,,3.2,6.9,.457,.457,1.1,1.3,.875,0.3,0.4,0.7,1.3,0.4,0.1,0.5,0.9,7.4)
(1980,196,Mike Newlin,SG,31,NJN,78,,32.2,7.8,17.0,.460,0.6,1.9,.296,7.3,15.1,.481,.477,4.7,5.3,.884,1.3,2.1,3.4,4.0,1.5,0.1,3.0,2.5,20.9)
(1980,200,John Olive,SF,24,SDC,1,,15.0,0.0,2.0,.000,0.0,0.0,,0.0,2.0,.000,.000,0.0,0.0,,0.0,1.0,1.0,0.0,0.0,0.0,2.0,2.0,0.0)
(1980,203,Sonny Parker,SF,24,GSW,82,,34.7,5.9,12.0,.489,0.0,0.0,.000,5.9,12.0,.490,.489,2.9,3.7,.785,2.0,3.6,5.7,3.1,2.1,0.4,2.0,2.4,14.7)
(1980,207,Sam Pellom,PF,28,ATL,44,,8.5,1.0,2.5,.407,0.0,0.0,,1.0,2.5,.407,.407,0.5,0.7,.700,0.6,1.5,2.1,0.4,0.3,0.3,0.4,1.6,2.5)
(1980,211,Kevin Porter,PG,29,WSB,70,,21.3,2.9,6.3,.459,0.0,0.1,.000,2.9,6.2,.463,.459,1.6,2.0,.803,0.4,0.8,1.2,6.5,0.8,0.2,2.3,2.6,7.3)
(1980,215,Kevin Restani,SF,28,SAS,82,,24.0,4.5,8.9,.508,0.1,0.4,.172,4.4,8.5,.521,.511,1.6,2.0,.814,1.7,3.0,4.7,2.3,0.7,0.1,1.6,2.3,10.7)
(1980,219,Rick Robey,C,24,BOS,82,27,23.4,4.6,8.9,.521,0.0,0.0,.000,4.6,8.9,.522,.521,2.2,3.3,.684,2.5,3.9,6.5,1.1,0.6,0.2,1.8,3.0,11.5)
(1980,222,Truck Robinson,PF,28,PHO,82,,33.0,6.6,13.0,.512,0.0,0.0,,6.6,13.0,.512,.512,4.0,5.9,.667,2.6,6.8,9.4,1.7,0.7,0.7,3.1,3.2,17.3)
(1980,226,Tree Rollins,C,24,ATL,82,,25.9,3.5,6.3,.558,0.0,0.0,,3.5,6.3,.558,.558,1.9,2.7,.714,3.5,6.0,9.4,0.9,0.7,3.0,1.2,3.9,8.9)
(1980,230,Charlie Scott,SG,31,DEN,69,,27.0,4.0,10.0,.401,0.0,0.2,.182,4.0,9.8,.405,.403,1.2,1.7,.720,0.7,1.7,2.4,3.6,0.7,0.3,2.4,2.9,9.3)
(1980,234,Jack Sikma,C,24,SEA,82,,34.1,5.7,12.1,.475,0.0,0.0,.000,5.7,12.0,.476,.475,2.9,3.6,.805,2.4,8.7,11.1,3.4,0.8,0.9,2.5,2.8,14.3)
(1980,238,Al Skinner,SG,27,PHI,2,,5.0,0.5,1.0,.500,0.0,0.0,,0.5,1.0,.500,.500,0.0,0.0,,0.0,0.0,0.0,1.0,0.0,0.0,1.0,0.5,1.0)
(1980,241,Randy Smith,SG,31,CLE,82,,32.6,7.3,16.2,.452,0.1,0.6,.189,7.2,15.5,.463,.456,2.8,3.5,.823,1.1,2.0,3.1,4.4,1.5,0.1,2.4,2.3,17.6)
(1980,245,Ricky Sobers,PG,27,CHI,82,,32.6,5.7,12.2,.469,0.3,0.8,.309,5.5,11.4,.481,.480,2.4,2.9,.837,0.9,2.0,3.0,5.2,1.7,0.2,3.4,3.6,14.2)
(1980,249,Brian Taylor,PG,28,SDC,78,,35.3,5.4,11.5,.467,1.2,3.1,.377,4.2,8.4,.500,.517,1.7,2.1,.802,1.0,1.4,2.4,4.3,1.9,0.3,1.8,3.2,13.5)
(1980,253,Bernard Toone,PF,23,PHI,23,,5.4,1.0,2.8,.359,0.0,0.3,.143,1.0,2.5,.386,.367,0.3,0.4,.800,0.5,1.0,1.5,0.5,0.2,0.2,0.7,0.9,2.4)
(1980,257,Wes Unseld*,C,33,WSB,82,,36.3,4.0,7.8,.513,0.0,0.0,.500,4.0,7.7,.513,.514,1.7,2.5,.665,4.1,9.3,13.3,4.5,0.8,0.7,1.9,3.0,9.7)
(1980,Rk,Player,Pos,Age,Tm,G,GS,MP,FG,FGA,FG%,3P,3PA,3P%,2P,2PA,2P%,eFG%,FT,FTA,FT%,ORB,DRB,TRB,AST,STL,BLK,TOV,PF,PTS)
(1980,264,Kermit Washington,PF,28,POR,80,,33.2,5.3,9.5,.553,0.0,0.0,.000,5.3,9.5,.555,.553,2.9,4.5,.642,4.1,6.5,10.5,2.1,0.9,1.6,2.1,3.8,13.4)
(1980,268,Scott Wedman,SF,27,KCK,68,,34.5,8.4,16.4,.512,0.1,0.3,.318,8.3,16.0,.516,.515,2.1,2.7,.801,1.7,4.0,5.7,2.1,1.2,0.7,1.6,3.4,19.0)
(1980,272,Jerome Whitehead,C,23,TOT,50,,11.1,1.2,2.3,.509,0.0,0.0,,1.2,2.3,.509,.509,0.2,0.7,.286,1.1,2.2,3.3,0.5,0.2,0.3,0.7,1.9,2.5)
(1980,276,Duck Williams,PG,23,UTA,77,,23.3,3.0,6.7,.447,0.0,0.2,.000,3.0,6.6,.458,.447,0.5,0.8,.700,0.3,1.1,1.4,2.4,1.3,0.1,1.4,2.2,6.6)
(1980,280,Sly Williams,SF,22,NYK,57,,9.8,1.8,4.7,.390,0.0,0.1,.000,1.8,4.6,.395,.390,1.0,1.6,.644,1.1,1.0,2.1,0.6,0.3,0.1,0.9,1.3,4.7)
(1980,283,Bubba Wilson,SG,24,GSW,16,,8.9,0.4,1.6,.280,0.0,0.0,,0.4,1.6,.280,.280,0.2,0.4,.500,0.4,0.6,1.0,0.8,0.1,0.0,0.5,0.7,1.1)
(1980,287,Tony Zeno,SF,22,IND,8,,7.4,0.8,2.6,.286,0.0,0.0,,0.8,2.6,.286,.286,0.3,0.3,1.000,0.4,1.4,1.8,0.1,0.5,0.4,1.1,1.6,1.8)
