(1980,3,Alvan Adams,C,25,PHO,75,,28.9,6.2,11.7,.531,0.0,0.0,.000,6.2,11.6,.533,.531,2.5,3.1,.797,2.1,6.0,8.1,4.3,1.4,0.7,2.9,3.2,14.9)
(1980,7,James Bailey,PF,22,SEA,67,,10.8,1.8,4.0,.450,0.0,0.0,,1.8,4.0,.450,.450,1.0,1.5,.673,1.1,1.9,2.9,0.4,0.3,0.8,1.2,1.7,4.7)
(1980,11,Rick Barry*,SF,35,HOU,72,,25.2,4.5,10.7,.422,1.0,3.1,.330,3.5,7.6,.458,.469,2.0,2.1,.935,0.7,2.5,3.3,3.7,1.1,0.4,2.1,2.5,12.0)
(1980,15,Kent Benson,C,25,TOT,73,,25.9,4.1,8.5,.484,0.0,0.1,.200,4.1,8.4,.486,.485,1.4,1.9,.702,1.7,4.5,6.2,2.4,1.0,1.3,2.2,3.4,9.6)
(1980,19,Otis Birdsong,SG,24,KCK,82,,35.2,9.5,18.9,.505,0.1,0.4,.278,9.4,18.4,.511,.508,3.5,5.0,.694,2.1,2.0,4.0,2.5,1.7,0.3,2.2,2.8,22.7)
(1980,22,Tom Boswell,PF,26,TOT,79,,26.3,4.4,7.8,.564,0.1,0.1,.500,4.3,7.6,.566,.569,2.6,3.5,.755,1.8,3.7,5.6,2.0,0.4,0.5,2.3,3.4,11.4)
(1980,26,Mike Bratz,PG,24,PHO,82,,19.4,3.3,8.4,.392,0.3,1.0,.244,3.0,7.3,.413,.407,1.7,2.0,.870,0.6,1.4,2.0,2.7,1.1,0.1,1.6,2.0,8.5)
(1980,30,Allan Bristow,SF,28,UTA,82,,28.1,4.6,9.6,.480,0.0,0.1,.286,4.6,9.5,.482,.482,2.4,3.0,.811,2.1,4.2,6.2,4.2,1.1,0.1,2.2,2.6,11.6)
(1980,34,Joe Bryant,PF,25,SDC,81,,28.7,3.6,8.4,.431,0.1,0.4,.147,3.6,8.0,.446,.435,2.0,2.7,.742,2.1,4.3,6.4,1.8,1.3,0.5,2.1,3.2,9.3)
(1980,38,Marty Byrnes,SF,23,LAL,32,,6.1,0.8,1.6,.500,0.0,0.0,,0.8,1.6,.500,.500,0.4,0.5,.867,0.3,0.6,0.8,0.4,0.2,0.0,0.7,1.0,2.0)
(1980,41,Austin Carr,SG,31,CLE,77,,20.7,5.1,10.9,.465,0.0,0.1,.333,5.0,10.8,.466,.466,1.6,2.2,.738,1.1,1.1,2.1,1.9,0.5,0.0,1.4,1.6,11.8)
(1980,45,Ron Carter,SG,23,IND,13,,9.0,1.2,2.8,.405,0.0,0.0,,1.2,2.8,.405,.405,0.2,0.5,.286,0.4,1.1,1.5,0.7,0.2,0.2,0.8,1.5,2.5)
(1980,49,Maurice Cheeks,PG,23,PHI,79,,33.2,4.5,8.4,.540,0.1,0.1,.444,4.5,8.3,.541,.543,2.3,2.9,.779,0.9,2.5,3.5,7.0,2.3,0.4,2.7,2.5,11.4)
(1980,53,Doug Collins,SG,28,PHI,36,,26.8,5.3,11.4,.466,0.0,0.0,.000,5.3,11.4,.467,.466,3.1,3.4,.911,0.8,1.8,2.6,2.8,0.8,0.2,2.3,2.1,13.8)
(1980,57,Hollis Copeland,SF,24,NYK,75,,15.2,2.4,4.9,.495,0.0,0.0,.000,2.4,4.9,.497,.495,0.8,1.1,.733,0.9,1.1,2.1,1.1,0.8,0.3,1.1,2.1,5.7)
(1980,Rk,Player,Pos,Age,Tm,G,GS,MP,FG,FGA,FG%,3P,3PA,3P%,2P,2PA,2P%,eFG%,FT,FTA,FT%,ORB,DRB,TRB,AST,STL,BLK,TOV,PF,PTS)
(1980,64,Bob Dandridge,SF,32,WSB,45,,32.4,7.3,16.2,.451,0.0,0.2,.182,7.3,16.0,.455,.453,2.7,3.4,.809,1.4,4.1,5.5,4.0,0.6,0.8,2.7,2.5,17.4)
(1980,68,Johnny Davis,PG,24,IND,82,,35.5,6.0,14.1,.428,0.0,0.5,.095,6.0,13.6,.440,.430,3.7,4.3,.864,1.2,1.5,2.8,5.4,1.3,0.3,2.5,2.2,15.9)
(1980,72,Greg Deane,SG,22,UTA,7,,6.9,0.3,1.6,.182,0.1,0.1,1.000,0.1,1.4,.100,.227,0.7,1.0,.714,0.3,0.6,0.9,0.9,0.0,0.0,0.4,0.4,1.4)
(1980,76,John Drew,SF,25,ATL,80,,28.8,6.7,14.8,.453,0.0,0.1,.000,6.7,14.7,.455,.453,6.1,8.1,.757,2.5,3.4,5.9,1.3,1.1,0.3,3.0,3.9,19.5)
(1980,80,James Edwards,C,24,IND,82,,28.2,6.4,12.6,.512,0.0,0.0,.000,6.4,12.6,.512,.512,2.8,4.1,.681,2.2,4.9,7.0,1.5,0.7,1.3,1.6,4.0,15.7)
(1980,83,Len Elmore,C,27,KCK,58,,15.8,1.8,4.2,.430,0.0,0.0,,1.8,4.2,.430,.430,0.9,1.3,.689,1.3,3.2,4.4,1.1,0.7,0.7,1.2,2.7,4.5)
(1980,87,Mike Evans,SG,24,SAS,79,,15.8,2.6,5.9,.448,0.2,0.5,.286,2.5,5.3,.464,.461,0.7,1.1,.682,0.4,1.0,1.4,2.9,0.8,0.1,1.6,2.5,6.2)
(1980,91,Phil Ford,PG,23,KCK,82,,32.0,6.0,12.9,.462,0.0,0.3,.174,5.9,12.6,.469,.464,4.2,5.2,.818,0.4,1.7,2.1,7.4,1.7,0.0,3.4,2.5,16.2)
(1980,95,Mike Gale,PG,29,SAS,67,,22.0,2.6,5.6,.454,0.0,0.2,.154,2.5,5.4,.464,.456,1.4,1.8,.808,0.5,1.8,2.3,4.7,1.8,0.2,1.7,2.0,6.6)
(1980,99,John Gianelli,C,29,UTA,17,,16.8,1.4,3.9,.348,0.0,0.0,,1.4,3.9,.348,.348,0.5,0.9,.563,0.8,2.8,3.6,1.0,0.4,0.4,1.3,1.5,3.2)
(1980,102,Mike Glenn,SG,24,NYK,75,,10.7,2.5,4.9,.516,0.0,0.1,.200,2.5,4.7,.525,.519,0.8,1.0,.863,0.3,0.6,0.9,1.1,0.5,0.1,0.5,1.1,5.9)
(1980,106,Kevin Grevey,SF,26,WSB,65,,28.0,5.1,12.4,.412,0.5,1.4,.370,4.6,11.0,.417,.433,3.3,3.8,.867,1.2,1.6,2.9,2.7,0.9,0.2,1.6,2.4,14.0)
(1980,110,Roy Hamilton,PG,22,DET,72,,15.5,1.6,4.0,.401,0.0,0.0,.000,1.6,4.0,.404,.401,1.4,2.1,.687,0.6,0.9,1.5,2.7,0.7,0.1,1.6,1.1,4.6)
(1980,114,Elvin Hayes*,PF,34,WSB,81,,39.3,9.4,20.7,.454,0.0,0.2,.231,9.4,20.5,.456,.455,4.1,5.9,.699,3.3,7.7,11.1,1.6,0.8,2.3,2.7,3.8,23.0)
(1980,118,Tom Henderson,PG,28,HOU,66,,23.5,2.3,4.9,.477,0.0,0.0,.000,2.3,4.9,.480,.477,0.8,1.2,.727,0.5,1.2,1.7,4.2,0.8,0.1,1.5,1.6,5.5)
(1980,121,Darnell Hillman,PF,30,GSW,49,,14.4,1.7,3.7,.458,0.0,0.0,,1.7,3.7,.458,.458,0.7,1.4,.500,1.2,2.5,3.7,1.0,0.4,0.5,1.2,2.6,4.0)
(1980,125,Kim Hughes,C,27,DEN,70,,17.3,1.5,2.9,.505,0.0,0.0,,1.5,2.9,.505,.505,0.2,0.6,.366,1.8,2.9,4.7,1.1,0.9,1.1,0.7,2.6,3.1)
(1980,129,Abdul Jeelani,SF,25,POR,77,,16.7,3.7,7.3,.510,0.0,0.1,.000,3.7,7.3,.515,.510,2.1,2.6,.789,1.5,2.0,3.5,1.2,0.5,0.5,1.5,2.0,9.6)
(1980,133,Eddie Johnson,SG,24,ATL,79,,33.2,7.5,15.3,.487,0.1,0.2,.385,7.4,15.2,.488,.489,3.5,4.3,.828,1.2,1.3,2.5,4.7,1.5,0.3,2.4,2.7,18.5)
(1980,137,Magic Johnson*,SG,20,LAL,77,,36.3,6.5,12.3,.530,0.1,0.4,.226,6.4,11.9,.540,.534,4.9,6.0,.810,2.2,5.6,7.7,7.3,2.4,0.5,4.0,2.8,18.0)
(1980,Rk,Player,Pos,Age,Tm,G,GS,MP,FG,FGA,FG%,3P,3PA,3P%,2P,2PA,2P%,eFG%,FT,FTA,FT%,ORB,DRB,TRB,AST,STL,BLK,TOV,PF,PTS)
(1980,144,Dwight Jones,PF,27,TOT,74,,19.6,3.5,6.8,.508,0.0,0.0,,3.5,6.8,.508,.508,2.0,2.7,.726,1.5,3.4,5.0,1.4,0.4,0.6,1.6,2.8,8.9)
(1980,147,Jeff Judkins,SF,23,BOS,65,0,10.4,2.1,4.2,.504,0.2,0.4,.407,2.0,3.8,.514,.524,1.0,1.2,.816,0.5,0.5,1.0,0.7,0.4,0.1,0.8,1.4,5.4)
(1980,151,Irv Kiffin,SF,28,SAS,26,,8.2,1.2,3.7,.333,0.0,0.0,,1.2,3.7,.333,.333,0.7,1.0,.720,0.5,1.1,1.5,0.7,0.4,0.1,1.2,1.7,3.2)
(1980,155,Billy Knight,SF,27,IND,75,,25.5,5.1,9.6,.533,0.1,0.2,.267,5.1,9.4,.539,.536,2.8,3.5,.809,1.8,3.0,4.8,2.1,1.1,0.1,1.8,1.3,13.1)
(1980,159,John Kuester,PG,24,IND,24,,4.2,0.5,1.4,.353,0.0,0.0,.000,0.5,1.4,.364,.353,0.2,0.3,.714,0.1,0.5,0.6,0.7,0.3,0.0,0.2,0.3,1.2)
(1980,162,Sam Lacey,C,31,KCK,81,,29.8,3.7,8.4,.448,0.0,0.0,.000,3.7,8.3,.448,.448,1.7,2.3,.741,2.1,5.8,8.0,5.7,1.4,1.3,2.6,3.8,9.2)
(1980,166,Bob Lanier*,C,31,TOT,63,,33.8,7.4,13.8,.537,0.0,0.1,.167,7.4,13.7,.540,.538,4.4,5.6,.782,2.4,6.3,8.8,2.9,1.2,1.4,2.6,3.2,19.2)
(1980,170,John Long,SG,23,DET,69,,34.3,8.5,16.9,.505,0.0,0.2,.083,8.5,16.7,.510,.506,2.3,2.8,.825,2.2,2.7,4.9,3.0,1.9,0.4,3.0,3.2,19.4)
(1980,174,Moses Malone*,C,24,HOU,82,,38.3,9.5,18.9,.502,0.0,0.1,.000,9.5,18.8,.504,.502,6.9,9.5,.719,7.0,7.5,14.5,1.8,1.0,1.3,3.7,2.6,25.8)
(1980,178,Scott May,SF,25,CHI,54,,24.0,4.9,10.9,.450,0.0,0.1,.000,4.9,10.8,.453,.450,2.7,3.2,.837,1.4,2.6,4.0,1.9,0.8,0.1,1.4,2.3,12.4)
(1980,181,George McGinnis,PF,29,TOT,73,,30.2,5.5,12.1,.451,0.0,0.2,.133,5.5,11.9,.457,.453,3.7,6.7,.553,3.0,6.5,9.6,4.6,1.4,0.3,3.8,4.2,14.7)
(1980,185,Joe Meriweather,PF,26,NYK,65,,24.1,3.9,7.3,.528,0.0,0.0,.000,3.9,7.3,.529,.528,1.2,1.9,.645,1.9,3.5,5.4,1.0,0.6,1.8,1.7,3.7,9.0)
(1980,189,Paul Mokeski,C,23,HOU,12,,9.4,0.9,2.8,.333,0.0,0.0,,0.9,2.8,.333,.333,0.6,0.8,.778,1.2,1.3,2.4,0.2,0.1,0.5,0.8,2.0,2.4)
(1980,193,Calvin Murphy*,SG,31,HOU,76,,35.2,8.2,16.7,.493,0.0,0.3,.040,8.2,16.3,.502,.493,3.6,4.0,.897,0.9,1.1,2.0,3.9,1.9,0.1,2.1,3.5,20.0)
(1980,197,Norm Nixon,PG,24,LAL,82,,39.3,7.6,14.7,.516,0.0,0.1,.125,7.6,14.6,.519,.517,2.4,3.1,.779,0.6,2.2,2.8,7.8,1.8,0.2,3.5,2.9,17.6)
(1980,Rk,Player,Pos,Age,Tm,G,GS,MP,FG,FGA,FG%,3P,3PA,3P%,2P,2PA,2P%,eFG%,FT,FTA,FT%,ORB,DRB,TRB,AST,STL,BLK,TOV,PF,PTS)
(1980,204,Billy Paultz,C,31,TOT,84,,26.1,3.9,8.0,.486,0.0,0.0,.000,3.9,8.0,.487,.486,1.3,2.2,.599,2.2,4.8,7.0,2.2,0.8,1.0,1.4,2.5,9.1)
(1980,208,Roger Phegley,SG,23,TOT,78,,19.4,4.5,9.4,.477,0.1,0.1,.444,4.4,9.3,.478,.480,2.3,2.6,.872,1.0,1.4,2.4,1.3,0.4,0.1,1.5,2.0,11.3)
(1980,212,Clifford Ray,C,31,GSW,81,,20.8,2.5,4.7,.530,0.0,0.0,.000,2.5,4.7,.533,.530,1.0,1.8,.564,1.5,4.2,5.8,2.3,0.6,0.4,1.9,3.3,6.0)
(1980,216,Clint Richardson,SG,23,PHI,52,,19.0,3.1,6.7,.457,0.0,0.1,.333,3.0,6.6,.458,.458,0.5,0.9,.622,1.1,1.3,2.4,2.1,0.5,0.3,1.2,1.9,6.7)
(1980,220,Cliff Robinson,PF,19,NJN,70,,23.7,5.6,11.9,.469,0.0,0.1,.250,5.6,11.8,.470,.470,2.4,3.5,.694,2.5,4.7,7.2,1.4,0.9,0.5,2.0,2.5,13.6)
(1980,223,Bill Robinzine,PF,27,KCK,81,,23.7,4.5,8.9,.501,0.0,0.0,.500,4.5,8.9,.501,.501,2.5,3.4,.730,2.3,4.2,6.5,0.8,1.3,0.3,1.8,3.8,11.4)
(1980,227,Dan Roundfield,PF,26,ATL,81,,32.0,6.2,12.4,.499,0.0,0.0,.000,6.2,12.4,.500,.499,4.1,5.7,.710,3.6,6.7,10.3,2.3,1.2,1.7,2.9,3.9,16.5)
(1980,231,Lonnie Shelton,PF,24,SEA,76,,29.5,5.6,10.6,.530,0.0,0.1,.200,5.6,10.5,.532,.531,2.4,3.2,.763,2.6,5.0,7.7,1.9,1.2,1.0,2.2,3.8,13.6)
(1980,235,James Silas,PG,30,SAS,77,,29.8,6.7,13.0,.514,0.0,0.1,.000,6.7,12.9,.516,.514,4.4,5.0,.887,0.6,1.6,2.2,4.5,0.8,0.2,2.5,2.7,17.7)
(1980,239,Bingo Smith,SF-SG,33,TOT,78,,27.2,4.9,11.4,.432,0.3,1.0,.284,4.6,10.4,.447,.445,1.3,1.5,.870,1.2,2.1,3.3,1.3,0.8,0.2,1.0,2.7,11.4)
(1980,242,Robert Smith,PG,24,TOT,65,,12.4,1.8,4.1,.439,0.1,0.4,.308,1.7,3.7,.453,.454,1.2,1.4,.870,0.3,0.9,1.2,1.4,0.4,0.1,0.8,1.6,5.0)
(1980,246,Jim Spanarkel,SG,22,PHI,40,,11.1,1.8,3.8,.471,0.0,0.1,.000,1.8,3.8,.477,.471,1.4,1.6,.831,0.7,0.7,1.4,1.3,0.3,0.2,1.4,1.5,5.0)
(1980,250,Reggie Theus,SG,22,CHI,82,,36.9,6.9,14.3,.483,0.3,1.3,.267,6.6,13.0,.504,.495,6.1,7.3,.838,1.7,2.3,4.0,6.3,1.4,0.2,4.2,3.2,20.2)
(1980,254,Raymond Townsend,SG,24,GSW,75,,15.5,2.3,5.6,.406,0.1,0.3,.154,2.2,5.3,.423,.411,0.8,1.1,.714,0.4,0.7,1.2,1.5,0.8,0.1,0.9,1.5,5.4)
(1980,258,Jan Van Breda Kolff,SF,28,NJN,82,,29.3,2.6,5.6,.463,0.1,0.2,.350,2.5,5.3,.468,.471,1.6,1.9,.839,1.3,4.0,5.2,3.0,1.2,0.9,1.9,3.7,6.8)
(1980,261,Wally Walker,SF,25,SEA,70,,12.1,2.0,3.9,.507,0.0,0.0,,2.0,3.9,.507,.507,0.7,0.9,.750,0.9,1.5,2.4,0.8,0.3,0.1,0.7,1.5,4.7)
(1980,265,Richard Washington,PF,24,MIL,75,,14.6,2.6,5.6,.468,0.0,0.0,,2.6,5.6,.468,.468,0.6,1.0,.605,1.3,2.4,3.7,0.7,0.3,0.6,0.8,2.2,5.9)
(1980,269,Paul Westphal,SG,29,PHO,82,,32.5,8.4,16.1,.525,0.3,1.1,.280,8.1,14.9,.544,.535,4.7,5.4,.862,0.6,1.7,2.3,5.1,1.5,0.4,2.5,2.0,21.9)
(1980,273,Sidney Wicks,PF,30,SDC,71,,30.2,3.0,7.0,.423,0.0,0.0,.000,3.0,7.0,.424,.423,1.2,2.1,.546,1.9,3.8,5.8,3.0,1.1,0.7,2.4,3.4,7.1)
(1980,277,Freeman Williams,SG,23,SDC,82,,25.8,7.9,16.4,.480,0.5,1.6,.328,7.4,14.8,.496,.496,2.4,2.9,.815,1.3,1.1,2.3,2.0,0.9,0.1,2.1,1.8,18.6)
(1980,Rk,Player,Pos,Age,Tm,G,GS,MP,FG,FGA,FG%,3P,3PA,3P%,2P,2PA,2P%,eFG%,FT,FTA,FT%,ORB,DRB,TRB,AST,STL,BLK,TOV,PF,PTS)
(1980,284,Rick Wilson,SG,23,ATL,5,,11.8,0.4,2.8,.143,0.0,0.0,,0.4,2.8,.143,.143,0.8,1.2,.667,0.4,0.2,0.6,2.2,0.8,0.2,1.6,0.6,1.6)
