(1986,Rk,Player,Pos,Age,Tm,G,GS,MP,FG,FGA,FG%,3P,3PA,3P%,2P,2PA,2P%,eFG%,FT,FTA,FT%,ORB,DRB,TRB,AST,STL,BLK,TOV,PF,PTS)
(1986,4,Mark Aguirre,SF,26,DAL,74,73,33.8,9.0,17.9,.503,0.2,0.8,.286,8.8,17.2,.513,.509,4.3,6.1,.705,2.4,3.6,6.0,4.6,0.8,0.2,3.4,3.1,22.6)
(1986,8,James Bailey,PF,28,NYK,48,36,25.9,4.2,9.2,.456,0.0,0.1,.000,4.2,9.1,.460,.456,2.7,3.5,.772,2.1,4.8,7.0,1.0,0.7,0.8,2.1,4.3,11.1)
(1986,12,Ken Bannister,PF,25,NYK,70,15,20.1,3.4,6.8,.491,0.0,0.0,.000,3.4,6.8,.492,.491,1.9,3.6,.526,1.3,3.3,4.6,0.6,0.6,0.3,1.8,3.0,8.6)
(1986,16,Kent Benson,C,31,DET,72,51,18.7,2.8,5.8,.484,0.0,0.0,.500,2.8,5.7,.484,.486,0.9,1.2,.795,1.6,3.6,5.2,1.1,0.8,0.7,0.8,2.7,6.5)
(1986,20,Rolando Blackman,SG,26,DAL,82,81,34.0,8.3,16.1,.514,0.0,0.4,.138,8.2,15.7,.522,.515,4.9,5.9,.836,1.1,2.5,3.5,3.3,1.0,0.3,2.3,1.7,21.5)
(1986,23,Dudley Bradley,SG,28,WSB,70,7,12.0,1.0,3.0,.349,0.2,1.0,.250,0.8,2.0,.397,.390,0.5,0.8,.571,0.3,1.0,1.4,1.5,1.2,0.0,0.6,1.4,2.8)
(1986,27,Frank Brickowski,C,26,SEA,40,2,7.8,0.8,1.5,.517,0.0,0.0,,0.8,1.5,.517,.517,0.5,0.7,.667,0.4,1.0,1.4,0.5,0.3,0.2,0.6,1.9,2.0)
(1986,31,Wallace Bryant,C,26,TOT,17,8,12.8,0.9,2.8,.313,0.0,0.0,,0.9,2.8,.313,.313,0.6,1.1,.579,1.0,2.1,3.1,0.9,0.3,0.3,0.5,2.2,2.4)
(1986,35,Rick Carlisle,SG,26,BOS,77,1,9.9,1.2,2.5,.487,0.0,0.1,.000,1.2,2.3,.514,.487,0.2,0.3,.652,0.3,0.7,1.0,1.4,0.2,0.1,0.6,1.2,2.6)
(1986,39,Butch Carter,SG,27,TOT,9,0,7.4,0.8,2.7,.292,0.0,0.1,.000,0.8,2.6,.304,.292,0.7,0.8,.857,0.2,0.2,0.4,0.4,0.1,0.0,0.8,1.6,2.2)
(1986,42,Bobby Cattage,PF,27,NJN,29,1,6.4,1.0,2.9,.337,0.0,0.2,.200,0.9,2.7,.346,.343,1.2,1.5,.795,0.5,0.7,1.2,0.1,0.2,0.0,0.4,0.8,3.2)
(1986,46,Fred Cofield,PG,24,NYK,45,1,10.4,1.7,4.1,.408,0.1,0.3,.200,1.6,3.8,.426,.416,0.3,0.4,.600,0.1,0.9,1.0,1.8,0.4,0.1,1.1,1.4,3.7)
(1986,50,Jeff Cook,PF,29,TOT,36,0,10.4,0.9,2.0,.425,0.0,0.0,.000,0.9,2.0,.431,.425,0.8,1.2,.643,0.9,1.5,2.4,0.6,0.4,0.3,0.4,1.8,2.5)
(1986,54,Tyrone Corbin,SF,23,SAS,16,0,10.9,1.7,4.0,.422,0.0,0.1,.000,1.7,3.9,.429,.422,0.6,0.9,.714,0.7,0.9,1.6,0.7,0.7,0.1,0.8,1.3,4.0)
(1986,58,Pat Cummings,C,29,NYK,31,30,32.5,6.3,13.2,.478,0.0,0.1,.000,6.3,13.1,.480,.478,3.1,4.5,.698,3.0,6.1,9.0,1.5,0.9,0.4,2.8,4.4,15.7)
(1986,61,Quintin Dailey,SG,25,CHI,35,0,20.7,5.8,13.4,.432,0.0,0.2,.000,5.8,13.2,.439,.432,4.7,5.7,.823,0.6,1.4,1.9,1.9,0.6,0.1,1.9,2.5,16.3)
(1986,65,Johnny Davis,SG,30,TOT,66,7,15.4,2.2,5.2,.430,0.0,0.2,.231,2.2,5.0,.438,.435,1.8,2.1,.855,0.1,0.7,0.8,3.3,0.6,0.1,1.2,1.2,6.3)
(1986,69,James Donaldson,C,28,TOT,83,78,32.3,3.1,5.5,.558,0.0,0.0,,3.1,5.5,.558,.558,2.5,3.1,.803,2.1,7.5,9.6,1.2,0.3,1.7,1.5,2.3,8.6)
(1986,73,T.R. Dunn,SG,30,DEN,82,82,29.3,2.1,4.6,.454,0.0,0.0,.000,2.1,4.6,.455,.454,0.8,1.1,.773,1.7,2.9,4.6,2.1,1.9,0.2,0.6,2.8,5.0)
(1986,77,James Edwards,C,30,PHO,52,51,25.3,6.1,11.3,.542,0.0,0.0,,6.1,11.3,.542,.542,4.1,5.8,.702,1.5,4.3,5.8,1.4,0.4,0.6,2.5,3.8,16.3)
(1986,Rk,Player,Pos,Age,Tm,G,GS,MP,FG,FGA,FG%,3P,3PA,3P%,2P,2PA,2P%,eFG%,FT,FTA,FT%,ORB,DRB,TRB,AST,STL,BLK,TOV,PF,PTS)
(1986,84,Kenny Fields,SF,23,MIL,78,3,14.4,2.6,5.1,.513,0.0,0.1,.000,2.6,5.1,.518,.513,1.2,1.7,.689,0.8,1.8,2.6,1.0,0.7,0.2,1.0,2.2,6.4)
(1986,88,World B. Free,SG,32,CLE,75,75,33.8,8.7,19.1,.455,0.9,2.3,.420,7.7,16.9,.460,.480,5.1,6.5,.780,1.0,1.9,2.9,4.2,1.2,0.3,2.3,2.5,23.4)
(1986,92,Artis Gilmore*,C,36,SAS,71,71,33.7,6.0,9.6,.618,0.0,0.0,.000,6.0,9.6,.619,.618,4.8,6.8,.701,2.3,6.1,8.5,1.4,0.5,1.5,2.6,3.4,16.7)
(1986,96,Lancaster Gordon,SG,23,LAC,60,1,11.7,2.2,5.8,.377,0.1,0.5,.250,2.1,5.3,.388,.387,0.8,0.9,.804,0.4,0.7,1.1,1.0,0.6,0.2,1.0,1.5,5.2)
(1986,100,Kenny Green,SF,21,TOT,41,0,11.0,2.0,4.7,.432,0.0,0.0,.000,2.0,4.7,.435,.432,0.9,1.2,.714,0.7,1.1,1.8,0.2,0.1,0.2,0.9,1.3,4.9)
(1986,103,Dave Greenwood,PF,28,SAS,68,24,28.1,2.9,5.7,.510,0.0,0.0,.000,2.9,5.7,.512,.510,2.1,2.7,.772,2.2,5.6,7.8,1.3,0.5,0.8,1.7,3.0,7.9)
(1986,107,Bob Hansen,SG,25,UTA,82,82,24.8,3.6,7.7,.476,0.2,0.6,.340,3.4,7.0,.488,.490,1.2,1.6,.720,1.0,2.0,3.0,2.4,0.9,0.1,1.5,2.5,8.7)
(1986,111,Scott Hastings,PF,25,ATL,62,0,10.5,1.0,2.6,.409,0.0,0.1,.750,1.0,2.5,.400,.418,1.0,1.1,.857,0.7,1.3,2.0,0.4,0.2,0.1,0.6,1.9,3.1)
(1986,115,Carl Henry,SG,25,SAC,28,0,5.3,1.1,2.4,.463,0.1,0.4,.400,1.0,2.0,.474,.493,0.4,0.6,.706,0.3,0.4,0.7,0.1,0.2,0.0,0.3,0.4,2.8)
(1986,119,Mike Holton,PG-SG,24,TOT,28,0,18.3,2.8,6.3,.440,0.0,0.4,.083,2.7,5.8,.466,.443,1.0,1.6,.636,0.4,0.8,1.2,2.0,0.9,0.0,1.0,1.7,6.5)
(1986,122,Jay Humphries,PG,23,PHO,82,82,33.3,4.3,9.0,.479,0.0,0.4,.138,4.2,8.6,.493,.482,2.4,3.1,.767,0.7,2.5,3.2,6.4,1.6,0.1,2.3,2.7,11.0)
(1986,126,Dennis Johnson*,PG,31,BOS,78,78,35.0,6.2,13.6,.455,0.1,0.5,.143,6.1,13.1,.468,.458,3.1,3.8,.818,0.9,2.6,3.4,5.8,1.4,0.4,2.2,2.6,15.6)
(1986,130,George Johnson,C,37,SEA,41,0,6.4,0.3,0.6,.522,0.0,0.0,,0.3,0.6,.522,.522,0.3,0.4,.688,0.6,0.8,1.5,0.3,0.1,0.9,0.3,1.1,0.9)
(1986,134,Marques Johnson,SG,29,LAC,75,75,34.7,8.2,16.0,.510,0.0,0.2,.067,8.2,15.8,.516,.511,4.0,5.2,.760,2.1,3.5,5.5,3.8,1.4,0.7,2.4,2.9,20.3)
(1986,138,Bobby Jones,PF,34,PHI,70,42,21.7,2.7,4.8,.559,0.0,0.0,.000,2.7,4.8,.561,.559,1.6,2.1,.786,0.7,1.7,2.4,1.8,0.7,0.7,1.3,2.3,7.0)
(1986,141,Charles Jones,PF,24,PHO,43,18,17.3,1.7,3.8,.457,0.0,0.0,.000,1.7,3.8,.460,.457,1.2,2.3,.510,1.5,3.0,4.5,1.2,0.7,0.6,1.3,2.0,4.7)
(1986,145,Michael Jordan*,SG,22,CHI,18,7,25.1,8.3,18.2,.457,0.2,1.0,.167,8.2,17.2,.474,.462,5.8,6.9,.840,1.3,2.3,3.6,2.9,2.1,1.2,2.5,2.6,22.7)
(1986,149,Clark Kellogg,PF,24,IND,19,12,29.9,7.3,15.5,.473,0.2,0.7,.308,7.1,14.8,.480,.480,2.8,3.6,.768,2.7,6.2,8.8,3.0,1.5,0.4,3.2,3.1,17.6)
(1986,153,Joe Kleine,C,24,SAC,80,18,14.8,2.0,4.3,.465,0.0,0.0,,2.0,4.3,.465,.465,1.2,1.6,.723,1.4,3.3,4.7,0.6,0.3,0.4,1.3,2.8,5.2)
(1986,157,Jeff Lamp,SF,26,TOT,74,2,17.9,3.3,6.9,.477,0.1,0.4,.233,3.2,6.5,.492,.483,1.5,1.8,.835,0.7,2.0,2.7,1.6,0.5,0.1,0.9,2.1,8.2)
(1986,Rk,Player,Pos,Age,Tm,G,GS,MP,FG,FGA,FG%,3P,3PA,3P%,2P,2PA,2P%,eFG%,FT,FTA,FT%,ORB,DRB,TRB,AST,STL,BLK,TOV,PF,PTS)
(1986,167,Maurice Lucas,PF,33,LAL,77,8,22.7,3.9,8.5,.462,0.0,0.0,.500,3.9,8.5,.462,.463,2.3,3.0,.783,2.1,5.2,7.4,1.1,0.6,0.3,1.6,3.3,10.2)
(1986,171,Karl Malone*,PF,22,UTA,81,76,30.6,6.2,12.5,.496,0.0,0.0,.000,6.2,12.5,.497,.496,2.4,5.0,.481,2.1,6.7,8.9,2.9,1.3,0.5,3.4,3.6,14.9)
(1986,175,Brian Martin,SF-PF,23,TOT,8,0,2.6,0.4,0.9,.429,0.0,0.0,,0.4,0.9,.429,.429,0.0,0.3,.000,0.1,0.4,0.5,0.0,0.0,0.1,0.3,0.9,0.8)
(1986,179,Dwayne McClain,SF,22,IND,45,4,10.2,1.5,4.0,.383,0.0,0.2,.111,1.5,3.8,.398,.386,0.4,0.8,.514,0.3,0.4,0.7,1.5,0.8,0.1,0.9,1.4,3.5)
(1986,182,Xavier McDaniel,SF,22,SEA,82,80,33.0,7.0,14.3,.490,0.0,0.1,.200,7.0,14.2,.492,.491,3.0,4.4,.687,3.7,4.2,8.0,2.4,1.2,0.5,3.0,3.7,17.1)
(1986,186,Kevin McHale*,PF,28,BOS,68,62,35.3,8.3,14.4,.574,0.0,0.0,,8.3,14.4,.574,.574,4.8,6.2,.776,2.5,5.6,8.1,2.7,0.4,2.0,2.2,2.8,21.3)
(1986,190,Chris McNealy,PF,24,NYK,30,6,20.9,2.3,4.8,.486,0.0,0.0,,2.3,4.8,.486,.486,1.0,1.6,.660,2.1,4.7,6.8,1.4,1.3,0.4,1.2,2.9,5.7)
(1986,194,Sidney Moncrief,PG,28,MIL,73,72,35.2,6.4,13.2,.489,0.5,1.4,.320,6.0,11.8,.509,.506,6.8,7.9,.859,1.6,3.0,4.6,4.9,1.4,0.2,2.4,2.4,20.2)
(1986,198,Jay Murphy,SF,23,LAC,14,0,7.1,1.1,3.2,.356,0.0,0.1,.000,1.1,3.1,.372,.356,0.6,1.0,.643,0.5,0.6,1.1,0.2,0.3,0.2,0.4,0.9,2.9)
(1986,201,Chuck Nevitt,C,26,TOT,29,0,4.3,0.5,1.5,.349,0.0,0.0,,0.5,1.5,.349,.349,0.7,0.9,.731,0.4,0.7,1.1,0.2,0.1,0.7,0.4,1.2,1.7)
(1986,205,Charles Oakley,PF,22,CHI,77,30,23.0,3.6,7.0,.519,0.0,0.0,.000,3.6,7.0,.522,.519,2.3,3.5,.662,3.3,5.3,8.6,1.7,0.9,0.4,2.3,3.2,9.6)
(1986,209,Louis Orr,SF,27,NYK,74,64,30.2,4.5,10.0,.445,0.0,0.1,.000,4.5,10.0,.448,.445,2.9,3.8,.784,1.7,2.6,4.2,2.4,0.8,0.4,1.6,2.4,11.9)
(1986,213,Sam Perkins,PF,24,DAL,80,79,32.8,5.7,11.4,.503,0.1,0.4,.333,5.6,11.0,.510,.509,3.8,4.7,.814,2.4,6.1,8.6,1.9,0.9,1.2,1.8,2.7,15.4)
(1986,217,Ed Pinckney,SF,22,PHO,80,24,20.0,3.2,5.7,.558,0.0,0.0,.000,3.2,5.7,.560,.558,2.1,3.2,.673,1.2,2.7,3.9,1.1,0.9,0.5,1.9,2.4,8.5)
(1986,Rk,Player,Pos,Age,Tm,G,GS,MP,FG,FGA,FG%,3P,3PA,3P%,2P,2PA,2P%,eFG%,FT,FTA,FT%,ORB,DRB,TRB,AST,STL,BLK,TOV,PF,PTS)
(1986,224,Kelvin Ransey,PG,27,NJN,79,15,19.0,2.9,6.4,.457,0.0,0.3,.125,2.9,6.1,.474,.460,1.5,1.9,.818,0.4,1.0,1.5,3.2,0.6,0.1,1.4,1.6,7.4)
(1986,228,Clint Richardson,SG,29,IND,82,61,27.1,4.1,9.0,.455,0.0,0.1,.111,4.1,8.9,.459,.456,1.5,1.8,.837,0.8,2.2,3.1,4.5,0.7,0.1,1.7,1.9,9.7)
(1986,232,Alvin Robertson,SG,23,SAS,82,82,35.1,6.9,13.3,.514,0.1,0.4,.276,6.8,13.0,.521,.518,3.2,4.0,.795,2.2,4.0,6.3,5.5,3.7,0.5,3.1,3.6,17.0)
(1986,236,Dan Roundfield,PF,32,WSB,79,21,29.4,4.1,8.4,.488,0.0,0.1,.000,4.1,8.3,.492,.488,3.5,4.6,.754,2.7,5.5,8.1,2.1,0.5,0.6,2.4,2.5,11.6)
(1986,240,Ralph Sampson*,PF,25,HOU,79,76,36.3,7.9,16.2,.488,0.0,0.2,.133,7.9,16.0,.492,.488,3.1,4.8,.641,3.3,7.9,11.1,3.6,1.3,1.6,3.6,3.9,18.9)
(1986,243,Detlef Schrempf,SF,23,DAL,64,12,15.1,2.2,4.9,.451,0.0,0.1,.429,2.2,4.8,.451,.456,1.7,2.4,.724,1.1,2.0,3.1,1.4,0.4,0.2,1.3,2.6,6.2)
(1986,247,Purvis Short,SF,28,GSW,64,63,37.9,9.9,20.5,.482,0.2,0.8,.306,9.7,19.8,.489,.488,5.5,6.3,.865,2.0,3.2,5.1,3.7,1.4,0.3,2.9,3.6,25.5)
(1986,251,Larry Smith,PF,28,GSW,77,74,31.7,4.1,7.6,.536,0.0,0.0,.000,4.1,7.6,.537,.536,1.5,2.9,.493,5.0,6.1,11.1,1.2,0.8,0.6,1.8,3.7,9.6)
(1986,255,Larry Spriggs,SF,26,LAL,43,7,11.0,2.0,4.5,.458,0.0,0.0,.000,2.0,4.4,.461,.458,0.9,1.1,.776,0.7,1.2,1.9,1.1,0.4,0.2,1.3,1.8,5.0)
(1986,259,John Stockton*,PG,23,UTA,82,38,23.6,2.8,5.7,.489,0.0,0.2,.133,2.8,5.5,.501,.491,2.1,2.5,.839,0.4,1.8,2.2,7.4,1.9,0.1,2.0,2.8,7.7)
(1986,262,Terry Teagle,SG,25,GSW,82,52,26.3,5.8,11.7,.496,0.0,0.3,.160,5.7,11.4,.505,.498,2.6,3.2,.796,1.2,1.7,2.9,1.4,0.9,0.4,1.7,2.9,14.2)
(1986,266,Isiah Thomas*,PG,24,DET,77,77,36.2,7.9,16.2,.488,0.3,1.1,.310,7.6,15.1,.501,.498,4.7,6.0,.790,1.1,2.5,3.6,10.8,2.2,0.3,3.8,3.2,20.9)
(1986,270,Mychal Thompson,C,31,POR,82,78,31.3,6.1,12.3,.498,0.0,0.0,,6.1,12.3,.498,.498,2.4,3.8,.641,2.2,5.2,7.4,2.1,0.9,0.4,2.4,3.3,14.7)
(1986,274,Sedale Threatt,SG,24,PHI,70,27,25.1,4.4,9.8,.453,0.0,0.3,.042,4.4,9.4,.468,.454,1.1,1.3,.833,0.3,1.4,1.7,2.8,1.3,0.1,1.5,2.2,9.9)
(1986,278,Kelly Tripucka,SF,26,DET,81,81,32.4,7.6,15.3,.498,0.1,0.3,.480,7.4,15.0,.498,.502,4.7,5.5,.856,1.4,2.9,4.3,3.3,1.1,0.1,2.3,2.1,20.0)
(1986,281,Jeff Turner,PF,23,NJN,53,1,12.3,1.6,3.2,.491,0.0,0.0,.000,1.6,3.2,.494,.491,1.1,1.5,.744,0.8,1.7,2.6,0.3,0.4,0.1,0.9,2.4,4.3)
(1986,285,Kiki Vandeweghe,SF,27,POR,79,76,35.3,9.1,16.9,.540,0.0,0.1,.125,9.1,16.8,.542,.540,6.6,7.6,.869,1.2,1.6,2.7,2.4,0.7,0.2,2.2,2.0,24.8)
(1986,289,Sam Vincent,SG,22,BOS,57,0,7.6,1.0,2.8,.364,0.0,0.1,.250,1.0,2.8,.367,.367,1.1,1.2,.929,0.2,0.6,0.8,1.2,0.3,0.1,0.9,1.0,3.2)
(1986,293,Bill Walton*,C,33,BOS,80,2,19.3,2.9,5.1,.562,0.0,0.0,,2.9,5.1,.562,.562,1.8,2.5,.713,1.7,5.1,6.8,2.1,0.5,1.3,1.9,2.6,7.6)
(1986,297,Bill Wennington,C,22,DAL,56,3,10.0,1.3,2.7,.471,0.0,0.1,.000,1.3,2.7,.483,.471,0.8,1.1,.726,0.6,1.8,2.4,0.4,0.2,0.4,0.4,1.5,3.4)
(1986,Rk,Player,Pos,Age,Tm,G,GS,MP,FG,FGA,FG%,3P,3PA,3P%,2P,2PA,2P%,eFG%,FT,FTA,FT%,ORB,DRB,TRB,AST,STL,BLK,TOV,PF,PTS)
(1986,304,Jamaal Wilkes*,SF,32,LAC,13,1,15.0,2.0,5.0,.400,0.1,0.2,.333,1.9,4.8,.403,.408,1.7,2.1,.815,1.0,1.2,2.2,1.2,0.5,0.2,1.2,1.5,5.8)
(1986,308,Buck Williams,PF,25,NJN,82,82,37.4,6.1,11.7,.523,0.0,0.0,.000,6.1,11.6,.524,.523,3.7,5.4,.676,4.0,8.0,12.0,1.6,0.9,1.2,3.0,3.6,15.9)
(1986,312,Herb Williams,C,27,IND,78,74,35.5,8.0,16.3,.492,0.0,0.2,.083,8.0,16.2,.496,.492,3.8,5.2,.730,2.2,6.9,9.1,2.2,0.6,2.4,2.7,3.1,19.9)
(1986,316,Kevin Willis,PF,23,ATL,82,59,28.0,5.1,9.9,.517,0.0,0.1,.000,5.1,9.8,.520,.517,2.1,3.2,.654,3.0,5.6,8.6,0.5,0.8,0.5,2.2,3.6,12.3)
(1986,320,Leon Wood,PG,23,TOT,68,1,17.6,2.7,6.9,.395,0.6,1.7,.360,2.1,5.2,.406,.439,1.8,2.3,.794,0.4,1.0,1.3,2.7,0.5,0.0,1.1,1.0,7.8)
(1986,323,James Worthy*,SF,24,LAL,75,73,32.7,8.4,14.5,.579,0.0,0.2,.000,8.4,14.3,.586,.579,3.2,4.2,.771,1.8,3.3,5.2,2.7,1.1,1.0,2.0,2.6,20.0)
