(1986,3,Michael Adams,PG,23,SAC,18,0,7.7,0.9,2.4,.364,0.0,0.2,.000,0.9,2.3,.390,.364,0.4,0.7,.667,0.1,0.2,0.3,1.2,0.5,0.1,0.6,0.5,2.2)
(1986,7,John Bagley,PG,25,CLE,78,77,31.7,4.7,11.1,.423,0.1,0.5,.243,4.6,10.6,.431,.428,2.2,2.8,.791,1.0,2.6,3.5,9.4,1.6,0.1,3.1,2.1,11.7)
(1986,11,Gene Banks,SF,26,CHI,82,33,26.1,4.3,8.4,.517,0.0,0.2,.000,4.3,8.2,.532,.517,2.2,3.1,.718,2.2,2.2,4.4,3.1,1.0,0.1,1.7,2.6,10.9)
(1986,15,Benoit Benjamin,C,21,LAC,79,37,26.4,4.1,8.4,.490,0.0,0.0,.333,4.1,8.3,.491,.491,2.9,3.9,.746,2.0,5.6,7.6,1.0,0.8,2.6,1.8,3.6,11.1)
(1986,19,Uwe Blab,C,23,DAL,48,0,8.5,0.9,2.0,.468,0.0,0.0,,0.9,2.0,.468,.468,0.8,1.4,.537,0.5,1.4,1.9,0.4,0.1,0.3,0.6,1.4,2.6)
(1986,22,Sam Bowie,C,24,POR,38,34,29.8,4.4,9.1,.484,0.0,0.0,,4.4,9.1,.484,.484,3.0,4.2,.708,2.4,6.2,8.6,2.6,0.6,2.5,2.3,3.7,11.8)
(1986,26,Ron Brewer,SG,30,TOT,44,3,13.0,2.0,5.1,.384,0.1,0.4,.294,1.8,4.7,.391,.395,0.8,0.9,.895,0.3,0.9,1.2,0.9,0.4,0.1,0.5,1.0,4.8)
(1986,30,Tony Brown,SG,25,CHI,10,0,13.2,1.8,4.1,.439,0.0,0.2,.000,1.8,3.9,.462,.439,0.9,1.3,.692,0.5,1.1,1.6,1.4,0.5,0.1,0.4,1.6,4.5)
(1986,34,Tony Campbell,SF,23,DET,82,1,15.8,3.6,7.4,.484,0.0,0.1,.222,3.6,7.3,.487,.485,0.7,0.9,.795,1.0,1.9,2.9,0.5,0.8,0.1,1.0,2.0,7.9)
(1986,38,Joe Barry Carroll,C,27,GSW,79,79,35.5,8.2,17.8,.463,0.0,0.0,.000,8.2,17.7,.464,.463,4.8,6.3,.752,2.4,6.0,8.5,2.2,1.3,1.8,3.5,3.5,21.2)
(1986,41,Terry Catledge,PF,22,PHI,64,7,17.1,3.2,6.7,.469,0.0,0.1,.000,3.2,6.7,.473,.469,1.4,2.2,.647,1.7,2.6,4.3,0.3,0.5,0.1,1.1,2.0,7.7)
(1986,45,Maurice Cheeks,PG,29,PHI,82,82,39.9,6.0,11.1,.537,0.0,0.2,.235,5.9,10.9,.542,.539,3.4,4.1,.842,0.7,2.2,2.9,9.2,2.5,0.3,2.9,2.0,15.4)
(1986,49,Darwin Cook,PG,27,NJN,79,33,24.9,3.4,7.9,.426,0.1,0.7,.208,3.2,7.3,.446,.435,1.1,1.4,.757,0.6,1.6,2.2,4.9,2.0,0.3,1.7,2.2,8.0)
(1986,53,Wayne Cooper,C,29,DEN,78,78,27.1,5.4,11.6,.466,0.0,0.1,.429,5.4,11.5,.466,.467,2.2,2.8,.795,2.4,5.4,7.8,1.0,0.5,2.9,1.5,4.0,13.1)
(1986,57,Jeff Cross,PF,24,LAC,21,0,6.1,0.3,1.1,.250,0.0,0.0,,0.3,1.1,.250,.250,0.7,1.2,.560,0.4,1.0,1.4,0.0,0.1,0.1,0.3,1.8,1.2)
(1986,Rk,Player,Pos,Age,Tm,G,GS,MP,FG,FGA,FG%,3P,3PA,3P%,2P,2PA,2P%,eFG%,FT,FTA,FT%,ORB,DRB,TRB,AST,STL,BLK,TOV,PF,PTS)
(1986,64,Charles Davis,SF,27,MIL,57,7,15.3,3.3,7.0,.474,0.1,0.4,.125,3.2,6.5,.496,.477,1.1,1.3,.813,1.1,1.9,3.0,1.0,0.5,0.1,0.9,2.0,7.7)
(1986,68,Darren Daye,SF,25,WSB,64,4,16.8,3.1,6.2,.496,0.0,0.0,.333,3.1,6.2,.497,.497,2.5,3.7,.671,1.1,1.8,2.9,1.7,0.7,0.2,1.5,1.9,8.7)
(1986,72,Joe Dumars*,SG,22,DET,82,45,23.9,3.5,7.3,.481,0.1,0.2,.313,3.4,7.1,.485,.485,2.3,2.9,.798,0.7,0.7,1.5,4.8,0.8,0.1,1.9,2.4,9.4)
(1986,76,Franklin Edwards,PG,26,LAC,73,19,20.4,3.6,7.9,.454,0.0,0.1,.111,3.6,7.8,.460,.455,1.8,2.1,.874,0.3,0.8,1.2,3.5,1.2,0.1,1.9,1.2,9.0)
(1986,80,Alex English*,SF,32,DEN,81,81,37.3,11.7,23.3,.504,0.0,0.1,.200,11.7,23.2,.505,.504,6.3,7.3,.862,2.4,2.6,5.0,4.0,0.9,0.4,3.1,2.9,29.8)
(1986,83,Patrick Ewing*,C,23,NYK,50,50,35.4,7.7,16.3,.474,0.0,0.1,.000,7.7,16.2,.477,.474,4.5,6.1,.739,2.5,6.5,9.0,2.0,1.1,2.1,3.4,3.8,20.0)
(1986,87,Rod Foster,PG,25,PHO,48,0,14.7,1.8,4.5,.390,0.2,0.7,.281,1.6,3.9,.409,.411,0.5,0.7,.719,0.2,1.0,1.2,2.5,0.5,0.0,1.3,1.6,4.2)
(1986,91,Mike Gibson,PF,25,DET,32,0,5.0,0.6,1.6,.392,0.0,0.0,,0.6,1.6,.392,.392,0.3,0.3,.727,0.5,0.8,1.3,0.2,0.3,0.1,0.2,1.1,1.5)
(1986,95,Mike Gminski,C,26,NJN,81,78,31.2,6.1,11.7,.517,0.0,0.0,.000,6.1,11.7,.518,.517,4.3,4.9,.893,2.5,5.7,8.2,1.6,0.7,0.9,1.7,2.0,16.5)
(1986,99,Ken Green,PF,26,NYK,7,0,10.3,1.9,3.9,.481,0.0,0.0,,1.9,3.9,.481,.481,0.7,1.3,.556,1.7,2.1,3.9,0.3,0.6,0.0,0.1,1.1,4.4)
(1986,102,Sidney Green,PF,25,CHI,80,68,28.8,5.1,10.9,.465,0.0,0.1,.000,5.1,10.8,.469,.465,3.3,4.2,.782,2.6,5.6,8.2,1.7,0.9,0.5,2.8,3.7,13.5)
(1986,106,Petur Gudmundsson,C,27,LAL,8,2,16.0,2.5,4.6,.541,0.0,0.0,,2.5,4.6,.541,.541,2.3,3.4,.667,2.1,2.6,4.8,0.4,0.4,0.5,1.4,3.1,7.3)
(1986,110,Steve Harris,SG,22,HOU,57,0,8.5,1.8,4.1,.442,0.0,0.1,.200,1.8,4.0,.447,.444,0.9,0.9,.926,0.4,0.6,1.0,0.9,0.4,0.1,0.6,1.0,4.5)
(1986,114,Jerome Henderson,C,26,LAL,1,0,3.0,2.0,3.0,.667,0.0,0.0,,2.0,3.0,.667,.667,0.0,0.0,,0.0,1.0,1.0,0.0,0.0,0.0,0.0,1.0,4.0)
(1986,118,Craig Hodges,SG,25,MIL,66,66,26.3,4.3,8.6,.500,1.1,2.5,.451,3.2,6.2,.520,.564,1.1,1.3,.872,0.6,1.2,1.8,3.5,1.1,0.0,1.3,2.4,10.8)
(1986,121,Alfredrick Hughes,SG,23,SAS,68,0,12.7,2.2,5.5,.409,0.0,0.3,.176,2.2,5.2,.420,.413,0.7,1.2,.583,0.7,0.9,1.7,0.9,0.4,0.1,0.9,1.2,5.2)
(1986,125,Clemon Johnson,C,29,PHI,75,2,14.3,1.4,3.0,.471,0.0,0.0,,1.4,3.0,.471,.471,0.7,1.1,.630,1.4,2.0,3.4,0.2,0.3,0.8,0.5,1.7,3.5)
(1986,129,Frank Johnson,PG,27,WSB,14,9,28.7,4.9,11.0,.448,0.0,0.2,.000,4.9,10.8,.457,.448,2.7,3.9,.704,0.5,1.5,2.0,5.4,0.8,0.1,2.1,2.1,12.6)
(1986,133,Magic Johnson*,PG,26,LAL,72,70,35.8,6.7,12.8,.526,0.1,0.6,.233,6.6,12.2,.541,.532,5.3,6.0,.871,1.2,4.7,5.9,12.6,1.6,0.2,3.8,1.8,18.8)
(1986,137,Vinnie Johnson,SG,29,DET,79,12,25.0,5.9,12.6,.467,0.0,0.2,.154,5.9,12.4,.471,.468,2.1,2.7,.771,1.5,1.4,2.9,3.4,1.0,0.3,1.1,2.3,13.9)
(1986,Rk,Player,Pos,Age,Tm,G,GS,MP,FG,FGA,FG%,3P,3PA,3P%,2P,2PA,2P%,eFG%,FT,FTA,FT%,ORB,DRB,TRB,AST,STL,BLK,TOV,PF,PTS)
(1986,144,Ozell Jones,C,25,LAC,3,0,6.0,0.0,0.7,.000,0.0,0.0,,0.0,0.7,.000,.000,0.0,0.0,,0.0,0.7,0.7,0.0,0.7,0.3,1.0,1.7,0.0)
(1986,148,Rich Kelley,C,32,SAC,37,0,8.8,0.8,1.3,.571,0.0,0.1,.000,0.8,1.3,.596,.571,0.5,0.6,.818,0.8,1.4,2.2,1.2,0.3,0.1,0.6,1.7,2.0)
(1986,152,Greg Kite,C,24,BOS,64,2,7.3,0.5,1.4,.374,0.0,0.0,.000,0.5,1.4,.378,.374,0.2,0.6,.385,0.5,1.5,2.0,0.3,0.0,0.4,0.5,1.3,1.3)
(1986,156,Bill Laimbeer,C,28,DET,82,82,35.3,6.6,13.5,.492,0.0,0.2,.286,6.6,13.3,.495,.494,3.2,3.9,.834,3.7,9.4,13.1,1.8,0.7,0.8,1.6,3.5,16.6)
(1986,160,Ronnie Lester,PG,27,LAL,27,0,8.2,1.0,1.9,.500,0.0,0.1,.000,1.0,1.8,.531,.500,0.6,0.7,.789,0.0,0.4,0.4,2.0,0.3,0.1,1.6,1.0,2.5)
(1986,163,Alton Lister,C,27,MIL,81,19,22.4,3.9,7.1,.551,0.0,0.0,.000,3.9,7.1,.553,.551,2.0,3.3,.602,2.5,4.9,7.3,1.2,0.6,1.8,2.0,3.7,9.8)
(1986,166,John Lucas,PG,32,HOU,65,65,32.6,5.6,12.6,.446,0.7,2.2,.308,4.9,10.3,.476,.474,3.6,4.6,.775,0.5,1.7,2.2,8.8,1.2,0.1,2.3,1.9,15.5)
(1986,170,Jeff Malone,SG,24,WSB,80,80,37.4,9.2,19.0,.483,0.0,0.2,.176,9.2,18.8,.486,.484,4.0,4.6,.868,0.8,2.8,3.6,2.4,0.9,0.2,2.1,2.3,22.4)
(1986,174,Bill Martin,SF,23,IND,66,0,10.5,2.2,4.5,.480,0.0,0.1,.000,2.2,4.4,.493,.480,0.7,0.8,.852,0.6,0.9,1.5,0.8,0.3,0.1,0.9,1.6,5.0)
(1986,178,Bob McAdoo*,C,34,PHI,29,0,21.0,4.0,8.7,.462,0.0,0.0,,4.0,8.7,.462,.462,2.1,2.8,.765,0.9,2.7,3.6,1.2,0.3,0.6,1.7,2.2,10.1)
(1986,181,Rodney McCray,SF,24,HOU,82,82,31.8,4.1,7.7,.537,0.0,0.0,.000,4.1,7.6,.540,.537,2.1,2.7,.770,1.9,4.4,6.3,3.6,0.6,0.7,1.6,2.4,10.3)
(1986,185,Mike McGee,SF,26,LAL,71,19,17.1,3.5,7.7,.463,0.6,1.6,.360,3.0,6.1,.491,.501,0.6,0.9,.656,0.7,1.3,2.0,1.2,0.7,0.1,1.0,1.8,8.3)
(1986,189,Tom McMillen,C,33,WSB,56,1,15.4,2.3,5.1,.460,0.0,0.1,.000,2.3,5.0,.465,.460,1.1,1.4,.810,0.8,1.2,2.0,0.6,0.2,0.2,0.6,1.5,5.8)
(1986,193,Paul Mokeski,C,29,MIL,45,0,11.6,1.3,3.1,.424,0.0,0.0,,1.3,3.1,.424,.424,0.6,0.8,.735,0.8,2.3,3.1,0.7,0.1,0.1,0.6,2.0,3.2)
(1986,197,Chris Mullin*,SG,22,GSW,55,30,25.3,5.2,11.3,.463,0.1,0.5,.185,5.1,10.8,.476,.467,3.4,3.8,.896,0.8,1.3,2.1,1.9,1.3,0.4,1.4,2.4,14.0)
(1986,Rk,Player,Pos,Age,Tm,G,GS,MP,FG,FGA,FG%,3P,3PA,3P%,2P,2PA,2P%,eFG%,FT,FTA,FT%,ORB,DRB,TRB,AST,STL,BLK,TOV,PF,PTS)
(1986,204,Mike O'Koren,SF,27,NJN,67,11,15.4,2.4,5.0,.476,0.1,0.4,.259,2.3,4.6,.495,.487,0.3,0.6,.590,0.5,1.5,2.0,1.8,0.4,0.1,0.8,2.0,5.2)
(1986,208,Jawann Oldham,C,28,CHI,52,47,24.5,3.2,6.2,.517,0.0,0.0,.000,3.2,6.2,.519,.517,1.0,1.8,.582,2.2,3.7,5.9,0.7,0.5,2.6,1.7,4.0,7.4)
(1986,212,John Paxson,PG,25,CHI,75,3,20.9,2.0,4.4,.466,0.2,0.7,.300,1.8,3.7,.496,.489,1.0,1.2,.804,0.2,1.0,1.3,3.7,0.7,0.0,0.8,2.3,5.3)
(1986,216,Ricky Pierce,SG,26,MIL,81,8,26.5,5.3,9.9,.538,0.0,0.3,.130,5.3,9.6,.550,.539,3.3,3.8,.858,1.2,1.7,2.9,2.2,1.0,0.1,1.3,3.1,13.9)
(1986,220,Ben Poquette,PF,30,CLE,81,3,18.5,2.0,4.3,.477,0.0,0.1,.200,2.0,4.2,.485,.480,0.9,1.2,.720,1.5,3.1,4.6,1.0,0.4,0.4,0.8,2.3,5.0)
(1986,223,Kurt Rambis,PF,27,LAL,74,74,21.3,2.2,3.6,.595,0.0,0.0,,2.2,3.6,.595,.595,1.2,1.6,.721,2.1,4.9,7.0,0.9,0.9,0.4,1.3,2.7,5.5)
(1986,227,Jerry Reynolds,SF,23,MIL,55,8,9.2,1.3,2.9,.444,0.0,0.0,.500,1.3,2.9,.444,.448,1.1,1.9,.558,0.7,0.8,1.5,1.6,0.8,0.3,0.9,1.0,3.7)
(1986,231,Fred Roberts,PF,25,UTA,58,0,8.1,1.3,2.9,.443,0.0,0.0,.500,1.3,2.8,.442,.446,1.2,1.5,.770,0.5,0.8,1.4,0.5,0.1,0.1,0.9,1.2,3.7)
(1986,235,Tree Rollins,C,30,ATL,74,61,24.1,2.3,4.7,.499,0.0,0.0,.000,2.3,4.7,.500,.499,0.9,1.2,.767,1.8,4.4,6.2,0.6,0.5,2.3,1.2,3.2,5.6)
(1986,239,Walker Russell,PG,25,DET,1,0,2.0,0.0,1.0,.000,0.0,0.0,,0.0,1.0,.000,.000,0.0,0.0,,0.0,0.0,0.0,1.0,0.0,0.0,0.0,0.0,0.0)
(1986,242,Danny Schayes,C,26,DEN,80,13,20.7,2.8,5.5,.502,0.0,0.0,.000,2.8,5.5,.503,.502,2.7,3.5,.777,1.9,3.6,5.5,1.0,0.5,0.8,1.3,3.7,8.2)
(1986,246,Lonnie Shelton,PF,30,CLE,44,1,15.5,2.1,4.3,.489,0.0,0.0,.000,2.1,4.2,.495,.489,0.3,0.4,.875,0.9,2.4,3.3,1.4,0.5,0.1,1.1,2.9,4.5)
(1986,250,Derek Smith,SG,24,LAC,11,9,30.8,9.1,16.5,.552,0.1,0.2,.500,9.0,16.3,.553,.555,5.3,7.6,.690,1.8,1.9,3.7,2.8,0.8,1.2,3.0,3.2,23.5)
(1986,254,Rory Sparrow,PG,27,NYK,74,74,31.7,4.7,9.8,.477,0.1,0.3,.250,4.6,9.5,.484,.481,1.4,1.7,.795,0.7,1.6,2.3,6.4,1.1,0.2,2.1,2.5,10.8)
(1986,258,Alex Stivrins,SF,23,SEA,3,0,4.7,0.3,1.3,.250,0.0,0.0,,0.3,1.3,.250,.250,0.3,1.3,.250,1.0,0.0,1.0,0.3,0.0,0.0,1.0,0.7,1.0)
(1986,261,Jon Sundvold,PG,24,SAS,70,4,16.4,3.1,6.8,.462,0.3,0.9,.350,2.8,5.9,.478,.484,0.6,0.7,.813,0.3,0.8,1.1,3.7,0.5,0.0,1.2,1.6,7.1)
(1986,265,David Thirdkill,PF,25,BOS,49,0,7.9,1.1,2.2,.491,0.0,0.0,.000,1.1,2.2,.495,.491,1.1,1.8,.625,0.6,0.9,1.4,0.3,0.2,0.1,0.4,1.1,3.3)
(1986,269,LaSalle Thompson,C,24,SAC,80,64,29.7,5.1,9.9,.518,0.0,0.0,.000,5.1,9.9,.518,.518,2.5,3.5,.732,3.2,6.5,9.6,2.1,0.9,1.4,2.3,3.7,12.8)
(1986,273,Otis Thorpe,PF,23,SAC,75,18,22.3,3.9,6.6,.587,0.0,0.0,,3.9,6.6,.587,.587,2.2,3.3,.661,1.8,3.8,5.6,1.1,0.5,0.5,1.6,3.1,9.9)
(1986,277,Sedric Toney,PG,23,TOT,13,0,17.7,2.2,5.1,.424,0.2,0.8,.300,1.9,4.3,.446,.447,1.6,2.4,.677,0.2,1.7,1.9,2.0,0.5,0.0,1.7,1.8,6.2)
(1986,Rk,Player,Pos,Age,Tm,G,GS,MP,FG,FGA,FG%,3P,3PA,3P%,2P,2PA,2P%,eFG%,FT,FTA,FT%,ORB,DRB,TRB,AST,STL,BLK,TOV,PF,PTS)
(1986,284,Darnell Valentine,PG,26,TOT,62,29,19.6,2.6,6.3,.415,0.1,0.2,.286,2.5,6.0,.420,.420,2.1,2.8,.743,0.5,1.5,2.0,4.0,1.2,0.0,1.9,2.0,7.4)
(1986,288,Jay Vincent,PF,26,DAL,80,3,24.9,5.5,11.5,.481,0.0,0.0,.000,5.5,11.5,.483,.481,2.8,3.4,.810,1.3,3.3,4.6,2.3,0.8,0.3,1.8,2.4,13.8)
(1986,292,Darrell Walker,PG,24,NYK,81,35,25.0,4.0,9.3,.430,0.0,0.1,.000,4.0,9.2,.436,.430,2.3,3.4,.686,1.2,1.5,2.7,4.2,1.8,0.4,2.4,2.7,10.3)
(1986,296,Scott Wedman,SF,33,BOS,79,19,17.7,3.6,7.7,.473,0.2,0.6,.354,3.4,7.1,.483,.487,0.6,0.9,.662,0.8,1.6,2.4,1.1,0.5,0.3,0.7,1.6,8.0)
(1986,300,Rory White,SF,26,LAC,75,30,23.5,4.7,9.1,.519,0.0,0.1,.111,4.7,9.0,.524,.520,2.2,3.0,.739,1.1,1.3,2.4,1.0,1.0,0.1,1.3,2.1,11.7)
(1986,303,Mitchell Wiggins,SG,26,HOU,78,0,15.4,2.8,6.3,.454,0.0,0.2,.083,2.8,6.1,.463,.455,1.1,1.5,.729,1.1,0.9,2.0,1.3,0.8,0.1,0.8,2.0,6.8)
(1986,307,Jeff Wilkins,C,30,TOT,75,4,15.0,2.0,5.0,.393,0.0,0.0,,2.0,5.0,.393,.393,0.8,1.2,.624,1.0,2.6,3.6,0.6,0.1,0.3,0.7,2.1,4.7)
(1986,311,Guy Williams,PF,25,GSW,5,0,5.0,0.4,1.0,.400,0.0,0.0,,0.4,1.0,.400,.400,0.6,1.2,.500,0.0,1.2,1.2,0.0,0.2,0.4,0.0,1.4,1.4)
(1986,315,Sly Williams,SF,28,BOS,6,0,9.0,0.8,3.5,.238,0.0,0.7,.000,0.8,2.8,.294,.238,1.2,2.0,.583,1.2,1.3,2.5,0.3,0.2,0.2,1.2,2.5,2.8)
(1986,319,Al Wood,SG,27,SEA,78,34,22.4,4.6,10.5,.435,0.1,0.5,.135,4.5,10.0,.449,.438,2.4,3.1,.782,1.0,2.1,3.1,1.5,0.7,0.2,1.4,2.2,11.6)
(1986,322,Orlando Woolridge,SF,26,CHI,70,59,32.1,7.7,15.6,.495,0.1,0.3,.174,7.7,15.2,.502,.497,5.2,6.6,.788,2.1,2.9,5.0,3.0,0.7,0.7,2.5,2.7,20.7)
