(1986,2,Alvan Adams,C,31,PHO,78,45,25.7,4.4,8.7,.502,0.0,0.0,.000,4.4,8.7,.504,.502,2.0,2.6,.783,1.9,4.2,6.1,4.2,1.3,0.6,2.6,3.5,10.8)
(1986,6,Ron Anderson,SF,27,TOT,77,30,21.8,4.0,8.2,.494,0.0,0.1,.222,4.0,8.0,.498,.495,1.1,1.6,.669,1.7,1.9,3.6,1.9,0.7,0.1,1.1,1.6,9.2)
(1986,10,Greg Ballard,SF,31,GSW,75,14,23.9,3.6,7.6,.477,0.2,0.5,.486,3.4,7.1,.477,.492,1.3,1.7,.802,1.8,3.8,5.6,1.1,0.9,0.1,0.7,2.3,8.8)
(1986,14,John Battle,SG,23,ATL,64,0,10.0,1.6,3.5,.455,0.0,0.1,.000,1.6,3.4,.470,.455,1.2,1.6,.728,0.2,0.8,1.0,1.2,0.4,0.0,0.7,1.3,4.3)
(1986,18,Otis Birdsong,SG,30,NJN,77,74,31.1,7.0,13.7,.513,0.1,0.3,.364,6.9,13.4,.516,.517,1.6,2.7,.581,1.1,1.5,2.6,3.4,1.1,0.2,2.3,3.0,15.8)
(1986,21,Manute Bol,C,23,WSB,80,60,26.1,1.6,3.5,.460,0.0,0.0,.000,1.6,3.5,.462,.460,0.5,1.1,.488,1.5,4.4,6.0,0.3,0.4,5.0,0.8,3.2,3.7)
(1986,25,Randy Breuer,C,25,MIL,82,63,21.9,3.3,7.0,.477,0.0,0.0,.000,3.3,6.9,.478,.477,1.7,2.4,.712,1.9,3.6,5.6,1.4,0.6,1.4,1.5,2.6,8.4)
(1986,29,Mike Brittain,C,22,SAS,32,2,6.8,0.7,1.3,.512,0.0,0.0,,0.7,1.3,.512,.512,0.3,0.6,.526,0.3,1.2,1.5,0.2,0.1,0.4,0.6,1.7,1.7)
(1986,33,Michael Cage,PF,24,LAC,78,12,20.1,2.6,5.5,.479,0.0,0.0,.000,2.6,5.4,.482,.479,1.4,2.2,.649,2.2,3.2,5.3,1.0,0.8,0.4,1.4,2.3,6.7)
(1986,37,Kenny Carr,PF,30,POR,55,31,28.3,4.2,8.5,.498,0.0,0.1,.000,4.2,8.4,.502,.498,2.7,3.9,.687,2.7,6.3,8.9,1.3,0.7,0.5,1.9,3.7,11.1)
(1986,Rk,Player,Pos,Age,Tm,G,GS,MP,FG,FGA,FG%,3P,3PA,3P%,2P,2PA,2P%,eFG%,FT,FTA,FT%,ORB,DRB,TRB,AST,STL,BLK,TOV,PF,PTS)
(1986,44,Lorenzo Charles,SF,22,ATL,36,0,7.6,1.4,2.4,.557,0.0,0.0,,1.4,2.4,.557,.557,0.7,1.0,.667,0.4,0.7,1.1,0.2,0.1,0.2,0.5,1.0,3.4)
(1986,48,Lester Conner,PG,26,GSW,36,0,11.5,1.4,3.8,.375,0.1,0.2,.286,1.4,3.6,.380,.382,1.1,1.5,.741,0.7,1.0,1.7,1.2,0.7,0.0,0.4,0.6,4.0)
(1986,52,Michael Cooper,SG,29,LAL,82,15,27.7,3.3,7.4,.452,0.8,2.0,.387,2.6,5.4,.476,.504,1.8,2.1,.865,0.5,2.4,3.0,5.7,1.1,0.5,1.8,2.9,9.2)
(1986,56,Ron Crevier,C,27,TOT,3,0,1.3,0.0,1.0,.000,0.0,0.0,,0.0,1.0,.000,.000,0.0,0.7,.000,0.3,0.0,0.3,0.0,0.0,0.0,0.0,0.7,0.0)
(1986,60,Earl Cureton,PF,28,DET,80,19,25.2,3.6,7.1,.505,0.0,0.0,.000,3.6,7.0,.507,.505,1.5,2.6,.555,2.5,3.8,6.3,1.7,0.7,0.7,1.9,3.0,8.6)
(1986,63,Brad Davis,PG,30,DAL,82,43,24.0,3.3,6.1,.532,0.4,1.1,.360,2.9,5.0,.569,.564,2.4,2.8,.868,0.3,1.5,1.8,5.7,0.7,0.2,1.3,2.1,9.3)
(1986,67,Darryl Dawkins,C,29,NJN,51,3,23.7,5.6,8.6,.644,0.0,0.0,.000,5.6,8.6,.645,.644,4.1,5.8,.707,1.7,3.3,4.9,1.5,0.3,1.2,2.4,4.5,15.3)
(1986,71,Clyde Drexler*,SG,23,POR,75,58,34.3,7.2,15.2,.475,0.2,0.8,.200,7.1,14.4,.490,.480,3.9,5.1,.769,2.3,3.3,5.6,8.0,2.6,0.6,3.8,3.6,18.5)
(1986,75,Mark Eaton,C,29,UTA,80,80,31.9,3.5,7.4,.470,0.0,0.0,,3.5,7.4,.470,.470,1.5,2.5,.604,2.2,6.3,8.4,1.3,0.4,4.6,2.0,3.5,8.5)
(1986,79,Dale Ellis,SF,25,DAL,72,1,15.1,2.7,6.5,.411,0.9,2.4,.364,1.8,4.1,.438,.478,0.8,1.1,.720,1.2,1.1,2.3,0.5,0.6,0.1,0.5,1.1,7.1)
(1986,82,Mike Evans,PG,30,DEN,81,1,17.1,3.8,8.8,.425,0.5,2.2,.222,3.3,6.7,.492,.452,1.6,1.8,.846,0.4,0.9,1.2,2.2,0.8,0.0,1.5,2.0,9.5)
(1986,86,Sleepy Floyd,PG,25,GSW,82,82,33.7,6.2,12.3,.506,0.5,1.5,.328,5.7,10.8,.530,.526,4.3,5.4,.796,0.9,2.7,3.6,9.1,1.9,0.2,3.5,2.4,17.2)
(1986,90,George Gervin*,SG,33,CHI,82,75,25.2,6.3,13.4,.472,0.0,0.2,.211,6.3,13.2,.476,.474,3.5,3.9,.879,1.0,1.7,2.6,1.8,0.6,0.3,2.0,2.6,16.2)
(1986,94,Georgi Glouchkov,PF,26,PHO,49,16,15.8,1.7,4.3,.402,0.0,0.0,1.000,1.7,4.2,.399,.404,1.4,2.5,.574,0.6,2.7,3.3,0.7,0.5,0.5,1.6,2.5,4.9)
(1986,98,A.C. Green,PF,22,LAL,82,1,18.8,2.5,4.7,.539,0.0,0.1,.167,2.5,4.7,.545,.540,1.2,2.0,.611,2.0,2.7,4.6,0.7,0.6,0.6,1.2,2.8,6.4)
(1986,101,Rickey Green,PG,31,UTA,80,44,25.2,4.5,9.5,.471,0.1,0.4,.172,4.4,9.1,.483,.474,2.7,3.1,.852,0.4,1.3,1.7,5.1,1.3,0.1,1.7,1.6,11.7)
(1986,105,Ernie Grunfeld,SF,30,NYK,76,0,18.4,1.9,4.7,.417,0.3,0.8,.426,1.6,3.9,.415,.454,1.2,1.4,.833,0.6,2.2,2.7,1.6,0.5,0.2,0.7,2.5,5.4)
(1986,109,Derek Harper,PG,24,DAL,79,39,27.2,4.9,9.2,.534,0.2,0.6,.235,4.8,8.6,.557,.542,2.2,2.9,.747,0.9,1.9,2.9,5.3,1.9,0.3,1.8,2.1,12.2)
(1986,113,Gerald Henderson,PG,30,SEA,82,82,31.3,5.3,11.0,.482,0.2,0.6,.346,5.1,10.3,.491,.492,2.3,2.7,.830,1.1,1.2,2.3,5.9,1.7,0.1,2.2,2.8,13.1)
(1986,117,Roy Hinson,SF,24,CLE,82,82,34.6,7.6,14.2,.532,0.0,0.0,.000,7.6,14.2,.534,.532,4.4,6.2,.719,2.0,5.8,7.8,1.2,0.8,1.4,2.3,3.9,19.6)
(1986,Rk,Player,Pos,Age,Tm,G,GS,MP,FG,FGA,FG%,3P,3PA,3P%,2P,2PA,2P%,eFG%,FT,FTA,FT%,ORB,DRB,TRB,AST,STL,BLK,TOV,PF,PTS)
(1986,124,Marc Iavaroni,PF,29,TOT,68,9,14.9,1.6,3.6,.451,0.0,0.0,.000,1.6,3.6,.455,.451,1.1,1.7,.661,0.9,2.1,3.1,1.2,0.5,0.3,1.1,2.4,4.4)
(1986,128,Eddie Johnson,SG,30,TOT,71,9,20.8,4.0,8.7,.457,0.4,1.2,.341,3.6,7.5,.476,.481,1.6,2.2,.723,0.4,1.3,1.7,4.7,0.3,0.0,2.1,1.8,10.0)
(1986,132,Ken Johnson,PF,23,POR,64,0,12.7,1.8,3.3,.528,0.0,0.0,,1.8,3.3,.528,.528,0.6,1.3,.435,1.4,2.4,3.8,0.3,0.2,0.3,0.9,2.3,4.1)
(1986,136,Steve Johnson,C,28,SAS,71,55,25.7,5.1,8.1,.632,0.0,0.0,,5.1,8.1,.632,.632,3.6,5.3,.694,2.0,4.5,6.5,1.3,0.6,0.9,2.7,4.1,13.8)
(1986,140,Charles Jones,C,28,WSB,81,58,19.9,1.6,3.1,.508,0.0,0.0,.000,1.6,3.1,.510,.508,0.7,1.1,.628,1.5,2.5,4.0,0.9,0.7,1.6,0.9,2.9,3.9)
(1986,143,Edgar Jones,PF,29,CLE,53,6,19.1,3.5,7.0,.505,0.1,0.4,.304,3.4,6.5,.519,.515,2.5,3.4,.742,1.3,2.6,3.9,0.8,0.6,0.7,1.2,2.7,9.7)
(1986,147,Harold Keeling,SG,22,DAL,20,0,3.8,0.9,2.0,.436,0.0,0.0,,0.9,2.0,.436,.436,0.5,0.7,.714,0.2,0.2,0.3,0.5,0.4,0.0,0.4,0.5,2.2)
(1986,151,Albert King,SF,26,NJN,73,69,27.4,6.0,13.2,.456,0.1,0.3,.174,5.9,12.8,.463,.458,2.3,2.8,.823,1.6,3.4,5.0,2.5,0.8,0.3,2.5,2.8,14.3)
(1986,155,Mitch Kupchak,PF,31,LAL,55,0,14.2,2.3,4.7,.482,0.0,0.0,.000,2.3,4.7,.484,.482,1.5,2.0,.750,1.3,2.2,3.5,0.3,0.2,0.1,1.2,1.9,6.0)
(1986,159,Keith Lee,PF,23,CLE,58,38,20.6,3.1,6.6,.466,0.0,0.2,.222,3.0,6.4,.472,.468,1.3,1.7,.781,2.0,4.1,6.1,1.2,0.5,0.6,1.3,3.5,7.4)
(1986,162,Cliff Levingston,PF,25,ATL,81,35,24.0,3.6,6.8,.534,0.0,0.0,.000,3.6,6.8,.535,.534,2.0,3.0,.678,2.4,4.2,6.6,0.9,0.9,0.5,1.4,3.2,9.3)
(1986,165,John Long,SG,29,DET,62,30,19.0,4.3,8.8,.482,0.0,0.3,.188,4.2,8.6,.491,.484,1.4,1.7,.856,0.8,0.8,1.6,1.3,0.7,0.2,1.0,1.5,10.0)
(1986,169,Rick Mahorn,PF,27,DET,80,12,18.0,2.0,4.3,.455,0.0,0.0,.000,2.0,4.3,.456,.455,1.0,1.5,.681,1.5,3.6,5.2,0.8,0.5,0.8,1.4,3.3,4.9)
(1986,173,Pace Mannion,SF,25,UTA,57,0,11.8,1.7,3.8,.453,0.1,0.7,.190,1.6,3.0,.517,.472,0.9,1.4,.646,0.5,1.0,1.4,1.0,0.6,0.1,0.7,1.2,4.5)
(1986,177,Cedric Maxwell,SF,30,LAC,76,72,32.3,4.1,8.7,.475,0.0,0.0,.000,4.1,8.7,.477,.475,5.9,7.4,.795,3.2,5.0,8.2,2.8,0.8,0.4,2.7,3.3,14.1)
(1986,Rk,Player,Pos,Age,Tm,G,GS,MP,FG,FGA,FG%,3P,3PA,3P%,2P,2PA,2P%,eFG%,FT,FTA,FT%,ORB,DRB,TRB,AST,STL,BLK,TOV,PF,PTS)
(1986,184,Hank McDowell,PF,26,HOU,22,0,9.3,1.1,1.9,.571,0.0,0.0,.000,1.1,1.9,.585,.571,0.8,1.1,.680,0.5,1.7,2.2,0.3,0.0,0.1,0.5,1.1,3.0)
(1986,188,Billy McKinney,PG,30,CHI,9,0,9.2,1.1,2.6,.435,0.0,0.0,,1.1,2.6,.435,.435,0.2,0.2,1.000,0.1,0.4,0.6,1.4,0.3,0.0,0.2,1.0,2.4)
(1986,192,Mike Mitchell,SF,30,SAS,82,82,36.2,9.8,20.7,.473,0.0,0.1,.000,9.8,20.5,.476,.473,3.9,4.8,.809,1.6,3.4,5.0,2.3,0.7,0.3,2.2,2.1,23.4)
(1986,196,Perry Moss,PG,27,TOT,72,0,14.1,1.6,4.1,.397,0.1,0.4,.219,1.5,3.6,.419,.409,0.9,1.2,.730,0.5,1.1,1.6,1.5,0.8,0.2,1.1,1.8,4.2)
(1986,200,Calvin Natt,PF,29,DEN,69,62,29.1,6.8,13.5,.504,0.0,0.1,.333,6.8,13.4,.505,.505,4.0,5.0,.801,1.8,4.5,6.3,2.4,0.8,0.2,1.9,2.1,17.7)
(1986,203,Norm Nixon,PG,30,LAC,67,62,31.9,6.0,13.7,.438,0.6,1.8,.347,5.4,11.9,.451,.460,2.0,2.4,.809,0.7,2.0,2.7,8.6,1.3,0.0,2.8,2.1,14.6)
(1986,207,Mark Olberding,PF,29,SAC,81,64,26.6,2.8,5.0,.558,0.0,0.0,.000,2.8,5.0,.561,.558,2.0,2.6,.771,1.4,3.8,5.2,3.3,0.5,0.3,1.8,3.4,7.6)
(1986,211,Jim Paxson,SG,28,POR,75,31,25.7,5.0,10.6,.470,0.3,0.8,.323,4.7,9.7,.482,.482,2.9,3.3,.889,0.6,1.4,2.0,3.7,1.3,0.1,1.5,2.1,13.1)
(1986,215,Michael Phelps,SG,24,SEA,70,18,12.6,1.7,4.1,.409,0.0,0.2,.083,1.7,3.9,.423,.411,0.6,1.1,.595,0.4,0.9,1.3,1.0,0.6,0.0,0.9,1.2,4.0)
(1986,219,David Pope,SF,23,SEA,11,0,6.7,0.8,1.8,.450,0.1,0.1,1.000,0.7,1.7,.421,.475,0.2,0.4,.500,0.5,0.5,1.0,0.4,0.2,0.1,0.2,1.0,1.9)
(1986,222,Paul Pressey,SF,27,MIL,80,80,33.8,5.1,10.5,.488,0.1,0.6,.182,5.0,10.0,.504,.492,4.0,4.9,.806,1.6,3.4,5.0,7.8,2.1,0.9,3.0,3.1,14.3)
(1986,226,Robert Reid,SF,30,HOU,82,5,26.3,5.0,10.7,.464,0.1,0.4,.182,4.9,10.3,.475,.468,2.0,2.6,.757,0.8,2.9,3.7,2.7,1.1,0.2,1.2,2.8,12.0)
(1986,230,Doc Rivers,PG,24,ATL,53,50,29.6,4.2,8.8,.474,0.0,0.3,.000,4.2,8.5,.491,.474,3.2,5.3,.608,0.9,2.1,3.1,8.4,2.3,0.2,2.7,3.5,11.5)
(1986,234,Cliff Robinson,SF,25,WSB,78,78,32.9,7.6,16.1,.474,0.0,0.1,.250,7.6,16.0,.475,.475,3.4,4.5,.762,2.3,6.4,8.7,2.4,1.3,0.6,2.6,2.8,18.7)
(1986,238,Jeff Ruland,PF,27,WSB,30,24,37.1,7.1,12.8,.554,0.0,0.1,.000,7.1,12.6,.559,.554,4.8,6.7,.725,3.6,7.1,10.7,5.3,0.8,0.8,4.0,3.3,19.0)
(1986,241,Mike Sanders,SF,25,PHO,82,5,20.0,4.2,8.2,.513,0.0,0.2,.200,4.2,8.1,.520,.516,2.5,3.1,.809,1.3,2.1,3.3,1.8,0.9,0.4,1.7,2.9,11.0)
(1986,245,Carey Scurry,SF,23,UTA,78,0,15.0,1.8,3.9,.472,0.0,0.1,.091,1.8,3.7,.486,.473,1.0,1.6,.619,1.2,1.9,3.1,1.1,1.0,0.8,1.2,2.2,4.7)
(1986,249,Jack Sikma,C,30,SEA,80,78,34.9,6.4,13.8,.462,0.0,0.2,.000,6.4,13.6,.467,.462,4.4,5.1,.864,1.8,7.5,9.4,3.8,1.2,0.9,2.7,3.7,17.1)
(1986,253,Ricky Sobers,SG,33,SEA,78,0,16.4,3.1,6.9,.444,0.2,0.6,.302,2.9,6.4,.456,.456,1.4,1.6,.880,0.4,0.9,1.3,2.3,0.6,0.0,1.1,1.8,7.7)
(1986,257,Steve Stipanovich,C,25,IND,79,65,30.3,5.3,11.2,.470,0.0,0.1,.200,5.2,11.1,.473,.471,3.1,4.0,.768,2.2,5.7,7.9,2.6,0.9,0.9,1.8,3.3,13.6)
(1986,Rk,Player,Pos,Age,Tm,G,GS,MP,FG,FGA,FG%,3P,3PA,3P%,2P,2PA,2P%,eFG%,FT,FTA,FT%,ORB,DRB,TRB,AST,STL,BLK,TOV,PF,PTS)
(1986,264,Peter Thibeaux,SF,24,GSW,42,8,12.6,2.4,5.5,.429,0.0,0.1,.400,2.3,5.4,.430,.433,0.7,1.1,.604,0.7,1.1,1.8,0.7,0.5,0.4,0.9,2.0,5.5)
(1986,268,Bernard Thompson,SG,23,PHO,61,20,21.0,3.2,6.5,.489,0.0,0.0,.000,3.2,6.5,.491,.489,2.1,2.6,.809,1.0,1.4,2.3,2.2,0.8,0.2,1.5,2.5,8.5)
(1986,272,Bob Thornton,PF,23,NYK,71,23,18.6,1.8,3.9,.456,0.0,0.0,,1.8,3.9,.456,.456,1.2,2.3,.531,1.6,2.5,4.1,0.6,0.4,0.1,1.2,2.9,4.7)
(1986,276,Andrew Toney,SG,28,PHI,6,0,14.0,1.8,6.0,.306,0.0,0.3,.000,1.8,5.7,.324,.306,0.5,1.3,.375,0.3,0.5,0.8,2.0,0.3,0.0,1.2,1.3,4.2)
(1986,280,Elston Turner,SG,26,DEN,73,0,18.1,2.3,5.2,.435,0.0,0.1,.000,2.3,5.1,.446,.435,0.5,0.7,.736,0.9,1.9,2.8,2.3,1.0,0.1,1.1,2.1,5.1)
(1986,283,Terry Tyler,SF,29,SAC,71,52,23.3,4.2,9.1,.455,0.0,0.0,.000,4.2,9.1,.457,.455,1.2,1.6,.750,1.5,2.9,4.4,1.3,0.9,1.5,1.3,2.2,9.5)
(1986,287,Pete Verhoeven,PF,26,GSW,61,5,12.3,1.5,2.7,.539,0.0,0.0,.500,1.5,2.7,.539,.542,0.4,0.7,.581,1.1,1.6,2.6,0.5,0.5,0.3,0.5,2.3,3.4)
(1986,291,Granville Waiters,C,25,HOU,43,0,3.6,0.3,0.9,.333,0.0,0.0,.000,0.3,0.9,.342,.333,0.0,0.1,.167,0.3,0.3,0.7,0.2,0.1,0.2,0.3,0.7,0.6)
(1986,295,Spud Webb,PG,22,ATL,79,8,15.6,2.5,5.2,.483,0.0,0.1,.182,2.5,5.1,.491,.485,2.7,3.5,.785,0.3,1.2,1.6,4.3,1.0,0.1,2.0,2.1,7.8)
(1986,299,Ennis Whatley,PG,23,TOT,14,1,7.6,1.1,2.5,.429,0.0,0.0,,1.1,2.5,.429,.429,0.4,0.7,.500,0.3,0.7,1.0,1.6,0.4,0.1,0.7,0.7,2.5)
(1986,302,Jerome Whitehead,C,29,GSW,81,3,13.3,1.6,3.6,.429,0.0,0.0,,1.6,3.6,.429,.429,0.7,1.2,.619,1.2,2.9,4.0,0.2,0.2,0.2,0.8,2.2,3.9)
(1986,306,Gerald Wilkins,SG,22,NYK,81,53,25.0,5.4,11.5,.468,0.1,0.3,.280,5.3,11.2,.473,.472,1.6,2.9,.557,1.1,1.4,2.6,2.0,0.8,0.1,1.9,1.9,12.5)
(1986,310,Gus Williams,PG,32,WSB,77,67,29.7,5.6,13.2,.428,0.4,1.5,.259,5.2,11.6,.450,.443,1.8,2.4,.734,0.7,1.5,2.2,5.9,1.2,0.2,2.1,1.5,13.5)
(1986,314,Ray Williams,PG,31,TOT,47,21,17.6,2.5,6.5,.382,0.1,0.4,.316,2.4,6.1,.387,.392,2.4,2.7,.913,0.7,1.1,1.8,4.0,1.3,0.1,2.1,2.6,7.6)
(1986,318,Randy Wittman,SG,26,ATL,81,79,34.1,5.8,10.9,.530,0.1,0.2,.313,5.7,10.7,.534,.533,1.3,1.7,.770,0.6,1.5,2.1,3.8,1.0,0.2,1.4,1.5,12.9)
(1986,321,Mike Woodson,SG,27,SAC,81,51,29.8,6.3,13.2,.475,0.0,0.2,.154,6.3,13.1,.479,.476,3.0,3.6,.837,1.2,1.6,2.8,2.4,1.1,0.5,1.8,2.7,15.6)
(1986,325,Michael Young,SF,25,PHI,2,0,1.0,0.0,1.0,.000,0.0,0.0,,0.0,1.0,.000,.000,0.0,0.0,,0.0,0.0,0.0,0.0,0.0,0.0,0.0,0.0,0.0)
