(1997,2,Shareef Abdur-Rahim,PF,20,VAN,80,71,35.0,6.9,15.2,.453,0.1,0.3,.259,6.8,14.8,.457,.456,4.8,6.5,.746,2.7,4.2,6.9,2.2,1.0,1.0,2.8,2.5,18.7)
(1997,6,Ray Allen,SG,21,MIL,82,81,30.9,4.8,11.1,.430,1.4,3.6,.393,3.3,7.4,.448,.494,2.5,3.0,.823,1.2,2.8,4.0,2.6,0.9,0.1,1.8,2.7,13.4)
(1997,10,Kenny Anderson,PG,26,POR,82,81,37.6,5.9,13.9,.427,1.6,4.5,.361,4.3,9.4,.458,.485,4.1,5.3,.768,1.1,3.3,4.4,7.1,2.0,0.2,2.4,2.7,17.5)
(1997,14,Greg Anthony,PG,29,VAN,65,44,28.7,3.1,7.8,.393,1.4,3.7,.370,1.7,4.1,.413,.479,2.0,2.7,.730,0.4,2.4,2.8,6.3,2.0,0.1,2.0,1.9,9.5)
(1997,18,Keith Askins,SF,29,MIA,78,30,22.7,1.8,4.1,.433,0.9,2.2,.401,0.9,1.9,.469,.541,0.5,0.7,.672,1.1,2.4,3.5,1.0,0.7,0.2,0.8,2.5,4.9)
(1997,21,Vin Baker,PF,25,MIL,78,78,40.5,8.1,16.0,.505,0.2,0.7,.278,7.9,15.3,.515,.511,4.6,6.7,.687,3.4,6.9,10.3,2.7,1.0,1.4,3.1,3.5,21.0)
(1997,25,Jon Barry,SG,27,ATL,58,8,16.6,1.7,4.2,.407,0.8,2.1,.387,0.9,2.1,.426,.504,0.6,0.8,.804,0.4,1.3,1.7,2.0,0.9,0.1,1.0,1.0,4.9)
(1997,29,Mookie Blaylock,PG,29,ATL,78,78,39.2,6.4,14.9,.432,2.8,7.7,.366,3.6,7.1,.505,.528,1.7,2.2,.753,1.5,3.8,5.3,5.9,2.7,0.3,2.4,1.8,17.4)
(1997,33,Melvin Booker,PG,24,TOT,21,4,20.5,2.2,5.0,.438,0.6,1.8,.324,1.6,3.2,.500,.495,0.9,1.0,.900,0.3,1.0,1.4,2.5,0.1,0.1,1.3,1.3,5.8)
(1997,37,Mark Bradtke,C,28,PHI,36,0,7.0,0.7,1.6,.431,0.0,0.0,,0.7,1.6,.431,.431,0.3,0.4,.692,0.7,1.2,1.9,0.2,0.1,0.1,0.3,0.9,1.6)
(1997,Rk,Player,Pos,Age,Tm,G,GS,MP,FG,FGA,FG%,3P,3PA,3P%,2P,2PA,2P%,eFG%,FT,FTA,FT%,ORB,DRB,TRB,AST,STL,BLK,TOV,PF,PTS)
(1997,44,Mike Brown,C,33,PHO,6,1,13.8,0.8,2.0,.417,0.0,0.0,,0.8,2.0,.417,.417,1.0,1.7,.600,1.5,2.7,4.2,0.8,0.2,0.2,0.3,1.5,2.7)
(1997,48,Mark Bryant,PF,31,PHO,41,18,24.8,3.7,6.7,.553,0.0,0.0,,3.7,6.7,.553,.553,1.9,2.6,.704,1.6,3.5,5.2,1.1,0.5,0.1,1.1,3.3,9.3)
(1997,52,Willie Burton,SF,28,ATL,24,2,15.8,1.6,4.8,.336,0.5,1.9,.283,1.1,2.9,.371,.392,2.4,2.8,.838,0.5,1.3,1.7,0.5,0.3,0.1,1.1,2.3,6.2)
(1997,56,Adrian Caldwell,PF,30,TOT,45,0,12.6,0.9,2.0,.435,0.0,0.0,.000,0.9,2.0,.444,.435,0.5,1.1,.420,1.3,2.4,3.7,0.3,0.4,0.2,0.6,1.9,2.2)
(1997,60,Chris Carr,SG,22,MIN,55,10,15.1,2.3,4.9,.461,0.6,1.6,.352,1.7,3.3,.514,.518,1.0,1.3,.767,0.6,1.5,2.1,0.9,0.4,0.2,0.7,1.7,6.1)
(1997,63,Duane Causwell,C,28,SAC,46,8,12.6,1.0,2.0,.511,0.0,0.1,.667,1.0,2.0,.505,.521,0.4,0.8,.541,1.2,1.5,2.8,0.4,0.3,0.8,0.7,2.8,2.6)
(1997,67,Calbert Cheaney,SG,25,WSB,79,79,30.5,4.7,9.2,.505,0.1,0.4,.133,4.6,8.9,.521,.508,1.2,1.7,.693,0.9,2.5,3.4,1.4,1.0,0.2,1.2,2.9,10.6)
(1997,71,Doug Christie,SG,26,TOR,81,81,38.6,4.9,11.7,.417,1.8,4.7,.384,3.1,7.0,.440,.495,2.9,3.8,.775,1.0,4.3,5.3,3.9,2.5,0.6,2.5,3.0,14.5)
(1997,75,Tyrone Corbin,SF,34,ATL,70,65,32.9,3.6,8.6,.422,1.1,3.0,.356,2.6,5.6,.457,.483,1.2,1.5,.796,1.1,3.1,4.2,1.8,1.3,0.1,1.2,2.5,9.5)
(1997,79,Earl Cureton,PF,39,TOR,9,0,5.1,0.3,0.9,.375,0.0,0.0,,0.3,0.9,.375,.375,0.1,0.3,.333,0.4,0.6,1.0,0.4,0.0,0.0,0.1,1.1,0.8)
(1997,82,Erick Dampier,C,21,IND,72,21,14.6,1.8,4.7,.390,0.0,0.0,1.000,1.8,4.7,.388,.391,1.5,2.3,.637,1.3,2.8,4.1,0.6,0.3,1.0,1.2,2.1,5.1)
(1997,86,Antonio Davis,PF,28,IND,82,28,28.5,3.8,7.8,.480,0.0,0.2,.071,3.7,7.6,.490,.481,2.9,4.4,.666,2.3,5.0,7.3,0.8,0.5,1.0,1.7,3.2,10.5)
(1997,90,Hubert Davis,SG,26,TOR,36,0,17.3,2.1,5.1,.402,0.4,1.9,.229,1.6,3.2,.509,.446,0.5,0.6,.739,0.3,0.8,1.1,0.9,0.3,0.1,0.6,1.1,5.0)
(1997,94,Terry Dehere,PG,25,LAC,73,3,14.4,2.0,5.2,.386,0.7,2.2,.325,1.3,3.1,.430,.454,1.7,2.0,.824,0.2,1.1,1.3,2.2,0.4,0.0,1.3,1.9,6.4)
(1997,98,Dell Demps,SG,26,ORL,2,0,5.0,0.0,1.5,.000,0.0,0.5,.000,0.0,1.0,.000,.000,1.0,1.0,1.000,0.0,0.0,0.0,0.0,0.5,0.0,0.0,0.5,1.0)
(1997,101,Sherman Douglas,PG,30,MIL,79,79,29.3,3.9,7.7,.502,0.5,1.4,.333,3.4,6.3,.540,.533,1.4,2.2,.667,0.7,1.7,2.4,5.4,1.0,0.1,1.9,2.4,9.7)
(1997,105,Kevin Duckworth,C,32,LAC,26,22,14.8,1.7,4.0,.437,0.1,0.2,.750,1.6,3.8,.424,.451,0.4,0.6,.688,0.9,1.4,2.3,0.6,0.3,0.4,1.3,2.4,4.0)
(1997,109,Acie Earl,C,26,TOT,47,0,10.6,1.4,3.8,.372,0.0,0.1,.000,1.4,3.7,.383,.372,1.1,1.8,.643,0.7,1.3,2.0,0.4,0.3,0.6,0.7,1.3,4.0)
(1997,113,Craig Ehlo,SG,35,SEA,62,0,13.7,1.4,4.0,.351,0.4,1.5,.284,1.0,2.5,.392,.405,0.2,0.4,.500,0.6,1.1,1.8,1.1,0.6,0.1,0.7,1.1,3.5)
(1997,117,Dale Ellis,SF,36,DEN,82,51,35.9,5.8,14.0,.414,2.3,6.4,.364,3.5,7.6,.457,.498,2.6,3.2,.817,1.2,2.4,3.6,2.0,0.7,0.1,1.8,2.2,16.6)
(1997,Rk,Player,Pos,Age,Tm,G,GS,MP,FG,FGA,FG%,3P,3PA,3P%,2P,2PA,2P%,eFG%,FT,FTA,FT%,ORB,DRB,TRB,AST,STL,BLK,TOV,PF,PTS)
(1997,124,Danny Ferry,PF,30,CLE,82,48,32.1,4.2,9.7,.429,1.4,3.5,.401,2.8,6.2,.445,.501,0.9,1.1,.851,1.0,3.1,4.1,1.8,0.7,0.4,1.1,3.0,10.6)
(1997,128,Greg Foster,C,28,UTA,79,12,11.6,1.4,3.1,.453,0.0,0.0,.667,1.4,3.1,.450,.457,0.7,0.8,.831,0.7,1.7,2.4,0.4,0.1,0.3,0.7,1.8,3.5)
(1997,132,Kevin Garnett,SF,20,MIN,77,77,38.9,7.1,14.3,.499,0.1,0.3,.286,7.1,14.0,.503,.502,2.7,3.5,.754,2.5,5.6,8.0,3.1,1.4,2.1,2.3,2.6,17.0)
(1997,136,Matt Geiger,C,27,CHH,49,13,21.3,3.5,7.1,.489,0.1,0.4,.300,3.4,6.7,.500,.497,1.8,2.6,.701,2.0,3.2,5.3,0.8,0.4,0.6,1.4,3.1,8.9)
(1997,140,Greg Graham,SG,26,SEA,28,0,7.0,1.0,2.9,.363,0.3,1.1,.290,0.7,1.8,.408,.419,0.9,1.4,.650,0.1,0.4,0.5,0.4,0.4,0.0,0.4,0.4,3.3)
(1997,143,Harvey Grant,PF,31,WSB,78,25,20.6,1.7,4.0,.411,0.4,1.1,.315,1.3,2.9,.449,.455,0.4,0.5,.769,0.8,2.5,3.3,0.9,0.6,0.6,0.4,2.1,4.1)
(1997,147,Jeff Grayer,SG,31,SAC,25,0,12.6,1.5,3.3,.458,0.2,0.4,.364,1.4,2.9,.472,.482,0.4,0.8,.550,0.8,0.7,1.5,1.0,0.3,0.3,0.6,1.7,3.6)
(1997,151,Jack Haley,C,33,NJN,20,0,3.7,0.7,1.9,.351,0.0,0.0,,0.7,1.9,.351,.351,0.7,1.0,.737,0.7,1.0,1.6,0.3,0.1,0.1,0.1,0.7,2.0)
(1997,155,Darrin Hancock,SF,25,TOT,24,0,5.5,0.7,1.5,.457,0.0,0.0,,0.7,1.5,.457,.457,0.4,0.6,.714,0.2,0.6,0.8,0.5,0.4,0.0,0.5,0.6,1.8)
(1997,159,Ron Harper,SG,33,CHI,76,74,22.9,2.3,5.3,.436,0.9,2.5,.362,1.4,2.9,.500,.520,0.8,1.1,.707,0.6,1.9,2.5,2.5,1.1,0.5,0.7,1.8,6.3)
(1997,162,Antonio Harvey,PF,26,SEA,6,0,4.3,0.8,1.8,.455,0.0,0.0,,0.8,1.8,.455,.455,0.8,1.0,.833,0.3,1.3,1.7,0.2,0.0,0.7,0.2,1.3,2.5)
(1997,166,Alan Henderson,PF,24,ATL,30,0,16.7,2.6,5.4,.475,0.0,0.0,,2.6,5.4,.475,.475,1.5,2.5,.600,1.6,2.3,3.9,0.8,0.7,0.2,1.0,2.4,6.6)
(1997,170,Tyrone Hill,C,28,CLE,74,70,34.9,4.8,8.0,.600,0.0,0.0,.000,4.8,8.0,.601,.600,3.3,5.1,.633,3.5,6.4,9.9,1.2,0.9,0.4,2.0,3.6,12.9)
(1997,174,Allan Houston,SG,25,NYK,81,81,33.1,5.4,12.7,.423,1.8,4.7,.385,3.6,8.0,.446,.495,2.2,2.7,.803,0.5,2.4,3.0,2.2,0.5,0.2,2.1,2.9,14.8)
(1997,178,Bobby Hurley,PG,25,SAC,49,12,12.9,0.9,2.6,.368,0.3,0.9,.311,0.7,1.6,.400,.424,0.8,1.1,.698,0.2,0.6,0.8,3.0,0.6,0.1,1.1,1.1,2.9)
(1997,181,Jim Jackson,SG-SF,26,TOT,77,77,36.8,5.8,13.4,.431,1.1,3.2,.348,4.6,10.2,.458,.473,3.3,4.0,.813,1.7,3.6,5.3,4.1,1.1,0.4,2.7,2.5,15.9)
(1997,185,Avery Johnson,PG,31,SAS,76,76,32.5,4.3,9.0,.477,0.1,0.3,.231,4.2,8.7,.487,.482,1.8,2.7,.690,0.4,1.5,1.9,6.8,1.3,0.2,1.9,2.1,10.5)
(1997,189,Larry Johnson,SF,27,NYK,76,76,34.4,4.9,9.7,.512,0.4,1.4,.324,4.5,8.3,.543,.535,2.5,3.6,.693,2.2,3.0,5.2,2.3,0.8,0.5,1.8,3.3,12.8)
(1997,193,Michael Jordan*,SG,33,CHI,82,82,37.9,11.2,23.1,.486,1.4,3.6,.374,9.9,19.5,.507,.516,5.9,7.0,.833,1.4,4.5,5.9,4.3,1.7,0.5,2.0,1.9,29.6)
(1997,197,Tim Kempton,PF,33,SAS,10,0,5.9,0.1,0.5,.200,0.0,0.0,,0.1,0.5,.200,.200,0.2,0.2,1.000,0.3,0.5,0.8,0.2,0.1,0.1,0.7,0.4,0.4)
(1997,Rk,Player,Pos,Age,Tm,G,GS,MP,FG,FGA,FG%,3P,3PA,3P%,2P,2PA,2P%,eFG%,FT,FTA,FT%,ORB,DRB,TRB,AST,STL,BLK,TOV,PF,PTS)
(1997,204,Kerry Kittles,SG,22,NJN,82,57,36.7,6.2,14.5,.426,1.9,5.1,.377,4.3,9.4,.453,.493,2.1,2.8,.771,1.3,2.6,3.9,3.0,1.9,0.4,1.5,2.0,16.4)
(1997,208,Toni Kukoc,SF,28,CHI,57,15,28.2,5.0,10.6,.471,0.9,2.6,.331,4.1,8.0,.518,.512,2.4,3.1,.770,1.6,2.9,4.6,4.5,1.1,0.5,1.6,1.7,13.2)
(1997,212,Priest Lauderdale,C,23,ATL,35,0,5.1,1.4,2.5,.551,0.0,0.0,.000,1.4,2.5,.557,.551,0.4,0.7,.565,0.5,0.8,1.2,0.3,0.0,0.3,1.1,1.1,3.2)
(1997,216,Martin Lewis,SF,21,TOR,9,0,5.6,0.7,1.6,.429,0.1,0.3,.333,0.6,1.2,.455,.464,0.1,0.2,.500,0.4,0.2,0.7,0.4,0.1,0.2,0.1,0.9,1.6)
(1997,220,Brad Lohaus,PF,32,TOR,6,0,7.5,0.7,2.5,.267,0.3,1.2,.286,0.3,1.3,.250,.333,0.0,0.0,,0.2,1.0,1.2,0.2,0.2,0.0,0.2,1.0,1.7)
(1997,224,George Lynch,SF,26,VAN,41,27,25.8,3.3,7.1,.471,0.2,0.8,.258,3.1,6.3,.496,.485,1.5,2.4,.619,2.4,4.0,6.4,1.9,1.5,0.4,1.6,2.4,8.3)
(1997,228,Dan Majerle,SF,31,MIA,36,26,35.1,3.9,9.6,.406,1.9,5.6,.338,2.0,4.1,.500,.504,1.1,1.6,.678,1.3,3.3,4.5,3.2,1.5,0.4,1.4,2.1,10.8)
(1997,232,Rich Manning,PF,26,TOT,26,2,7.7,1.2,3.2,.390,0.1,0.2,.500,1.2,3.0,.385,.402,0.3,0.5,.643,0.6,0.9,1.5,0.1,0.2,0.1,0.3,1.1,2.9)
(1997,236,Donyell Marshall,SF,23,GSW,61,20,16.8,2.9,6.9,.413,0.6,1.8,.315,2.3,5.1,.448,.455,1.0,1.6,.622,1.5,3.0,4.5,0.9,0.4,0.8,0.9,1.6,7.3)
(1997,240,Anthony Mason,PF,30,CHH,73,73,43.1,5.9,11.3,.525,0.0,0.0,.333,5.9,11.3,.526,.525,4.4,5.9,.745,2.5,8.8,11.4,5.7,1.0,0.5,2.3,2.8,16.2)
(1997,243,Lee Mayberry,PG,26,VAN,80,38,24.4,1.9,4.6,.403,1.0,2.8,.376,0.8,1.9,.443,.515,0.4,0.6,.630,0.4,1.3,1.7,4.1,0.8,0.1,1.1,2.0,5.1)
(1997,247,Xavier McDaniel,PF,33,NJN,62,5,18.9,2.2,5.7,.389,0.1,0.4,.200,2.1,5.3,.403,.396,1.0,1.4,.730,2.0,3.1,5.1,1.0,0.6,0.3,1.1,2.3,5.6)
(1997,251,Derrick McKey,SF,30,IND,50,49,29.0,3.0,7.6,.391,0.3,1.2,.259,2.7,6.4,.414,.410,1.8,2.5,.724,1.6,3.2,4.8,2.7,0.9,0.6,1.7,2.8,8.0)
(1997,255,Anthony Miller,PF,25,ATL,1,0,14.0,0.0,5.0,.000,0.0,0.0,,0.0,5.0,.000,.000,0.0,0.0,,2.0,5.0,7.0,0.0,0.0,0.0,0.0,2.0,0.0)
(1997,259,Terry Mills,PF,29,DET,79,5,25.3,3.9,8.9,.444,2.2,5.3,.422,1.7,3.6,.477,.569,0.7,0.9,.829,0.9,3.9,4.8,1.3,0.4,0.3,1.1,2.0,10.8)
(1997,262,Eric Mobley,C,26,VAN,28,8,11.0,1.0,2.3,.444,0.0,0.0,,1.0,2.3,.444,.444,0.6,1.1,.533,1.1,1.0,2.1,0.5,0.2,0.4,1.0,1.6,2.6)
(1997,266,Lawrence Moten,SG,24,VAN,67,18,18.1,2.6,6.6,.388,0.6,2.1,.291,1.9,4.5,.433,.434,1.0,1.5,.646,0.6,1.1,1.8,1.9,0.7,0.4,1.2,1.2,6.7)
(1997,270,Gheorghe Muresan,C,25,WSB,73,69,25.3,4.5,7.4,.604,0.0,0.0,,4.5,7.4,.604,.604,1.7,2.7,.618,1.9,4.7,6.6,0.4,0.6,1.3,1.6,3.2,10.6)
(1997,274,Martin Muursepp,PF,22,TOT,42,0,8.3,1.3,3.1,.412,0.1,0.6,.167,1.2,2.5,.467,.427,1.0,1.7,.629,0.8,0.8,1.6,0.5,0.3,0.3,0.4,1.4,3.7)
(1997,278,Johnny Newman,SF,33,MIL,82,4,25.1,3.0,6.7,.450,0.4,1.2,.347,2.6,5.5,.472,.481,2.3,3.0,.765,0.8,1.5,2.3,1.4,0.9,0.2,1.4,3.1,8.7)
(1997,281,Moochie Norris,PG,23,VAN,8,0,11.1,0.5,2.8,.182,0.3,1.3,.200,0.3,1.5,.167,.227,0.3,0.6,.400,0.4,1.1,1.5,2.9,0.5,0.0,0.6,0.6,1.5)
(1997,285,Charles Oakley,PF,33,NYK,80,80,35.9,4.2,8.7,.488,0.1,0.2,.263,4.2,8.4,.495,.492,2.3,2.8,.808,3.1,6.7,9.8,2.8,1.4,0.3,2.1,3.8,10.8)
(1997,289,Bo Outlaw,PF,25,LAC,82,25,26.8,3.1,5.1,.609,0.0,0.1,.000,3.1,5.0,.621,.609,1.4,2.8,.504,2.1,3.4,5.5,1.9,1.1,1.7,1.3,2.8,7.6)
(1997,293,Robert Pack,PG,27,TOT,54,42,33.0,5.0,12.8,.392,0.6,2.1,.277,4.5,10.8,.415,.415,3.6,4.5,.807,0.5,2.2,2.7,8.4,1.7,0.1,4.0,2.6,14.3)
(1997,297,Anthony Peeler,SG,27,VAN,72,57,31.8,5.6,14.0,.398,1.8,4.8,.373,3.8,9.3,.410,.461,1.5,1.8,.820,0.8,2.7,3.4,3.6,1.5,0.2,2.2,2.3,14.5)
(1997,Rk,Player,Pos,Age,Tm,G,GS,MP,FG,FGA,FG%,3P,3PA,3P%,2P,2PA,2P%,eFG%,FT,FTA,FT%,ORB,DRB,TRB,AST,STL,BLK,TOV,PF,PTS)
(1997,304,Ricky Pierce,SG,37,TOT,60,27,20.8,4.0,8.3,.481,0.7,1.6,.442,3.3,6.7,.490,.523,2.3,2.6,.897,0.6,1.4,2.0,1.3,0.5,0.2,1.1,1.6,11.0)
(1997,308,Terry Porter,PG,33,MIN,82,20,19.1,2.3,5.5,.416,0.8,2.4,.335,1.5,3.0,.482,.491,1.5,2.0,.765,0.4,1.8,2.1,3.6,0.7,0.1,1.6,1.3,6.9)
(1997,312,Dino Radja,C,29,BOS,25,25,35.0,6.0,13.6,.440,0.0,0.0,.000,6.0,13.5,.441,.440,2.0,2.8,.718,1.8,6.7,8.4,1.9,0.9,1.9,2.8,3.0,14.0)
(1997,316,Khalid Reeves,PG,24,TOT,63,30,22.7,2.9,7.5,.391,1.3,3.6,.366,1.6,3.9,.416,.480,1.0,1.4,.747,0.5,1.3,1.9,3.6,0.5,0.1,1.7,2.5,8.2)
(1997,320,Pooh Richardson,PG,30,LAC,59,18,18.1,2.2,5.8,.381,0.7,2.2,.328,1.5,3.7,.412,.442,0.4,0.7,.605,0.4,1.2,1.7,2.9,0.9,0.1,1.1,1.4,5.6)
(1997,323,Fred Roberts,PF,36,DAL,12,0,3.3,0.5,1.3,.400,0.0,0.0,,0.5,1.3,.400,.400,0.8,1.2,.714,0.2,0.7,0.8,0.0,0.0,0.1,0.4,0.2,1.8)
(1997,327,David Robinson*,C,31,SAS,6,6,24.5,6.0,12.0,.500,0.0,0.0,,6.0,12.0,.500,.500,5.7,8.7,.654,3.2,5.3,8.5,1.3,1.0,1.0,1.3,1.5,17.7)
(1997,331,Dennis Rodman*,PF,35,CHI,55,54,35.4,2.3,5.2,.448,0.1,0.3,.263,2.2,4.9,.461,.456,0.9,1.6,.568,5.8,10.2,16.1,3.1,0.6,0.3,2.0,3.1,5.7)
(1997,335,Roy Rogers,PF,23,VAN,82,50,22.5,3.0,5.9,.505,0.0,0.0,1.000,3.0,5.9,.504,.506,0.7,1.1,.574,1.7,3.0,4.7,0.6,0.3,2.0,1.0,2.6,6.6)
(1997,339,Donald Royal,SF,30,TOT,62,4,13.8,1.0,2.4,.425,0.0,0.0,.000,1.0,2.3,.431,.425,1.5,1.9,.803,0.8,1.6,2.5,0.4,0.4,0.2,0.8,1.6,3.5)
(1997,342,Arvydas Sabonis*,C,32,POR,69,68,25.5,4.8,9.5,.498,0.7,1.9,.371,4.0,7.6,.530,.536,3.2,4.2,.777,1.7,6.3,7.9,2.1,0.9,1.2,2.2,2.9,13.4)
(1997,346,Steve Scheffler,C,29,SEA,7,0,4.1,0.9,1.0,.857,0.0,0.0,,0.9,1.0,.857,.857,0.1,0.3,.500,0.1,0.3,0.4,0.0,0.0,0.0,0.7,0.7,1.9)
(1997,350,Byron Scott,SG,35,LAL,79,8,18.2,2.1,4.8,.430,0.9,2.4,.388,1.1,2.4,.471,.526,1.6,1.9,.841,0.3,1.2,1.5,1.3,0.6,0.2,0.7,0.9,6.7)
(1997,354,Malik Sealy,SG,26,LAC,80,79,30.7,4.7,11.8,.396,1.0,2.8,.356,3.7,9.0,.408,.438,3.2,3.6,.876,0.7,2.2,3.0,2.1,1.6,0.6,1.9,2.3,13.5)
(1997,358,Dickey Simpkins,PF,24,CHI,48,0,8.2,0.6,1.9,.333,0.0,0.1,.250,0.6,1.9,.337,.339,0.6,0.8,.700,0.8,1.2,1.9,0.6,0.1,0.1,0.7,0.9,1.9)
(1997,361,Joe Smith,PF,21,GSW,80,80,38.6,7.3,16.2,.454,0.2,0.6,.261,7.2,15.6,.461,.459,3.8,4.7,.814,3.3,5.2,8.5,1.6,0.9,1.1,2.4,3.1,18.7)
(1997,365,Stevin Smith,SG,25,DAL,8,0,7.5,0.8,2.3,.333,0.1,0.8,.167,0.6,1.5,.417,.361,0.1,0.1,1.000,0.3,1.0,1.3,0.5,0.1,0.0,0.5,1.1,1.8)
(1997,369,Elmore Spencer,C,27,SEA,1,0,5.0,0.0,1.0,.000,0.0,0.0,,0.0,1.0,.000,.000,0.0,0.0,,0.0,0.0,0.0,0.0,1.0,0.0,1.0,0.0,0.0)
(1997,373,John Starks,SG,31,NYK,77,1,26.5,4.8,11.1,.431,1.9,5.3,.369,2.8,5.8,.488,.519,2.2,2.9,.769,0.5,2.2,2.7,2.8,1.2,0.1,2.1,2.5,13.8)
(1997,377,Bryant Stith,SG,26,DEN,52,52,34.4,4.8,11.6,.416,1.3,3.5,.385,3.5,8.1,.430,.474,3.9,4.5,.863,1.4,2.8,4.2,2.6,1.2,0.4,1.9,2.3,14.9)
(1997,Rk,Player,Pos,Age,Tm,G,GS,MP,FG,FGA,FG%,3P,3PA,3P%,2P,2PA,2P%,eFG%,FT,FTA,FT%,ORB,DRB,TRB,AST,STL,BLK,TOV,PF,PTS)
(1997,384,Bob Sura,SG,23,CLE,82,23,27.7,3.1,7.2,.431,0.6,2.0,.323,2.4,5.2,.473,.476,2.4,3.9,.614,0.9,2.8,3.8,4.8,1.1,0.4,2.2,2.7,9.2)
(1997,388,Kurt Thomas,PF,24,MIA,18,9,20.8,2.2,5.8,.371,0.0,0.1,.000,2.2,5.8,.375,.371,1.9,2.6,.761,1.7,4.2,5.9,0.5,0.7,0.5,1.4,3.7,6.3)
(1997,392,Sedale Threatt,SG,35,HOU,21,0,15.9,1.3,3.5,.378,0.4,1.0,.400,1.0,2.6,.370,.432,0.3,0.4,.750,0.2,0.9,1.1,1.9,0.7,0.1,0.6,1.4,3.3)
(1997,396,Nick Van Exel,PG,25,LAL,79,79,37.2,5.5,13.6,.402,2.2,5.9,.378,3.2,7.7,.420,.484,2.1,2.5,.825,0.6,2.3,2.9,8.5,0.9,0.1,2.7,1.4,15.3)
(1997,400,Antoine Walker,PF,20,BOS,82,68,36.2,7.0,16.5,.425,0.6,1.9,.327,6.4,14.6,.438,.445,2.8,4.5,.631,3.5,5.5,9.0,3.2,1.3,0.6,2.8,3.3,17.5)
(1997,403,John Wallace,SF,22,NYK,68,6,11.6,1.8,3.5,.517,0.0,0.1,.500,1.8,3.4,.517,.521,1.2,1.6,.718,0.8,1.5,2.3,0.5,0.3,0.4,1.1,1.5,4.8)
(1997,407,Jamie Watson,SF,24,TOT,23,6,14.8,1.3,3.1,.431,0.2,0.5,.333,1.2,2.6,.450,.458,0.5,0.7,.750,0.8,1.3,2.0,1.4,1.0,0.2,1.0,1.5,3.4)
(1997,411,Robert Werdann,C,26,NJN,6,0,5.2,0.5,1.2,.429,0.0,0.0,,0.5,1.2,.429,.429,0.5,0.5,1.000,0.5,0.5,1.0,0.0,0.3,0.2,0.3,1.7,1.5)
(1997,415,Ennis Whatley,PG,34,POR,3,0,7.3,0.7,1.3,.500,0.0,0.0,,0.7,1.3,.500,.500,0.0,0.0,,0.0,1.0,1.0,1.0,0.0,0.0,0.3,1.7,1.3)
(1997,419,Gerald Wilkins,SG,33,ORL,80,26,27.5,4.0,9.5,.426,0.8,2.5,.325,3.2,7.0,.462,.469,1.7,2.4,.716,0.7,1.4,2.2,2.2,0.7,0.2,1.5,1.8,10.6)
(1997,422,Eric Williams,SG,24,BOS,72,67,33.8,5.2,11.4,.456,0.0,0.1,.250,5.2,11.3,.458,.457,4.6,6.1,.752,1.8,2.8,4.6,1.8,1.0,0.2,1.9,3.0,15.0)
(1997,426,Jerome Williams,PF,23,DET,33,0,5.4,0.6,1.5,.392,0.0,0.0,,0.6,1.5,.392,.392,0.3,0.5,.529,0.7,0.8,1.5,0.2,0.4,0.0,0.4,0.5,1.5)
(1997,430,Scott Williams,C,28,PHI,62,52,21.2,2.6,5.1,.509,0.0,0.0,.000,2.6,5.1,.513,.509,0.6,0.9,.691,2.5,3.9,6.4,0.7,0.7,0.7,0.8,3.3,5.8)
(1997,434,David Wingate,SG,33,SEA,65,2,14.3,1.4,3.3,.416,0.4,1.1,.352,1.0,2.2,.448,.474,0.5,0.6,.825,0.4,0.8,1.1,1.2,0.7,0.1,0.6,1.7,3.6)
(1997,438,Haywoode Workman,PG,31,IND,4,2,20.3,2.8,5.0,.550,0.0,0.8,.000,2.8,4.3,.647,.550,0.0,0.3,.000,1.0,0.8,1.8,2.8,0.8,0.0,1.3,2.5,5.5)
(1997,441,George Zidek,C,23,TOT,52,2,7.2,0.9,2.3,.415,0.0,0.0,.000,0.9,2.2,.422,.415,0.9,1.1,.789,0.7,1.0,1.7,0.3,0.1,0.1,0.5,1.2,2.8)
