(1997,Rk,Player,Pos,Age,Tm,G,GS,MP,FG,FGA,FG%,3P,3PA,3P%,2P,2PA,2P%,eFG%,FT,FTA,FT%,ORB,DRB,TRB,AST,STL,BLK,TOV,PF,PTS)
(1997,4,Cory Alexander,PG,23,SAS,80,6,18.2,2.4,6.1,.396,1.2,3.2,.373,1.3,3.0,.420,.492,1.2,1.6,.736,0.4,1.2,1.5,3.2,1.0,0.2,1.8,1.9,7.2)
(1997,8,Ashraf Amaya,PF,25,WSB,31,0,4.6,0.4,1.3,.300,0.0,0.0,1.000,0.4,1.3,.282,.313,0.5,0.9,.536,0.6,1.1,1.7,0.1,0.2,0.1,0.3,0.9,1.3)
(1997,12,Shandon Anderson,SG,23,UTA,65,0,16.4,2.3,4.9,.462,0.4,0.7,.511,1.9,4.2,.454,.500,1.0,1.5,.687,0.8,2.0,2.8,0.8,0.4,0.1,1.1,1.7,5.9)
(1997,16,Darrell Armstrong,PG,28,ORL,67,0,15.1,2.0,5.1,.383,0.8,2.7,.304,1.1,2.4,.470,.462,1.4,1.6,.868,0.5,0.6,1.1,2.6,0.9,0.1,1.5,1.7,6.1)
(1997,20,Isaac Austin,C,27,MIA,82,17,22.9,3.9,7.8,.502,0.0,0.0,.000,3.9,7.8,.505,.502,1.8,2.8,.664,1.7,4.2,5.8,1.2,0.5,0.5,2.0,3.0,9.7)
(1997,23,Dana Barros,PG,29,BOS,24,8,29.5,4.6,10.5,.435,1.8,4.4,.410,2.8,6.2,.453,.520,1.5,1.8,.860,0.2,1.8,2.0,3.4,1.1,0.3,1.6,1.4,12.5)
(1997,27,Elmer Bennett,PG,26,TOT,9,0,8.3,0.7,2.1,.316,0.3,1.0,.333,0.3,1.1,.300,.395,0.8,1.1,.700,0.0,0.4,0.4,1.2,0.4,0.0,1.1,0.8,2.4)
(1997,31,Muggsy Bogues,PG,32,CHH,65,65,28.9,3.1,6.8,.460,0.9,2.2,.417,2.2,4.6,.482,.528,0.8,1.0,.844,0.4,1.8,2.2,7.2,1.3,0.0,1.7,1.8,8.0)
(1997,35,Donnie Boyce,SG,23,ATL,22,2,7.0,1.0,2.9,.333,0.1,0.7,.125,0.9,2.1,.404,.349,0.5,1.0,.500,0.3,0.4,0.7,0.6,0.5,0.2,0.7,0.8,2.5)
(1997,39,Frank Brickowski,PF,37,BOS,17,2,15.0,1.9,4.3,.438,0.4,1.2,.350,1.5,3.1,.472,.486,0.6,0.8,.714,0.4,1.6,2.0,0.9,0.3,0.2,1.1,2.5,4.8)
(1997,42,Dee Brown,PG,28,BOS,21,2,24.9,2.9,7.9,.367,1.0,3.1,.308,2.0,4.8,.406,.428,0.9,1.0,.818,0.4,1.9,2.3,3.2,1.5,0.3,1.1,2.1,7.6)
(1997,46,Randy Brown,PG,28,CHI,72,3,14.7,1.9,4.6,.420,0.1,0.3,.182,1.9,4.3,.437,.426,0.8,1.2,.679,0.5,1.1,1.5,1.8,1.1,0.2,0.8,1.6,4.7)
(1997,50,Matt Bullard,PF,29,HOU,71,12,14.4,1.6,4.0,.401,0.9,2.6,.366,0.7,1.4,.465,.519,0.4,0.5,.735,0.2,1.5,1.6,0.9,0.3,0.3,0.5,1.0,4.5)
(1997,54,Jason Caffey,PF,23,CHI,75,19,18.7,2.7,5.1,.532,0.0,0.0,.000,2.7,5.1,.534,.532,1.9,2.8,.659,1.8,2.2,4.0,1.2,0.3,0.1,1.3,2.0,7.3)
(1997,58,Elden Campbell,PF,28,LAL,77,77,32.7,5.7,12.2,.469,0.0,0.1,.250,5.7,12.2,.470,.470,3.4,4.8,.711,2.7,5.3,8.0,1.6,0.6,1.5,1.7,3.6,14.9)
(1997,61,Jimmy Carruth,PF,27,MIL,4,0,5.3,0.5,0.8,.667,0.0,0.0,,0.5,0.8,.667,.667,0.3,0.3,1.000,0.0,1.0,1.0,0.0,0.0,0.5,0.3,1.0,1.3)
(1997,65,Tom Chambers,PF,37,CHH,12,5,6.9,0.6,2.6,.226,0.2,0.3,.667,0.4,2.3,.179,.258,0.3,0.3,.750,0.3,0.9,1.2,0.3,0.1,0.0,0.8,1.2,1.6)
(1997,69,Randolph Childress,PG,24,TOT,23,0,6.7,0.6,1.7,.350,0.2,0.8,.263,0.4,0.9,.429,.413,0.3,0.3,.750,0.0,0.2,0.3,0.7,0.4,0.0,0.8,0.7,1.7)
(1997,73,Bimbo Coles,PG,28,GSW,51,13,23.2,2.4,6.2,.389,0.6,2.0,.294,1.8,4.2,.434,.436,0.7,1.0,.755,0.8,1.5,2.3,2.9,0.7,0.1,1.2,1.9,6.1)
(1997,77,John Crotty,PG,27,MIA,48,0,13.7,1.6,3.2,.513,0.4,1.0,.408,1.2,2.2,.562,.578,1.1,1.3,.844,0.3,0.7,1.0,2.1,0.4,0.0,0.9,1.6,4.8)
(1997,Rk,Player,Pos,Age,Tm,G,GS,MP,FG,FGA,FG%,3P,3PA,3P%,2P,2PA,2P%,eFG%,FT,FTA,FT%,ORB,DRB,TRB,AST,STL,BLK,TOV,PF,PTS)
(1997,84,Sasha Danilovic,SG,26,TOT,56,42,31.9,4.4,10.2,.435,1.5,4.2,.360,2.9,6.0,.488,.510,2.2,2.7,.801,0.5,1.9,2.4,1.8,1.0,0.2,2.1,2.9,12.5)
(1997,88,Dale Davis,PF,27,IND,80,76,32.4,4.6,8.6,.538,0.0,0.0,,4.6,8.6,.538,.538,1.2,2.7,.428,3.8,5.9,9.7,0.7,0.8,1.0,1.4,2.9,10.4)
(1997,92,Todd Day,SG,27,BOS,81,27,28.1,4.9,12.3,.398,1.6,4.3,.362,3.4,8.0,.418,.461,3.2,4.1,.773,1.3,2.7,4.1,1.4,1.3,0.6,1.6,2.6,14.5)
(1997,96,Bison Dele,C,27,CHI,9,0,15.3,2.9,7.0,.413,0.0,0.0,,2.9,7.0,.413,.413,1.2,1.7,.733,1.6,2.1,3.7,1.3,0.3,0.6,1.2,2.2,7.0)
(1997,100,Aleksandar Djordjevic,SG,29,POR,8,0,7.6,1.0,2.0,.500,0.6,0.9,.714,0.4,1.1,.333,.656,0.5,0.6,.800,0.1,0.5,0.6,0.6,0.0,0.0,0.6,0.4,3.1)
(1997,103,Clyde Drexler*,SG,34,HOU,62,62,36.6,6.4,14.5,.442,1.9,5.4,.355,4.5,9.1,.493,.508,3.2,4.3,.750,1.9,4.1,6.0,5.7,1.9,0.6,2.5,2.4,18.0)
(1997,107,Joe Dumars*,SG,33,DET,79,79,37.0,4.9,11.1,.440,2.1,4.9,.432,2.8,6.2,.446,.535,2.8,3.2,.867,0.5,1.9,2.4,4.0,0.7,0.0,1.6,1.2,14.7)
(1997,111,Blue Edwards,SF,31,VAN,61,12,23.6,3.0,7.5,.397,0.4,1.5,.281,2.6,6.0,.425,.425,1.5,1.8,.817,0.8,2.3,3.1,1.9,0.6,0.3,1.3,2.2,7.8)
(1997,115,Mario Elie,SF,33,HOU,78,77,34.4,3.7,7.5,.497,1.5,3.7,.420,2.2,3.8,.572,.600,2.7,3.0,.896,0.8,2.2,3.0,4.0,1.2,0.2,1.7,2.6,11.7)
(1997,119,Pervis Ellison,PF,29,BOS,6,4,20.8,1.0,2.7,.375,0.0,0.0,,1.0,2.7,.375,.375,0.5,0.8,.600,1.5,2.8,4.3,0.7,0.8,1.5,1.2,3.5,2.5)
(1997,122,Jamie Feick,PF-C,22,TOT,41,0,15.2,1.4,3.8,.357,0.1,0.3,.357,1.2,3.5,.357,.373,0.8,1.6,.507,2.0,3.2,5.2,0.6,0.4,0.3,0.8,1.9,3.7)
(1997,126,Matt Fish,C,27,TOT,6,0,1.3,0.2,0.5,.333,0.0,0.0,,0.2,0.5,.333,.333,0.0,0.0,,0.2,0.7,0.8,0.0,0.0,0.0,0.3,0.3,0.3)
(1997,130,Todd Fuller,C,22,GSW,75,18,12.7,1.5,3.5,.429,0.0,0.0,,1.5,3.5,.429,.429,1.0,1.5,.691,1.4,1.9,3.3,0.3,0.1,0.3,0.7,1.9,4.1)
(1997,134,Chris Gatling,PF,29,TOT,47,1,27.3,7.0,13.3,.525,0.0,0.1,.167,6.9,13.1,.528,.526,5.0,7.0,.717,2.9,5.0,7.9,0.6,0.8,0.7,2.6,2.9,19.0)
(1997,138,Armen Gilliam,PF,32,MIL,80,25,25.6,3.1,6.5,.471,0.0,0.0,,3.1,6.5,.471,.471,2.5,3.2,.768,1.7,4.5,6.2,0.7,0.8,0.5,1.3,2.6,8.6)
(1997,141,Brian Grant,PF,24,SAC,24,15,25.3,3.8,8.6,.440,0.0,0.0,,3.8,8.6,.440,.440,2.9,3.8,.778,2.0,3.9,5.9,1.2,0.8,1.0,1.8,3.1,10.5)
(1997,145,Devin Gray,PF,24,TOT,6,0,8.2,1.3,4.3,.308,0.0,0.0,,1.3,4.3,.308,.308,0.3,0.8,.400,1.0,1.3,2.3,0.3,0.7,0.0,0.8,1.8,3.0)
(1997,149,Litterial Green,PG,26,DET,45,0,6.9,0.7,1.4,.469,0.0,0.2,.000,0.7,1.2,.556,.469,0.7,1.0,.638,0.1,0.4,0.5,0.9,0.4,0.0,0.3,0.6,2.0)
(1997,153,Steve Hamer,C,23,BOS,35,3,7.7,0.9,1.6,.526,0.0,0.1,.000,0.9,1.6,.545,.526,0.5,0.8,.552,0.5,1.2,1.7,0.2,0.1,0.1,0.4,1.1,2.2)
(1997,157,Tim Hardaway,PG,30,MIA,81,81,38.7,7.1,17.1,.415,2.5,7.3,.344,4.6,9.8,.469,.489,3.6,4.5,.799,0.6,2.8,3.4,8.6,1.9,0.1,2.8,2.0,20.3)
(1997,Rk,Player,Pos,Age,Tm,G,GS,MP,FG,FGA,FG%,3P,3PA,3P%,2P,2PA,2P%,eFG%,FT,FTA,FT%,ORB,DRB,TRB,AST,STL,BLK,TOV,PF,PTS)
(1997,164,Michael Hawkins,PG,24,BOS,29,0,11.2,1.0,2.3,.426,0.3,1.1,.323,0.7,1.3,.514,.500,0.4,0.5,.800,0.3,0.8,1.1,2.2,0.6,0.0,1.0,1.4,2.8)
(1997,168,Carl Herrera,PF,30,SAS,75,58,24.5,3.4,7.9,.433,0.0,0.1,.333,3.4,7.8,.434,.435,1.1,1.6,.686,1.6,3.0,4.5,0.7,0.8,0.7,1.3,2.9,8.0)
(1997,172,Jeff Hornacek,SG,33,UTA,82,82,31.6,5.0,10.4,.482,0.9,2.4,.369,4.2,8.1,.516,.525,3.6,4.0,.899,0.7,2.2,2.9,4.4,1.5,0.3,1.6,2.3,14.5)
(1997,176,Stephen Howard,SF,26,TOT,49,0,8.5,1.3,2.2,.574,0.0,0.0,,1.3,2.2,.574,.574,1.1,1.7,.642,0.6,1.1,1.7,0.2,0.4,0.2,0.5,1.3,3.6)
(1997,180,Jaren Jackson,SG,29,WSB,75,0,15.1,1.8,4.4,.407,0.7,2.1,.335,1.1,2.3,.474,.488,0.7,0.9,.768,0.4,1.3,1.8,0.9,0.6,0.2,0.8,1.7,5.0)
(1997,183,Henry James,PF,31,ATL,53,15,17.8,2.4,5.8,.408,1.4,3.4,.420,0.9,2.4,.392,.533,0.6,0.7,.833,0.5,1.0,1.5,0.4,0.2,0.0,0.5,1.8,6.7)
(1997,187,Ervin Johnson,C,29,DEN,82,82,31.7,3.0,5.7,.520,0.0,0.0,.000,3.0,5.7,.523,.520,1.2,1.9,.615,2.8,8.3,11.1,0.9,0.8,2.8,1.4,3.5,7.1)
(1997,191,Eddie Jones,SG,25,LAL,80,80,37.5,5.9,13.5,.438,1.9,4.9,.391,4.0,8.7,.464,.508,3.5,4.2,.819,1.1,3.0,4.1,3.4,2.4,0.6,2.1,2.8,17.2)
(1997,195,Adam Keefe,C,26,UTA,62,0,14.8,1.3,2.6,.513,0.0,0.0,.000,1.3,2.6,.516,.513,1.1,1.7,.689,1.2,2.3,3.5,0.5,0.5,0.2,0.7,1.6,3.8)
(1997,199,Jerome Kersey,SF,34,LAL,70,44,25.2,2.8,6.4,.432,0.2,0.9,.262,2.5,5.5,.461,.451,1.0,1.7,.602,1.6,3.6,5.2,1.3,1.7,0.7,1.1,3.1,6.8)
(1997,202,Jimmy King,SG,23,DEN,2,0,11.0,1.0,3.0,.333,0.0,0.0,,1.0,3.0,.333,.333,1.0,2.0,.500,1.0,0.0,1.0,1.0,1.5,0.0,0.5,1.0,3.0)
(1997,206,Travis Knight,C,22,LAL,71,14,16.3,2.0,3.9,.509,0.0,0.0,,2.0,3.9,.509,.509,0.9,1.4,.620,1.8,2.7,4.5,0.5,0.4,0.8,0.7,2.4,4.8)
(1997,210,Andrew Lang,C,30,MIL,52,52,23.0,2.2,4.8,.464,0.0,0.0,,2.2,4.8,.464,.464,0.8,1.2,.721,1.8,3.5,5.3,0.5,0.5,0.9,0.8,2.7,5.3)
(1997,214,Tim Legler,SG,30,WSB,15,0,12.1,1.0,3.2,.313,0.5,1.9,.276,0.5,1.3,.368,.396,0.4,0.5,.857,0.0,1.4,1.4,0.5,0.2,0.3,0.6,1.4,2.9)
(1997,218,Randy Livingston,PG,21,HOU,64,0,15.3,1.6,3.6,.437,0.1,0.3,.409,1.4,3.2,.440,.456,0.7,1.0,.646,0.5,1.0,1.5,2.4,0.6,0.2,1.6,1.7,3.9)
(1997,221,Grant Long,PF,30,DET,65,24,17.9,1.9,4.2,.447,0.3,0.7,.362,1.6,3.5,.465,.478,1.0,1.3,.750,1.4,2.1,3.4,0.6,0.7,0.1,0.7,1.6,5.0)
(1997,226,Don MacLean,SF,27,PHI,37,2,19.8,4.4,9.9,.447,0.3,1.0,.316,4.1,8.8,.462,.463,1.7,2.6,.660,1.1,2.7,3.8,1.0,0.3,0.3,1.3,1.9,10.9)
(1997,230,Matt Maloney,PG,25,HOU,82,82,29.1,3.3,7.5,.441,1.9,4.6,.404,1.4,2.9,.500,.566,0.9,1.1,.763,0.2,1.7,2.0,3.7,1.0,0.0,1.5,1.5,9.4)
(1997,234,Sarunas Marciulionis*,SG,32,DEN,17,0,15.0,2.2,5.9,.376,0.6,1.8,.367,1.6,4.2,.380,.431,1.7,2.1,.806,0.7,1.1,1.8,1.5,0.7,0.1,2.4,2.2,6.8)
(1997,238,Darrick Martin,PG,25,LAC,82,64,22.2,3.6,8.8,.407,1.1,2.9,.389,2.5,5.9,.415,.470,2.7,3.0,.872,0.3,1.1,1.4,4.1,0.7,0.0,1.5,2.0,10.9)
(1997,241,Tony Massenburg,PF,29,NJN,79,49,24.7,2.8,5.7,.485,0.0,0.0,.000,2.8,5.7,.486,.485,1.6,2.6,.631,2.8,3.7,6.5,0.3,0.5,0.6,1.2,2.7,7.2)
(1997,245,Amal McCaskill,C,23,ORL,17,1,6.4,0.6,1.9,.313,0.0,0.1,.000,0.6,1.8,.333,.313,0.5,0.7,.667,0.2,1.1,1.3,0.4,0.2,0.3,0.6,0.4,1.6)
(1997,249,Jim McIlvaine,C,24,SEA,82,79,18.0,1.6,3.4,.471,0.0,0.1,.143,1.6,3.3,.480,.473,0.6,1.3,.495,1.6,2.4,4.0,0.3,0.5,2.0,0.8,3.0,3.8)
(1997,253,Nate McMillan,PG,32,SEA,37,2,21.6,1.6,4.0,.409,0.8,2.3,.333,0.9,1.8,.508,.503,0.5,0.8,.655,0.4,2.8,3.2,3.8,1.6,0.2,0.9,2.1,4.6)
(1997,257,Reggie Miller*,SG,31,IND,81,81,36.6,6.8,15.4,.444,2.8,6.6,.427,4.0,8.7,.456,.536,5.2,5.9,.880,0.7,2.9,3.5,3.4,0.9,0.3,2.0,2.1,21.6)
(1997,Rk,Player,Pos,Age,Tm,G,GS,MP,FG,FGA,FG%,3P,3PA,3P%,2P,2PA,2P%,eFG%,FT,FTA,FT%,ORB,DRB,TRB,AST,STL,BLK,TOV,PF,PTS)
(1997,264,Tracy Moore,SG,31,HOU,27,1,8.8,1.2,3.1,.388,0.4,1.6,.256,0.8,1.6,.524,.453,0.8,1.1,.710,0.4,0.6,1.0,0.7,0.2,0.0,0.5,0.7,3.7)
(1997,268,Chris Mullin*,SF,33,GSW,79,63,34.6,5.5,10.0,.553,1.1,2.6,.411,4.5,7.5,.602,.605,2.3,2.7,.864,0.9,3.1,4.0,4.1,1.6,0.4,2.4,2.0,14.5)
(1997,272,Tracy Murray,SF,25,WSB,82,1,22.1,3.5,8.3,.425,1.3,3.7,.353,2.2,4.6,.481,.503,1.6,2.0,.839,1.0,2.1,3.1,1.0,0.8,0.2,1.0,1.8,10.0)
(1997,276,Ruben Nembhard,SG-PG,24,TOT,10,0,11.3,1.6,3.7,.432,0.0,0.6,.000,1.6,3.1,.516,.432,0.8,1.0,.800,0.3,0.5,0.8,1.7,0.9,0.0,0.8,1.2,4.0)
(1997,280,Ken Norman,SF,32,ATL,17,0,12.9,1.6,5.5,.287,0.4,2.2,.158,1.2,3.3,.375,.319,0.2,0.7,.333,0.5,1.8,2.3,0.7,0.4,0.2,1.1,1.0,3.8)
(1997,283,Jermaine O'Neal,PF,18,POR,45,0,10.2,1.5,3.4,.451,0.0,0.0,.000,1.5,3.4,.454,.451,1.0,1.7,.603,0.9,1.9,2.8,0.2,0.0,0.6,0.6,1.0,4.1)
(1997,287,Jimmy Oliver,SG,27,TOR,4,0,10.8,1.0,3.3,.308,0.3,1.5,.167,0.8,1.8,.429,.346,0.5,0.5,1.000,0.3,1.0,1.3,0.3,0.5,0.0,0.8,0.5,2.8)
(1997,291,Billy Owens,SF,27,SAC,66,56,30.2,4.5,9.7,.467,0.4,1.1,.347,4.2,8.6,.482,.487,1.5,2.2,.697,2.0,3.9,5.9,2.8,0.9,0.4,2.0,2.8,11.0)
(1997,295,Cherokee Parks,PF,24,MIN,76,0,12.6,1.4,2.7,.510,0.0,0.0,.000,1.4,2.6,.512,.510,0.6,1.0,.605,1.1,1.5,2.6,0.4,0.5,0.6,0.4,2.0,3.3)
(1997,299,Sam Perkins,C,35,SEA,81,4,24.4,3.6,8.2,.439,1.5,3.8,.395,2.1,4.3,.477,.531,2.3,2.8,.817,0.9,2.8,3.7,1.3,0.9,0.6,1.0,1.7,11.0)
(1997,302,Bobby Phills,SG,27,CLE,69,65,34.4,4.8,11.1,.428,1.2,3.1,.394,3.5,8.0,.442,.484,1.8,2.5,.718,0.9,2.6,3.6,3.4,1.6,0.3,2.0,2.5,12.6)
(1997,306,Scottie Pippen*,SF,31,CHI,82,82,37.7,7.9,16.7,.474,1.9,5.2,.368,6.0,11.5,.522,.531,2.5,3.5,.701,2.0,4.5,6.5,5.7,1.9,0.5,2.6,2.6,20.2)
(1997,310,Brent Price,PG,28,HOU,25,0,15.6,1.8,4.2,.419,0.7,2.1,.321,1.1,2.1,.519,.500,0.8,0.8,1.000,0.4,0.8,1.2,2.6,0.7,0.0,1.3,1.4,5.0)
(1997,314,Eldridge Recasner,SG,29,ATL,71,4,17.0,2.1,4.9,.423,0.8,2.0,.414,1.3,3.0,.429,.506,0.7,0.8,.879,0.5,1.1,1.6,1.3,0.5,0.1,0.9,1.4,5.7)
(1997,318,Shawn Respert,SG,24,TOT,41,0,12.1,1.4,3.4,.424,0.5,1.4,.351,1.0,2.0,.476,.496,0.8,1.0,.872,0.3,0.6,1.0,1.0,0.5,0.0,0.7,1.0,4.2)
(1997,321,Mitch Richmond*,SG,31,SAC,81,81,38.6,8.9,19.5,.454,2.5,5.9,.428,6.3,13.6,.466,.519,5.6,6.6,.861,0.7,3.2,3.9,4.2,1.5,0.3,2.9,2.6,25.9)
(1997,325,Chris Robinson,SG,22,VAN,41,6,16.6,1.7,4.4,.379,0.8,2.2,.382,0.9,2.3,.376,.473,0.4,0.6,.615,0.6,1.2,1.7,1.6,0.7,0.2,0.8,2.1,4.6)
(1997,329,James Robinson,PG,26,MIN,69,5,19.0,2.8,7.0,.407,1.5,3.9,.382,1.4,3.1,.437,.512,1.1,1.7,.684,0.3,1.3,1.6,1.8,0.4,0.1,1.0,1.8,8.3)
(1997,333,Carlos Rogers,PF,25,TOR,56,3,24.9,3.8,7.2,.525,0.4,1.2,.379,3.3,6.0,.553,.556,1.8,3.0,.600,2.1,3.3,5.4,0.7,0.8,1.2,0.9,2.5,9.8)
(1997,337,Jalen Rose,SF,24,IND,66,6,18.0,2.6,5.7,.456,0.3,1.1,.292,2.3,4.6,.495,.484,1.8,2.4,.750,0.4,1.4,1.8,2.3,0.9,0.3,1.6,2.1,7.3)
(1997,Rk,Player,Pos,Age,Tm,G,GS,MP,FG,FGA,FG%,3P,3PA,3P%,2P,2PA,2P%,eFG%,FT,FTA,FT%,ORB,DRB,TRB,AST,STL,BLK,TOV,PF,PTS)
(1997,344,Jason Sasser,SF,23,TOT,8,0,8.6,1.1,2.9,.391,0.1,0.4,.333,1.0,2.5,.400,.413,0.0,0.0,,0.1,0.9,1.0,0.3,0.4,0.0,0.3,1.4,2.4)
(1997,348,Detlef Schrempf,SF,34,SEA,61,60,35.9,5.8,11.9,.492,0.9,2.6,.354,4.9,9.2,.531,.531,4.1,5.2,.801,1.4,5.0,6.5,4.4,1.0,0.3,2.5,2.5,16.8)
(1997,352,James Scott,SF,24,MIA,8,0,4.0,0.0,1.0,.000,0.0,0.5,.000,0.0,0.5,.000,.000,0.1,0.3,.500,0.1,0.6,0.8,0.4,0.3,0.0,0.3,0.6,0.1)
(1997,356,Brian Shaw,PG,30,ORL,77,31,24.2,2.5,6.7,.366,0.8,2.5,.325,1.6,4.2,.391,.427,1.4,1.8,.793,0.6,1.9,2.5,4.1,0.9,0.3,2.2,2.6,7.2)
(1997,360,Charles Smith,PF,31,SAS,19,7,17.3,1.8,4.4,.405,0.0,0.1,.000,1.8,4.4,.410,.405,1.1,1.4,.769,0.9,2.5,3.4,0.7,0.7,1.2,1.2,2.3,4.6)
(1997,363,Michael Smith,PF,24,SAC,81,52,31.2,2.5,4.6,.539,0.0,0.0,,2.5,4.6,.539,.539,1.6,3.2,.496,3.2,6.3,9.5,2.4,1.0,0.7,1.6,3.1,6.6)
(1997,367,Rik Smits,C,30,IND,52,52,29.2,6.8,14.1,.486,0.0,0.2,.250,6.8,13.9,.488,.487,3.3,4.2,.797,2.0,4.9,6.9,1.3,0.4,1.1,2.4,3.4,17.1)
(1997,371,Latrell Sprewell,SG,26,GSW,80,79,41.9,8.1,18.1,.449,1.8,5.2,.354,6.3,12.9,.488,.500,6.2,7.3,.843,0.7,3.9,4.6,6.3,1.7,0.6,4.0,1.9,24.2)
(1997,375,Joe Stephens,PF,24,HOU,2,0,4.5,0.5,2.5,.200,0.5,1.5,.333,0.0,1.0,.000,.300,0.0,0.0,,1.0,0.5,1.5,0.0,1.5,0.0,1.5,1.5,1.5)
(1997,379,Damon Stoudamire,PG,23,TOR,81,81,40.9,7.0,17.4,.401,2.2,6.1,.355,4.8,11.2,.426,.463,4.1,5.0,.823,1.1,3.0,4.1,8.8,1.5,0.2,3.6,2.0,20.2)
(1997,382,Rod Strickland,PG,30,WSB,82,81,36.5,6.3,13.5,.466,0.2,0.9,.169,6.1,12.5,.488,.472,4.5,6.1,.738,1.2,2.9,4.1,8.9,1.7,0.2,3.3,2.0,17.2)
(1997,386,Zan Tabak,C,26,TOR,13,4,16.8,2.5,5.5,.451,0.0,0.0,,2.5,5.5,.451,.451,1.5,2.2,.690,1.5,2.2,3.8,1.1,0.5,0.8,1.6,2.7,6.5)
(1997,390,LaSalle Thompson,C,35,TOT,26,0,5.4,0.1,0.7,.158,0.0,0.0,,0.1,0.7,.158,.158,0.2,0.2,.667,0.3,1.0,1.3,0.1,0.1,0.2,0.3,1.3,0.4)
(1997,394,Keith Tower,C,26,MIL,5,1,14.4,0.6,1.6,.375,0.0,0.0,,0.6,1.6,.375,.375,0.2,1.6,.125,0.4,1.4,1.8,0.2,0.4,0.2,0.4,2.4,1.4)
(1997,398,Loy Vaught,PF,28,LAC,82,82,34.6,6.6,13.2,.500,0.0,0.1,.167,6.6,13.1,.504,.501,1.6,2.3,.702,2.7,7.3,10.0,1.3,1.0,0.3,1.7,2.9,14.9)
(1997,401,Samaki Walker,PF,20,DAL,43,12,14.0,1.9,4.3,.444,0.0,0.0,.000,1.9,4.3,.446,.444,1.1,1.7,.649,1.1,2.3,3.4,0.4,0.3,0.5,0.9,1.7,5.0)
(1997,405,Rex Walters,SG,26,PHI,59,16,17.6,2.5,5.5,.455,1.0,2.5,.385,1.5,3.0,.514,.543,0.8,1.1,.790,0.4,1.5,1.8,1.9,0.5,0.1,1.0,1.3,6.8)
(1997,409,Chris Webber,PF,23,WSB,72,72,39.0,8.4,16.2,.518,0.8,2.1,.397,7.6,14.1,.535,.543,2.5,4.3,.565,3.3,7.0,10.3,4.6,1.7,1.9,3.2,3.6,20.1)
(1997,413,Doug West,SG,29,MIN,68,66,28.2,3.3,7.1,.467,0.2,0.7,.333,3.1,6.5,.481,.482,0.9,1.4,.681,0.5,1.6,2.2,1.7,0.9,0.4,1.0,3.2,7.8)
(1997,417,Chris Whitney,PG,25,WSB,82,1,13.6,1.7,4.0,.421,0.7,2.0,.356,1.0,2.0,.485,.509,1.1,1.4,.832,0.2,1.1,1.3,2.2,0.6,0.0,0.8,1.2,5.2)
(1997,Rk,Player,Pos,Age,Tm,G,GS,MP,FG,FGA,FG%,3P,3PA,3P%,2P,2PA,2P%,eFG%,FT,FTA,FT%,ORB,DRB,TRB,AST,STL,BLK,TOV,PF,PTS)
(1997,424,Hot Rod Williams,C,34,PHO,68,66,31.4,3.0,6.1,.490,0.0,0.0,.000,3.0,6.1,.493,.490,2.0,2.9,.672,2.6,5.6,8.3,1.5,1.0,1.3,1.0,2.6,8.0)
(1997,428,Monty Williams,SF,25,SAS,65,26,20.7,3.6,7.1,.509,0.0,0.0,.000,3.6,7.1,.510,.509,1.8,2.9,.645,1.5,1.7,3.2,1.4,0.8,0.8,1.8,2.5,9.0)
(1997,432,Corliss Williamson,SF,23,SAC,79,31,25.2,4.7,9.4,.498,0.0,0.0,.000,4.7,9.4,.500,.498,2.2,3.2,.689,1.8,2.4,4.1,1.6,0.8,0.6,2.0,3.3,11.6)
(1997,436,Joe Wolf,C,32,MIL,56,7,9.4,0.7,1.6,.449,0.0,0.1,.143,0.7,1.5,.476,.455,0.3,0.3,.737,0.6,1.4,2.0,0.4,0.3,0.2,0.3,1.9,1.7)
(1997,440,Sharone Wright,C,24,TOR,60,28,16.8,2.7,6.7,.400,0.0,0.0,.000,2.7,6.7,.400,.400,1.1,2.2,.511,1.3,1.8,3.1,0.5,0.3,0.8,1.6,2.4,6.5)
