(1997,1,Mahmoud Abdul-Rauf,PG,27,SAC,75,51,28.4,5.5,12.3,.445,1.3,3.3,.382,4.2,9.0,.468,.496,1.5,1.8,.846,0.2,1.4,1.6,2.5,0.7,0.1,1.6,2.3,13.7)
(1997,5,Jerome Allen,SG,24,TOT,76,1,12.4,1.0,2.9,.353,0.4,1.2,.323,0.6,1.7,.375,.421,0.6,0.9,.583,0.3,1.0,1.3,2.0,0.4,0.1,0.9,1.1,3.0)
(1997,9,Greg Anderson,C,32,SAS,82,48,20.2,1.6,3.2,.496,0.0,0.0,.000,1.6,3.2,.498,.496,0.8,1.1,.667,1.9,3.5,5.5,0.4,0.8,0.8,0.9,2.7,3.9)
(1997,13,Willie Anderson,SG,30,MIA,28,1,10.8,1.0,2.3,.453,0.3,0.7,.421,0.8,1.6,.467,.516,0.6,0.7,.850,0.5,1.0,1.5,1.2,0.5,0.1,0.7,1.3,3.0)
(1997,17,Vincent Askew,SG,30,TOT,43,0,19.5,1.9,4.3,.435,0.2,0.6,.292,1.7,3.8,.457,.454,1.6,2.0,.795,0.6,1.7,2.3,2.1,0.4,0.1,1.1,2.9,5.6)
(1997,Rk,Player,Pos,Age,Tm,G,GS,MP,FG,FGA,FG%,3P,3PA,3P%,2P,2PA,2P%,eFG%,FT,FTA,FT%,ORB,DRB,TRB,AST,STL,BLK,TOV,PF,PTS)
(1997,24,Brent Barry,SG,25,LAC,59,0,18.5,2.6,6.4,.409,0.9,2.9,.324,1.7,3.5,.481,.483,1.3,1.6,.817,0.5,1.4,1.9,2.6,0.9,0.3,1.3,1.5,7.5)
(1997,28,Travis Best,PG,24,IND,76,46,27.2,3.6,8.2,.442,0.8,2.0,.368,2.9,6.1,.467,.488,2.0,2.6,.756,0.5,1.7,2.2,4.2,1.3,0.1,2.0,2.9,9.9)
(1997,32,Dexter Boney,SG,26,PHO,8,0,6.0,0.8,2.4,.316,0.1,0.8,.167,0.6,1.6,.385,.342,0.8,1.0,.750,0.4,0.4,0.8,0.0,0.3,0.1,0.1,0.4,2.4)
(1997,36,Shawn Bradley,C,24,TOT,73,70,31.3,5.6,12.4,.449,0.0,0.1,.000,5.6,12.3,.453,.449,2.0,3.1,.654,3.0,5.3,8.4,0.7,0.5,3.4,1.8,3.2,13.2)
(1997,40,Scott Brooks,PG,31,NYK,38,0,6.6,0.5,1.0,.487,0.1,0.3,.417,0.4,0.7,.519,.551,0.4,0.4,.933,0.2,0.3,0.5,0.8,0.6,0.0,0.4,0.9,1.5)
(1997,43,Marcus Brown,PG,22,POR,21,0,8.8,1.3,3.3,.400,0.6,1.5,.406,0.7,1.8,.395,.493,0.6,0.9,.684,0.2,0.5,0.7,1.0,0.4,0.1,0.6,1.2,3.9)
(1997,47,Kobe Bryant,SG,18,LAL,71,6,15.5,2.5,5.9,.417,0.7,1.9,.375,1.8,4.0,.437,.477,1.9,2.3,.819,0.7,1.2,1.9,1.3,0.7,0.3,1.6,1.4,7.6)
(1997,51,Scott Burrell,SF,26,TOT,57,2,16.5,1.7,4.8,.362,0.7,2.0,.353,1.0,2.7,.368,.437,1.0,1.3,.750,0.9,1.9,2.8,1.3,0.5,0.3,0.9,2.1,5.2)
(1997,55,Michael Cage,C,35,PHI,82,24,15.2,0.8,1.7,.468,0.0,0.0,,0.8,1.7,.468,.468,0.2,0.5,.463,1.4,2.5,3.9,0.5,0.6,0.5,0.2,1.4,1.8)
(1997,59,Antoine Carr,PF,35,UTA,82,0,17.8,3.1,6.4,.483,0.0,0.0,.000,3.1,6.3,.486,.483,1.2,1.5,.780,0.7,1.6,2.4,0.9,0.3,0.8,0.9,2.6,7.4)
(1997,62,Sam Cassell,PG,27,TOT,61,44,28.1,5.5,12.8,.430,1.3,3.8,.351,4.2,9.0,.464,.482,3.5,4.1,.845,0.8,2.2,3.0,5.0,1.3,0.3,2.8,3.3,15.9)
(1997,66,Rex Chapman,SG,29,PHO,65,33,28.2,5.1,11.5,.443,1.7,4.8,.350,3.4,6.7,.510,.517,1.9,2.3,.832,0.4,2.4,2.8,2.8,0.8,0.1,1.5,1.7,13.8)
(1997,70,Chris Childs,PG,29,NYK,65,61,31.9,3.2,7.8,.414,1.1,2.8,.387,2.2,5.1,.429,.482,1.7,2.3,.758,0.3,2.6,2.9,6.1,1.2,0.2,2.8,3.3,9.3)
(1997,74,Marty Conlon,C,29,BOS,74,15,21.8,2.9,6.1,.471,0.0,0.1,.200,2.9,6.0,.477,.474,1.9,2.3,.842,1.7,2.6,4.4,1.4,0.6,0.2,1.5,2.1,7.8)
(1997,78,Terry Cummings,PF,35,SEA,45,3,18.4,3.4,7.1,.486,0.1,0.1,.600,3.4,7.0,.484,.491,1.3,1.8,.695,1.6,2.5,4.1,0.9,0.7,0.2,1.0,2.5,8.2)
(1997,81,Michael Curry,SG,28,DET,81,2,15.0,1.2,2.7,.448,0.3,1.0,.299,0.9,1.8,.528,.500,1.2,1.3,.898,0.3,1.2,1.5,0.5,0.4,0.1,0.3,1.6,3.9)
(1997,85,Yinka Dare,C,24,NJN,41,2,7.6,0.5,1.3,.352,0.0,0.0,,0.5,1.3,.352,.352,0.5,0.9,.514,0.9,1.1,2.0,0.1,0.1,0.7,0.5,1.2,1.4)
(1997,89,Emanual Davis,PG,28,HOU,13,0,17.7,1.8,4.2,.444,0.9,2.1,.444,0.9,2.1,.444,.556,0.4,0.6,.625,0.2,1.5,1.7,2.0,0.7,0.2,1.3,1.5,5.0)
(1997,93,Andrew DeClercq,C,23,GSW,71,1,15.0,2.0,3.8,.520,0.0,0.0,,2.0,3.8,.520,.520,1.3,2.1,.603,1.7,2.5,4.2,0.5,0.5,0.4,1.1,3.2,5.3)
(1997,97,Tony Delk,PG,23,CHH,61,1,14.2,2.0,4.2,.465,0.9,1.8,.464,1.1,2.4,.465,.566,0.7,0.8,.824,0.5,1.1,1.6,1.6,0.6,0.1,1.1,1.2,5.4)
(1997,Rk,Player,Pos,Age,Tm,G,GS,MP,FG,FGA,FG%,3P,3PA,3P%,2P,2PA,2P%,eFG%,FT,FTA,FT%,ORB,DRB,TRB,AST,STL,BLK,TOV,PF,PTS)
(1997,104,Nate Driggers,SG,23,BOS,15,0,8.8,0.9,2.9,.302,0.0,0.6,.000,0.9,2.3,.382,.302,0.7,0.9,.714,0.8,0.7,1.5,0.4,0.2,0.1,0.4,0.7,2.4)
(1997,108,Tony Dumas,SG,24,TOT,24,1,11.6,1.4,4.0,.344,0.2,1.2,.143,1.2,2.8,.426,.365,0.7,1.0,.640,0.1,0.5,0.7,1.0,0.4,0.1,0.7,1.9,3.6)
(1997,112,Kevin Edwards,PG,31,NJN,32,0,14.9,2.2,5.7,.377,0.5,1.3,.349,1.7,4.4,.386,.418,1.2,1.3,.860,0.3,1.1,1.3,1.8,0.5,0.1,1.5,1.1,5.9)
(1997,116,Sean Elliott,SF,28,SAS,39,39,35.7,5.0,11.9,.422,1.1,3.2,.333,3.9,8.7,.456,.468,3.8,5.0,.755,1.2,3.6,4.9,3.2,0.6,0.6,2.3,2.7,14.9)
(1997,120,Brian Evans,SF,23,ORL,14,0,4.2,0.6,1.6,.364,0.3,0.6,.500,0.3,1.0,.286,.455,0.0,0.0,,0.1,0.5,0.6,0.5,0.1,0.1,0.1,0.4,1.4)
(1997,123,Duane Ferrell,SF,31,IND,62,18,18.0,2.6,5.4,.472,0.3,0.7,.409,2.3,4.7,.481,.499,0.9,1.5,.617,0.9,1.4,2.3,1.1,0.6,0.1,0.9,1.9,6.4)
(1997,127,Derek Fisher,PG,22,LAL,80,3,11.5,1.3,3.3,.397,0.3,0.9,.301,1.0,2.4,.434,.439,1.0,1.5,.658,0.3,0.9,1.2,1.5,0.5,0.1,0.9,1.1,3.9)
(1997,131,Kevin Gamble,SF,31,SAC,62,2,15.4,2.0,4.6,.430,0.9,1.8,.482,1.1,2.8,.397,.524,0.1,0.2,.700,0.2,1.5,1.7,1.2,0.3,0.3,0.4,1.2,5.0)
(1997,135,Reggie Geary,PG,23,CLE,39,0,6.3,0.6,1.5,.379,0.2,0.5,.381,0.4,0.9,.378,.448,0.1,0.3,.455,0.1,0.3,0.4,0.9,0.3,0.1,0.4,0.9,1.5)
(1997,139,Anthony Goldwire,PG,25,TOT,60,30,19.8,2.2,5.5,.397,1.1,2.6,.418,1.1,3.0,.379,.494,1.0,1.3,.782,0.2,1.2,1.4,3.7,0.6,0.0,1.3,1.7,6.5)
(1997,142,Gary Grant,PG,31,MIA,28,0,13.0,1.4,3.9,.355,0.5,1.6,.304,0.9,2.3,.391,.418,0.6,0.8,.818,0.3,1.1,1.4,1.6,0.6,0.0,1.0,1.4,3.9)
(1997,146,Evric Gray,SF,27,NJN,5,0,8.4,0.8,3.0,.267,0.2,0.8,.250,0.6,2.2,.273,.300,0.8,0.8,1.000,0.2,0.4,0.6,0.4,0.2,0.0,0.6,1.0,2.6)
(1997,150,Tom Gugliotta,PF,27,MIN,81,81,38.7,7.3,16.5,.442,0.3,1.1,.258,7.0,15.4,.456,.451,5.7,7.0,.820,2.3,6.4,8.7,4.1,1.6,1.1,3.6,2.9,20.6)
(1997,154,Tom Hammonds,PF,29,DEN,81,8,21.7,2.4,4.9,.480,0.0,0.0,.000,2.4,4.9,.482,.480,1.5,2.1,.721,1.7,3.3,5.0,0.8,0.2,0.3,1.1,2.5,6.2)
(1997,158,Derek Harper,PG,35,DAL,75,29,29.5,4.0,9.0,.444,0.8,2.3,.341,3.2,6.6,.480,.488,1.3,1.7,.742,0.4,1.4,1.8,4.3,1.2,0.2,1.8,1.9,10.0)
(1997,161,Lucious Harris,SG,26,PHI,54,3,15.1,2.1,5.4,.381,0.7,1.8,.364,1.4,3.6,.390,.442,0.6,0.9,.702,0.5,0.8,1.3,0.9,0.8,0.1,0.6,0.8,5.4)
(1997,165,Shane Heal,PG,26,MIN,43,0,5.5,0.6,2.3,.268,0.5,1.5,.308,0.1,0.7,.188,.371,0.1,0.1,.600,0.0,0.4,0.4,0.8,0.1,0.1,0.4,0.5,1.7)
(1997,169,Grant Hill,SF,24,DET,80,80,39.3,7.8,15.7,.496,0.1,0.4,.303,7.7,15.3,.502,.500,5.6,7.9,.711,1.5,7.5,9.0,7.3,1.8,0.6,3.2,2.3,21.4)
(1997,173,Robert Horry,SF,26,TOT,54,29,25.8,2.9,6.7,.436,0.9,2.9,.318,2.0,3.8,.524,.504,1.1,1.7,.667,1.3,3.1,4.4,2.0,1.2,1.0,1.3,2.8,7.8)
(1997,177,Lindsey Hunter,PG,26,DET,82,76,36.9,5.1,12.7,.404,2.0,5.7,.355,3.1,7.0,.444,.484,1.9,2.5,.778,0.7,2.1,2.8,1.9,1.6,0.3,1.2,2.5,14.2)
(1997,Rk,Player,Pos,Age,Tm,G,GS,MP,FG,FGA,FG%,3P,3PA,3P%,2P,2PA,2P%,eFG%,FT,FTA,FT%,ORB,DRB,TRB,AST,STL,BLK,TOV,PF,PTS)
(1997,184,Chris Jent,SF,27,NYK,3,0,3.3,0.7,2.0,.333,0.7,1.0,.667,0.0,1.0,.000,.500,0.0,0.0,,0.3,0.0,0.3,0.3,0.0,0.0,0.0,0.7,2.0)
(1997,188,Kevin Johnson,PG,30,PHO,70,70,38.0,6.3,12.7,.496,1.3,2.9,.441,5.0,9.8,.512,.546,6.3,7.4,.852,0.8,2.8,3.6,9.3,1.5,0.2,3.1,2.0,20.1)
(1997,192,Popeye Jones,PF,26,TOR,79,61,30.6,3.3,6.8,.480,0.0,0.2,.077,3.3,6.6,.490,.481,1.3,1.5,.818,3.4,5.2,8.6,1.1,0.7,0.5,1.5,3.4,7.8)
(1997,196,Shawn Kemp,PF,27,SEA,81,75,34.0,6.5,12.7,.510,0.1,0.4,.364,6.3,12.3,.515,.516,5.6,7.5,.742,3.4,6.6,10.0,1.9,1.5,1.0,3.5,4.0,18.7)
(1997,200,Jason Kidd,PG,23,TOT,55,45,35.7,3.9,9.6,.403,1.1,3.0,.370,2.8,6.6,.418,.460,2.0,3.0,.679,1.2,3.4,4.5,9.0,2.3,0.4,2.6,2.1,10.9)
(1997,203,Stacey King,C,30,TOT,11,0,9.4,1.0,2.0,.500,0.0,0.0,,1.0,2.0,.500,.500,0.2,0.6,.286,1.0,1.5,2.5,0.1,0.2,0.1,0.5,1.3,2.2)
(1997,207,Larry Krystkowiak,PF,32,LAL,3,0,3.7,0.3,0.7,.500,0.0,0.0,,0.3,0.7,.500,.500,0.3,0.7,.500,0.7,1.0,1.7,1.0,0.7,0.0,0.3,1.0,1.0)
(1997,211,Antonio Lang,PF,24,CLE,64,1,13.2,1.1,2.5,.420,0.0,0.1,.000,1.1,2.4,.436,.420,0.5,0.8,.729,0.8,1.2,2.0,0.5,0.5,0.5,0.8,1.7,2.7)
(1997,215,Voshon Lenard,SG,23,MIA,73,47,28.9,4.3,9.4,.459,2.5,6.1,.414,1.8,3.3,.541,.593,1.2,1.4,.819,0.5,2.5,3.0,2.2,0.7,0.2,1.5,2.3,12.3)
(1997,219,Horacio Llamas Grey,C,23,PHO,20,2,5.1,0.8,1.4,.536,0.0,0.0,,0.8,1.4,.536,.536,0.2,0.4,.500,0.2,0.7,0.9,0.2,0.5,0.3,0.6,1.3,1.7)
(1997,222,John Long,SG,40,TOR,32,0,11.6,1.4,3.7,.393,0.4,1.1,.353,1.1,2.6,.410,.444,0.8,0.9,.893,0.2,1.1,1.3,0.7,0.3,0.1,0.8,0.9,4.0)
(1997,223,Luc Longley,C,28,CHI,59,59,24.9,3.7,8.2,.456,0.0,0.0,.000,3.7,8.2,.458,.456,1.6,2.0,.792,2.1,3.6,5.6,2.4,0.4,1.1,1.9,3.2,9.1)
(1997,227,Rick Mahorn,C,38,DET,22,7,9.9,0.9,2.5,.370,0.0,0.0,.000,0.9,2.4,.377,.370,0.7,1.0,.727,0.9,1.5,2.4,0.3,0.2,0.1,0.5,1.5,2.5)
(1997,231,Danny Manning,PF,30,PHO,77,17,27.7,5.5,10.3,.536,0.1,0.5,.194,5.4,9.9,.552,.540,2.4,3.3,.721,1.8,4.3,6.1,2.2,1.1,1.0,2.1,3.5,13.5)
(1997,235,Donny Marshall,SF,24,CLE,56,0,9.8,0.9,2.9,.325,0.6,1.6,.379,0.3,1.3,.260,.428,0.7,1.0,.704,0.4,0.9,1.3,0.4,0.4,0.1,0.6,1.1,3.1)
(1997,239,Jamal Mashburn,SF,24,TOT,69,51,31.4,4.1,10.8,.385,1.3,4.0,.325,2.8,6.8,.421,.445,2.3,3.3,.702,1.0,3.3,4.3,3.0,1.1,0.2,1.7,2.7,11.9)
(1997,242,Vernon Maxwell,SG,31,SAS,72,31,28.7,4.7,12.6,.375,1.6,5.2,.309,3.1,7.4,.421,.439,1.9,2.5,.744,0.4,1.8,2.2,2.1,1.2,0.3,1.7,2.3,12.9)
(1997,246,George McCloud,SF,29,TOT,64,28,23.3,3.7,9.0,.412,1.5,4.0,.390,2.2,5.1,.429,.497,1.3,1.6,.822,0.6,2.2,2.8,1.7,1.0,0.1,1.0,2.0,10.3)
(1997,250,Jeff McInnis,PG,22,DEN,13,0,9.0,1.8,3.8,.469,0.9,2.0,.462,0.8,1.8,.478,.592,0.5,0.8,.700,0.2,0.3,0.5,1.4,0.2,0.1,1.0,1.2,5.0)
(1997,254,Loren Meyer,PF,24,TOT,54,33,13.1,2.0,4.5,.443,0.1,0.1,.571,1.9,4.4,.439,.451,0.9,1.2,.719,1.0,1.7,2.7,0.4,0.2,0.3,1.1,2.3,4.9)
(1997,258,Chris Mills,SF,27,CLE,80,79,39.6,5.1,11.2,.453,1.1,2.8,.391,4.0,8.4,.473,.501,2.2,2.6,.842,1.5,4.7,6.2,2.5,1.1,0.5,1.5,2.8,13.4)
(1997,261,Sam Mitchell,SF,33,MIN,82,5,24.9,3.3,7.4,.446,0.0,0.3,.160,3.2,7.0,.458,.449,2.7,3.6,.759,1.4,2.6,4.0,1.0,0.6,0.2,1.1,2.8,9.3)
(1997,265,Chris Morris,SF,31,UTA,73,1,13.4,1.7,4.1,.408,0.4,1.5,.274,1.2,2.5,.489,.460,0.5,0.7,.722,0.5,1.7,2.2,0.6,0.4,0.3,0.6,1.7,4.3)
(1997,269,Eric Murdock,PG,28,DEN,12,0,9.5,1.3,2.8,.455,0.3,0.8,.400,0.9,1.9,.478,.515,0.9,1.0,.917,0.1,0.8,0.9,2.0,0.8,0.2,0.9,0.8,3.8)
(1997,273,Dikembe Mutombo*,C,30,ATL,80,80,37.2,4.8,9.0,.527,0.0,0.0,,4.8,9.0,.527,.527,3.8,5.4,.705,3.4,8.3,11.6,1.4,0.6,3.3,2.3,3.1,13.3)
(1997,277,Ivano Newbill,PF,26,ATL,72,2,11.8,0.6,1.3,.440,0.0,0.0,,0.6,1.3,.440,.440,0.3,0.7,.385,1.1,1.8,2.8,0.3,0.4,0.2,0.6,1.6,1.4)
(1997,Rk,Player,Pos,Age,Tm,G,GS,MP,FG,FGA,FG%,3P,3PA,3P%,2P,2PA,2P%,eFG%,FT,FTA,FT%,ORB,DRB,TRB,AST,STL,BLK,TOV,PF,PTS)
(1997,284,Shaquille O'Neal,C,24,LAL,51,51,38.1,10.8,19.4,.557,0.0,0.1,.000,10.8,19.4,.559,.557,4.5,9.4,.484,3.8,8.7,12.5,3.1,0.9,2.9,2.9,3.5,26.2)
(1997,288,Greg Ostertag,C,23,UTA,77,70,23.6,2.7,5.3,.515,0.0,0.1,.000,2.7,5.2,.520,.515,1.8,2.7,.678,2.3,5.0,7.3,0.4,0.3,2.0,1.0,3.0,7.3)
(1997,292,Ray Owes,PF,24,GSW,57,1,10.4,1.3,3.2,.417,0.0,0.1,.200,1.3,3.1,.423,.419,0.5,0.8,.565,1.1,1.7,2.9,0.3,0.3,0.4,0.4,1.5,3.1)
(1997,296,Gary Payton*,PG,28,SEA,82,82,39.2,8.6,18.1,.476,1.5,4.6,.313,7.2,13.4,.533,.517,3.1,4.3,.715,1.3,3.3,4.6,7.1,2.4,0.2,2.6,2.5,21.8)
(1997,300,Elliot Perry,PG,27,MIL,82,3,19.5,2.6,5.6,.474,0.6,1.7,.358,2.0,3.9,.523,.527,1.0,1.3,.745,0.3,1.2,1.5,3.0,1.2,0.0,1.4,1.4,6.9)
(1997,303,Eric Piatkowski,SG,26,LAC,65,0,11.5,2.1,4.6,.450,0.8,1.8,.425,1.3,2.7,.466,.535,1.1,1.3,.821,0.8,0.9,1.6,0.8,0.5,0.2,0.7,1.3,6.0)
(1997,307,Olden Polynice,C,32,SAC,82,82,35.3,5.4,11.8,.457,0.0,0.1,.000,5.4,11.7,.460,.457,1.7,3.1,.562,3.3,6.1,9.4,2.2,0.6,1.0,2.0,3.6,12.5)
(1997,311,Mark Price,PG,32,GSW,70,49,26.8,3.8,8.4,.447,1.6,4.0,.396,2.2,4.4,.493,.542,2.2,2.4,.906,0.5,2.0,2.6,4.9,1.0,0.0,2.3,1.4,11.3)
(1997,315,Bryant Reeves,C,23,VAN,75,75,37.0,6.6,13.7,.486,0.0,0.1,.091,6.6,13.5,.490,.486,2.9,4.1,.704,2.3,5.8,8.1,2.1,0.4,0.9,2.3,3.6,16.2)
(1997,319,Glen Rice,SF,29,CHH,79,78,42.6,9.1,19.2,.477,2.6,5.6,.470,6.5,13.6,.480,.546,5.9,6.8,.867,0.8,3.2,4.0,2.0,0.9,0.3,2.2,2.4,26.8)
(1997,322,Isaiah Rider,SG,25,POR,76,68,33.7,6.0,12.9,.464,1.3,3.4,.385,4.7,9.6,.492,.514,2.8,3.4,.812,1.2,2.8,4.0,2.6,0.6,0.3,2.8,2.6,16.1)
(1997,326,Clifford Robinson,SF,30,POR,81,79,38.0,5.5,12.9,.426,1.5,4.3,.346,4.0,8.6,.466,.484,2.7,3.8,.696,1.1,2.9,4.0,3.2,1.2,0.8,2.1,3.1,15.1)
(1997,330,Rumeal Robinson,PG,30,TOT,54,3,9.4,1.2,3.0,.402,0.3,1.0,.321,0.9,2.0,.444,.457,0.5,0.6,.743,0.1,0.8,0.9,1.4,0.4,0.0,0.8,1.1,3.3)
(1997,334,Rodney Rogers,SF,25,LAC,81,62,30.6,5.0,10.9,.462,0.8,2.2,.361,4.2,8.7,.487,.498,2.4,3.6,.663,1.7,3.4,5.1,2.7,1.1,0.8,2.7,3.4,13.2)
(1997,338,Malik Rose,PF,22,CHH,54,1,9.7,1.1,2.4,.477,0.0,0.0,.000,1.1,2.3,.484,.477,0.7,1.1,.613,1.3,1.7,3.0,0.6,0.5,0.3,0.8,2.1,3.0)
(1997,341,Bryon Russell,SF,26,UTA,81,81,31.2,3.7,7.7,.479,1.3,3.3,.409,2.3,4.4,.531,.566,2.1,3.0,.701,1.0,3.1,4.1,1.5,1.6,0.3,1.2,2.9,10.8)
(1997,345,Danny Schayes,PF,37,ORL,45,6,12.0,1.0,2.7,.392,0.0,0.0,.000,1.0,2.6,.395,.392,0.9,1.2,.750,0.9,1.9,2.8,0.3,0.3,0.4,0.6,1.6,3.0)
(1997,349,Brent Scott,PF,25,IND,16,0,3.4,0.5,1.1,.471,0.0,0.0,,0.5,1.1,.471,.471,0.2,0.4,.500,0.2,0.4,0.6,0.2,0.1,0.1,0.3,0.9,1.2)
(1997,353,Shawnelle Scott,C,24,CLE,16,0,3.1,0.5,1.0,.500,0.0,0.0,,0.5,1.0,.500,.500,0.3,0.7,.364,0.5,0.5,1.0,0.0,0.0,0.2,0.0,0.4,1.3)
(1997,357,Lionel Simmons,SF,28,SAC,41,0,12.7,1.1,3.3,.331,0.2,0.7,.233,0.9,2.6,.358,.357,1.0,1.2,.875,0.7,1.8,2.5,1.4,0.2,0.3,0.8,1.5,3.4)
(1997,Rk,Player,Pos,Age,Tm,G,GS,MP,FG,FGA,FG%,3P,3PA,3P%,2P,2PA,2P%,eFG%,FT,FTA,FT%,ORB,DRB,TRB,AST,STL,BLK,TOV,PF,PTS)
(1997,364,Steve Smith,SG,27,ATL,72,72,39.1,6.8,15.9,.429,1.8,5.4,.335,5.0,10.5,.477,.486,4.6,5.5,.847,1.3,2.1,3.3,4.2,0.9,0.3,2.4,2.4,20.1)
(1997,368,Eric Snow,PG,23,SEA,67,0,11.6,1.1,2.4,.451,0.1,0.2,.267,1.0,2.2,.470,.463,0.7,1.0,.712,0.3,0.8,1.0,2.4,0.6,0.0,0.7,1.4,3.0)
(1997,372,Jerry Stackhouse,SG,22,PHI,81,81,39.1,6.6,16.1,.407,1.3,4.2,.298,5.3,11.9,.446,.446,6.3,8.2,.766,1.9,2.2,4.2,3.1,1.1,0.8,3.9,2.7,20.7)
(1997,376,Larry Stewart,SF,28,SEA,70,21,14.0,1.6,3.6,.444,0.1,0.5,.243,1.5,3.1,.479,.462,1.0,1.3,.720,1.1,1.4,2.4,0.7,0.4,0.3,0.9,1.5,4.3)
(1997,380,Erick Strickland,SG,23,DAL,28,15,27.1,3.6,9.1,.398,1.0,3.3,.304,2.6,5.9,.451,.453,2.3,2.9,.813,0.8,2.5,3.2,2.4,1.0,0.2,2.4,2.7,10.6)
(1997,383,Derek Strong,PF,28,ORL,82,21,24.4,3.2,7.1,.447,0.0,0.2,.000,3.2,7.0,.457,.447,2.1,2.7,.803,2.1,4.2,6.3,0.9,0.6,0.2,1.2,2.4,8.5)
(1997,387,Carl Thomas,SG,27,CLE,19,0,4.1,0.5,1.3,.375,0.1,0.6,.167,0.4,0.6,.583,.417,0.1,0.1,1.000,0.2,0.5,0.7,0.4,0.1,0.1,0.3,0.4,1.1)
(1997,391,Otis Thorpe,C,34,DET,79,79,33.7,5.3,10.0,.532,0.0,0.0,.000,5.3,9.9,.534,.532,2.5,3.8,.653,2.9,5.0,7.9,1.7,0.7,0.2,1.8,3.8,13.1)
(1997,395,Gary Trent,PF,22,POR,82,28,23.4,4.4,8.2,.536,0.0,0.1,.000,4.4,8.1,.544,.536,2.0,2.8,.699,1.9,3.3,5.2,1.1,0.6,0.4,1.6,2.3,10.8)
(1997,399,Stojko Vrankovic,C,33,MIN,53,35,14.5,1.5,2.6,.561,0.0,0.0,,1.5,2.6,.561,.561,0.5,0.7,.676,1.1,2.1,3.2,0.3,0.2,1.3,1.0,2.3,3.4)
(1997,402,Ben Wallace,PF,22,WSB,34,0,5.8,0.5,1.4,.348,0.0,0.0,,0.5,1.4,.348,.348,0.2,0.6,.300,0.7,1.0,1.7,0.1,0.2,0.3,0.5,0.8,1.1)
(1997,406,Charlie Ward,PG,26,NYK,79,21,22.3,1.7,4.3,.395,0.6,1.9,.312,1.1,2.3,.464,.466,1.2,1.6,.760,0.6,2.2,2.8,4.1,1.1,0.2,1.9,2.4,5.2)
(1997,410,Bill Wennington,C,33,CHI,61,19,12.8,1.9,3.9,.498,0.0,0.0,.000,1.9,3.9,.502,.498,0.7,0.9,.830,0.8,1.4,2.1,0.7,0.2,0.2,0.5,2.2,4.6)
(1997,414,Mark West,C,36,CLE,70,43,13.7,1.4,2.6,.556,0.0,0.0,,1.4,2.6,.556,.556,0.4,0.8,.482,1.0,1.7,2.7,0.3,0.2,0.8,0.7,2.0,3.2)
(1997,418,Dominique Wilkins*,SF,37,SAS,63,26,30.9,6.3,15.1,.417,1.1,3.8,.293,5.2,11.3,.458,.453,4.5,5.6,.803,2.7,3.7,6.4,1.9,0.6,0.5,2.1,1.6,18.2)
(1997,421,Buck Williams,PF,36,NYK,74,4,20.2,2.4,4.4,.537,0.0,0.0,.000,2.4,4.4,.538,.537,1.6,2.4,.642,2.2,3.1,5.4,0.7,0.5,0.5,1.1,2.8,6.3)
(1997,425,Jayson Williams,PF,28,NJN,41,40,34.9,5.4,13.2,.409,0.0,0.1,.000,5.4,13.1,.412,.409,2.6,4.5,.590,5.9,7.6,13.5,1.2,0.6,0.9,2.0,3.9,13.4)
(1997,429,Reggie Williams,SF,32,TOT,13,0,15.4,2.2,5.8,.382,0.7,2.6,.265,1.5,3.2,.476,.441,0.7,0.9,.750,0.4,2.0,2.4,0.8,0.6,0.3,0.9,2.5,5.8)
(1997,433,Kevin Willis,PF,34,HOU,75,32,26.2,4.7,9.7,.481,0.0,0.2,.143,4.6,9.5,.487,.482,1.9,2.7,.693,1.9,5.5,7.5,0.9,0.6,0.4,1.6,2.9,11.2)
(1997,437,David Wood,PF,32,MIL,46,0,5.2,0.4,0.8,.526,0.1,0.3,.333,0.3,0.5,.652,.592,0.3,0.4,.667,0.1,0.5,0.6,0.3,0.2,0.1,0.1,0.8,1.2)
(1997,Rk,Player,Pos,Age,Tm,G,GS,MP,FG,FGA,FG%,3P,3PA,3P%,2P,2PA,2P%,eFG%,FT,FTA,FT%,ORB,DRB,TRB,AST,STL,BLK,TOV,PF,PTS)
