(1997,3,Rafael Addison,SF,32,CHH,41,3,8.7,1.2,3.0,.402,0.2,0.5,.400,1.0,2.5,.402,.434,0.5,0.7,.786,0.5,0.6,1.1,0.8,0.2,0.1,0.4,1.3,3.1)
(1997,7,Derrick Alston,C,24,ATL,2,0,5.5,0.0,2.5,.000,0.0,0.0,,0.0,2.5,.000,.000,0.0,1.0,.000,1.5,0.5,2.0,0.0,0.0,0.0,0.0,0.0,0.0)
(1997,11,Nick Anderson,SG,29,ORL,63,61,34.3,4.6,11.5,.397,2.3,6.4,.353,2.3,5.1,.453,.496,0.6,1.5,.404,1.0,3.8,4.8,2.9,1.9,0.5,1.4,2.5,12.0)
(1997,15,B.J. Armstrong,PG,29,GSW,49,17,20.8,3.0,6.7,.453,0.5,1.8,.278,2.5,4.8,.519,.491,1.4,1.6,.861,0.1,1.4,1.5,2.6,0.5,0.0,1.1,1.1,7.9)
(1997,19,Stacey Augmon,SG,28,TOT,60,10,15.7,1.8,3.7,.477,0.0,0.0,,1.8,3.7,.477,.477,1.2,1.6,.711,0.8,1.5,2.3,0.9,0.7,0.3,1.1,1.5,4.7)
(1997,22,Charles Barkley*,PF,33,HOU,53,53,37.9,6.3,13.1,.484,1.1,3.9,.283,5.2,9.2,.569,.526,5.4,7.8,.694,4.0,9.5,13.5,4.7,1.3,0.5,2.8,2.9,19.2)
(1997,26,Benoit Benjamin,C,32,TOR,4,3,11.0,1.3,3.0,.417,0.0,0.0,,1.3,3.0,.417,.417,0.8,1.0,.750,0.8,1.5,2.3,0.3,0.3,0.0,0.5,1.3,3.3)
(1997,30,Corie Blount,PF,28,LAL,58,18,17.4,1.6,3.1,.514,0.0,0.1,.333,1.6,3.0,.517,.517,1.0,1.4,.675,1.9,2.8,4.8,0.6,0.4,0.4,0.9,2.1,4.2)
(1997,34,Bruce Bowen,SF,25,MIA,1,0,1.0,0.0,0.0,,0.0,0.0,,0.0,0.0,,,0.0,0.0,,0.0,0.0,0.0,0.0,0.0,1.0,0.0,0.0,0.0)
(1997,38,Terrell Brandon,PG,26,CLE,78,78,36.8,7.4,16.8,.438,1.3,3.5,.373,6.1,13.4,.455,.476,3.4,3.8,.902,0.6,3.2,3.9,6.3,1.8,0.4,2.3,2.3,19.5)
(1997,41,Chucky Brown,SF,28,TOT,70,1,10.8,1.1,2.2,.506,0.0,0.1,.167,1.1,2.1,.520,.510,0.7,1.0,.671,0.6,1.5,2.1,0.4,0.1,0.3,0.3,1.4,2.9)
(1997,45,P.J. Brown,PF,27,MIA,80,71,32.4,3.8,8.2,.457,0.0,0.0,.000,3.8,8.2,.459,.457,2.0,2.8,.732,3.0,5.4,8.4,1.2,1.1,1.2,1.4,3.5,9.5)
(1997,49,Jud Buechler,SF,28,CHI,76,0,9.3,0.8,2.1,.367,0.2,0.7,.333,0.5,1.4,.385,.424,0.1,0.2,.357,0.6,1.1,1.7,0.8,0.3,0.3,0.4,0.7,1.8)
(1997,53,Mitchell Butler,SG,26,POR,49,1,9.5,1.1,2.6,.416,0.2,0.8,.308,0.8,1.8,.465,.464,0.7,1.0,.640,0.4,0.7,1.1,0.6,0.3,0.0,0.6,1.1,3.0)
(1997,57,Marcus Camby,C,22,TOR,63,38,30.1,6.0,12.3,.482,0.0,0.2,.143,5.9,12.1,.488,.483,2.9,4.2,.693,2.1,4.2,6.3,1.5,1.0,2.1,2.1,3.4,14.8)
(1997,Rk,Player,Pos,Age,Tm,G,GS,MP,FG,FGA,FG%,3P,3PA,3P%,2P,2PA,2P%,eFG%,FT,FTA,FT%,ORB,DRB,TRB,AST,STL,BLK,TOV,PF,PTS)
(1997,64,Cedric Ceballos,SF,27,TOT,50,40,28.5,5.6,12.3,.457,0.5,2.0,.255,5.1,10.3,.497,.478,2.8,3.7,.747,2.0,4.6,6.6,1.3,0.7,0.5,1.7,2.3,14.6)
(1997,68,Pete Chilcutt,PF,28,VAN,54,1,12.3,1.3,3.1,.436,0.5,1.3,.362,0.9,1.8,.490,.512,0.2,0.4,.591,1.2,1.6,2.9,0.9,0.5,0.3,0.5,1.0,3.4)
(1997,72,Derrick Coleman,PF,29,PHI,57,54,36.9,6.4,14.7,.435,0.6,2.1,.269,5.8,12.6,.463,.455,4.8,6.4,.745,2.8,7.3,10.1,3.4,0.9,1.3,3.2,2.9,18.1)
(1997,76,Joe Courtney,PF,27,TOT,9,0,11.1,1.2,3.3,.367,0.0,0.0,,1.2,3.3,.367,.367,0.3,0.6,.600,1.0,0.8,1.8,0.0,0.0,0.0,0.3,1.6,2.8)
(1997,80,Dell Curry,SG,32,CHH,68,20,30.6,5.6,12.3,.459,1.9,4.4,.426,3.8,7.9,.478,.535,1.7,2.1,.803,0.6,2.5,3.1,1.7,0.9,0.2,1.4,2.2,14.8)
(1997,83,Lloyd Daniels,SG,29,TOT,22,0,14.1,1.6,5.4,.303,1.0,3.2,.300,0.7,2.2,.306,.391,0.2,0.3,.833,0.9,1.1,2.0,1.2,0.5,0.1,0.6,1.5,4.5)
(1997,87,Ben Davis,PF,24,PHO,20,0,4.9,0.5,1.3,.385,0.0,0.0,,0.5,1.3,.385,.385,0.5,1.0,.450,0.6,0.8,1.4,0.0,0.2,0.1,0.2,0.8,1.5)
(1997,91,Mark Davis,SF,23,PHI,75,17,22.7,3.3,7.1,.469,0.3,1.2,.258,3.0,5.9,.514,.492,1.5,2.2,.673,1.8,2.5,4.3,1.8,1.1,0.4,1.6,3.1,8.5)
(1997,95,Vinny Del Negro,SG,30,SAS,72,53,31.2,5.1,10.8,.467,0.6,1.9,.314,4.5,8.9,.501,.496,1.6,1.8,.868,0.5,2.4,2.9,3.2,0.8,0.1,1.3,1.8,12.3)
(1997,99,Vlade Divac,C,28,CHH,81,80,35.1,5.2,10.5,.494,0.1,0.6,.234,5.0,9.9,.509,.500,2.2,3.2,.683,3.0,6.0,9.0,3.7,1.3,2.2,2.4,3.4,12.6)
(1997,102,Greg Dreiling,C,34,DAL,40,3,9.7,0.9,1.9,.459,0.0,0.0,1.000,0.8,1.8,.452,.466,0.3,0.7,.407,0.5,1.4,1.9,0.3,0.2,0.2,0.2,1.6,2.0)
(1997,106,Chris Dudley,C,31,POR,81,14,22.7,1.6,3.6,.430,0.0,0.0,,1.6,3.6,.430,.430,0.8,1.7,.474,2.5,4.8,7.3,0.5,0.5,1.2,1.0,3.0,3.9)
(1997,110,Tyus Edney,PG,23,SAC,70,20,19.7,2.1,5.6,.384,0.1,0.6,.190,2.0,5.0,.407,.394,2.5,3.1,.823,0.5,1.1,1.6,3.2,0.9,0.0,1.6,1.4,6.9)
(1997,114,Howard Eisley,PG,24,UTA,82,0,13.2,1.7,3.8,.451,0.2,0.9,.278,1.5,2.9,.504,.484,0.9,1.1,.787,0.2,0.8,1.0,2.4,0.5,0.1,1.3,1.7,4.5)
(1997,118,LaPhonso Ellis,PF,26,DEN,55,49,36.4,8.1,18.4,.439,1.7,4.7,.367,6.4,13.7,.464,.486,4.0,5.1,.773,1.9,5.1,7.0,2.4,0.8,0.7,2.1,3.3,21.9)
(1997,121,Patrick Ewing*,C,34,NYK,78,78,37.0,8.4,17.2,.488,0.0,0.1,.222,8.4,17.1,.490,.489,5.6,7.5,.754,2.2,8.4,10.7,2.0,0.9,2.4,3.4,3.2,22.4)
(1997,125,Michael Finley,SF,23,TOT,83,54,33.6,5.7,12.9,.444,1.2,3.4,.361,4.5,9.5,.473,.491,2.4,3.0,.808,1.1,3.4,4.5,2.7,0.8,0.3,2.0,1.7,15.0)
(1997,129,Rick Fox,SF,27,BOS,76,75,34.9,5.7,12.5,.456,1.3,3.7,.363,4.4,8.8,.494,.509,2.7,3.5,.787,1.5,3.7,5.2,3.8,2.2,0.5,2.3,3.7,15.4)
(1997,133,Dean Garrett,C,30,MIN,68,47,24.5,3.3,5.7,.573,0.0,0.0,,3.3,5.7,.573,.573,1.4,2.0,.696,2.2,5.1,7.3,0.6,0.6,1.4,0.5,2.3,8.0)
(1997,137,Kendall Gill,SF,28,NJN,82,81,39.0,7.9,17.7,.443,0.9,2.7,.336,7.0,15.0,.462,.469,5.2,6.5,.797,2.2,3.9,6.1,4.0,1.9,0.6,2.7,2.7,21.8)
(1997,Rk,Player,Pos,Age,Tm,G,GS,MP,FG,FGA,FG%,3P,3PA,3P%,2P,2PA,2P%,eFG%,FT,FTA,FT%,ORB,DRB,TRB,AST,STL,BLK,TOV,PF,PTS)
(1997,144,Horace Grant,PF,31,ORL,67,67,37.3,5.3,10.4,.515,0.0,0.1,.167,5.3,10.3,.518,.516,1.9,2.7,.715,3.1,5.9,9.0,2.4,1.5,1.0,1.5,2.3,12.6)
(1997,148,A.C. Green,PF,33,TOT,83,73,30.0,2.8,5.8,.483,0.0,0.2,.050,2.8,5.6,.502,.485,1.5,2.4,.650,2.7,5.2,7.9,0.8,0.8,0.2,0.9,1.7,7.2)
(1997,152,Darvin Ham,SF,23,TOT,36,3,8.8,0.9,1.7,.532,0.0,0.0,,0.9,1.7,.532,.532,0.5,1.0,.486,0.8,0.8,1.6,0.4,0.3,0.2,0.6,1.6,2.3)
(1997,156,Anfernee Hardaway,PG,25,ORL,59,59,37.6,7.1,15.9,.447,1.4,4.5,.318,5.7,11.4,.499,.493,4.8,5.8,.820,1.4,3.1,4.5,5.6,1.6,0.6,2.5,2.1,20.5)
(1997,160,Othella Harrington,PF,23,HOU,57,1,15.1,2.0,3.6,.549,0.0,0.1,.000,2.0,3.5,.557,.549,0.9,1.4,.605,1.3,2.2,3.5,0.3,0.2,0.4,1.0,2.0,4.8)
(1997,163,Hersey Hawkins,SG,30,SEA,82,82,33.6,4.5,9.7,.464,1.7,4.3,.403,2.8,5.4,.514,.554,3.1,3.6,.875,1.1,2.8,3.9,3.0,1.9,0.1,1.6,1.8,13.9)
(1997,167,Mark Hendrickson,PF,22,PHI,29,1,10.4,1.1,2.7,.416,0.1,0.4,.250,1.0,2.2,.446,.435,0.6,0.9,.692,1.2,2.0,3.2,0.1,0.3,0.1,0.5,1.1,2.9)
(1997,171,Fred Hoiberg,SG,24,IND,47,0,12.2,1.4,3.3,.429,0.6,1.5,.414,0.8,1.8,.442,.522,1.3,1.6,.792,0.3,1.4,1.7,0.9,0.6,0.1,0.5,1.1,4.8)
(1997,175,Juwan Howard,SF,23,WSB,82,82,40.5,7.8,16.0,.486,0.0,0.0,.000,7.8,16.0,.487,.486,3.6,4.7,.756,2.5,5.5,8.0,3.8,1.1,0.3,3.0,3.2,19.1)
(1997,179,Allen Iverson,PG,21,PHI,76,74,40.1,8.2,19.8,.416,2.0,6.0,.341,6.2,13.8,.448,.467,5.0,7.2,.702,1.5,2.6,4.1,7.5,2.1,0.3,4.4,3.1,23.5)
(1997,182,Mark Jackson,PG,31,TOT,82,82,37.2,3.5,8.3,.426,0.8,2.2,.371,2.7,6.1,.445,.474,2.0,2.6,.789,1.1,3.7,4.8,11.4,1.2,0.1,3.3,2.0,9.9)
(1997,186,Eddie Johnson,SF,37,TOT,52,2,17.6,3.1,7.0,.442,0.9,2.5,.374,2.1,4.4,.481,.510,1.1,1.3,.809,0.5,2.1,2.7,1.0,0.3,0.0,0.9,1.6,8.2)
(1997,190,Charles Jones,PF,39,HOU,12,0,7.8,0.2,0.4,.400,0.0,0.0,,0.2,0.4,.400,.400,0.0,0.0,,0.4,0.7,1.1,0.3,0.2,0.3,0.0,0.7,0.3)
(1997,194,Reggie Jordan,SG,29,TOT,19,0,6.8,0.8,1.4,.615,0.0,0.0,,0.8,1.4,.615,.615,0.4,0.9,.471,0.6,0.8,1.4,0.6,0.4,0.2,0.4,0.8,2.1)
(1997,198,Steve Kerr,PG,31,CHI,82,0,22.7,3.0,5.7,.533,1.3,2.9,.464,1.7,2.8,.604,.651,0.7,0.8,.806,0.4,1.2,1.6,2.1,0.8,0.0,0.5,1.2,8.1)
(1997,201,Frankie King,SG,24,PHI,7,0,8.4,1.0,2.4,.412,0.1,0.3,.500,0.9,2.1,.400,.441,0.7,0.7,1.000,0.6,1.4,2.0,0.7,0.6,0.0,0.4,1.0,2.9)
(1997,205,Joe Kleine,C,35,TOT,59,10,14.4,1.2,2.9,.406,0.0,0.1,.667,1.1,2.8,.401,.412,0.5,0.6,.737,1.1,2.4,3.4,0.6,0.3,0.3,0.7,1.9,2.8)
(1997,209,Christian Laettner,PF,27,ATL,82,82,38.3,6.7,13.8,.486,0.4,1.1,.352,6.3,12.7,.497,.500,4.4,5.4,.816,2.6,6.2,8.8,2.7,1.2,0.8,2.7,3.4,18.1)
(1997,213,Eric Leckner,C,30,TOT,20,1,6.3,0.7,1.7,.424,0.0,0.0,,0.7,1.7,.424,.424,0.3,0.6,.500,0.3,1.6,1.8,0.3,0.2,0.1,0.5,1.8,1.7)
(1997,217,Alton Lister,C,38,BOS,53,2,9.7,0.6,1.5,.416,0.0,0.0,,0.6,1.5,.416,.416,0.4,0.6,.742,1.2,1.9,3.2,0.2,0.2,0.3,0.6,1.8,1.6)
(1997,Rk,Player,Pos,Age,Tm,G,GS,MP,FG,FGA,FG%,3P,3PA,3P%,2P,2PA,2P%,eFG%,FT,FTA,FT%,ORB,DRB,TRB,AST,STL,BLK,TOV,PF,PTS)
(1997,225,Sam Mack,SF,26,HOU,52,10,17.4,2.0,5.0,.401,0.9,2.7,.331,1.1,2.3,.483,.490,0.7,0.8,.833,0.4,1.7,2.0,1.1,0.6,0.1,0.8,1.3,5.6)
(1997,229,Karl Malone*,PF,33,UTA,82,82,36.6,10.5,19.2,.550,0.0,0.2,.000,10.5,19.0,.555,.550,6.4,8.4,.755,2.4,7.5,9.9,4.5,1.4,0.6,2.8,2.6,27.4)
(1997,233,Stephon Marbury,PG,19,MIN,67,64,34.7,5.3,13.0,.408,1.5,4.3,.354,3.8,8.7,.434,.466,3.7,5.0,.727,0.8,1.9,2.7,7.8,1.0,0.3,3.1,2.4,15.8)
(1997,237,Cuonzo Martin,SG,25,MIL,3,0,4.3,0.0,2.3,.000,0.0,0.7,.000,0.0,1.7,.000,.000,0.0,0.0,,0.3,0.0,0.3,0.3,0.0,0.0,0.3,0.3,0.0)
(1997,Rk,Player,Pos,Age,Tm,G,GS,MP,FG,FGA,FG%,3P,3PA,3P%,2P,2PA,2P%,eFG%,FT,FTA,FT%,ORB,DRB,TRB,AST,STL,BLK,TOV,PF,PTS)
(1997,244,Walter McCarty,PF,22,NYK,35,0,5.5,0.7,1.9,.382,0.1,0.4,.286,0.6,1.5,.407,.412,0.2,0.4,.571,0.2,0.4,0.7,0.4,0.2,0.3,0.5,1.1,1.8)
(1997,248,Antonio McDyess,PF,22,DEN,74,73,34.7,7.2,15.6,.463,0.1,0.5,.171,7.2,15.2,.472,.466,3.7,5.2,.708,2.1,5.2,7.3,1.4,0.8,1.7,2.7,3.7,18.3)
(1997,252,Aaron McKie,SG,24,TOT,83,11,19.6,1.8,4.4,.411,0.5,1.2,.398,1.3,3.2,.416,.467,1.1,1.3,.836,0.5,2.2,2.7,1.9,0.9,0.3,1.1,1.6,5.2)
(1997,256,Oliver Miller,C,26,TOT,61,8,18.9,2.0,3.9,.517,0.0,0.0,.000,2.0,3.9,.521,.517,0.8,1.3,.608,1.7,3.3,5.0,1.4,0.8,1.0,1.5,3.0,4.8)
(1997,260,Greg Minor,SF,25,BOS,23,15,23.8,4.1,8.5,.480,0.0,0.3,.125,4.0,8.2,.495,.482,1.3,1.6,.861,1.3,2.2,3.5,1.5,0.7,0.1,1.0,2.0,9.6)
(1997,263,Eric Montross,C,25,TOT,78,77,23.4,2.0,4.5,.456,0.0,0.0,,2.0,4.5,.456,.456,0.3,0.8,.339,2.3,4.3,6.6,0.8,0.3,0.9,1.0,3.4,4.3)
(1997,267,Alonzo Mourning*,C,26,MIA,66,65,35.2,7.2,13.4,.534,0.0,0.1,.111,7.2,13.3,.539,.535,5.5,8.6,.642,2.9,7.1,9.9,1.6,0.8,2.9,3.4,4.1,19.8)
(1997,271,Lamond Murray,SF,23,LAC,74,1,17.5,2.4,5.9,.416,0.4,1.2,.341,2.0,4.6,.436,.452,2.1,2.9,.739,1.1,2.0,3.1,0.8,0.7,0.4,1.2,1.5,7.4)
(1997,275,Steve Nash,PG,22,PHO,65,2,10.5,1.1,2.7,.423,0.4,0.8,.418,0.8,1.8,.425,.489,0.6,0.8,.824,0.2,0.7,1.0,2.1,0.3,0.0,1.0,1.4,3.3)
(1997,279,Gaylon Nickerson,SG,27,TOT,4,0,10.5,1.0,3.0,.333,0.0,0.5,.000,1.0,2.5,.400,.333,1.8,1.8,1.000,0.3,1.0,1.3,0.3,0.3,0.3,0.3,0.3,3.8)
(1997,282,Ed O'Bannon,SF,24,TOT,64,5,12.6,1.5,4.4,.333,0.3,1.1,.257,1.2,3.3,.359,.366,0.5,0.5,.886,0.8,1.5,2.3,0.6,0.5,0.2,0.3,1.5,3.7)
(1997,286,Hakeem Olajuwon*,C,34,HOU,78,78,36.6,9.3,18.3,.510,0.1,0.2,.313,9.3,18.1,.512,.512,4.5,5.7,.787,2.2,7.0,9.2,3.0,1.5,2.2,3.6,3.2,23.2)
(1997,290,Doug Overton,PG,27,PHI,61,4,10.4,1.3,3.1,.426,0.2,0.7,.250,1.2,2.5,.473,.453,0.7,0.8,.938,0.3,0.8,1.1,1.7,0.4,0.0,0.6,0.7,3.6)
(1997,294,Robert Parish*,C,43,CHI,43,3,9.4,1.6,3.3,.490,0.0,0.0,,1.6,3.3,.490,.490,0.5,0.7,.677,1.0,1.1,2.1,0.5,0.1,0.4,0.7,0.9,3.7)
(1997,298,Will Perdue,C,31,SAS,65,34,29.5,3.6,6.3,.568,0.0,0.0,,3.6,6.3,.568,.568,1.5,2.6,.579,3.9,6.0,9.8,0.6,0.5,1.6,1.3,2.8,8.7)
(1997,301,Wesley Person,SG,25,PHO,80,42,29.1,5.1,11.3,.453,2.1,5.2,.413,3.0,6.1,.487,.548,1.1,1.4,.798,0.9,2.8,3.7,1.5,1.1,0.3,1.0,1.3,13.5)
(1997,305,Ed Pinckney,PF,33,MIA,27,0,10.1,0.9,1.6,.535,0.0,0.0,,0.9,1.6,.535,.535,0.7,0.9,.800,0.9,1.5,2.4,0.2,0.3,0.3,0.7,1.1,2.4)
(1997,309,Vitaly Potapenko,C,21,CLE,80,3,15.5,2.3,5.3,.440,0.0,0.0,.500,2.3,5.3,.439,.441,1.2,1.6,.736,1.3,1.4,2.7,0.5,0.3,0.4,1.4,2.7,5.8)
(1997,313,Theo Ratliff,C,23,DET,76,38,17.0,2.4,4.4,.531,0.0,0.0,,2.4,4.4,.531,.531,1.1,1.5,.698,1.4,1.9,3.4,0.2,0.4,1.5,0.7,2.4,5.8)
(1997,317,Don Reid,PF,23,DET,47,14,9.8,1.1,2.4,.482,0.0,0.0,.000,1.1,2.4,.486,.482,0.5,0.7,.750,0.8,1.4,2.1,0.3,0.3,0.3,0.5,2.2,2.8)
(1997,Rk,Player,Pos,Age,Tm,G,GS,MP,FG,FGA,FG%,3P,3PA,3P%,2P,2PA,2P%,eFG%,FT,FTA,FT%,ORB,DRB,TRB,AST,STL,BLK,TOV,PF,PTS)
(1997,324,Stanley Roberts,C,26,LAC,18,2,21.0,3.5,8.2,.426,0.0,0.0,,3.5,8.2,.426,.426,2.5,3.6,.703,1.3,3.7,5.1,0.5,0.4,1.3,1.3,3.2,9.5)
(1997,328,Glenn Robinson,SF,24,MIL,80,79,38.9,8.4,18.0,.465,0.8,2.3,.350,7.6,15.7,.482,.487,3.6,4.6,.791,1.6,4.7,6.3,3.1,1.3,0.9,3.4,2.8,21.1)
(1997,332,Lou Roe,SF,24,GSW,17,0,6.3,0.8,2.8,.292,0.2,0.6,.273,0.6,2.2,.297,.323,0.5,1.1,.474,0.4,0.4,0.8,0.4,0.2,0.1,0.6,0.6,2.4)
(1997,336,Sean Rooks,C,27,LAL,69,3,10.7,1.3,2.7,.470,0.0,0.0,.000,1.3,2.7,.473,.470,1.3,1.9,.700,0.8,1.6,2.4,0.6,0.2,0.6,0.7,1.8,3.8)
(1997,340,Clifford Rozier,C,24,TOT,42,29,17.5,1.9,4.1,.454,0.0,0.0,.000,1.9,4.1,.459,.454,0.7,1.5,.508,2.4,3.1,5.6,0.7,0.6,1.0,0.7,2.3,4.5)
(1997,343,Kevin Salvadori,C,26,SAC,23,0,6.7,0.5,1.4,.364,0.0,0.0,,0.5,1.4,.364,.364,0.6,0.8,.722,0.3,0.8,1.1,0.4,0.1,0.6,0.5,0.7,1.6)
(1997,347,Dwayne Schintzius,C,28,LAC,15,0,7.7,0.9,2.4,.361,0.1,0.1,.500,0.8,2.3,.353,.375,0.5,0.5,.875,0.6,0.9,1.5,0.3,0.1,0.6,0.5,1.5,2.3)
(1997,351,Dennis Scott,SF,28,ORL,66,62,32.8,4.5,11.3,.398,2.2,5.7,.394,2.3,5.7,.402,.496,1.2,1.5,.792,0.6,2.5,3.1,2.1,1.1,0.3,1.2,2.1,12.5)
(1997,355,Rony Seikaly,C,31,ORL,74,68,35.3,6.2,12.3,.507,0.0,0.0,.000,6.2,12.2,.509,.507,4.8,6.8,.714,3.7,5.8,9.5,1.2,0.7,1.4,2.9,3.7,17.3)
(1997,359,Reggie Slater,PF,26,TOR,26,0,15.6,3.2,5.7,.550,0.0,0.1,.000,3.2,5.7,.558,.550,1.5,2.9,.520,1.5,2.1,3.7,0.8,0.3,0.2,1.1,1.3,7.8)
(1997,362,Kenny Smith,PG,31,TOT,48,3,15.9,2.1,5.0,.423,1.2,2.8,.437,0.9,2.2,.404,.546,0.8,0.9,.867,0.1,0.8,0.9,2.4,0.4,0.0,1.5,0.6,6.3)
(1997,366,Tony Smith,PG,28,CHH,69,39,18.7,2.0,4.9,.409,0.5,1.4,.323,1.5,3.4,.445,.457,0.6,0.9,.644,0.6,0.8,1.4,2.2,0.7,0.3,1.1,1.6,5.0)
(1997,370,Felton Spencer,C,29,TOT,73,65,21.3,1.9,3.9,.489,0.0,0.0,,1.9,3.9,.489,.489,1.3,2.2,.584,2.2,3.5,5.7,0.3,0.5,0.7,1.2,3.8,5.1)
(1997,374,Matt Steigenga,SF,26,CHI,2,0,6.0,0.5,2.0,.250,0.0,1.0,.000,0.5,1.0,.500,.250,0.5,1.0,.500,0.0,1.5,1.5,1.0,0.5,0.5,1.0,0.5,1.5)
(1997,378,John Stockton*,PG,34,UTA,82,82,35.3,5.1,9.3,.548,0.9,2.2,.422,4.1,7.1,.587,.598,3.4,4.0,.846,0.5,2.2,2.8,10.5,2.0,0.2,3.0,2.4,14.4)
(1997,381,Mark Strickland,PF,26,MIA,31,0,4.9,0.8,1.9,.417,0.0,0.0,.000,0.8,1.9,.424,.417,0.4,0.7,.571,0.5,0.7,1.2,0.0,0.1,0.3,0.5,0.5,2.0)
(1997,385,Brett Szabo,C,28,BOS,70,24,9.5,0.8,1.7,.446,0.0,0.0,.000,0.8,1.7,.450,.446,0.6,0.9,.738,0.8,1.6,2.4,0.2,0.2,0.5,0.6,1.7,2.2)
(1997,389,Brooks Thompson,PG,26,TOT,67,6,15.7,2.4,6.1,.399,1.4,3.6,.398,1.0,2.4,.401,.518,0.4,0.6,.632,0.3,1.2,1.4,2.7,0.8,0.0,1.3,1.9,6.6)
(1997,393,Wayman Tisdale,PF,32,PHO,53,15,14.7,3.0,7.0,.426,0.0,0.0,,3.0,7.0,.426,.426,0.6,0.9,.625,0.7,1.6,2.3,0.4,0.2,0.4,0.7,2.1,6.5)
(1997,397,David Vaughn,PF,23,ORL,35,6,8.5,0.9,2.1,.431,0.0,0.0,,0.9,2.1,.431,.431,0.5,0.9,.633,1.0,1.7,2.7,0.2,0.2,0.4,0.8,1.2,2.3)
(1997,Rk,Player,Pos,Age,Tm,G,GS,MP,FG,FGA,FG%,3P,3PA,3P%,2P,2PA,2P%,eFG%,FT,FTA,FT%,ORB,DRB,TRB,AST,STL,BLK,TOV,PF,PTS)
(1997,404,Rasheed Wallace,PF,22,POR,62,56,30.5,6.1,11.0,.558,0.1,0.5,.273,6.0,10.5,.573,.565,2.7,4.3,.638,2.0,4.8,6.8,1.2,0.8,1.0,1.8,3.2,15.1)
(1997,408,Clarence Weatherspoon,SF,26,PHI,82,82,36.0,4.9,9.9,.491,0.0,0.1,.167,4.8,9.8,.493,.491,2.5,3.4,.738,2.7,5.6,8.3,1.7,0.9,1.0,1.7,2.3,12.2)
(1997,412,David Wesley,PG,26,BOS,74,73,40.4,6.2,13.2,.468,1.4,3.9,.360,4.8,9.3,.513,.521,3.0,3.9,.781,0.9,2.7,3.6,7.3,2.2,0.2,2.9,3.0,16.8)
(1997,416,Donald Whiteside,PG,27,TOR,27,1,9.6,0.7,2.0,.327,0.4,1.3,.333,0.2,0.7,.316,.436,0.4,0.6,.733,0.1,0.4,0.4,1.3,0.4,0.0,0.6,0.9,2.2)
(1997,420,Aaron Williams,PF-C,25,TOT,33,1,17.1,2.6,4.5,.574,0.0,0.0,.000,2.6,4.5,.578,.574,1.0,1.5,.673,1.9,2.5,4.3,0.5,0.5,0.9,1.0,2.2,6.2)
(1997,423,Herb Williams,PF,38,NYK,21,2,8.8,0.9,2.2,.391,0.0,0.0,.000,0.9,2.1,.400,.391,0.1,0.2,.750,0.4,1.0,1.5,0.2,0.2,0.2,0.2,0.9,1.9)
(1997,427,Lorenzo Williams,C,27,WSB,19,0,13.9,1.1,1.6,.645,0.0,0.0,,1.1,1.6,.645,.645,0.3,0.4,.714,1.5,2.2,3.6,0.2,0.3,0.4,0.9,2.6,2.4)
(1997,431,Walt Williams,SF,26,TOR,73,73,36.3,5.7,13.5,.427,2.4,6.0,.400,3.3,7.5,.448,.516,2.5,3.3,.765,1.4,3.6,5.0,2.7,1.3,0.8,2.4,3.9,16.4)
(1997,435,Dontonio Wingfield,SF,22,POR,47,0,12.1,1.7,4.1,.409,0.6,1.6,.338,1.1,2.5,.457,.477,0.6,0.9,.675,1.3,1.6,2.9,1.0,0.3,0.1,1.0,2.1,4.5)
(1997,439,Lorenzen Wright,C,21,LAC,77,51,25.1,3.1,6.4,.481,0.0,0.1,.250,3.1,6.3,.483,.482,1.1,1.9,.587,2.7,3.4,6.1,0.6,0.6,0.8,1.0,2.7,7.3)
