(1989,3,Michael Adams,PG,26,DEN,77,77,36.2,6.1,14.1,.433,2.2,6.1,.356,3.9,8.0,.490,.509,4.2,5.1,.819,0.9,2.8,3.7,6.4,2.2,0.1,2.3,1.9,18.5)
(1989,7,Steve Alford,PG,24,TOT,66,3,13.7,2.2,4.9,.457,0.3,0.8,.364,1.9,4.1,.476,.488,0.8,0.9,.820,0.2,0.9,1.1,1.4,0.7,0.0,0.7,0.9,5.5)
(1989,11,Richard Anderson,PF,28,POR,72,3,15.0,2.0,4.8,.417,0.7,2.0,.348,1.3,2.9,.464,.487,0.4,0.5,.842,0.9,2.3,3.2,1.4,0.6,0.2,0.8,1.4,5.2)
(1989,15,Thurl Bailey,SF,27,UTA,82,3,33.9,7.5,15.5,.483,0.0,0.1,.400,7.5,15.5,.484,.484,4.4,5.4,.825,1.4,4.0,5.5,1.7,0.6,1.1,2.5,2.3,19.5)
(1989,19,John Battle,SG,26,ATL,82,0,20.4,3.5,7.7,.457,0.1,0.4,.324,3.4,7.2,.465,.466,2.4,2.9,.815,0.4,1.3,1.7,2.4,0.5,0.1,1.3,1.5,9.5)
(1989,22,Walter Berry,PF,24,TOT,69,31,19.6,3.7,7.3,.507,0.0,0.0,.500,3.7,7.2,.507,.508,1.4,2.1,.699,1.2,2.6,3.9,1.1,0.4,0.7,1.3,2.7,8.8)
(1989,26,Rolando Blackman,SG,29,DAL,78,78,37.8,7.6,16.0,.476,0.4,1.1,.353,7.2,14.9,.485,.488,4.1,4.7,.854,0.9,2.6,3.5,3.7,0.8,0.3,2.1,1.8,19.7)
(1989,30,Sam Bowie,C,27,POR,20,0,20.6,3.5,7.7,.451,0.3,0.4,.714,3.2,7.3,.438,.467,1.4,2.5,.571,1.8,3.5,5.3,1.8,0.4,1.7,1.7,2.2,8.6)
(1989,34,Frank Brickowski,C,29,SAS,64,60,28.5,5.3,10.2,.515,0.0,0.0,.000,5.3,10.2,.517,.515,3.1,4.4,.715,2.3,4.0,6.3,2.0,1.6,0.5,2.6,3.9,13.7)
(1989,38,Mark Bryant,PF,23,POR,56,32,14.3,2.1,4.4,.486,0.0,0.0,,2.1,4.4,.486,.486,0.7,1.2,.580,1.2,2.0,3.2,0.6,0.4,0.1,0.7,2.6,5.0)
(1989,41,Tony Campbell,SF,26,LAL,63,2,12.5,2.5,5.5,.458,0.0,0.3,.095,2.5,5.1,.481,.461,1.1,1.3,.843,0.8,1.2,2.1,0.7,0.6,0.1,1.0,1.7,6.2)
(1989,45,Terry Catledge,PF,25,WSB,79,77,26.3,4.2,8.6,.490,0.0,0.1,.200,4.2,8.6,.493,.491,1.9,3.2,.602,2.9,4.3,7.2,0.9,0.6,0.3,1.5,3.2,10.4)
(1989,49,Rex Chapman,SG,21,CHH,75,44,29.6,7.0,16.9,.414,0.8,2.5,.314,6.2,14.4,.431,.437,2.1,2.6,.795,1.0,1.5,2.5,2.3,0.9,0.3,1.5,2.2,16.9)
(1989,53,Steve Colter,PG,26,WSB,80,5,17.8,2.5,5.7,.444,0.0,0.3,.120,2.5,5.4,.463,.447,1.6,2.1,.749,0.8,1.5,2.3,2.8,0.9,0.2,0.8,2.0,6.7)
(1989,57,Michael Cooper,SG,32,LAL,80,13,24.3,2.7,6.2,.431,1.0,2.6,.381,1.7,3.6,.468,.512,1.0,1.2,.871,0.4,2.0,2.4,3.9,0.9,0.4,1.2,2.3,7.3)
(1989,Rk,Player,Pos,Age,Tm,G,GS,MP,FG,FGA,FG%,3P,3PA,3P%,2P,2PA,2P%,eFG%,FT,FTA,FT%,ORB,DRB,TRB,AST,STL,BLK,TOV,PF,PTS)
(1989,64,Earl Cureton,C,31,CHH,82,41,25.0,2.8,5.7,.501,0.0,0.0,.000,2.8,5.7,.502,.501,0.8,1.5,.537,2.3,3.7,6.0,1.6,0.6,0.7,1.4,2.8,6.5)
(1989,68,Brad Daugherty,C,23,CLE,78,78,36.2,7.0,13.0,.538,0.0,0.0,.333,7.0,12.9,.538,.538,4.9,6.7,.737,2.1,7.1,9.2,3.7,0.8,0.5,2.9,2.2,18.9)
(1989,72,Walter Davis,SG,34,DEN,81,0,22.9,6.6,13.3,.498,0.2,0.9,.290,6.4,12.4,.512,.507,2.2,2.5,.879,0.5,1.4,1.9,2.3,0.9,0.1,1.6,2.3,15.6)
(1989,76,Fennis Dembo,SF,23,DET,31,0,2.4,0.5,1.4,.333,0.0,0.1,.000,0.5,1.2,.368,.333,0.3,0.3,.800,0.3,0.5,0.7,0.2,0.0,0.0,0.2,0.5,1.2)
(1989,80,Kevin Duckworth,C,24,POR,79,79,33.7,7.0,14.7,.477,0.0,0.0,.000,7.0,14.7,.478,.477,4.1,5.4,.757,3.1,4.9,8.0,0.8,0.7,0.6,2.5,3.8,18.1)
(1989,83,Mike Dunleavy,PG,34,MIL,2,0,2.5,0.5,1.0,.500,0.5,1.0,.500,0.0,0.0,,.750,0.0,0.0,,0.0,0.0,0.0,0.0,0.0,0.0,0.0,0.0,1.5)
(1989,87,James Edwards,C,33,DET,76,1,16.5,2.8,5.6,.500,0.0,0.0,.000,2.8,5.5,.502,.500,1.8,2.6,.686,0.9,2.1,3.0,0.6,0.1,0.4,0.9,3.0,7.3)
(1989,91,Wayne Englestad,PF,22,DEN,11,0,4.5,1.0,2.6,.379,0.0,0.0,,1.0,2.6,.379,.379,0.5,0.9,.600,0.5,1.0,1.5,0.6,0.1,0.0,0.3,1.1,2.5)
(1989,95,Dave Feitl,C,26,WSB,57,36,14.5,2.0,4.7,.436,0.0,0.0,.000,2.0,4.6,.438,.436,0.9,1.1,.831,1.2,2.3,3.5,0.6,0.3,0.3,1.1,2.4,5.0)
(1989,99,Sleepy Floyd,PG,28,HOU,82,82,34.0,4.8,10.9,.443,1.3,3.6,.373,3.5,7.3,.478,.504,3.2,3.8,.845,0.6,3.1,3.7,8.6,1.5,0.1,3.1,2.4,14.2)
(1989,102,Corey Gaines,SG,23,NJN,32,0,10.5,0.8,2.0,.422,0.0,0.2,.200,0.8,1.8,.441,.430,0.4,0.5,.750,0.1,0.5,0.6,2.1,0.5,0.0,0.6,0.8,2.1)
(1989,106,Kenny Gattison,PF,24,PHO,2,0,4.5,0.0,0.5,.000,0.0,0.0,,0.0,0.5,.000,.000,0.5,1.0,.500,0.0,0.5,0.5,0.0,0.0,0.0,0.0,1.0,0.5)
(1989,110,Grant Gondrezick,SG,26,LAC,27,0,9.0,1.4,3.5,.400,0.1,0.4,.273,1.3,3.1,.417,.416,1.0,1.5,.650,0.6,0.8,1.3,1.3,0.5,0.0,0.6,1.3,3.9)
(1989,114,Harvey Grant,PF,23,WSB,71,1,16.8,2.5,5.5,.464,0.0,0.0,.000,2.5,5.5,.465,.464,0.5,0.8,.596,1.1,1.2,2.3,1.1,0.5,0.4,0.4,2.1,5.6)
(1989,118,Jeff Grayer,SG,23,MIL,11,2,18.2,2.9,6.6,.438,0.0,0.2,.000,2.9,6.5,.451,.438,1.5,1.8,.850,1.3,1.9,3.2,2.0,0.9,0.1,1.7,1.4,7.4)
(1989,121,Sidney Green,PF,28,NYK,82,0,15.6,2.4,5.1,.460,0.0,0.0,.000,2.4,5.1,.463,.460,1.6,2.1,.759,1.9,2.9,4.8,0.9,0.6,0.2,1.5,2.1,6.3)
(1989,125,Jack Haley,PF,25,CHI,51,1,5.7,0.7,1.5,.474,0.0,0.0,,0.7,1.5,.474,.474,0.7,0.9,.783,0.4,1.0,1.4,0.2,0.2,0.0,0.5,1.1,2.2)
(1989,129,Ron Harper,SG,25,CLE,82,82,34.8,7.2,14.0,.511,0.4,1.4,.250,6.8,12.6,.540,.523,3.9,5.2,.751,1.5,3.5,5.0,5.3,2.3,0.9,2.8,2.7,18.6)
(1989,133,Gerald Henderson,PG,33,PHI,65,0,15.2,2.2,5.4,.414,0.5,1.6,.308,1.7,3.7,.461,.461,1.6,2.0,.819,0.3,0.8,1.0,2.2,0.6,0.0,1.1,1.9,6.5)
(1989,137,Mike Holton,PG,27,CHH,67,60,25.3,3.2,7.5,.427,0.0,0.2,.214,3.2,7.3,.433,.430,1.8,2.1,.839,0.4,1.1,1.6,6.3,1.0,0.2,1.8,2.5,8.3)
(1989,Rk,Player,Pos,Age,Tm,G,GS,MP,FG,FGA,FG%,3P,3PA,3P%,2P,2PA,2P%,eFG%,FT,FTA,FT%,ORB,DRB,TRB,AST,STL,BLK,TOV,PF,PTS)
(1989,144,Jay Humphries,PG,26,MIL,73,50,30.4,4.7,9.8,.483,0.3,1.3,.266,4.4,8.5,.516,.501,1.8,2.2,.816,1.0,1.6,2.6,5.5,1.9,0.1,2.2,2.6,11.6)
(1989,148,Avery Johnson,PG,23,SEA,43,0,6.8,0.7,1.9,.349,0.0,0.2,.111,0.7,1.7,.378,.355,0.2,0.4,.563,0.3,0.3,0.6,1.7,0.5,0.1,0.4,0.8,1.6)
(1989,152,Frank Johnson,PG,30,HOU,67,0,13.1,1.6,3.7,.443,0.0,0.1,.167,1.6,3.6,.450,.445,1.1,1.4,.806,0.3,0.9,1.2,2.7,0.6,0.0,1.5,1.4,4.4)
(1989,156,Vinnie Johnson,SG,32,DET,82,21,25.3,5.6,12.1,.464,0.2,0.5,.295,5.5,11.6,.472,.470,2.4,3.2,.734,1.3,1.8,3.1,3.0,0.9,0.2,1.3,1.9,13.8)
(1989,160,Charles Jones,C,31,WSB,53,45,21.8,1.1,2.4,.480,0.0,0.0,.000,1.1,2.3,.484,.480,0.3,0.5,.640,1.5,3.4,4.8,0.8,0.7,1.4,0.7,3.5,2.6)
(1989,163,Michael Jordan*,SG,25,CHI,81,81,40.2,11.9,22.2,.538,0.3,1.2,.276,11.6,21.0,.553,.546,8.3,9.8,.850,1.8,6.2,8.0,8.0,2.9,0.8,3.6,3.0,32.5)
(1989,167,Randolph Keys,SF,22,CLE,42,0,7.9,1.8,4.1,.430,0.0,0.2,.100,1.7,3.9,.451,.433,0.5,0.7,.690,0.5,0.8,1.3,0.5,0.3,0.1,0.5,1.2,4.0)
(1989,171,Joe Kleine,C,27,TOT,75,13,18.8,2.3,5.8,.405,0.0,0.0,.000,2.3,5.7,.407,.405,1.8,2.0,.882,1.7,3.4,5.0,0.9,0.4,0.3,1.4,2.6,6.5)
(1989,175,Bill Laimbeer,C,31,DET,81,81,32.6,5.5,11.1,.499,0.4,1.1,.349,5.2,10.0,.515,.516,2.2,2.6,.840,1.7,7.9,9.6,2.2,0.6,1.2,1.6,3.2,13.7)
(1989,180,Eric Leckner,C,22,UTA,75,0,10.4,1.6,2.9,.545,0.0,0.0,,1.6,2.9,.545,.545,1.1,1.5,.699,0.6,2.0,2.7,0.2,0.1,0.3,0.9,2.3,4.3)
(1989,183,Fat Lever,SG,28,DEN,71,71,38.7,7.9,17.2,.457,0.3,0.9,.348,7.5,16.3,.463,.466,3.8,4.8,.785,2.6,6.7,9.3,7.9,2.7,0.3,2.2,2.5,19.8)
(1989,187,Alton Lister,C,30,SEA,82,82,22.0,3.3,6.6,.499,0.0,0.0,,3.3,6.6,.499,.499,1.4,2.2,.646,2.5,4.1,6.6,0.7,0.3,2.2,1.4,3.8,8.0)
(1989,191,John Long,SG,32,TOT,68,1,13.5,2.2,5.3,.409,0.1,0.3,.400,2.0,5.0,.410,.421,1.0,1.1,.921,0.3,0.9,1.1,1.2,0.4,0.0,0.8,1.2,5.5)
(1989,195,Dan Majerle,SG,23,PHO,54,5,25.1,3.4,8.0,.419,0.5,1.5,.329,2.9,6.5,.440,.450,1.4,2.4,.614,1.1,2.7,3.9,2.4,1.2,0.3,0.9,2.6,8.6)
(1989,199,Danny Manning,PF,22,LAC,26,18,36.5,6.8,13.8,.494,0.0,0.2,.200,6.8,13.6,.499,.496,3.0,4.0,.767,2.7,3.9,6.6,3.1,1.7,1.0,3.6,3.4,16.7)
(1989,202,Tim McCormick,C,26,HOU,81,0,15.5,2.1,4.3,.481,0.0,0.0,.000,2.1,4.3,.487,.481,1.1,1.6,.674,1.1,2.1,3.2,0.7,0.2,0.3,0.8,2.4,5.2)
(1989,206,Mike McGee,SG,29,NJN,80,49,25.3,5.4,11.5,.473,1.2,3.2,.365,4.3,8.3,.515,.524,1.0,1.8,.535,0.9,1.5,2.4,1.5,1.0,0.2,1.6,2.3,13.0)
(1989,210,Mark McNamara,C,29,LAL,39,0,8.2,0.8,1.6,.500,0.0,0.0,,0.8,1.6,.500,.500,1.3,2.0,.628,1.0,1.6,2.6,0.3,0.1,0.1,0.6,1.3,2.9)
(1989,214,Sidney Moncrief,PG,31,MIL,62,50,25.7,4.2,8.6,.491,0.4,1.2,.342,3.8,7.4,.514,.514,3.3,3.8,.865,0.7,2.0,2.8,3.0,1.0,0.2,1.5,1.8,12.1)
(1989,218,Pete Myers,SG,25,TOT,33,0,8.2,0.9,2.2,.425,0.0,0.1,.000,0.9,2.2,.437,.425,1.0,1.5,.688,0.5,0.5,1.0,1.5,0.6,0.1,0.7,1.3,2.9)
(1989,221,Craig Neal,PG,24,TOT,53,0,9.4,0.8,2.3,.366,0.2,0.6,.294,0.7,1.7,.393,.407,0.3,0.4,.609,0.1,0.4,0.5,2.2,0.5,0.1,1.0,1.3,2.2)
(1989,225,Norm Nixon,PG,33,LAC,53,30,24.9,2.9,7.0,.414,0.2,0.5,.276,2.7,6.4,.425,.424,0.9,1.2,.738,0.2,1.2,1.5,6.4,0.9,0.0,2.2,1.3,6.8)
(1989,229,Jose Ortiz,PF,25,UTA,51,15,6.4,1.1,2.5,.440,0.0,0.0,.000,1.1,2.4,.444,.440,0.6,1.0,.596,0.6,0.5,1.1,0.2,0.2,0.1,0.7,0.8,2.8)
(1989,233,Will Perdue,C,23,CHI,30,0,6.3,1.0,2.4,.403,0.0,0.0,,1.0,2.4,.403,.403,0.3,0.5,.571,0.6,0.9,1.5,0.4,0.1,0.2,0.5,1.3,2.2)
(1989,237,Jim Petersen,C,26,SAC,66,40,24.7,4.2,9.2,.459,0.0,0.1,.000,4.2,9.1,.465,.459,1.7,2.3,.747,1.8,4.4,6.3,1.2,0.7,1.0,2.2,3.6,10.2)
(1989,Rk,Player,Pos,Age,Tm,G,GS,MP,FG,FGA,FG%,3P,3PA,3P%,2P,2PA,2P%,eFG%,FT,FTA,FT%,ORB,DRB,TRB,AST,STL,BLK,TOV,PF,PTS)
(1989,244,Paul Pressey,SG,30,MIL,67,62,32.4,4.6,9.7,.474,0.2,0.8,.218,4.4,8.9,.497,.483,2.8,3.6,.776,1.1,2.8,3.9,6.6,1.8,0.7,2.7,3.3,12.1)
(1989,248,Kurt Rambis,PF,30,CHH,75,75,29.8,4.3,8.4,.518,0.0,0.0,.000,4.3,8.3,.521,.518,2.4,3.3,.734,3.6,5.8,9.4,2.1,1.3,0.8,2.0,2.8,11.1)
(1989,252,Mitch Richmond*,SG,23,GSW,79,79,34.4,8.2,17.5,.468,0.4,1.1,.367,7.8,16.4,.475,.480,5.2,6.4,.810,2.0,3.9,5.9,4.2,1.0,0.2,3.4,2.8,22.0)
(1989,256,Fred Roberts,PF,28,MIL,71,3,17.6,2.2,4.5,.486,0.0,0.2,.214,2.1,4.3,.498,.491,1.5,1.8,.806,1.0,2.0,2.9,0.9,0.5,0.3,1.1,1.8,5.9)
(1989,260,Tree Rollins,C,33,CLE,60,2,9.7,1.0,2.3,.449,0.0,0.0,.000,1.0,2.3,.453,.449,0.2,0.3,.632,0.6,1.7,2.3,0.3,0.2,0.6,0.4,1.5,2.3)
(1989,263,Jim Rowinski,PF-C,28,TOT,9,0,1.7,0.1,0.4,.250,0.0,0.0,,0.1,0.4,.250,.250,0.6,0.7,.833,0.1,0.4,0.6,0.0,0.0,0.0,0.0,0.0,0.8)
(1989,267,Mike Sanders,SF,28,CLE,82,82,25.6,4.0,8.9,.453,0.0,0.1,.300,4.0,8.8,.455,.455,1.2,1.6,.719,1.2,2.5,3.7,1.6,1.1,0.4,1.3,2.8,9.3)
(1989,271,Byron Scott,SG,27,LAL,74,73,35.2,7.9,16.2,.491,1.0,2.6,.399,6.9,13.6,.508,.523,2.6,3.1,.863,1.0,3.1,4.1,3.1,1.5,0.4,2.1,2.4,19.6)
(1989,275,John Shasky,C,24,MIA,65,4,14.5,1.9,3.8,.488,0.0,0.0,.000,1.9,3.8,.492,.488,1.8,2.6,.689,1.5,2.1,3.6,0.3,0.2,0.2,0.7,1.4,5.5)
(1989,279,Jack Sikma,C,33,MIL,80,80,32.3,4.5,10.4,.431,1.0,2.7,.380,3.5,7.7,.449,.480,3.3,3.7,.905,1.8,6.0,7.8,3.6,1.1,0.8,1.8,3.8,13.4)
(1989,282,Charles Smith,PF,23,LAC,71,56,30.4,6.1,12.4,.495,0.0,0.0,.000,6.1,12.3,.497,.495,4.0,5.5,.725,2.4,4.1,6.5,1.5,1.0,1.3,2.1,3.8,16.3)
(1989,286,Otis Smith,SG,25,GSW,80,5,20.0,3.9,8.9,.435,0.1,0.5,.189,3.8,8.5,.448,.440,2.2,2.7,.798,1.6,2.5,4.1,1.8,1.1,0.5,1.6,2.1,10.0)
(1989,290,John Starks,SG,23,GSW,36,0,8.8,1.4,3.5,.408,0.3,0.7,.385,1.1,2.8,.414,.448,0.9,1.4,.654,0.4,0.7,1.1,0.8,0.6,0.1,1.1,1.0,4.1)
(1989,294,Rod Strickland,PG,22,NYK,81,10,16.8,3.3,7.0,.467,0.2,0.7,.322,3.0,6.3,.484,.484,2.1,2.9,.745,0.6,1.3,2.0,3.9,1.2,0.0,1.8,1.8,8.9)
(1989,298,Roy Tarpley,PF,24,DAL,19,6,31.1,6.9,12.7,.541,0.0,0.1,.000,6.9,12.7,.544,.541,3.5,5.1,.688,4.1,7.4,11.5,0.9,1.5,1.6,2.4,3.7,17.3)
(1989,301,Reggie Theus,SG,31,ATL,82,82,30.7,6.1,13.0,.466,0.2,0.7,.293,5.9,12.3,.476,.474,3.5,4.1,.851,1.0,1.9,3.0,4.7,1.3,0.2,2.4,2.9,15.8)
(1989,305,LaSalle Thompson,C,27,TOT,76,71,30.6,5.5,11.2,.489,0.0,0.0,.000,5.5,11.2,.490,.489,3.0,3.7,.808,2.9,6.5,9.4,1.1,1.0,1.2,2.4,3.8,13.9)
(1989,309,Sedale Threatt,PG,27,SEA,63,0,19.4,3.7,7.6,.494,0.2,0.5,.367,3.6,7.1,.502,.505,1.0,1.2,.818,0.5,1.4,1.9,3.8,1.3,0.1,1.2,2.5,8.6)
(1989,313,Sedric Toney,PG,26,IND,2,0,4.5,0.5,2.5,.200,0.0,1.5,.000,0.5,1.0,.500,.200,0.0,0.5,.000,0.5,0.5,1.0,0.0,0.0,0.0,1.0,0.5,1.0)
(1989,317,Elston Turner,SF,29,DEN,78,12,22.4,1.9,4.5,.428,0.0,0.1,.286,1.9,4.4,.431,.431,0.4,0.7,.589,1.4,2.3,3.7,1.8,1.2,0.1,0.8,2.7,4.3)
(1989,Rk,Player,Pos,Age,Tm,G,GS,MP,FG,FGA,FG%,3P,3PA,3P%,2P,2PA,2P%,eFG%,FT,FTA,FT%,ORB,DRB,TRB,AST,STL,BLK,TOV,PF,PTS)
(1989,324,Darrell Walker,PG,27,WSB,79,78,32.5,3.6,8.6,.420,0.0,0.1,.000,3.6,8.5,.426,.420,1.8,2.3,.772,1.7,4.7,6.4,6.3,2.0,0.3,2.3,2.7,9.0)
(1989,328,Chris Welp,C,25,PHI,72,0,11.7,1.4,3.1,.446,0.0,0.0,.000,1.4,3.1,.448,.446,0.7,1.0,.658,0.8,1.9,2.7,0.4,0.3,0.6,0.6,2.4,3.4)
(1989,332,Clinton Wheeler,PG,29,TOT,28,0,12.6,1.6,3.1,.517,0.0,0.0,.000,1.6,3.1,.523,.517,0.5,0.7,.750,0.6,0.5,1.1,1.9,1.0,0.0,0.9,0.9,3.8)
(1989,336,Dominique Wilkins*,SF,29,ATL,80,80,37.5,10.2,22.0,.464,0.4,1.3,.276,9.8,20.6,.475,.472,5.5,6.6,.844,3.2,3.7,6.9,2.6,1.5,0.7,2.3,1.7,26.2)
(1989,340,Herb Williams,C,30,TOT,76,66,32.5,4.2,9.7,.436,0.0,0.1,.000,4.2,9.7,.439,.436,1.8,2.6,.686,1.8,6.0,7.8,1.6,0.6,1.8,2.0,3.1,10.2)
(1989,343,Kevin Williams,SG,27,TOT,50,0,10.9,1.6,4.0,.405,0.0,0.1,.167,1.6,3.9,.412,.408,0.9,1.2,.780,0.6,0.8,1.4,1.1,0.6,0.2,1.0,1.8,4.2)
(1989,347,Randy Wittman,SF,29,TOT,64,13,17.5,2.0,4.5,.455,0.0,0.1,.500,2.0,4.4,.454,.460,0.4,0.6,.683,0.4,0.8,1.3,1.7,0.4,0.0,0.5,0.7,4.5)
(1989,351,Orlando Woolridge,SF,29,LAL,74,0,20.1,3.1,6.7,.468,0.0,0.0,.000,3.1,6.7,.469,.468,3.4,4.6,.738,1.1,2.6,3.6,0.8,0.4,0.9,1.4,1.8,9.7)
