(1989,2,Mark Acres,C,26,BOS,62,0,10.2,0.9,1.8,.482,0.0,0.0,1.000,0.9,1.8,.478,.487,0.4,0.8,.542,1.0,1.4,2.4,0.3,0.3,0.1,0.4,1.5,2.2)
(1989,6,Mark Alarie,PF,25,WSB,74,5,15.4,2.8,5.8,.478,0.2,0.5,.342,2.6,5.3,.491,.493,1.0,1.2,.839,1.4,2.1,3.4,0.9,0.3,0.3,0.8,2.2,6.7)
(1989,10,Michael Anderson,PG,22,SAS,36,12,20.3,2.0,4.9,.417,0.0,0.2,.143,2.0,4.7,.429,.420,1.6,2.3,.695,1.2,1.3,2.5,4.3,1.2,0.1,2.3,1.8,5.7)
(1989,14,John Bagley,PG,28,NJN,68,20,24.1,2.9,7.1,.416,0.2,0.8,.204,2.8,6.3,.443,.427,1.3,1.8,.724,0.5,1.6,2.1,5.8,1.1,0.1,2.3,1.7,7.4)
(1989,18,Charles Barkley*,PF,25,PHI,79,79,39.1,8.9,15.3,.579,0.4,2.1,.216,8.4,13.2,.636,.594,7.6,10.1,.753,5.1,7.4,12.5,4.1,1.6,0.8,3.2,3.3,25.8)
(1989,21,Ricky Berry,SG,24,SAC,64,21,22.0,4.0,8.9,.450,1.0,2.5,.406,3.0,6.4,.467,.507,2.0,2.6,.789,0.9,2.2,3.1,1.3,0.6,0.3,1.3,3.1,11.0)
(1989,25,Uwe Blab,C,26,DAL,37,0,5.6,0.6,1.4,.462,0.0,0.0,,0.6,1.4,.462,.462,0.5,0.7,.800,0.3,0.9,1.2,0.3,0.1,0.4,0.4,1.0,1.8)
(1989,29,Anthony Bowie,SG,25,SAS,18,5,24.3,4.0,8.0,.500,0.1,0.3,.200,3.9,7.7,.511,.503,0.6,0.8,.667,1.4,1.7,3.1,1.6,1.0,0.2,1.2,2.4,8.6)
(1989,33,Randy Breuer,C,28,MIL,48,4,10.7,1.8,3.7,.480,0.0,0.0,,1.8,3.7,.480,.480,0.6,1.1,.549,1.1,1.8,2.8,0.5,0.2,0.8,0.6,1.2,4.2)
(1989,37,Tony Brown,SF-SG,28,TOT,43,0,8.5,1.2,2.7,.424,0.1,0.4,.250,1.1,2.4,.451,.441,0.6,0.7,.774,0.5,0.5,1.0,0.6,0.3,0.1,0.4,1.0,3.0)
(1989,Rk,Player,Pos,Age,Tm,G,GS,MP,FG,FGA,FG%,3P,3PA,3P%,2P,2PA,2P%,eFG%,FT,FTA,FT%,ORB,DRB,TRB,AST,STL,BLK,TOV,PF,PTS)
(1989,44,Bill Cartwright,C,31,CHI,78,76,29.9,4.7,9.8,.475,0.0,0.0,,4.7,9.8,.475,.475,3.0,3.9,.766,1.9,4.7,6.7,1.2,0.3,0.5,2.4,3.0,12.4)
(1989,48,Mike Champion,SF,24,SEA,2,0,2.0,0.0,1.5,.000,0.0,0.5,.000,0.0,1.0,.000,.000,0.0,0.0,,0.0,0.0,0.0,0.0,0.0,0.0,0.5,1.0,0.0)
(1989,52,Ben Coleman,PF,27,PHI,58,11,12.1,2.0,4.2,.485,0.0,0.0,,2.0,4.2,.485,.485,1.1,1.3,.792,0.8,2.2,3.1,0.3,0.2,0.3,0.8,2.1,5.1)
(1989,56,Darwin Cook,SG,30,TOT,66,4,17.3,3.3,7.2,.456,0.1,0.6,.195,3.2,6.6,.481,.464,1.0,1.2,.808,0.5,1.1,1.6,1.9,1.1,0.2,1.3,1.8,7.7)
(1989,60,Dave Corzine,C,32,CHI,81,7,18.3,2.5,5.4,.461,0.0,0.1,.250,2.5,5.3,.465,.464,0.9,1.2,.740,1.1,2.8,3.9,1.3,0.4,0.6,1.1,1.7,5.9)
(1989,63,Terry Cummings,SF,27,MIL,80,78,35.3,9.1,19.5,.467,0.1,0.2,.467,9.0,19.4,.467,.469,4.5,5.8,.787,3.5,4.6,8.1,2.5,1.3,0.9,2.5,3.3,22.9)
(1989,67,Adrian Dantley*,SF,32,TOT,73,67,33.2,6.4,13.1,.493,0.0,0.0,.000,6.4,13.1,.493,.493,6.3,7.8,.810,1.6,2.7,4.3,2.3,0.6,0.2,2.2,2.5,19.2)
(1989,71,Mark Davis,SF,25,TOT,33,0,7.8,1.5,3.1,.480,0.0,0.3,.100,1.5,2.8,.522,.485,0.8,1.0,.824,0.5,0.6,1.1,0.4,0.4,0.2,0.4,1.2,3.8)
(1989,75,Vinny Del Negro,SG,22,SAC,80,2,19.5,3.0,6.3,.475,0.1,0.3,.300,2.9,6.0,.482,.481,1.1,1.3,.850,0.6,1.5,2.1,2.6,0.8,0.2,1.0,2.0,7.1)
(1989,79,Clyde Drexler*,SG,26,POR,78,78,39.3,10.6,21.4,.496,0.3,1.3,.260,10.3,20.1,.511,.504,5.6,7.0,.799,3.7,4.2,7.9,5.8,2.7,0.7,3.2,3.4,27.2)
(1989,82,Joe Dumars*,SG,25,DET,69,67,34.9,6.6,13.1,.505,0.2,0.4,.483,6.4,12.7,.506,.513,3.8,4.4,.850,0.8,1.7,2.5,5.7,0.9,0.1,2.6,1.5,17.2)
(1989,86,Mark Eaton,C,32,UTA,82,82,35.5,2.3,5.0,.462,0.0,0.0,,2.3,5.0,.462,.462,1.6,2.4,.660,2.8,7.5,10.3,1.0,0.5,3.8,1.7,3.5,6.2)
(1989,90,Dale Ellis,SG,28,SEA,82,82,38.9,10.5,20.9,.501,2.0,4.1,.478,8.5,16.7,.507,.549,4.6,5.6,.816,1.9,2.3,4.2,2.0,1.3,0.3,2.7,2.4,27.5)
(1989,94,Jim Farmer,SG,24,UTA,37,0,11.1,1.5,3.8,.401,0.2,0.5,.450,1.3,3.3,.393,.433,0.8,1.1,.707,0.6,0.9,1.5,0.8,0.2,0.0,0.7,1.1,4.1)
(1989,98,Vern Fleming,PG,26,IND,76,69,33.6,5.5,10.7,.515,0.0,0.3,.130,5.5,10.4,.526,.517,3.2,4.0,.799,1.1,3.0,4.1,6.5,1.0,0.2,2.5,2.8,14.3)
(1989,101,Anthony Frederick,SF,24,IND,46,0,6.8,1.4,2.7,.504,0.0,0.1,.400,1.3,2.6,.508,.512,0.5,0.7,.706,0.6,0.6,1.1,0.4,0.3,0.1,0.7,1.3,3.3)
(1989,105,Tom Garrick,SG,22,LAC,71,20,21.1,2.5,5.1,.490,0.0,0.2,.000,2.5,4.9,.509,.490,1.4,1.8,.803,0.5,1.7,2.2,3.4,1.1,0.1,1.6,2.0,6.4)
(1989,109,Mike Gminski,C,29,PHI,82,82,33.4,6.8,14.2,.477,0.0,0.1,.000,6.8,14.1,.479,.477,3.6,4.2,.871,2.6,6.8,9.4,1.7,0.6,1.3,1.6,1.7,17.2)
(1989,113,Gary Grant,PG,23,LAC,71,48,27.1,5.1,11.7,.435,0.1,0.3,.227,5.0,11.4,.441,.438,1.7,2.3,.735,1.1,2.2,3.4,7.1,2.0,0.1,3.6,2.4,11.9)
(1989,117,Sylvester Gray,SF,21,MIA,55,15,22.2,3.0,7.2,.420,0.0,0.1,.250,3.0,7.2,.421,.421,1.9,2.8,.673,2.1,3.1,5.2,2.1,0.7,0.5,1.9,2.6,8.0)
(1989,Rk,Player,Pos,Age,Tm,G,GS,MP,FG,FGA,FG%,3P,3PA,3P%,2P,2PA,2P%,eFG%,FT,FTA,FT%,ORB,DRB,TRB,AST,STL,BLK,TOV,PF,PTS)
(1989,124,Petur Gudmundsson,C,30,SAS,5,3,14.0,1.8,5.0,.360,0.0,0.0,,1.8,5.0,.360,.360,0.6,0.8,.750,1.0,2.2,3.2,1.0,0.2,0.2,1.6,3.0,4.2)
(1989,128,Derek Harper,PG,27,DAL,81,81,36.6,6.6,13.9,.477,1.2,3.4,.356,5.4,10.5,.517,.521,2.8,3.5,.806,0.6,2.2,2.8,7.0,2.1,0.5,2.5,2.7,17.3)
(1989,132,Hersey Hawkins,SG,22,PHI,79,79,32.6,5.6,12.3,.455,0.9,2.1,.428,4.7,10.2,.461,.492,3.1,3.7,.831,0.6,2.2,2.8,3.0,1.5,0.5,2.0,2.3,15.1)
(1989,136,Craig Hodges,SG,28,TOT,59,6,20.4,3.4,7.3,.472,1.3,3.1,.417,2.2,4.2,.512,.559,0.8,1.0,.842,0.4,1.1,1.5,2.5,0.7,0.1,1.0,1.5,9.0)
(1989,140,Tito Horford,C,23,MIL,25,0,4.5,0.6,1.8,.326,0.0,0.0,,0.6,1.8,.326,.326,0.5,0.8,.632,0.4,0.5,0.9,0.1,0.0,0.3,0.6,0.6,1.7)
(1989,143,Eddie Hughes,PG,28,DEN,26,1,8.6,1.1,2.5,.438,0.3,0.8,.318,0.8,1.6,.500,.492,0.3,0.5,.583,0.2,0.5,0.7,1.3,0.7,0.1,0.4,1.2,2.7)
(1989,147,Michael Jackson,PG,24,SAC,14,0,5.0,0.6,1.7,.375,0.1,0.4,.333,0.5,1.3,.389,.417,0.1,0.1,.500,0.1,0.2,0.3,0.8,0.2,0.0,0.3,0.9,1.5)
(1989,151,Eddie Johnson,SF,29,PHO,70,7,29.2,8.7,17.5,.497,1.0,2.5,.413,7.7,15.0,.510,.526,3.1,3.6,.868,1.3,3.1,4.4,2.3,0.7,0.1,1.7,2.8,21.5)
(1989,155,Steve Johnson,C,31,POR,72,11,20.5,4.1,7.8,.524,0.0,0.0,,4.1,7.8,.524,.524,1.8,3.4,.527,1.9,3.1,5.0,1.5,0.3,0.6,1.9,3.5,10.0)
(1989,159,Caldwell Jones,PF,38,POR,72,40,17.8,1.1,2.5,.421,0.0,0.0,.000,1.1,2.5,.423,.421,0.7,0.8,.787,1.2,2.9,4.2,0.8,0.3,1.2,1.2,2.3,2.8)
(1989,162,Shelton Jones,SF,22,TOT,51,34,13.4,1.8,4.1,.445,0.0,0.0,.000,1.8,4.1,.447,.445,1.1,1.6,.725,0.6,1.6,2.2,0.8,0.4,0.3,0.9,1.1,4.8)
(1989,166,Jerome Kersey,SF,26,POR,76,76,35.7,7.0,15.0,.469,0.1,0.3,.286,6.9,14.7,.472,.471,3.4,4.9,.694,3.2,5.0,8.3,3.2,1.8,1.1,2.2,3.6,17.5)
(1989,170,Greg Kite,C,27,TOT,70,24,13.5,0.9,2.2,.430,0.0,0.0,,0.9,2.2,.430,.430,0.3,0.6,.488,1.2,2.3,3.5,0.5,0.4,0.8,0.8,2.3,2.1)
(1989,174,Larry Krystkowiak,PF,24,MIL,80,77,30.9,4.5,9.6,.473,0.1,0.2,.333,4.5,9.4,.475,.475,3.6,4.4,.823,2.5,5.2,7.6,1.3,1.2,0.1,1.8,2.7,12.7)
(1989,179,Allen Leavell,SG,31,HOU,55,3,11.4,1.2,3.4,.346,0.1,0.7,.122,1.1,2.7,.408,.359,0.8,1.1,.733,0.2,0.7,1.0,2.3,0.5,0.1,1.1,1.1,3.3)
(1989,182,Jim Les,PG,25,UTA,82,0,9.5,0.5,1.6,.301,0.0,0.2,.071,0.5,1.5,.328,.305,0.7,0.9,.781,0.3,0.8,1.1,2.6,0.3,0.1,1.1,1.1,1.7)
(1989,186,Reggie Lewis,SF,23,BOS,81,57,32.8,7.5,15.3,.486,0.0,0.3,.136,7.4,15.1,.493,.488,3.5,4.5,.787,1.4,3.2,4.7,2.7,1.5,0.9,1.8,3.2,18.5)
(1989,190,Grant Long,PF,22,MIA,82,73,29.7,4.1,8.4,.486,0.0,0.1,.000,4.1,8.4,.489,.486,3.7,5.0,.749,2.9,3.7,6.7,1.8,1.5,0.6,2.5,4.1,11.9)
(1989,194,Rick Mahorn,PF,30,DET,72,61,24.9,2.8,5.5,.517,0.0,0.0,.000,2.8,5.4,.519,.517,1.6,2.2,.748,2.0,4.9,6.9,0.8,0.6,0.9,1.3,2.9,7.3)
(1989,198,Moses Malone*,C,33,ATL,81,80,35.5,6.6,13.5,.491,0.0,0.1,.000,6.6,13.4,.496,.491,6.9,8.8,.789,4.8,7.0,11.8,1.4,1.0,1.2,3.0,1.9,20.2)
(1989,201,Vernon Maxwell,SG,23,SAS,79,36,26.1,4.5,10.5,.432,0.4,1.6,.248,4.1,8.8,.466,.451,2.3,3.1,.745,0.6,1.9,2.6,3.8,1.1,0.1,2.3,1.7,11.7)
(1989,205,Ben McDonald,PF,26,GSW,11,0,9.4,1.2,1.7,.684,0.0,0.0,,1.2,1.7,.684,.684,0.8,1.4,.600,0.4,0.7,1.1,0.5,0.4,0.0,0.3,1.0,3.2)
(1989,209,Nate McMillan,PG,24,SEA,75,74,31.2,2.7,6.5,.410,0.2,0.9,.214,2.5,5.5,.443,.426,1.6,2.5,.630,1.9,3.3,5.2,9.3,2.1,0.6,2.8,3.1,7.1)
(1989,213,Paul Mokeski,C,32,MIL,74,0,9.3,0.8,2.2,.360,0.1,0.4,.269,0.7,1.9,.377,.381,0.5,0.7,.784,0.9,1.7,2.5,0.5,0.4,0.3,0.5,2.1,2.2)
(1989,217,Chris Mullin*,SF,25,GSW,82,82,37.7,10.1,19.9,.509,0.3,1.2,.230,9.8,18.7,.527,.516,6.0,6.7,.892,1.9,4.0,5.9,5.1,2.1,0.5,3.6,2.2,26.5)
(1989,Rk,Player,Pos,Age,Tm,G,GS,MP,FG,FGA,FG%,3P,3PA,3P%,2P,2PA,2P%,eFG%,FT,FTA,FT%,ORB,DRB,TRB,AST,STL,BLK,TOV,PF,PTS)
(1989,224,Johnny Newman,SF,25,NYK,81,80,28.8,5.6,11.8,.475,1.2,3.5,.338,4.4,8.3,.534,.526,3.5,4.3,.815,1.1,1.4,2.5,2.0,1.4,0.3,1.9,3.2,16.0)
(1989,228,Hakeem Olajuwon*,C,26,HOU,82,82,36.9,9.6,19.0,.508,0.0,0.1,.000,9.6,18.9,.511,.508,5.5,8.0,.696,4.1,9.4,13.5,1.8,2.6,3.4,3.4,4.0,24.8)
(1989,232,John Paxson,PG,28,CHI,78,20,22.3,3.2,6.6,.480,0.6,1.7,.331,2.6,4.9,.532,.522,0.4,0.5,.861,0.2,1.0,1.2,3.9,0.7,0.1,0.9,2.1,7.3)
(1989,236,Chuck Person,SF,24,IND,80,79,37.7,8.9,18.2,.489,0.8,2.6,.307,8.1,15.6,.519,.511,3.0,3.8,.792,1.8,4.7,6.5,3.6,1.0,0.2,3.9,3.5,21.6)
(1989,240,Scottie Pippen*,SF,23,CHI,73,56,33.1,5.7,11.9,.476,0.3,1.1,.273,5.4,10.8,.496,.488,2.8,4.1,.668,1.9,4.2,6.1,3.5,1.9,0.8,2.7,3.6,14.4)
(1989,243,Terry Porter,PG,25,POR,81,81,38.3,6.7,14.1,.471,1.0,2.7,.361,5.7,11.4,.497,.506,3.4,4.0,.840,1.0,3.5,4.5,9.5,1.8,0.1,3.1,2.3,17.7)
(1989,247,Mark Price,PG,24,CLE,75,74,36.4,7.1,13.4,.526,1.2,2.8,.441,5.8,10.6,.548,.572,3.5,3.9,.901,0.6,2.4,3.0,8.4,1.5,0.1,2.8,1.3,18.9)
(1989,251,Jerry Reynolds,SG,26,SEA,56,0,13.2,2.7,6.4,.417,0.1,0.3,.200,2.6,6.1,.427,.422,2.3,3.0,.760,0.9,0.9,1.8,1.1,0.9,0.5,1.0,1.0,7.6)
(1989,255,Doc Rivers,PG,27,ATL,76,76,32.4,4.9,10.7,.455,0.6,1.6,.347,4.3,9.1,.474,.481,3.3,3.8,.861,1.2,2.6,3.8,6.9,2.4,0.5,2.1,3.5,13.6)
(1989,259,Dennis Rodman*,PF,27,DET,82,8,26.9,3.9,6.5,.595,0.1,0.3,.231,3.8,6.2,.614,.601,1.2,1.9,.626,4.0,5.4,9.4,1.2,0.7,0.9,1.5,3.6,9.0)
(1989,262,Scott Roth,SF,25,TOT,63,3,8.5,0.9,2.7,.353,0.0,0.3,.188,0.9,2.4,.371,.362,1.0,1.4,.690,0.3,0.7,1.0,0.9,0.4,0.1,0.6,1.1,2.9)
(1989,266,Ralph Sampson*,C,28,GSW,61,36,17.8,2.7,6.0,.449,0.0,0.1,.375,2.6,5.9,.451,.453,1.0,1.6,.653,1.7,3.3,5.0,1.3,0.5,1.1,1.5,2.8,6.4)
(1989,270,Detlef Schrempf,PF,26,TOT,69,13,26.8,4.0,8.4,.474,0.1,0.5,.200,3.9,7.9,.492,.480,4.0,5.1,.780,1.8,3.9,5.7,2.6,0.8,0.3,1.9,3.2,12.0)
(1989,274,Charles Shackleford,C,22,NJN,60,0,8.1,1.4,2.8,.494,0.0,0.0,.000,1.4,2.8,.497,.494,0.4,0.7,.500,0.8,1.7,2.6,0.4,0.3,0.3,0.5,1.2,3.1)
(1989,278,Jerry Sichting,PG,32,POR,25,1,15.6,1.8,4.2,.442,0.1,0.5,.250,1.7,3.7,.467,.457,0.3,0.3,.875,0.4,0.8,1.2,2.4,0.6,0.0,1.0,0.7,4.1)
(1989,281,Keith Smart,PG,24,SAS,2,0,6.0,0.0,1.0,.000,0.0,0.5,.000,0.0,0.5,.000,.000,1.0,1.0,1.000,0.0,0.5,0.5,1.0,0.0,0.0,1.0,0.0,1.0)
(1989,285,Larry Smith,PF,31,GSW,80,78,23.7,2.7,5.0,.552,0.0,0.0,,2.7,5.0,.552,.552,0.2,0.7,.310,3.4,4.8,8.2,1.5,0.8,0.7,1.4,3.1,5.7)
(1989,289,Rory Sparrow,PG,30,MIA,80,79,32.7,5.6,12.3,.452,0.2,0.9,.243,5.3,11.4,.469,.461,1.2,1.3,.879,0.7,2.0,2.7,5.4,1.3,0.2,2.6,2.1,12.5)
(1989,293,John Stockton*,PG,26,UTA,82,82,38.7,6.1,11.3,.538,0.2,0.8,.242,5.9,10.5,.561,.547,4.8,5.5,.863,1.0,2.0,3.0,13.6,3.2,0.2,3.8,2.9,17.1)
(1989,297,Jon Sundvold,SG,27,MIA,68,8,19.7,4.5,9.9,.455,0.7,1.4,.522,3.8,8.6,.444,.490,0.7,0.8,.825,0.3,1.0,1.3,2.0,0.4,0.0,1.3,1.1,10.4)
(1989,Rk,Player,Pos,Age,Tm,G,GS,MP,FG,FGA,FG%,3P,3PA,3P%,2P,2PA,2P%,eFG%,FT,FTA,FT%,ORB,DRB,TRB,AST,STL,BLK,TOV,PF,PTS)
(1989,304,Billy Thompson,SF,25,MIA,79,58,28.8,4.4,9.1,.487,0.0,0.1,.000,4.4,9.0,.490,.487,2.0,2.8,.696,3.1,4.2,7.2,2.2,0.7,1.3,2.4,3.3,10.8)
(1989,308,Otis Thorpe,PF,26,HOU,82,82,38.2,6.4,11.7,.542,0.0,0.0,.000,6.4,11.7,.543,.542,4.0,5.5,.729,3.3,6.3,9.6,2.5,1.0,0.5,2.7,3.2,16.7)
(1989,312,Tom Tolbert,SF,23,CHH,14,0,8.4,1.2,2.6,.459,0.0,0.2,.000,1.2,2.4,.500,.459,0.4,0.9,.500,0.5,1.0,1.5,0.5,0.1,0.3,0.1,1.4,2.9)
(1989,316,Andre Turner,PG,24,MIL,4,0,3.3,0.8,1.5,.500,0.0,0.0,,0.8,1.5,.500,.500,0.0,0.0,,0.0,0.8,0.8,0.0,0.5,0.0,1.0,0.5,1.5)
(1989,320,Darnell Valentine,SG,29,CLE,77,4,14.1,1.8,4.1,.426,0.0,0.2,.214,1.7,4.0,.436,.431,1.2,1.5,.813,0.3,1.1,1.3,2.3,0.7,0.1,1.1,1.1,4.8)
(1989,323,Sam Vincent,PG,25,CHI,70,56,24.3,3.9,8.1,.484,0.0,0.2,.118,3.9,7.8,.495,.486,1.5,1.8,.822,0.5,2.2,2.7,4.8,0.8,0.1,2.0,1.8,9.4)
(1989,327,Spud Webb,PG,25,ATL,81,6,15.0,1.6,3.6,.459,0.0,0.3,.045,1.6,3.3,.493,.460,0.6,0.7,.867,0.3,1.3,1.5,3.5,0.9,0.1,1.0,1.3,3.9)
(1989,331,Ennis Whatley,PG,26,LAC,8,0,11.3,1.5,4.1,.364,0.0,0.0,,1.5,4.1,.364,.364,1.3,1.4,.909,0.3,1.8,2.0,2.8,0.9,0.1,1.4,1.9,4.3)
(1989,335,Morlon Wiley,PG,22,DAL,51,1,8.0,0.9,2.2,.404,0.1,0.5,.250,0.8,1.8,.444,.430,0.3,0.3,.813,0.3,0.7,0.9,1.5,0.5,0.1,0.7,1.2,2.2)
(1989,339,Buck Williams,PF,28,NJN,74,72,33.1,5.0,9.5,.531,0.0,0.0,.000,5.0,9.4,.534,.531,2.9,4.3,.666,3.4,6.0,9.4,1.1,0.8,0.5,1.9,3.0,13.0)
(1989,342,John Williams,SF,22,WSB,82,1,29.4,5.3,11.5,.466,0.2,0.9,.268,5.1,10.6,.482,.476,2.7,3.5,.776,1.9,5.1,7.0,4.3,1.7,0.9,1.9,2.6,13.7)
(1989,346,David Wingate,SG,25,PHI,33,6,11.3,1.6,3.5,.470,0.1,0.2,.333,1.6,3.3,.477,.478,0.8,1.0,.794,0.4,0.8,1.1,2.2,0.3,0.1,1.1,1.3,4.2)
(1989,350,Mike Woodson,SG,30,HOU,81,79,27.9,5.1,11.6,.438,0.4,1.1,.348,4.7,10.5,.447,.455,2.4,2.9,.823,0.6,1.8,2.4,2.5,1.1,0.2,1.7,2.4,12.9)
