(1989,Rk,Player,Pos,Age,Tm,G,GS,MP,FG,FGA,FG%,3P,3PA,3P%,2P,2PA,2P%,eFG%,FT,FTA,FT%,ORB,DRB,TRB,AST,STL,BLK,TOV,PF,PTS)
(1989,4,Mark Aguirre,SF,29,TOT,80,76,32.5,7.3,15.9,.461,0.6,2.2,.293,6.7,13.7,.488,.481,3.6,4.9,.733,1.8,3.0,4.8,3.5,0.6,0.5,2.6,2.9,18.9)
(1989,8,Randy Allen,SG,24,SAC,7,0,6.1,1.1,2.7,.421,0.0,0.1,.000,1.1,2.6,.444,.421,0.1,0.3,.500,0.4,0.6,1.0,0.0,0.1,0.1,0.3,1.0,2.4)
(1989,12,Ron Anderson,SF,30,PHI,82,12,31.9,6.9,14.0,.491,0.0,0.1,.182,6.9,13.9,.494,.492,2.4,2.8,.856,2.0,2.9,5.0,1.7,0.9,0.3,1.5,2.0,16.2)
(1989,16,Greg Ballard,SF,34,SEA,2,0,7.5,0.5,4.0,.125,0.0,0.5,.000,0.5,3.5,.143,.125,2.0,2.0,1.000,1.0,2.5,3.5,0.0,0.0,0.0,0.0,1.5,3.0)
(1989,20,Benoit Benjamin,C,24,LAC,79,62,32.7,6.2,11.5,.541,0.0,0.0,.000,6.2,11.5,.543,.541,4.0,5.4,.744,2.1,6.7,8.8,2.0,0.7,2.8,3.0,2.8,16.4)
(1989,23,Larry Bird*,SF,32,BOS,6,6,31.5,8.2,17.3,.471,0.0,0.0,,8.2,17.3,.471,.471,3.0,3.2,.947,0.2,6.0,6.2,4.8,1.0,0.8,1.8,3.0,19.3)
(1989,27,Muggsy Bogues,PG,24,CHH,79,21,22.2,2.3,5.3,.426,0.0,0.2,.077,2.2,5.1,.437,.427,0.8,1.1,.750,0.7,1.4,2.1,7.8,1.4,0.1,1.6,1.8,5.4)
(1989,31,Dudley Bradley,SG,31,ATL,38,0,7.0,0.7,2.3,.326,0.2,0.8,.258,0.5,1.4,.364,.372,0.2,0.4,.500,0.2,0.7,0.8,0.6,0.4,0.1,0.4,1.1,1.9)
(1989,35,Scott Brooks,PG,23,PHI,82,6,16.7,1.9,4.5,.420,0.7,1.9,.359,1.2,2.7,.463,.495,0.7,0.8,.884,0.2,0.9,1.1,3.7,0.8,0.0,0.8,1.4,5.2)
(1989,39,Greg Butler,C,22,NYK,33,0,4.2,0.6,1.5,.417,0.0,0.1,.000,0.6,1.4,.444,.417,0.5,0.6,.800,0.3,0.6,0.8,0.1,0.0,0.1,0.5,0.8,1.7)
(1989,42,Antoine Carr,PF,27,ATL,78,12,19.1,2.9,6.0,.480,0.0,0.0,.000,2.9,6.0,.481,.480,1.7,1.9,.855,1.4,2.2,3.5,1.2,0.4,0.8,1.1,2.8,7.5)
(1989,46,Ron Cavenall,C,29,NJN,5,0,3.2,0.4,0.6,.667,0.0,0.0,,0.4,0.6,.667,.667,0.4,1.0,.400,0.0,0.4,0.4,0.0,0.0,0.4,0.4,0.4,1.2)
(1989,50,Maurice Cheeks,PG,32,PHI,71,70,32.4,4.7,9.8,.483,0.0,0.2,.077,4.7,9.6,.490,.483,2.1,2.7,.774,0.5,2.0,2.6,7.8,1.5,0.2,1.6,1.6,11.6)
(1989,54,Dallas Comegys,PF,24,SAS,67,10,16.7,2.5,5.1,.487,0.0,0.0,.000,2.5,5.1,.490,.487,1.6,2.4,.658,1.7,1.8,3.5,0.4,0.6,0.9,1.3,2.4,6.5)
(1989,58,Wayne Cooper,C,32,DEN,79,72,23.6,2.8,5.6,.495,0.0,0.1,.250,2.8,5.6,.498,.497,1.0,1.3,.745,2.7,5.2,7.8,1.0,0.5,2.7,0.9,3.8,6.6)
(1989,61,Winston Crite,SF,23,PHO,2,0,3.0,0.0,1.5,.000,0.0,0.0,,0.0,1.5,.000,.000,0.0,0.0,,0.5,0.0,0.5,0.0,0.0,0.0,0.5,0.5,0.0)
(1989,65,Dell Curry,SG,24,CHH,48,0,16.9,5.3,10.9,.491,0.4,1.1,.345,4.9,9.7,.509,.510,0.8,1.0,.870,0.5,1.6,2.2,1.0,0.9,0.1,0.9,1.4,11.9)
(1989,69,Brad Davis,PG,33,DAL,78,4,17.9,2.3,4.9,.483,0.4,1.3,.314,1.9,3.6,.545,.525,1.3,1.6,.805,0.2,1.2,1.4,3.1,0.6,0.2,1.2,1.9,6.4)
(1989,73,Darryl Dawkins,C,32,DET,14,0,3.4,0.6,1.4,.474,0.0,0.0,,0.6,1.4,.474,.474,0.6,1.3,.500,0.2,0.3,0.5,0.1,0.0,0.1,0.3,0.9,1.9)
(1989,77,James Donaldson,C,31,DAL,53,53,32.9,3.6,6.4,.573,0.0,0.0,,3.6,6.4,.573,.573,1.8,2.3,.766,3.0,7.8,10.8,0.7,0.5,1.5,1.6,2.1,9.1)
(1989,Rk,Player,Pos,Age,Tm,G,GS,MP,FG,FGA,FG%,3P,3PA,3P%,2P,2PA,2P%,eFG%,FT,FTA,FT%,ORB,DRB,TRB,AST,STL,BLK,TOV,PF,PTS)
(1989,84,T.R. Dunn,SG,33,PHO,34,1,9.4,0.4,1.0,.343,0.0,0.0,,0.4,1.0,.343,.343,0.3,0.4,.750,0.9,0.9,1.8,0.7,0.4,0.0,0.2,1.0,1.0)
(1989,88,Kevin Edwards,SG,23,MIA,79,62,29.7,5.9,14.0,.425,0.1,0.5,.270,5.8,13.5,.431,.430,1.8,2.4,.746,1.1,2.2,3.3,4.4,1.8,0.3,3.1,1.9,13.8)
(1989,92,Alex English*,SF,35,DEN,82,82,36.5,11.3,22.9,.491,0.0,0.1,.250,11.2,22.8,.492,.492,4.0,4.6,.858,1.8,2.2,4.0,4.7,0.8,0.1,2.4,2.1,26.5)
(1989,96,Rolando Ferreira,C,24,POR,12,0,2.8,0.1,1.5,.056,0.0,0.0,,0.1,1.5,.056,.056,0.6,0.7,.875,0.3,0.8,1.1,0.1,0.0,0.1,0.5,0.6,0.8)
(1989,100,Tellis Frank,PF,23,GSW,32,2,7.7,1.1,2.8,.374,0.0,0.0,.000,1.1,2.8,.378,.374,1.2,1.6,.765,0.8,1.1,1.9,0.5,0.4,0.2,0.9,1.8,3.3)
(1989,103,Kevin Gamble,SF,23,BOS,44,6,8.5,1.7,3.1,.551,0.0,0.3,.182,1.7,2.8,.584,.559,0.8,1.3,.636,0.3,0.7,1.0,0.8,0.3,0.1,0.4,0.9,4.3)
(1989,107,Ben Gillery,C,23,SAC,24,0,3.5,0.3,0.8,.316,0.0,0.0,,0.3,0.8,.316,.316,0.5,1.0,.565,0.3,0.7,1.0,0.1,0.1,0.2,0.2,1.2,1.0)
(1989,111,Orlando Graham,PF,23,GSW,7,0,3.1,0.4,1.4,.300,0.0,0.0,,0.4,1.4,.300,.300,0.3,0.6,.500,1.1,0.4,1.6,0.0,0.0,0.0,0.3,0.9,1.1)
(1989,115,Horace Grant,PF,23,CHI,79,79,35.6,5.1,9.9,.519,0.0,0.1,.000,5.1,9.8,.522,.519,1.8,2.5,.704,3.0,5.6,8.6,2.1,1.1,0.8,1.6,3.2,12.0)
(1989,119,A.C. Green,PF,25,LAL,82,82,30.6,4.9,9.2,.529,0.0,0.2,.235,4.8,9.0,.536,.532,3.4,4.4,.786,3.1,5.9,9.0,1.3,1.1,0.7,1.5,2.1,13.3)
(1989,122,Dave Greenwood,PF,31,TOT,67,18,20.9,2.5,5.9,.423,0.0,0.0,,2.5,5.9,.423,.423,2.0,2.6,.750,2.1,3.9,6.0,1.4,0.7,0.8,1.4,3.0,7.0)
(1989,126,Bob Hansen,SG,28,UTA,46,9,21.0,3.0,6.5,.467,0.4,1.2,.352,2.6,5.3,.492,.498,0.9,1.6,.560,0.6,2.2,2.8,1.1,0.8,0.1,0.9,2.3,7.4)
(1989,130,Steve Harris,SG,25,DET,3,0,2.3,0.3,1.3,.250,0.0,0.0,,0.3,1.3,.250,.250,0.7,0.7,1.000,0.0,0.7,0.7,0.0,0.3,0.0,0.0,0.3,1.3)
(1989,134,Rod Higgins,PF,29,GSW,81,1,23.3,3.7,7.8,.476,0.8,2.1,.393,2.9,5.7,.505,.528,2.3,2.8,.821,1.4,3.3,4.6,2.0,0.5,0.5,0.9,2.1,10.6)
(1989,138,Dave Hoppen,C,24,CHH,77,36,18.4,2.6,4.6,.564,0.0,0.0,.500,2.6,4.6,.564,.565,1.3,1.8,.727,1.6,3.4,5.0,0.7,0.3,0.3,1.0,3.1,6.5)
(1989,141,Jeff Hornacek,SG,25,PHO,78,73,31.9,5.6,11.4,.495,0.3,1.0,.333,5.3,10.4,.511,.510,1.9,2.3,.826,1.0,2.4,3.4,6.0,1.7,0.1,1.4,2.4,13.5)
(1989,145,Marc Iavaroni,PF,32,UTA,77,50,10.3,0.9,2.1,.442,0.0,0.0,.000,0.9,2.1,.444,.442,0.5,0.6,.818,0.5,1.2,1.7,0.4,0.1,0.2,0.7,1.3,2.3)
(1989,149,Buck Johnson,SF,25,HOU,67,51,27.6,4.0,7.7,.524,0.0,0.1,.111,4.0,7.6,.532,.525,1.5,2.0,.754,1.7,2.6,4.3,1.9,1.0,0.5,1.6,3.2,9.6)
(1989,153,Kevin Johnson,PG,22,PHO,81,81,39.2,7.0,13.9,.505,0.0,0.3,.091,7.0,13.7,.514,.506,6.3,7.1,.882,0.6,3.6,4.2,12.2,1.7,0.3,4.0,2.8,20.4)
(1989,157,Anthony Jones,SG,26,TOT,33,0,5.9,0.9,2.4,.367,0.1,0.5,.250,0.8,1.9,.397,.392,0.4,0.5,.875,0.4,0.4,0.8,0.5,0.3,0.1,0.2,0.6,2.3)
(1989,Rk,Player,Pos,Age,Tm,G,GS,MP,FG,FGA,FG%,3P,3PA,3P%,2P,2PA,2P%,eFG%,FT,FTA,FT%,ORB,DRB,TRB,AST,STL,BLK,TOV,PF,PTS)
(1989,164,Tim Kempton,PF,25,CHH,79,0,17.0,2.2,4.2,.510,0.0,0.0,.000,2.2,4.2,.512,.510,1.8,2.6,.686,1.2,2.7,3.8,1.3,0.5,0.2,1.5,2.7,6.1)
(1989,168,Albert King,SF,29,SAS,46,11,17.2,3.1,7.1,.431,0.2,0.7,.250,2.9,6.4,.451,.443,0.8,1.0,.771,0.7,2.3,3.0,1.7,0.6,0.2,1.6,2.1,7.1)
(1989,172,Bart Kofoed,SG,24,UTA,19,0,9.3,0.6,1.7,.364,0.0,0.1,.000,0.6,1.7,.375,.364,0.3,0.6,.545,0.2,0.4,0.6,1.1,0.5,0.0,0.7,1.2,1.6)
(1989,176,Jeff Lamp,SF,29,LAL,37,0,4.8,0.7,1.9,.391,0.1,0.1,.500,0.7,1.8,.385,.406,0.1,0.1,.800,0.2,0.8,0.9,0.4,0.2,0.1,0.4,0.7,1.6)
(1989,Rk,Player,Pos,Age,Tm,G,GS,MP,FG,FGA,FG%,3P,3PA,3P%,2P,2PA,2P%,eFG%,FT,FTA,FT%,ORB,DRB,TRB,AST,STL,BLK,TOV,PF,PTS)
(1989,184,Cliff Levingston,PF,28,ATL,80,52,27.3,3.8,7.1,.528,0.0,0.1,.200,3.7,7.0,.531,.529,1.7,2.4,.696,2.4,3.8,6.2,0.9,1.2,0.9,1.3,3.4,9.2)
(1989,188,Rob Lock,PF,22,LAC,20,0,5.5,0.5,1.6,.281,0.0,0.0,,0.5,1.6,.281,.281,0.6,0.8,.800,0.7,0.9,1.6,0.2,0.2,0.2,0.7,0.8,1.5)
(1989,192,Sidney Lowe,SG,29,CHH,14,0,17.9,0.6,1.8,.320,0.0,0.1,.000,0.6,1.6,.348,.320,0.5,0.8,.636,0.4,2.0,2.4,6.6,1.0,0.0,0.6,2.0,1.6)
(1989,196,Jeff Malone,SG,27,WSB,76,75,31.8,8.9,18.6,.480,0.0,0.3,.053,8.9,18.3,.486,.480,3.9,4.5,.871,0.7,1.6,2.4,2.9,0.5,0.2,2.2,2.0,21.7)
(1989,200,Pace Mannion,SF,28,TOT,10,0,3.2,0.4,0.8,.500,0.0,0.2,.000,0.4,0.6,.667,.500,0.0,0.0,,0.0,0.5,0.5,0.2,0.3,0.0,0.3,0.5,0.8)
(1989,203,Rodney McCray,SF,27,SAC,68,65,35.8,5.0,10.7,.466,0.1,0.3,.227,4.9,10.4,.474,.470,2.5,3.4,.722,2.1,5.5,7.6,4.3,0.8,0.5,2.5,1.8,12.6)
(1989,207,Kevin McHale*,PF,31,BOS,78,74,36.9,8.5,15.5,.546,0.0,0.1,.000,8.5,15.5,.548,.546,5.6,6.8,.818,2.9,5.3,8.2,2.2,0.3,1.2,2.5,2.9,22.5)
(1989,211,Reggie Miller*,SG,23,IND,74,70,34.3,5.4,11.2,.479,1.3,3.3,.402,4.1,7.9,.511,.538,3.9,4.6,.844,1.0,3.0,3.9,3.1,1.3,0.4,1.9,2.3,16.0)
(1989,215,Chris Morris,SF,23,NJN,76,48,27.6,5.4,11.9,.457,0.8,2.3,.366,4.6,9.6,.479,.493,2.4,3.3,.717,2.5,2.8,5.2,1.6,1.3,0.8,2.5,3.3,14.1)
(1989,219,Larry Nance,PF,29,CLE,73,72,34.6,6.8,12.6,.539,0.0,0.1,.000,6.8,12.5,.541,.539,3.7,4.6,.799,2.1,5.8,8.0,2.2,0.8,2.8,1.6,2.5,17.2)
(1989,222,Ed Nealy,PF,28,TOT,43,0,6.0,0.3,0.8,.361,0.0,0.0,.000,0.3,0.8,.382,.361,0.1,0.2,.444,0.5,1.3,1.8,0.3,0.2,0.0,0.2,1.0,0.7)
(1989,226,Ken Norman,SF,24,LAC,80,79,37.8,8.0,15.9,.502,0.1,0.3,.190,7.9,15.6,.507,.504,2.1,3.4,.630,3.1,5.3,8.3,3.5,1.3,0.8,2.6,2.8,18.1)
(1989,230,Robert Parish*,C,35,BOS,80,80,35.5,7.5,13.1,.570,0.0,0.0,,7.5,13.1,.570,.570,3.7,5.1,.719,4.3,8.2,12.5,2.2,1.0,1.5,2.5,2.6,18.6)
(1989,234,Sam Perkins,PF,27,DAL,78,77,36.7,5.7,12.3,.464,0.1,0.5,.184,5.6,11.8,.476,.468,3.5,4.2,.833,3.0,5.8,8.8,1.6,1.0,1.2,1.8,2.9,15.0)
(1989,238,Ricky Pierce,SG,29,MIL,75,4,27.7,7.0,13.6,.518,0.1,0.5,.222,6.9,13.1,.529,.522,3.4,4.0,.859,1.1,1.5,2.6,2.1,1.0,0.3,1.5,2.6,17.6)
(1989,241,Olden Polynice,C,24,SEA,80,0,10.4,1.1,2.3,.506,0.0,0.0,.000,1.1,2.2,.511,.506,0.6,1.1,.593,1.2,1.4,2.6,0.3,0.5,0.4,0.6,2.1,2.9)
(1989,245,Dominic Pressley,PG,24,TOT,13,0,9.5,0.7,2.4,.290,0.0,0.2,.000,0.7,2.2,.310,.290,0.4,0.7,.556,0.2,0.9,1.2,2.0,0.3,0.0,0.8,0.8,1.8)
(1989,249,Blair Rasmussen,C,26,DEN,77,22,17.0,3.3,7.5,.445,0.0,0.0,,3.3,7.5,.445,.445,0.9,1.1,.852,1.4,2.4,3.7,0.6,0.4,0.5,0.6,2.5,7.6)
(1989,253,Ramon Rivas,C,22,BOS,28,0,3.3,0.4,1.1,.387,0.0,0.0,.000,0.4,1.1,.400,.387,0.6,0.9,.640,0.3,0.5,0.9,0.1,0.1,0.0,0.3,0.8,1.4)
(1989,257,Alvin Robertson,SG,26,SAS,65,65,35.2,7.2,14.8,.483,0.1,0.7,.200,7.0,14.1,.497,.488,2.8,3.9,.723,2.4,3.5,5.9,6.0,3.0,0.6,3.6,4.0,17.3)
(1989,Rk,Player,Pos,Age,Tm,G,GS,MP,FG,FGA,FG%,3P,3PA,3P%,2P,2PA,2P%,eFG%,FT,FTA,FT%,ORB,DRB,TRB,AST,STL,BLK,TOV,PF,PTS)
(1989,264,Brian Rowsom,PF,23,CHH,34,0,15.2,2.4,4.8,.494,0.0,0.0,1.000,2.3,4.7,.491,.497,1.9,2.4,.802,1.6,2.4,4.0,0.7,0.3,0.4,0.5,2.0,6.6)
(1989,268,Danny Schayes,C,29,DEN,76,64,25.2,4.2,8.0,.522,0.0,0.1,.333,4.1,7.9,.525,.525,4.4,5.3,.826,1.9,4.7,6.6,1.4,0.6,1.1,2.1,4.2,12.8)
(1989,272,Rony Seikaly,C,23,MIA,78,62,25.2,4.3,9.5,.448,0.0,0.1,.250,4.3,9.5,.449,.448,2.3,4.5,.511,2.6,4.4,7.0,0.7,0.6,1.2,2.6,3.3,10.9)
(1989,276,Brian Shaw,SG,22,BOS,82,54,28.1,3.6,8.4,.433,0.0,0.2,.000,3.6,8.2,.441,.433,1.3,1.6,.826,1.5,3.1,4.6,5.8,1.0,0.3,2.3,2.6,8.6)
(1989,280,Scott Skiles,PG,24,IND,80,13,19.6,2.5,5.5,.448,0.3,0.9,.267,2.2,4.6,.485,.471,1.6,1.8,.903,0.3,1.6,1.9,4.9,0.8,0.0,2.2,1.9,6.8)
(1989,283,Derek Smith,SG,27,TOT,65,38,19.9,3.3,7.6,.435,0.1,0.5,.226,3.2,7.2,.449,.443,2.0,2.9,.686,0.9,1.6,2.6,2.0,0.7,0.4,1.4,2.5,8.7)
(1989,287,Rik Smits,C,22,IND,82,71,24.9,4.7,9.1,.517,0.0,0.0,.000,4.7,9.1,.518,.517,2.2,3.1,.722,2.3,3.8,6.1,0.9,0.5,1.8,1.6,3.8,11.7)
(1989,291,Everette Stephens,PG,22,IND,35,0,6.0,0.7,2.1,.319,0.1,0.3,.200,0.6,1.8,.339,.333,0.5,0.6,.773,0.3,0.3,0.7,1.1,0.3,0.1,0.8,0.6,1.9)
(1989,295,John Stroeder,PF,30,TOT,5,0,4.4,0.4,1.0,.400,0.0,0.0,,0.4,1.0,.400,.400,0.0,0.0,,1.0,1.8,2.8,0.6,0.0,0.4,0.6,0.6,0.8)
(1989,299,Anthony Taylor,PG,23,MIA,21,7,17.5,2.9,7.2,.397,0.0,0.1,.000,2.9,7.1,.403,.397,1.1,1.5,.750,0.5,1.1,1.6,2.0,1.0,0.2,1.0,1.8,6.9)
(1989,302,Isiah Thomas*,PG,27,DET,80,76,36.6,7.1,15.3,.464,0.4,1.5,.273,6.7,13.8,.485,.477,3.6,4.4,.818,0.6,2.8,3.4,8.3,1.7,0.3,3.7,2.6,18.2)
(1989,306,Mychal Thompson,C,34,LAL,80,8,24.9,3.6,6.5,.559,0.0,0.0,.000,3.6,6.5,.560,.559,2.0,2.9,.678,2.0,3.9,5.8,0.6,0.7,0.7,1.2,2.8,9.2)
(1989,310,Wayman Tisdale,PF,24,TOT,79,35,30.8,6.7,13.1,.514,0.0,0.1,.000,6.7,13.1,.516,.514,4.0,5.2,.773,2.4,5.3,7.7,1.6,0.7,0.7,2.2,3.7,17.5)
(1989,314,Kelly Tripucka,SF,29,CHH,71,65,32.4,8.0,17.1,.467,0.4,1.2,.357,7.6,15.9,.476,.480,6.2,7.2,.866,1.1,2.6,3.8,3.2,1.2,0.2,3.3,2.8,22.6)
(1989,318,Terry Tyler,SF,32,DAL,70,11,15.1,2.4,5.1,.469,0.0,0.1,.111,2.4,5.0,.479,.471,0.7,0.9,.758,1.1,1.9,3.0,0.6,0.3,0.6,0.7,1.3,5.5)
(1989,321,Kiki Vandeweghe,PF,30,TOT,45,1,20.8,4.4,9.5,.469,0.4,1.1,.396,4.0,8.4,.479,.492,1.8,2.0,.899,0.6,1.0,1.6,1.5,0.4,0.2,0.9,1.7,11.1)
(1989,325,Kenny Walker,SF,24,NYK,79,2,14.7,2.2,4.5,.489,0.1,0.3,.250,2.1,4.3,.503,.496,0.8,1.1,.776,1.3,1.6,2.9,0.5,0.5,0.6,0.6,2.4,5.3)
(1989,329,Bill Wennington,C,25,DAL,65,9,16.5,1.8,4.2,.433,0.0,0.1,.111,1.8,4.1,.444,.435,0.9,1.3,.744,1.3,3.1,4.4,0.7,0.2,0.5,0.8,3.2,4.6)
(1989,333,Eric White,SF,23,TOT,38,0,11.5,1.6,3.2,.517,0.0,0.0,,1.6,3.2,.517,.517,0.9,1.1,.810,0.9,0.9,1.8,0.4,0.3,0.0,0.7,1.1,4.2)
(1989,337,Eddie Lee Wilkins,C,26,NYK,71,2,8.2,1.6,3.5,.465,0.0,0.0,.000,1.6,3.4,.467,.465,0.9,1.6,.550,1.0,1.1,2.1,0.1,0.1,0.2,0.8,1.5,4.1)
(1989,Rk,Player,Pos,Age,Tm,G,GS,MP,FG,FGA,FG%,3P,3PA,3P%,2P,2PA,2P%,eFG%,FT,FTA,FT%,ORB,DRB,TRB,AST,STL,BLK,TOV,PF,PTS)
(1989,344,Micheal Williams,PG,22,DET,49,0,7.3,1.0,2.6,.364,0.0,0.2,.222,0.9,2.4,.375,.372,0.6,1.0,.660,0.2,0.4,0.6,1.4,0.3,0.1,0.9,0.9,2.6)
(1989,348,Joe Wolf,C,24,LAC,66,15,22.0,2.6,6.1,.423,0.0,0.2,.143,2.5,5.9,.433,.425,0.7,1.0,.688,1.3,2.8,4.1,1.7,0.5,0.2,1.4,2.3,5.8)
(1989,352,James Worthy*,SF,27,LAL,81,81,36.5,8.7,15.8,.548,0.0,0.3,.087,8.6,15.5,.556,.548,3.1,4.0,.782,2.1,4.0,6.0,3.6,1.3,0.7,2.2,2.2,20.5)
