(1989,1,Kareem Abdul-Jabbar*,C,41,LAL,74,74,22.9,4.2,8.9,.475,0.0,0.0,.000,4.2,8.9,.477,.475,1.6,2.2,.739,1.4,3.1,4.5,1.0,0.5,1.1,1.3,2.6,10.1)
(1989,5,Danny Ainge,PG,29,TOT,73,54,32.6,6.6,14.4,.457,1.6,4.2,.380,5.0,10.2,.488,.512,2.8,3.3,.854,1.0,2.5,3.5,5.5,1.3,0.1,2.0,2.5,17.5)
(1989,9,Greg Anderson,PF,24,SAS,82,56,29.3,5.6,11.1,.503,0.0,0.0,.000,5.6,11.1,.505,.503,2.5,4.9,.514,3.1,5.1,8.2,0.7,1.2,1.3,2.2,2.7,13.7)
(1989,13,Willie Anderson,SF,22,SAS,81,79,33.8,7.9,15.9,.498,0.0,0.3,.190,7.9,15.6,.503,.500,2.8,3.6,.775,1.9,3.3,5.1,4.6,1.9,0.8,3.2,3.6,18.6)
(1989,17,Ken Bannister,PF,28,LAC,9,2,14.4,2.4,4.0,.611,0.0,0.1,.000,2.4,3.9,.629,.611,3.3,5.9,.566,0.7,3.0,3.7,0.3,0.8,0.2,0.9,1.9,8.2)
(1989,Rk,Player,Pos,Age,Tm,G,GS,MP,FG,FGA,FG%,3P,3PA,3P%,2P,2PA,2P%,eFG%,FT,FTA,FT%,ORB,DRB,TRB,AST,STL,BLK,TOV,PF,PTS)
(1989,24,Otis Birdsong,SG,33,BOS,13,0,8.3,1.4,2.8,.500,0.1,0.2,.333,1.3,2.5,.515,.514,0.0,0.2,.000,0.3,0.7,1.0,0.7,0.2,0.1,0.9,0.8,2.8)
(1989,28,Manute Bol,C,26,GSW,80,4,22.1,1.6,4.3,.369,0.3,1.1,.220,1.3,3.2,.423,.398,0.5,0.8,.606,1.5,4.3,5.8,0.3,0.1,4.3,1.0,2.8,3.9)
(1989,32,Adrian Branch,SF,25,POR,67,4,12.1,3.0,6.5,.463,0.1,0.5,.226,2.9,6.0,.481,.471,1.3,1.8,.725,0.9,1.0,2.0,0.9,0.7,0.0,1.0,1.5,7.4)
(1989,36,Mike Brown,C,25,UTA,66,16,15.9,1.6,3.8,.419,0.0,0.0,,1.6,3.8,.419,.419,1.4,2.0,.708,1.4,2.5,3.9,0.6,0.4,0.3,1.2,2.0,4.5)
(1989,40,Michael Cage,PF,27,SEA,80,71,31.7,3.9,7.9,.498,0.0,0.1,.000,3.9,7.8,.502,.498,2.5,3.3,.743,3.5,6.1,9.6,1.6,1.2,0.7,1.6,2.3,10.3)
(1989,43,Joe Barry Carroll,C,30,NJN,64,62,31.2,5.7,12.7,.448,0.0,0.0,,5.7,12.7,.448,.448,2.8,3.4,.800,1.8,5.5,7.4,1.6,1.1,1.3,2.2,3.0,14.1)
(1989,47,Tom Chambers,PF,29,PHO,81,81,37.1,9.6,20.3,.471,0.3,1.1,.326,9.2,19.2,.479,.480,6.3,7.4,.851,1.8,6.7,8.4,2.9,1.1,0.7,2.9,3.3,25.7)
(1989,51,Derrick Chievous,SF,21,HOU,81,1,19.0,3.4,7.8,.437,0.1,0.3,.208,3.4,7.5,.446,.441,2.4,3.0,.783,1.4,1.8,3.2,1.0,0.6,0.1,1.7,2.0,9.3)
(1989,55,Lester Conner,PG,29,NJN,82,63,30.9,3.8,8.2,.457,0.2,0.5,.351,3.6,7.8,.463,.467,2.6,3.3,.788,1.2,3.1,4.3,7.4,2.2,0.1,2.2,1.6,10.3)
(1989,59,Tyrone Corbin,SF,26,PHO,77,30,21.5,3.2,5.9,.540,0.0,0.0,.000,3.2,5.9,.542,.540,1.8,2.3,.788,2.3,2.9,5.2,1.5,1.1,0.2,1.2,2.9,8.2)
(1989,62,Pat Cummings,PF,32,MIA,53,28,20.7,3.7,7.4,.500,0.0,0.0,.000,3.7,7.4,.503,.500,1.4,1.8,.742,1.6,3.7,5.3,0.9,0.5,0.3,2.1,3.0,8.8)
(1989,66,Quintin Dailey,SG,28,LAC,69,51,25.0,6.5,14.0,.465,0.0,0.1,.111,6.5,13.8,.468,.465,3.1,4.1,.759,1.0,2.0,3.0,2.2,1.3,0.1,1.8,2.2,16.1)
(1989,70,Charles Davis,SF,30,CHI,49,3,11.1,1.7,3.9,.426,0.1,0.3,.267,1.6,3.6,.440,.437,0.4,0.5,.731,1.0,1.4,2.3,0.6,0.2,0.1,0.4,1.2,3.8)
(1989,74,Johnny Dawkins,PG,25,SAS,32,30,33.8,5.5,12.5,.443,0.0,0.1,.000,5.5,12.4,.447,.443,3.1,3.5,.893,1.0,2.2,3.2,7.0,1.7,0.0,3.5,2.0,14.2)
(1989,78,Greg Dreiling,C,26,IND,53,4,7.5,0.8,1.5,.558,0.0,0.0,,0.8,1.5,.558,.558,0.8,1.2,.672,0.7,1.0,1.7,0.3,0.1,0.2,0.7,1.9,2.4)
(1989,81,Chris Dudley,C,23,CLE,61,2,8.9,1.2,2.8,.435,0.0,0.0,.000,1.2,2.7,.437,.435,0.6,1.8,.364,1.2,1.4,2.6,0.3,0.1,0.4,0.7,1.3,3.0)
(1989,85,Ledell Eackles,SG,22,WSB,80,6,18.2,4.0,9.2,.434,0.1,0.5,.225,3.9,8.7,.447,.441,3.4,4.3,.786,1.3,1.0,2.3,1.5,0.5,0.1,1.6,2.0,11.5)
(1989,89,Craig Ehlo,SG,27,CLE,82,4,22.8,3.0,6.4,.475,0.5,1.2,.390,2.6,5.2,.495,.512,0.9,1.4,.607,1.2,2.4,3.6,3.2,1.3,0.2,1.4,2.0,7.4)
(1989,93,Patrick Ewing*,C,26,NYK,80,80,36.2,9.1,16.0,.567,0.0,0.1,.000,9.1,16.0,.570,.567,4.5,6.1,.746,2.7,6.6,9.3,2.4,1.5,3.5,3.3,3.9,22.7)
(1989,97,Duane Ferrell,SF,23,ATL,41,0,5.6,0.9,2.0,.422,0.0,0.0,,0.9,2.0,.422,.422,0.7,1.1,.682,0.5,0.5,1.0,0.2,0.2,0.1,0.3,0.8,2.4)
(1989,Rk,Player,Pos,Age,Tm,G,GS,MP,FG,FGA,FG%,3P,3PA,3P%,2P,2PA,2P%,eFG%,FT,FTA,FT%,ORB,DRB,TRB,AST,STL,BLK,TOV,PF,PTS)
(1989,104,Winston Garland,PG,24,GSW,79,79,33.7,5.9,13.6,.434,0.1,0.5,.233,5.8,13.1,.442,.439,2.6,3.2,.809,1.3,2.9,4.2,6.4,2.2,0.2,2.4,2.7,14.5)
(1989,108,Armen Gilliam,PF,24,PHO,74,60,28.6,6.3,12.6,.503,0.0,0.0,,6.3,12.6,.503,.503,3.2,4.4,.743,2.2,5.1,7.3,0.7,0.7,0.4,1.9,2.4,15.9)
(1989,112,Ron Grandison,PF,24,BOS,72,0,7.3,0.8,2.0,.415,0.0,0.1,.000,0.8,1.8,.447,.415,0.8,1.1,.738,0.7,0.6,1.3,0.6,0.3,0.0,0.5,1.0,2.5)
(1989,116,Stuart Gray,C,25,IND,72,0,10.9,1.0,2.1,.471,0.0,0.0,.000,1.0,2.1,.474,.471,0.6,0.9,.688,1.2,2.2,3.4,0.4,0.2,0.3,0.7,1.8,2.6)
(1989,120,Rickey Green,PG,34,TOT,63,2,13.8,2.0,4.2,.489,0.0,0.2,.273,2.0,4.0,.498,.494,0.5,0.5,.909,0.2,0.9,1.1,3.0,0.6,0.0,1.0,0.6,4.6)
(1989,123,Darrell Griffith,SG,30,UTA,82,73,29.0,5.7,12.7,.446,0.7,2.4,.311,4.9,10.4,.477,.475,1.7,2.2,.780,0.9,3.1,4.0,1.6,1.0,0.3,1.7,2.1,13.8)
(1989,127,Bill Hanzlik,PF,31,DEN,41,0,17.1,1.6,3.7,.437,0.0,0.1,.200,1.6,3.6,.445,.440,1.7,2.1,.782,0.4,1.8,2.3,2.1,0.6,0.1,1.3,2.0,4.9)
(1989,131,Scott Hastings,C,28,MIA,75,6,16.1,1.9,4.4,.436,0.1,0.4,.321,1.8,4.0,.447,.450,1.2,1.4,.850,1.0,2.1,3.1,0.8,0.4,0.6,0.9,2.7,5.1)
(1989,135,Roy Hinson,SF,27,NJN,82,39,31.0,6.0,12.5,.482,0.0,0.0,.000,6.0,12.5,.483,.482,3.9,5.1,.757,1.9,4.5,6.4,0.9,0.4,1.5,2.0,3.6,16.0)
(1989,139,Dennis Hopson,SG,23,NJN,62,36,25.0,4.8,11.5,.419,0.1,0.4,.148,4.8,11.1,.429,.422,3.0,3.5,.849,1.5,1.8,3.3,1.7,1.1,0.5,1.6,2.4,12.7)
(1989,142,Phil Hubbard,SF,32,CLE,31,0,6.2,0.9,2.0,.444,0.0,0.0,,0.9,2.0,.444,.444,0.5,0.8,.680,0.5,0.8,1.3,0.4,0.2,0.0,0.3,0.6,2.4)
(1989,146,Mark Jackson,PG,23,NYK,72,72,34.4,6.7,14.2,.467,1.1,3.3,.338,5.5,10.9,.507,.507,2.5,3.6,.698,1.5,3.3,4.7,8.6,1.9,0.1,3.1,2.3,16.9)
(1989,150,Dennis Johnson*,PG,34,BOS,72,72,32.1,3.8,8.9,.434,0.1,0.7,.140,3.8,8.2,.459,.440,2.2,2.7,.821,0.4,2.2,2.6,6.6,1.3,0.3,2.4,2.9,10.0)
(1989,154,Magic Johnson*,PG,29,LAL,77,77,37.5,7.5,14.8,.509,0.8,2.4,.314,6.8,12.3,.548,.535,6.7,7.3,.911,1.4,6.4,7.9,12.8,1.8,0.3,4.1,2.2,22.5)
(1989,158,Bill Jones,PF,22,NJN,37,0,8.3,1.4,2.8,.490,0.0,0.0,.000,1.4,2.7,.495,.490,0.8,1.2,.674,0.5,0.7,1.3,0.5,0.5,0.2,0.5,1.0,3.5)
(1989,161,Charles Jones,PF,27,WSB,43,0,12.0,0.9,1.9,.463,0.0,0.1,.333,0.9,1.8,.468,.470,0.8,1.2,.623,1.3,2.0,3.3,0.4,0.4,0.4,0.5,1.1,2.6)
(1989,165,Steve Kerr,PG,23,PHO,26,0,6.0,0.8,1.8,.435,0.3,0.7,.471,0.5,1.1,.414,.522,0.2,0.3,.667,0.1,0.5,0.7,0.9,0.3,0.0,0.2,0.5,2.1)
(1989,169,Bernard King*,SF,32,WSB,81,81,31.6,8.1,16.9,.477,0.1,0.4,.167,8.0,16.6,.484,.479,4.5,5.4,.819,1.6,3.1,4.7,3.6,0.8,0.2,2.8,2.7,20.7)
(1989,173,Jon Koncak,C,25,ATL,74,22,20.7,1.9,3.6,.524,0.0,0.0,.000,1.9,3.6,.530,.524,0.9,1.5,.553,2.0,4.1,6.1,0.8,0.7,1.3,0.8,3.2,4.7)
(1989,177,Jerome Lane,PF,22,DEN,54,1,10.2,2.0,4.7,.426,0.0,0.1,.000,2.0,4.6,.438,.426,0.8,2.1,.384,1.6,2.1,3.7,1.1,0.4,0.1,0.9,1.9,4.8)
(1989,178,Andrew Lang,C,22,PHO,62,25,8.5,1.0,1.9,.513,0.0,0.0,,1.0,1.9,.513,.513,0.6,1.0,.650,0.9,1.5,2.4,0.1,0.3,0.8,0.5,1.8,2.6)
(1989,181,Keith Lee,PF,26,NJN,57,4,14.7,1.9,4.5,.422,0.0,0.0,.000,1.9,4.5,.426,.422,0.9,1.2,.746,1.3,3.3,4.5,0.7,0.4,0.6,0.9,2.4,4.8)
(1989,185,Ralph Lewis,SG,25,CHH,42,0,8.0,1.4,2.9,.479,0.0,0.1,.333,1.4,2.8,.483,.483,0.5,0.9,.487,0.8,0.6,1.5,0.4,0.3,0.1,0.6,0.7,3.2)
(1989,189,Brad Lohaus,PF,24,TOT,77,25,15.8,2.7,6.3,.432,0.0,0.1,.091,2.7,6.2,.440,.433,1.1,1.3,.786,1.1,2.2,3.3,0.9,0.4,0.7,1.0,2.1,6.5)
(1989,193,John Lucas,PG,35,SEA,74,8,11.4,1.6,4.0,.398,0.2,0.9,.265,1.4,3.1,.437,.428,0.7,1.0,.701,0.3,0.8,1.1,3.5,0.8,0.0,0.9,0.7,4.2)
(1989,197,Karl Malone*,PF,25,UTA,80,80,39.1,10.1,19.5,.519,0.1,0.2,.313,10.1,19.3,.521,.521,8.8,11.5,.766,3.2,7.4,10.7,2.7,1.8,0.9,3.6,3.6,29.1)
(1989,Rk,Player,Pos,Age,Tm,G,GS,MP,FG,FGA,FG%,3P,3PA,3P%,2P,2PA,2P%,eFG%,FT,FTA,FT%,ORB,DRB,TRB,AST,STL,BLK,TOV,PF,PTS)
(1989,204,Xavier McDaniel,SF,25,SEA,82,10,29.1,8.3,16.9,.489,0.1,0.4,.306,8.1,16.5,.494,.493,3.8,5.2,.732,2.2,3.1,5.3,1.6,1.0,0.5,2.6,2.8,20.5)
(1989,208,Derrick McKey,SF,22,SEA,82,82,34.2,5.9,11.8,.502,0.4,1.1,.337,5.6,10.7,.519,.518,3.7,4.6,.803,2.0,3.6,5.7,2.7,1.3,0.9,2.3,3.2,15.9)
(1989,212,Todd Mitchell,SF,22,TOT,24,0,14.7,1.8,4.0,.443,0.0,0.0,,1.8,4.0,.443,.443,1.5,2.7,.578,0.8,1.3,2.1,0.9,0.7,0.1,1.4,2.1,5.1)
(1989,216,Richard Morton,PG,22,IND,2,0,5.5,1.5,2.0,.750,0.0,0.0,,1.5,2.0,.750,.750,0.0,0.0,,0.0,0.0,0.0,0.5,0.0,0.0,0.5,1.0,3.0)
(1989,220,Calvin Natt,SF,32,TOT,24,0,14.7,2.0,4.8,.405,0.0,0.0,.000,2.0,4.8,.409,.405,2.4,3.3,.722,1.2,2.1,3.3,0.8,0.3,0.1,1.3,1.3,6.3)
(1989,223,Chuck Nevitt,C,29,HOU,43,0,5.3,0.6,1.4,.435,0.0,0.0,,0.6,1.4,.435,.435,0.3,0.4,.688,0.4,1.1,1.5,0.1,0.1,0.7,0.5,1.2,1.5)
(1989,227,Charles Oakley,PF,25,NYK,82,82,31.8,5.2,10.2,.510,0.1,0.6,.250,5.0,9.6,.526,.517,2.4,3.1,.773,4.2,6.3,10.5,2.3,1.3,0.2,3.0,3.3,12.9)
(1989,231,Jim Paxson,PG,31,BOS,57,7,20.0,3.5,7.8,.454,0.1,0.4,.167,3.5,7.4,.470,.458,1.5,1.8,.816,0.3,1.0,1.3,1.9,0.7,0.1,1.0,1.7,8.6)
(1989,235,Tim Perry,C,23,PHO,62,15,9.9,1.7,3.2,.537,0.0,0.1,.250,1.7,3.2,.543,.540,0.6,1.0,.615,1.0,1.1,2.1,0.3,0.3,0.5,0.6,0.8,4.1)
(1989,239,Ed Pinckney,PF,25,TOT,80,33,25.2,4.0,7.8,.513,0.0,0.1,.000,4.0,7.7,.518,.513,3.5,4.4,.800,2.1,3.5,5.6,1.5,1.0,0.8,1.5,2.5,11.5)
(1989,242,Dave Popson,PF,24,TOT,17,0,6.2,0.9,2.4,.400,0.0,0.0,,0.9,2.4,.400,.400,0.1,0.2,.500,0.7,0.9,1.6,0.5,0.1,0.2,0.6,1.0,2.0)
(1989,246,Harold Pressley,PF,25,SAC,80,36,28.2,4.8,10.9,.439,1.5,3.7,.403,3.3,7.2,.457,.507,1.2,1.5,.780,2.7,3.4,6.1,2.2,1.2,1.0,1.6,2.7,12.3)
(1989,250,Robert Reid,SF,33,CHH,82,54,26.2,6.3,14.8,.428,0.2,0.6,.327,6.1,14.2,.432,.435,1.9,2.4,.776,1.0,2.7,3.7,1.9,0.6,0.2,1.3,2.9,14.7)
(1989,254,David Rivers,PG,24,LAL,47,0,9.4,1.0,2.6,.402,0.0,0.1,.167,1.0,2.5,.414,.406,0.7,0.9,.833,0.3,0.6,0.9,2.3,0.5,0.2,1.3,1.1,2.9)
(1989,258,Cliff Robinson,SF,28,PHI,14,13,29.7,6.4,13.4,.481,0.0,0.1,.000,6.4,13.3,.484,.481,2.3,3.1,.727,1.4,4.0,5.4,2.3,1.2,0.1,2.4,2.6,15.1)
(1989,261,Rob Rose,SG,24,LAC,2,0,1.5,0.0,0.5,.000,0.0,0.0,,0.0,0.5,.000,.000,0.0,0.0,,0.5,0.5,1.0,0.0,0.0,0.0,0.0,0.0,0.0)
(1989,265,John Salley,PF,24,DET,67,21,21.8,2.5,5.0,.498,0.0,0.0,.000,2.5,4.9,.502,.498,2.0,2.9,.692,2.0,3.0,5.0,1.1,0.6,1.1,1.5,2.9,7.0)
(1989,269,Russ Schoene,PF,28,SEA,69,1,11.2,2.0,5.1,.387,0.6,1.6,.382,1.3,3.5,.389,.447,0.7,0.8,.807,0.8,1.6,2.4,0.5,0.5,0.3,0.7,2.0,5.2)
(1989,273,Brad Sellers,PF,26,CHI,80,25,21.7,2.9,6.0,.485,0.0,0.1,.500,2.9,5.9,.485,.488,1.1,1.3,.851,1.1,1.8,2.8,1.2,0.4,0.9,0.9,2.2,6.9)
(1989,277,Purvis Short,SF,31,HOU,65,16,17.8,3.0,7.4,.413,0.1,0.5,.273,2.9,6.9,.423,.422,1.2,1.4,.865,1.0,1.8,2.8,1.6,0.7,0.2,1.1,1.8,7.4)
(1989,Rk,Player,Pos,Age,Tm,G,GS,MP,FG,FGA,FG%,3P,3PA,3P%,2P,2PA,2P%,eFG%,FT,FTA,FT%,ORB,DRB,TRB,AST,STL,BLK,TOV,PF,PTS)
(1989,284,Kenny Smith,PG,23,SAC,81,81,38.8,6.8,14.6,.462,0.6,1.6,.359,6.2,13.0,.475,.482,3.2,4.4,.737,0.6,2.2,2.8,7.7,1.3,0.1,3.1,2.1,17.3)
(1989,288,Mike Smrek,PF,26,SAS,43,18,14.5,1.7,3.6,.471,0.0,0.0,,1.7,3.6,.471,.471,1.1,1.8,.645,1.0,2.0,3.0,0.3,0.3,1.3,1.1,2.4,4.5)
(1989,292,Brook Steppe,PG,29,POR,27,2,9.0,1.2,2.9,.423,0.2,0.3,.556,1.0,2.6,.406,.455,1.2,1.4,.865,0.5,0.7,1.2,0.6,0.4,0.0,0.5,1.2,3.8)
(1989,296,Barry Sumpter,PF,23,LAC,1,0,1.0,0.0,1.0,.000,0.0,0.0,,0.0,1.0,.000,.000,0.0,0.0,,0.0,0.0,0.0,0.0,0.0,0.0,0.0,0.0,0.0)
(1989,300,Terry Teagle,SF,28,GSW,66,41,23.8,6.2,13.0,.476,0.0,0.2,.167,6.2,12.8,.481,.477,2.8,3.4,.809,1.7,2.3,4.0,1.5,1.2,0.3,1.8,2.6,15.2)
(1989,303,Bernard Thompson,PF,26,HOU,23,0,9.7,0.9,2.6,.339,0.0,0.1,.000,0.9,2.5,.351,.339,1.0,1.1,.846,0.4,0.8,1.2,0.6,0.6,0.0,0.8,1.4,2.7)
(1989,307,Bob Thornton,PF,26,PHI,54,0,8.3,0.9,2.1,.423,0.0,0.1,.333,0.9,2.0,.426,.428,0.6,1.1,.533,0.7,1.0,1.7,0.3,0.1,0.1,0.4,1.6,2.4)
(1989,311,Ray Tolbert,PF,30,ATL,50,0,6.8,0.8,1.9,.426,0.0,0.0,,0.8,1.9,.426,.426,0.5,0.7,.622,0.6,1.1,1.8,0.3,0.3,0.3,0.7,1.1,2.1)
(1989,315,Trent Tucker,SG,29,NYK,81,24,22.5,3.2,7.1,.454,1.5,3.7,.399,1.8,3.5,.512,.556,0.5,0.7,.782,0.7,1.5,2.2,1.6,1.1,0.1,0.7,2.0,8.5)
(1989,319,Kelvin Upshaw,SG,26,TOT,32,0,19.3,3.1,6.6,.467,0.1,0.5,.200,3.0,6.2,.487,.474,0.6,0.8,.692,0.3,1.2,1.5,3.7,0.8,0.1,1.7,2.5,6.8)
(1989,322,Jay Vincent,SF,29,TOT,29,4,22.3,3.6,8.9,.405,0.0,0.1,.333,3.6,8.8,.406,.407,1.4,2.1,.667,1.3,2.5,3.8,0.9,0.2,0.1,1.4,2.2,8.6)
(1989,326,Pearl Washington,PG,25,MIA,54,8,19.7,3.0,7.2,.424,0.0,0.3,.071,3.0,6.9,.437,.425,1.5,1.9,.788,0.9,1.4,2.3,4.2,1.4,0.1,2.3,1.9,7.6)
(1989,330,Mark West,C,28,PHO,82,32,24.6,3.0,4.5,.653,0.0,0.0,,3.0,4.5,.653,.653,1.3,2.5,.535,2.0,4.7,6.7,0.5,0.4,2.3,1.3,3.3,7.2)
(1989,334,Jerome Whitehead,C,32,TOT,57,4,10.9,1.3,3.2,.396,0.0,0.0,,1.3,3.2,.396,.396,0.5,0.8,.660,0.9,1.5,2.4,0.3,0.4,0.1,0.4,2.0,3.1)
(1989,338,Gerald Wilkins,SG,25,NYK,81,58,29.8,5.7,12.7,.451,0.6,2.1,.297,5.1,10.5,.482,.476,2.3,3.0,.756,1.2,1.8,3.0,3.4,1.4,0.3,2.1,2.0,14.3)
(1989,341,Hot Rod Williams,PF,26,CLE,82,10,25.9,4.3,8.5,.509,0.0,0.0,.250,4.3,8.5,.510,.509,2.9,3.8,.748,2.1,3.7,5.8,1.3,0.9,1.6,1.2,2.3,11.6)
(1989,345,Reggie Williams,SF,24,LAC,63,17,20.7,4.1,9.4,.438,0.5,1.7,.288,3.7,7.8,.469,.463,1.5,1.9,.754,1.1,1.7,2.8,1.6,1.3,0.5,1.8,2.9,10.2)
(1989,349,David Wood,PF,24,CHI,2,0,1.0,0.0,0.0,,0.0,0.0,,0.0,0.0,,,0.0,0.0,,0.0,0.0,0.0,0.0,0.0,0.0,0.0,0.0,0.0)
(1989,353,Danny Young,PG,26,POR,48,2,19.8,2.4,5.2,.460,0.4,1.0,.340,2.0,4.2,.490,.494,1.0,1.3,.781,0.4,1.2,1.5,2.6,1.1,0.1,0.9,1.0,6.2)
