(1999,Rk,Player,Pos,Age,Tm,G,GS,MP,FG,FGA,FG%,3P,3PA,3P%,2P,2PA,2P%,eFG%,FT,FTA,FT%,ORB,DRB,TRB,AST,STL,BLK,TOV,PF,PTS)
(1999,4,Ray Allen,SG,23,MIL,50,50,34.4,6.1,13.5,.450,1.5,4.2,.356,4.6,9.3,.492,.505,3.5,3.9,.903,1.1,3.1,4.2,3.6,1.1,0.1,2.4,2.3,17.1)
(1999,8,Nick Anderson,SF,31,ORL,47,39,33.6,5.4,13.6,.395,2.0,5.9,.347,3.3,7.7,.433,.470,2.1,3.4,.611,1.1,4.8,5.9,1.9,1.4,0.3,1.8,1.5,14.9)
(1999,12,B.J. Armstrong,PG,31,TOT,32,1,11.2,1.3,2.8,.455,0.2,0.5,.467,1.0,2.3,.452,.494,0.6,0.7,.857,0.1,1.2,1.2,1.9,0.4,0.0,0.8,1.0,3.3)
(1999,16,Isaac Austin,C,29,ORL,49,49,25.7,3.8,9.2,.408,0.0,0.1,.286,3.7,9.1,.410,.411,2.1,3.2,.669,1.7,3.1,4.8,1.8,1.0,0.7,2.3,2.6,9.7)
(1999,20,LaMark Baker,PG,29,TOR,1,0,2.0,0.0,1.0,.000,0.0,0.0,,0.0,1.0,.000,.000,0.0,0.0,,0.0,0.0,0.0,0.0,0.0,0.0,1.0,0.0,0.0)
(1999,23,Dana Barros,PG,31,BOS,50,16,23.1,3.4,7.4,.453,1.3,3.2,.400,2.1,4.2,.493,.539,1.3,1.5,.877,0.3,1.8,2.1,4.2,1.0,0.1,1.8,1.3,9.3)
(1999,27,Tony Battie,C,22,BOS,50,15,22.4,2.9,5.7,.519,0.0,0.1,.000,2.9,5.6,.525,.519,0.8,1.2,.672,1.9,4.1,6.0,1.1,0.6,1.4,0.9,3.2,6.7)
(1999,31,Mario Bennett,PF,25,CHI,3,0,6.3,0.7,2.0,.333,0.0,0.0,,0.7,2.0,.333,.333,1.0,1.3,.750,0.7,1.0,1.7,0.0,0.3,0.0,0.3,1.3,2.3)
(1999,35,Mookie Blaylock,PG,31,ATL,48,48,36.7,5.1,13.6,.379,1.6,5.2,.307,3.5,8.3,.425,.439,1.4,1.9,.758,0.9,3.7,4.7,5.8,2.1,0.2,2.4,1.3,13.3)
(1999,39,Keith Booth,SF,24,CHI,39,4,11.1,1.3,3.9,.325,0.0,0.3,.100,1.2,3.6,.340,.328,0.5,1.1,.500,0.6,1.7,2.4,1.0,0.6,0.3,1.0,1.5,3.1)
(1999,42,Shawn Bradley,C,26,DAL,49,33,26.4,3.4,7.1,.480,0.0,0.1,.000,3.4,7.0,.485,.480,1.8,2.3,.748,2.7,5.3,8.0,0.8,0.7,3.2,1.1,3.1,8.6)
(1999,46,Gerald Brown,SG,23,PHO,33,0,7.2,1.0,2.7,.371,0.1,0.3,.300,0.9,2.4,.380,.388,0.3,0.4,.786,0.2,0.5,0.7,0.9,0.2,0.0,0.7,0.6,2.4)
(1999,50,Kobe Bryant,SG,20,LAL,50,50,37.9,7.2,15.6,.465,0.5,2.0,.267,6.7,13.6,.494,.482,4.9,5.8,.839,1.1,4.2,5.3,3.8,1.4,1.0,3.1,3.1,19.9)
(1999,54,Scott Burrell,SF,28,NJN,32,10,22.1,2.3,6.5,.361,0.9,2.3,.389,1.5,4.3,.346,.428,1.1,1.3,.810,1.0,2.7,3.7,1.4,1.3,0.3,0.7,2.6,6.6)
(1999,58,Marcus Camby,C,24,NYK,46,0,20.5,3.0,5.7,.521,0.0,0.0,,3.0,5.7,.521,.521,1.2,2.2,.553,2.2,3.3,5.5,0.3,0.6,1.6,0.8,2.8,7.2)
(1999,61,Chris Carr,SG,24,TOT,39,4,11.4,1.9,5.3,.371,0.7,1.9,.373,1.2,3.3,.369,.439,0.7,1.0,.675,0.6,1.2,1.8,0.6,0.2,0.1,0.7,1.2,5.3)
(1999,65,Kelvin Cato,C,24,POR,43,0,12.7,1.3,3.0,.450,0.0,0.0,1.000,1.3,3.0,.445,.453,0.8,1.6,.507,1.1,2.3,3.5,0.4,0.5,1.3,0.6,2.3,3.5)
(1999,69,Calbert Cheaney,SG,27,WAS,50,18,25.3,3.4,8.3,.414,0.2,0.7,.216,3.3,7.6,.434,.424,0.7,1.3,.493,0.7,2.2,2.8,1.5,0.8,0.3,0.8,2.9,7.7)
(1999,73,Keon Clark,C,23,DEN,28,0,14.6,1.3,2.9,.450,0.0,0.0,.000,1.3,2.8,.456,.450,0.8,1.3,.568,1.3,2.1,3.4,0.4,0.4,1.1,0.8,1.9,3.3)
(1999,77,Bimbo Coles,PG,30,GSW,48,32,26.5,3.8,8.6,.442,0.1,0.5,.240,3.7,8.1,.455,.449,1.7,2.1,.822,0.4,2.0,2.4,4.6,0.9,0.2,1.7,2.4,9.5)
(1999,Rk,Player,Pos,Age,Tm,G,GS,MP,FG,FGA,FG%,3P,3PA,3P%,2P,2PA,2P%,eFG%,FT,FTA,FT%,ORB,DRB,TRB,AST,STL,BLK,TOV,PF,PTS)
(1999,84,Terry Cummings,PF,37,GSW,50,0,20.2,3.7,8.5,.439,0.0,0.0,1.000,3.7,8.5,.437,.440,1.6,2.3,.711,1.9,3.2,5.1,1.2,0.9,0.2,1.2,3.4,9.1)
(1999,88,Michael Curry,SF,30,MIL,50,4,22.9,1.8,4.1,.437,0.0,0.3,.067,1.8,3.8,.466,.439,1.3,1.6,.797,0.4,1.8,2.2,1.6,0.8,0.1,0.7,2.7,4.9)
(1999,92,Antonio Davis,PF,30,IND,49,1,25.9,3.3,7.1,.471,0.0,0.0,,3.3,7.1,.471,.471,2.8,3.9,.703,2.4,4.7,7.0,0.7,0.4,0.9,1.0,2.8,9.4)
(1999,96,Mark Davis,SF,25,MIA,4,1,8.8,0.5,1.5,.333,0.0,0.0,,0.5,1.5,.333,.333,1.3,1.5,.833,0.5,1.3,1.8,0.3,0.3,0.0,1.8,3.0,2.3)
(1999,100,Terry Dehere,SG-PG,27,TOT,26,0,11.2,1.2,3.3,.365,0.6,1.5,.410,0.6,1.8,.326,.459,0.2,0.3,.714,0.3,0.7,0.9,1.0,0.3,0.1,0.6,1.2,3.2)
(1999,103,Tony Delk,PG,25,GSW,36,13,17.5,2.6,7.0,.364,0.4,1.8,.242,2.1,5.2,.406,.395,1.3,2.0,.648,0.3,1.2,1.5,2.6,0.4,0.2,1.3,1.3,6.8)
(1999,107,Sherman Douglas,PG,32,LAC,30,19,28.1,3.2,7.3,.438,0.0,0.4,.000,3.2,6.9,.462,.438,1.8,2.9,.632,0.5,1.4,1.9,4.1,0.9,0.1,2.0,1.8,8.2)
(1999,111,Tim Duncan,PF,22,SAS,50,50,39.3,8.4,16.9,.495,0.0,0.1,.143,8.3,16.8,.498,.495,4.9,7.2,.690,3.2,8.2,11.4,2.4,0.9,2.5,2.9,2.9,21.7)
(1999,115,Sean Elliott,SF,30,SAS,50,50,30.2,4.2,10.1,.410,0.8,2.4,.328,3.4,7.8,.436,.449,2.1,2.8,.757,0.7,3.6,4.3,2.3,0.5,0.3,1.4,2.1,11.2)
(1999,119,Patrick Ewing*,C,36,NYK,38,38,34.2,6.5,14.9,.435,0.0,0.1,.000,6.5,14.9,.436,.435,4.3,6.1,.706,1.9,8.0,9.9,1.1,0.8,2.6,2.6,2.8,17.3)
(1999,122,Danny Ferry,PF,32,CLE,50,10,21.2,2.8,5.9,.476,0.8,1.9,.392,2.1,4.0,.518,.541,0.6,0.7,.879,0.3,1.7,2.0,1.1,0.5,0.2,0.8,2.3,7.0)
(1999,126,Greg Foster,PF,30,UTA,42,1,10.9,1.2,3.3,.377,0.0,0.1,.250,1.2,3.2,.381,.380,0.3,0.5,.619,0.7,1.3,2.0,0.6,0.1,0.2,0.6,1.5,2.8)
(1999,130,Lawrence Funderburke,PF,28,SAC,47,2,19.9,3.6,6.4,.559,0.0,0.1,.200,3.5,6.3,.565,.560,1.8,2.6,.708,2.1,2.6,4.7,0.6,0.5,0.5,1.1,1.6,8.9)
(1999,134,Pat Garrity,PF,22,PHO,39,9,13.8,2.2,4.4,.500,0.2,0.5,.389,2.0,3.9,.513,.521,1.0,1.4,.714,0.7,1.3,1.9,0.5,0.2,0.1,0.5,1.6,5.6)
(1999,138,Kendall Gill,SF,30,NJN,50,47,32.1,4.7,11.9,.398,0.0,0.3,.118,4.7,11.5,.406,.400,2.3,3.3,.683,1.2,3.7,4.9,2.5,2.7,0.5,1.4,3.2,11.8)
(1999,141,Gary Grant,PG,33,POR,2,0,3.5,0.0,0.5,.000,0.0,0.0,,0.0,0.5,.000,.000,0.0,0.0,,0.0,0.0,0.0,1.5,0.5,0.0,0.0,0.0,0.0)
(1999,145,Ed Gray,SG,23,ATL,30,3,11.2,1.8,6.1,.291,0.4,1.4,.286,1.4,4.7,.293,.324,0.9,1.2,.757,0.2,0.7,0.9,0.4,0.4,0.0,1.0,1.0,4.9)
(1999,149,Tom Hammonds,PF,31,MIN,49,0,14.6,1.7,3.7,.458,0.0,0.0,,1.7,3.7,.458,.458,1.0,1.5,.640,1.1,1.7,2.8,0.4,0.2,0.1,0.7,1.8,4.3)
(1999,153,Ron Harper,SG,35,CHI,35,35,31.6,4.2,11.1,.377,0.8,2.4,.318,3.4,8.7,.393,.412,2.0,2.9,.703,1.4,3.7,5.1,3.3,1.7,1.0,1.9,2.3,11.2)
(1999,157,Lucious Harris,SG,28,NJN,36,5,16.7,2.0,5.0,.403,0.3,1.4,.220,1.7,3.6,.473,.434,1.0,1.3,.750,0.6,1.3,1.9,0.9,0.5,0.2,0.5,1.4,5.4)
(1999,Rk,Player,Pos,Age,Tm,G,GS,MP,FG,FGA,FG%,3P,3PA,3P%,2P,2PA,2P%,eFG%,FT,FTA,FT%,ORB,DRB,TRB,AST,STL,BLK,TOV,PF,PTS)
(1999,164,Steve Henson,PG,30,DET,4,0,6.3,0.3,0.5,.500,0.0,0.0,,0.3,0.5,.500,.500,0.5,0.5,1.000,0.0,0.0,0.0,0.8,0.3,0.0,0.8,0.3,1.0)
(1999,168,Fred Hoiberg,SG,26,IND,12,0,7.3,0.5,1.8,.286,0.1,0.8,.111,0.4,1.0,.417,.310,0.5,0.5,1.000,0.2,0.8,0.9,0.3,0.0,0.0,0.3,0.9,1.6)
(1999,172,Allan Houston,SG,27,NYK,50,50,36.3,5.9,14.1,.418,1.1,2.8,.407,4.7,11.3,.421,.459,3.4,3.9,.862,0.4,2.6,3.0,2.7,0.7,0.2,2.6,2.3,16.3)
(1999,176,Lindsey Hunter,PG,28,DET,49,49,35.8,4.7,10.7,.435,1.2,3.1,.386,3.4,7.6,.456,.491,1.4,1.8,.753,0.5,2.9,3.4,3.9,1.8,0.2,1.9,2.6,11.9)
(1999,180,Jaren Jackson,SG,31,SAS,47,13,18.3,2.3,6.0,.380,1.1,3.1,.361,1.2,2.9,.401,.474,0.7,0.8,.821,0.4,1.7,2.1,1.0,0.9,0.2,0.8,1.3,6.4)
(1999,183,Randell Jackson,PF,23,WAS,27,8,10.0,1.7,4.0,.426,0.0,0.3,.143,1.7,3.7,.446,.431,0.8,1.2,.656,1.1,0.9,2.0,0.3,0.1,0.4,1.0,1.1,4.2)
(1999,187,Anthony Johnson,PG,24,ATL,49,2,18.1,1.9,4.6,.404,0.1,0.4,.263,1.8,4.2,.417,.416,1.2,1.7,.695,0.3,1.2,1.5,2.2,0.7,0.1,1.3,1.4,5.0)
(1999,191,Larry Johnson,PF,29,NYK,49,48,33.4,4.3,9.3,.459,0.7,1.9,.359,3.6,7.5,.484,.495,2.7,3.3,.817,1.9,3.9,5.8,2.4,0.7,0.2,1.8,3.0,12.0)
(1999,195,Popeye Jones,PF,28,BOS,18,2,11.4,1.1,2.8,.392,0.0,0.1,.000,1.1,2.8,.400,.392,0.8,0.9,.824,1.6,1.3,2.9,0.8,0.3,0.0,0.4,1.7,3.0)
(1999,199,Shawn Kemp,PF,29,CLE,42,42,35.1,6.6,13.7,.482,0.0,0.0,.500,6.6,13.6,.482,.483,7.3,9.3,.789,3.1,6.1,9.2,2.4,1.1,1.1,3.0,3.8,20.5)
(1999,202,Jerome Kersey,SF,36,SAS,45,0,15.5,1.5,4.4,.340,0.1,0.3,.214,1.4,4.1,.349,.348,0.1,0.3,.429,0.9,2.0,2.9,0.9,0.8,0.3,0.7,2.0,3.2)
(1999,206,Kerry Kittles,SG,24,NJN,46,40,34.1,4.9,13.3,.370,1.1,3.4,.316,3.8,9.9,.389,.411,1.9,2.5,.772,1.1,3.0,4.2,2.5,1.7,0.6,1.4,1.8,12.9)
(1999,210,Travis Knight,C,24,LAL,37,23,14.2,1.8,3.5,.515,0.0,0.0,.000,1.8,3.5,.519,.515,0.6,0.8,.759,0.9,2.5,3.5,0.8,0.6,0.7,0.9,2.9,4.2)
(1999,214,Andrew Lang,C,32,CHI,21,13,18.4,1.5,4.7,.323,0.0,0.0,,1.5,4.7,.323,.323,0.8,1.1,.696,1.6,2.9,4.4,0.6,0.2,0.6,0.8,2.0,3.8)
(1999,218,Voshon Lenard,SG,25,MIA,12,2,15.8,2.6,6.6,.392,1.0,2.9,.343,1.6,3.7,.432,.468,0.7,0.9,.727,0.3,1.0,1.3,0.8,0.3,0.1,0.6,1.5,6.8)
(1999,224,Tyronn Lue,PG,21,LAL,15,0,12.5,1.9,4.3,.431,0.5,1.1,.438,1.4,3.3,.429,.485,0.8,1.4,.571,0.1,0.3,0.4,1.7,0.3,0.0,0.7,1.9,5.0)
(1999,228,Mark Macon,SG,29,DET,7,3,9.9,0.6,2.9,.200,0.1,0.4,.333,0.4,2.4,.176,.225,0.0,0.0,,0.4,0.3,0.7,0.6,0.7,0.1,0.9,0.9,1.3)
(1999,232,Matt Maloney,PG,27,HOU,15,7,12.4,0.3,1.9,.179,0.1,1.0,.067,0.3,0.9,.308,.196,0.7,0.7,.909,0.1,0.5,0.7,1.4,0.3,0.0,0.9,0.5,1.4)
(1999,236,Donyell Marshall,SF,25,GSW,48,20,26.0,4.3,10.3,.421,0.5,1.5,.361,3.8,8.8,.431,.447,1.8,2.5,.727,2.4,4.7,7.1,1.4,1.0,0.8,1.7,2.6,11.0)
(1999,240,Vernon Maxwell,SG,33,SAC,46,1,21.9,3.6,9.2,.390,1.7,5.0,.346,1.8,4.1,.442,.485,1.8,2.5,.737,0.3,1.6,1.8,1.7,0.7,0.1,1.5,2.4,10.7)
(1999,243,Walter McCarty,PF,24,BOS,32,4,20.6,2.0,5.5,.362,0.4,1.6,.260,1.6,4.0,.402,.398,1.3,1.8,.702,1.1,2.5,3.6,1.3,0.8,0.4,1.3,2.8,5.7)
(1999,247,Tracy McGrady,SF,19,TOR,49,2,22.6,3.4,7.9,.436,0.2,0.7,.229,3.3,7.1,.457,.447,2.3,3.2,.726,2.4,3.2,5.7,2.3,1.1,1.3,1.6,1.9,9.3)
(1999,251,Aaron McKie,SG,26,PHI,50,4,19.2,1.9,4.7,.401,0.1,0.6,.194,1.8,4.1,.432,.414,0.9,1.2,.710,0.5,2.3,2.8,2.0,1.3,0.1,1.1,1.8,4.8)
(1999,255,Marko Milic,SG,21,PHO,11,0,4.8,0.7,1.8,.400,0.0,0.1,.000,0.7,1.7,.421,.400,0.0,0.0,,0.3,0.2,0.5,0.2,0.3,0.1,0.5,0.6,1.5)
(1999,259,Reggie Miller*,SG,33,IND,50,50,35.7,5.9,13.4,.438,2.1,5.5,.385,3.8,7.9,.475,.517,4.5,4.9,.915,0.5,2.2,2.7,2.2,0.7,0.2,1.5,2.0,18.4)
(1999,262,Greg Minor,SG,27,BOS,44,7,17.4,1.9,4.6,.417,0.2,0.6,.286,1.8,4.0,.438,.436,0.8,1.1,.750,0.7,2.0,2.7,1.1,0.5,0.1,0.9,1.6,4.9)
(1999,266,Eric Montross,C,27,DET,46,2,12.5,0.9,1.7,.525,0.0,0.0,.000,0.9,1.7,.532,.525,0.2,0.7,.344,1.0,2.0,3.0,0.3,0.3,0.6,0.3,2.3,2.1)
(1999,270,Chris Mullin*,SF,35,IND,50,50,23.6,3.5,7.4,.477,1.5,3.1,.465,2.1,4.3,.486,.575,1.6,1.8,.870,0.5,2.7,3.2,1.6,0.9,0.3,1.2,2.0,10.1)
(1999,274,Tracy Murray,SF,27,WAS,36,0,18.1,2.3,6.6,.350,0.9,2.9,.320,1.4,3.7,.373,.420,0.9,1.2,.810,0.5,1.8,2.3,0.8,0.6,0.2,0.8,1.8,6.5)
(1999,278,Tyrone Nesby,SF,23,LAC,50,36,25.8,3.6,8.1,.449,0.7,1.9,.365,2.9,6.2,.476,.493,2.1,2.7,.782,1.1,2.4,3.5,1.6,1.5,0.4,1.1,2.9,10.1)
(1999,281,Moochie Norris,PG,25,SEA,12,0,11.7,1.1,3.3,.325,0.5,1.3,.400,0.6,2.1,.280,.400,0.5,1.3,.375,0.3,1.3,1.7,2.0,0.6,0.0,1.3,1.4,3.2)
(1999,285,Shaquille O'Neal,C,26,LAL,49,49,34.8,10.4,18.1,.576,0.0,0.0,.000,10.4,18.0,.577,.576,5.5,10.2,.540,3.8,6.9,10.7,2.3,0.7,1.7,2.5,3.2,26.3)
(1999,289,Kevin Ollie,PG,26,TOT,8,0,9.0,0.5,1.8,.286,0.0,0.0,,0.5,1.8,.286,.286,0.6,0.9,.714,0.0,0.9,0.9,0.4,0.4,0.1,0.4,1.1,1.6)
(1999,293,Doug Overton,PG,29,TOT,24,1,10.2,1.5,3.5,.429,0.1,0.3,.286,1.4,3.2,.442,.440,0.8,0.8,.900,0.3,0.6,0.9,1.0,0.2,0.0,0.8,0.8,3.8)
(1999,297,Cherokee Parks,C,26,VAN,48,41,23.3,2.5,5.7,.429,0.0,0.0,.000,2.5,5.7,.431,.429,0.6,1.1,.545,1.6,3.5,5.1,0.8,0.6,0.6,1.0,2.4,5.5)
(1999,Rk,Player,Pos,Age,Tm,G,GS,MP,FG,FGA,FG%,3P,3PA,3P%,2P,2PA,2P%,eFG%,FT,FTA,FT%,ORB,DRB,TRB,AST,STL,BLK,TOV,PF,PTS)
(1999,304,Elliot Perry,PG,29,TOT,35,0,8.3,1.1,2.9,.379,0.3,0.7,.417,0.8,2.3,.367,.427,0.3,0.4,.714,0.2,0.8,1.0,1.3,0.6,0.0,1.0,0.7,2.8)
(1999,308,Eric Piatkowski,SG,28,LAC,49,38,25.3,3.7,8.5,.432,1.3,3.4,.394,2.3,5.1,.456,.510,1.8,2.1,.863,0.8,2.1,2.9,1.1,0.9,0.1,1.1,1.8,10.5)
(1999,312,Olden Polynice,C,34,SEA,48,47,30.9,3.5,7.5,.472,0.0,0.0,1.000,3.5,7.4,.471,.473,0.6,2.0,.309,3.8,5.0,8.9,0.9,0.4,0.6,1.0,3.1,7.7)
(1999,316,Brent Price,PG,30,HOU,40,6,20.2,2.5,5.2,.483,1.2,2.8,.411,1.4,2.4,.568,.594,1.2,1.5,.754,0.5,1.5,2.0,2.8,0.8,0.0,1.6,2.3,7.3)
(1999,320,Khalid Reeves,PG,26,DET,11,0,10.2,0.7,1.9,.381,0.1,0.3,.333,0.6,1.6,.389,.405,0.7,1.3,.571,0.3,0.4,0.6,1.0,0.4,0.0,0.6,1.2,2.3)
(1999,323,Shawn Respert,SG,26,PHO,12,1,8.3,1.1,3.0,.361,0.3,1.1,.308,0.8,1.9,.391,.417,0.6,0.8,.700,0.2,0.9,1.1,0.7,0.4,0.0,0.4,0.8,3.1)
(1999,327,Mitch Richmond*,SG,33,WAS,50,50,38.2,6.6,16.1,.412,1.4,4.4,.317,5.2,11.6,.448,.456,5.0,5.9,.857,0.6,2.8,3.4,2.4,1.3,0.2,2.7,2.4,19.7)
(1999,331,Clifford Robinson,SF,32,PHO,50,35,34.8,6.0,12.6,.475,1.2,2.8,.417,4.8,9.8,.492,.521,3.3,4.7,.697,1.4,3.2,4.5,2.6,1.5,1.2,1.8,3.1,16.4)
(1999,335,Dennis Rodman*,PF,37,LAL,23,11,28.6,0.7,2.0,.348,0.0,0.1,.000,0.7,1.9,.364,.348,0.7,1.7,.436,2.7,8.5,11.2,1.3,0.4,0.5,1.3,3.1,2.1)
(1999,339,Jalen Rose,SF,26,IND,49,1,25.3,4.1,10.1,.403,0.3,1.3,.262,3.7,8.8,.425,.420,2.6,3.2,.791,0.7,2.4,3.1,1.9,1.0,0.3,1.5,2.6,11.1)
(1999,342,Arvydas Sabonis*,C,34,POR,50,48,27.0,4.6,9.6,.485,0.1,0.5,.292,4.5,9.1,.496,.493,2.7,3.5,.771,1.8,6.1,7.9,2.4,0.7,1.3,1.7,2.9,12.1)
(1999,346,Detlef Schrempf,SF,36,SEA,50,39,35.3,5.2,11.0,.472,0.7,1.7,.395,4.5,9.3,.486,.503,4.0,4.9,.823,1.5,5.9,7.4,3.7,0.8,0.5,2.1,3.0,15.0)
(1999,350,Charles Shackleford,C,32,CHH,32,4,11.5,1.4,2.8,.489,0.0,0.0,,1.4,2.8,.489,.489,0.6,0.9,.655,1.3,2.8,4.0,0.4,0.2,0.4,0.8,2.1,3.3)
(1999,354,Miles Simon,SG,23,ORL,5,0,3.8,0.2,1.0,.200,0.0,0.4,.000,0.2,0.6,.333,.200,0.0,0.0,,0.2,0.2,0.4,0.0,0.2,0.0,0.6,0.2,0.4)
(1999,358,Reggie Slater,PF,28,TOR,30,0,8.8,1.0,2.7,.383,0.0,0.0,,1.0,2.7,.383,.383,1.8,2.8,.624,1.2,1.1,2.3,0.2,0.1,0.1,0.8,1.7,3.8)
(1999,361,Michael Smith,PF,26,VAN,48,10,22.9,1.6,3.0,.535,0.0,0.0,.000,1.6,3.0,.538,.535,1.6,2.7,.594,2.8,4.5,7.3,1.0,1.0,0.4,1.3,2.2,4.8)
(1999,365,Felton Spencer,C,31,GSW,26,0,6.1,0.6,1.3,.455,0.0,0.0,,0.6,1.3,.455,.455,0.5,1.0,.462,0.7,1.1,1.8,0.0,0.2,0.4,0.3,1.6,1.6)
(1999,369,John Starks,SG,33,GSW,50,50,33.7,5.4,14.6,.370,1.6,5.4,.290,3.8,9.2,.416,.423,1.5,2.0,.740,0.7,2.6,3.3,4.7,1.4,0.1,1.7,2.7,13.8)
(1999,373,John Stockton*,PG,36,UTA,50,50,28.2,4.0,8.2,.488,0.3,1.0,.320,3.7,7.2,.511,.507,2.7,3.4,.811,0.6,2.3,2.9,7.5,1.6,0.3,2.2,2.1,11.1)
(1999,377,Mark Strickland,PF,28,MIA,32,1,11.2,1.6,3.2,.495,0.0,0.0,.000,1.6,3.1,.500,.495,0.6,0.8,.731,0.8,1.6,2.4,0.3,0.2,0.3,0.4,0.9,3.7)
(1999,Rk,Player,Pos,Age,Tm,G,GS,MP,FG,FGA,FG%,3P,3PA,3P%,2P,2PA,2P%,eFG%,FT,FTA,FT%,ORB,DRB,TRB,AST,STL,BLK,TOV,PF,PTS)
(1999,384,John Thomas,C,23,TOR,39,11,15.2,1.8,3.2,.577,0.0,0.0,.000,1.8,3.1,.582,.577,0.7,1.2,.563,1.7,1.8,3.4,0.4,0.4,0.2,0.5,2.1,4.3)
(1999,388,Robert Traylor,C,21,MIL,49,43,16.0,2.2,4.1,.537,0.0,0.0,.000,2.2,4.1,.540,.537,0.9,1.6,.538,1.6,2.1,3.7,0.8,0.9,0.9,0.9,2.9,5.3)
(1999,392,David Vaughn,PF,25,NJN,10,0,10.3,1.3,2.4,.542,0.0,0.0,,1.3,2.4,.542,.542,0.8,1.0,.800,1.3,2.1,3.4,0.1,0.2,0.8,1.1,2.2,3.4)
(1999,396,Antoine Walker,PF,22,BOS,42,41,36.9,7.2,17.5,.412,1.5,4.2,.369,5.7,13.3,.426,.456,2.7,4.8,.559,2.5,6.0,8.5,3.1,1.5,0.7,2.8,3.4,18.7)
(1999,400,Rasheed Wallace,PF,24,POR,49,18,28.9,4.9,9.7,.508,0.3,0.6,.419,4.7,9.1,.515,.522,2.7,3.7,.732,1.2,3.8,4.9,1.2,1.0,1.1,1.6,3.6,12.8)
(1999,403,Eric Washington,SG,24,DEN,38,6,20.0,1.9,4.8,.397,1.0,2.6,.381,0.9,2.3,.414,.497,0.6,0.8,.688,0.9,1.4,2.3,0.8,0.7,0.5,0.9,2.3,5.4)
(1999,407,Bonzi Wells,SF,22,POR,7,0,5.0,1.6,2.9,.550,0.1,0.4,.333,1.4,2.4,.588,.575,1.1,2.6,.444,0.6,0.7,1.3,0.4,0.1,0.1,0.9,0.7,4.4)
(1999,411,Mark West,C,38,ATL,49,0,10.2,0.4,1.2,.373,0.0,0.0,,0.4,1.2,.373,.373,0.3,0.9,.356,1.0,1.6,2.6,0.3,0.1,0.4,0.3,1.7,1.2)
(1999,415,Chris Whitney,PG,27,WAS,39,1,11.3,1.6,4.0,.410,0.8,2.4,.337,0.8,1.6,.525,.513,0.7,0.8,.871,0.2,1.0,1.2,1.8,0.5,0.1,0.9,1.3,4.8)
(1999,419,Alvin Williams,PG,24,TOR,50,45,21.0,1.9,4.7,.401,0.3,0.8,.333,1.6,3.9,.415,.430,0.9,1.0,.846,0.4,1.3,1.6,2.6,1.0,0.2,1.1,1.9,5.0)
(1999,422,Herb Williams,C,40,NYK,6,0,5.7,0.7,1.3,.500,0.0,0.0,,0.7,1.3,.500,.500,0.3,0.3,1.000,0.5,0.5,1.0,0.0,0.0,0.3,0.3,0.3,1.7)
(1999,426,Jerome Williams,PF,25,DET,50,10,23.1,2.5,5.0,.500,0.0,0.0,,2.5,5.0,.500,.500,2.1,3.2,.673,3.2,3.8,7.0,0.5,1.3,0.1,0.8,2.2,7.1)
(1999,430,Shammond Williams,PG,23,ATL,2,0,2.0,0.0,0.5,.000,0.0,0.0,,0.0,0.5,.000,.000,1.5,2.0,.750,0.0,0.0,0.0,0.5,0.0,0.0,0.0,0.0,1.5)
(1999,434,Kevin Willis,C,36,TOR,42,38,29.0,4.5,10.6,.418,0.0,0.0,.000,4.5,10.6,.420,.418,3.1,3.7,.839,2.6,5.7,8.3,1.6,0.7,0.7,2.0,3.2,12.0)
(1999,438,Haywoode Workman,PG,33,MIL,29,29,28.1,2.5,5.9,.429,0.6,1.6,.362,1.9,4.2,.455,.479,1.3,1.6,.787,0.5,3.0,3.5,5.9,1.1,0.0,2.2,1.8,6.9)
