(1999,1,Tariq Abdul-Wahad,SG,24,SAC,49,49,24.6,3.6,8.3,.435,0.1,0.4,.286,3.5,7.9,.443,.442,1.9,2.8,.691,1.5,2.3,3.8,1.0,1.0,0.3,1.4,2.5,9.3)
(1999,5,Peter Aluma,C,25,SAC,2,0,2.5,0.5,1.0,.500,0.0,0.0,,0.5,1.0,.500,.500,0.0,0.0,,0.5,0.5,1.0,0.0,0.5,0.5,1.0,2.0,1.0)
(1999,9,Shandon Anderson,SG,25,UTA,50,2,21.4,3.2,7.3,.446,0.3,0.8,.341,3.0,6.4,.460,.466,1.8,2.5,.712,1.0,1.7,2.6,1.1,0.8,0.2,1.3,1.8,8.5)
(1999,13,Darrell Armstrong,PG,30,ORL,50,15,30.0,4.6,10.4,.441,1.4,3.8,.365,3.2,6.7,.483,.507,3.2,3.6,.904,1.1,2.5,3.6,6.7,2.2,0.1,3.2,1.8,13.8)
(1999,17,Anthony Avent,PF,29,UTA,5,0,8.8,0.8,2.6,.308,0.0,0.0,,0.8,2.6,.308,.308,0.2,0.4,.500,1.6,0.8,2.4,0.2,0.4,0.0,1.4,1.2,1.8)
(1999,Rk,Player,Pos,Age,Tm,G,GS,MP,FG,FGA,FG%,3P,3PA,3P%,2P,2PA,2P%,eFG%,FT,FTA,FT%,ORB,DRB,TRB,AST,STL,BLK,TOV,PF,PTS)
(1999,24,Brent Barry,SG,27,CHI,37,30,31.9,3.8,9.6,.396,1.4,4.6,.302,2.4,5.0,.484,.469,2.1,2.7,.772,1.1,2.8,3.9,3.1,1.1,0.3,1.9,2.6,11.1)
(1999,28,Corey Beck,PG,27,TOT,24,0,7.5,0.8,1.6,.462,0.0,0.0,1.000,0.7,1.6,.447,.474,0.3,0.6,.533,0.3,0.9,1.2,0.8,0.4,0.1,0.5,1.1,1.9)
(1999,32,Travis Best,PG,26,IND,49,0,21.3,2.6,6.2,.416,0.4,1.2,.373,2.1,5.0,.427,.452,1.4,1.7,.843,0.4,1.2,1.6,3.4,0.9,0.1,1.3,2.3,7.1)
(1999,36,Corie Blount,PF,30,TOT,34,3,15.6,1.1,2.9,.360,0.0,0.0,.000,1.1,2.9,.364,.360,0.8,1.6,.519,1.7,2.7,4.4,0.4,0.6,0.5,0.6,2.2,2.9)
(1999,40,Bruce Bowen,SF,27,BOS,30,1,16.5,0.9,3.1,.280,0.2,0.9,.269,0.6,2.2,.284,.317,0.4,0.8,.458,0.5,1.2,1.7,0.9,0.7,0.3,0.4,1.7,2.3)
(1999,43,Terrell Brandon,PG,28,TOT,36,34,33.8,5.9,14.1,.418,0.3,1.3,.255,5.6,12.8,.435,.430,1.8,2.2,.833,0.8,3.0,3.7,8.6,1.8,0.3,2.1,2.3,13.9)
(1999,47,P.J. Brown,PF,29,MIA,50,50,32.2,4.6,9.5,.480,0.0,0.0,,4.6,9.5,.480,.480,2.3,2.9,.774,2.3,4.6,6.9,1.3,0.9,1.0,1.4,3.3,11.4)
(1999,51,Mark Bryant,PF,33,CHI,45,29,26.8,3.7,7.7,.483,0.0,0.0,.000,3.7,7.7,.484,.483,1.6,2.4,.645,2.0,3.1,5.2,1.1,0.8,0.4,1.5,3.3,9.0)
(1999,55,Willie Burton,SF,30,CHH,3,0,6.0,0.3,2.3,.143,0.0,0.3,.000,0.3,2.0,.167,.143,0.7,1.3,.500,1.3,0.7,2.0,0.0,0.0,0.0,0.3,0.7,1.3)
(1999,59,Elden Campbell,C,30,TOT,49,33,29.8,4.5,9.5,.477,0.0,0.0,.000,4.5,9.5,.478,.477,3.5,5.5,.639,2.6,5.5,8.1,1.4,0.8,1.5,1.6,3.2,12.6)
(1999,62,Cory Carr,SG,23,CHI,42,7,14.9,1.7,5.1,.329,0.1,0.7,.167,1.6,4.4,.355,.340,0.6,0.8,.750,0.2,1.0,1.2,1.6,0.5,0.2,1.1,1.6,4.1)
(1999,66,Duane Causwell,C,30,MIA,19,1,7.2,1.1,1.8,.571,0.0,0.0,,1.1,1.8,.571,.571,0.2,0.6,.333,0.7,1.1,1.8,0.1,0.0,0.6,0.9,1.7,2.3)
(1999,70,Pete Chilcutt,PF,30,VAN,46,0,15.2,1.4,3.7,.366,0.6,1.5,.382,0.8,2.3,.356,.442,0.3,0.4,.824,0.6,1.9,2.5,0.7,0.5,0.3,0.6,1.1,3.6)
(1999,74,Keith Closs,C,22,LAC,15,0,5.8,0.8,1.5,.522,0.0,0.1,.000,0.8,1.5,.545,.522,0.5,0.7,.800,0.3,1.3,1.7,0.0,0.2,0.6,0.4,0.9,2.1)
(1999,78,Marty Conlon,C,31,MIA,7,0,5.0,0.4,1.9,.231,0.0,0.0,,0.4,1.9,.231,.231,0.3,0.3,1.000,0.1,0.6,0.7,0.1,0.0,0.1,0.4,0.9,1.1)
(1999,81,Chris Crawford,PF,23,ATL,42,30,18.7,2.6,6.1,.431,0.3,0.8,.333,2.4,5.3,.446,.453,1.4,1.7,.814,0.9,1.3,2.1,0.6,0.2,0.3,1.1,2.5,6.9)
(1999,85,William Cunningham,C,24,TOT,16,6,10.1,0.2,1.1,.167,0.0,0.0,,0.2,1.1,.167,.167,0.0,0.1,.000,0.8,0.9,1.8,0.1,0.1,0.7,0.3,1.9,0.4)
(1999,89,Erick Dampier,C,23,GSW,50,50,28.3,3.2,8.3,.389,0.0,0.0,,3.2,8.3,.389,.389,2.4,4.1,.588,3.3,4.4,7.6,1.1,0.5,1.2,1.8,3.3,8.8)
(1999,93,Ben Davis,PF,26,NYK,8,0,2.6,0.9,2.1,.412,0.0,0.0,,0.9,2.1,.412,.412,0.4,0.8,.500,1.1,0.3,1.4,0.4,0.0,0.0,0.1,0.5,2.1)
(1999,97,Ricky Davis,SG,19,CHH,46,1,12.1,1.8,4.3,.405,0.0,0.3,.167,1.7,4.1,.420,.410,1.0,1.3,.763,0.9,1.0,1.8,1.3,0.7,0.2,1.2,1.0,4.5)
(1999,Rk,Player,Pos,Age,Tm,G,GS,MP,FG,FGA,FG%,3P,3PA,3P%,2P,2PA,2P%,eFG%,FT,FTA,FT%,ORB,DRB,TRB,AST,STL,BLK,TOV,PF,PTS)
(1999,104,Michael Dickerson,SG,23,HOU,50,50,31.2,4.3,9.2,.465,1.4,3.3,.433,2.9,6.0,.483,.542,0.9,1.4,.639,0.5,1.1,1.7,1.9,0.5,0.2,1.3,1.8,10.9)
(1999,108,Bryce Drew,PG,24,HOU,34,0,13.0,1.4,3.8,.364,0.5,1.4,.327,0.9,2.4,.388,.426,0.2,0.2,1.000,0.1,0.9,0.9,1.5,0.4,0.1,0.9,1.8,3.5)
(1999,112,Blue Edwards,SF,33,MIA,24,0,11.8,1.3,3.0,.444,0.2,0.4,.400,1.2,2.6,.452,.472,0.4,0.5,.692,0.3,1.1,1.4,1.3,0.7,0.2,0.9,1.0,3.2)
(1999,116,Dale Ellis,SF,38,SEA,48,5,25.7,3.6,8.2,.441,2.0,4.5,.433,1.7,3.7,.449,.559,1.1,1.5,.757,0.5,1.9,2.4,0.8,0.5,0.1,0.9,1.6,10.3)
(1999,120,Jamie Feick,PF-C,24,TOT,28,16,30.4,2.4,4.8,.500,0.0,0.0,,2.4,4.8,.500,.500,1.5,2.1,.717,4.0,6.3,10.3,0.9,0.9,0.6,1.2,2.6,6.3)
(1999,123,Michael Finley,SF,25,DAL,50,50,41.0,7.8,17.5,.444,0.9,2.7,.331,6.9,14.8,.465,.470,3.7,4.5,.823,1.4,3.9,5.3,4.4,1.3,0.3,2.1,1.9,20.2)
(1999,127,Rick Fox,SF,29,LAL,44,1,21.5,3.4,7.5,.448,0.7,2.2,.337,2.6,5.3,.494,.497,1.5,2.0,.742,0.6,1.4,2.0,2.0,0.6,0.2,1.3,2.6,9.0)
(1999,131,Kevin Garnett,PF,22,MIN,47,47,37.9,8.8,19.1,.460,0.1,0.3,.286,8.7,18.9,.463,.462,3.1,4.4,.704,3.5,6.9,10.4,4.3,1.7,1.8,2.9,3.2,20.8)
(1999,135,Chris Gatling,C,31,TOT,48,3,16.1,2.4,5.5,.442,0.0,0.2,.125,2.4,5.4,.451,.443,0.8,1.9,.398,1.1,2.6,3.7,0.7,0.7,0.2,1.3,2.5,5.7)
(1999,139,Armen Gilliam,PF,34,MIL,34,5,19.6,3.0,6.6,.453,0.0,0.0,.000,3.0,6.5,.455,.453,2.3,3.0,.782,1.0,2.7,3.7,0.6,0.6,0.4,1.1,1.4,8.3)
(1999,142,Harvey Grant,PF,33,PHI,47,10,17.0,1.3,3.6,.369,0.0,0.1,.167,1.3,3.4,.377,.372,0.4,0.6,.724,0.8,1.6,2.3,0.5,0.4,0.3,0.4,1.6,3.1)
(1999,146,A.C. Green,PF,35,DAL,50,35,18.5,2.2,5.1,.422,0.0,0.2,.000,2.2,5.0,.435,.422,0.6,1.0,.577,1.6,2.9,4.6,0.5,0.6,0.2,0.4,1.4,4.9)
(1999,150,Anfernee Hardaway,SG,27,ORL,50,50,38.9,6.0,14.3,.420,0.8,2.8,.286,5.2,11.5,.452,.448,3.0,4.2,.706,1.5,4.2,5.7,5.3,2.2,0.5,3.0,2.2,15.8)
(1999,154,Matt Harpring,SF,22,ORL,50,22,22.3,3.0,6.4,.463,0.2,0.5,.400,2.8,5.9,.468,.478,2.0,2.9,.713,1.8,2.5,4.3,0.9,0.6,0.1,1.5,2.2,8.2)
(1999,158,Hersey Hawkins,SG,32,SEA,50,34,32.9,3.4,8.2,.419,1.1,3.6,.306,2.3,4.6,.509,.487,2.4,2.6,.902,1.0,3.0,4.0,2.5,1.6,0.4,1.6,1.8,10.3)
(1999,161,Cedric Henderson,SF,23,CLE,50,48,30.3,3.8,9.1,.417,0.0,0.2,.167,3.7,8.8,.424,.419,1.5,1.8,.813,0.9,3.0,3.9,2.3,1.2,0.5,1.9,2.7,9.1)
(1999,165,Carl Herrera,PF,32,TOT,28,0,11.0,1.1,2.7,.395,0.0,0.0,.000,1.1,2.7,.400,.395,0.2,0.4,.455,0.9,1.3,2.2,0.1,0.4,0.3,0.6,1.5,2.3)
(1999,169,Jerald Honeycutt,PF,24,TOT,16,0,6.4,0.6,2.0,.281,0.3,1.1,.294,0.3,0.9,.267,.359,0.4,0.6,.700,0.2,0.6,0.8,0.2,0.3,0.1,0.6,1.0,1.9)
(1999,173,Juwan Howard,SF,25,WAS,36,36,39.7,7.9,16.8,.474,0.0,0.1,.000,7.9,16.7,.476,.474,3.1,4.1,.753,2.5,5.6,8.1,3.0,1.2,0.4,2.6,3.6,18.9)
(1999,177,Zydrunas Ilgauskas,C,23,CLE,5,5,34.2,5.8,11.4,.509,0.0,0.0,,5.8,11.4,.509,.509,3.6,6.0,.600,3.4,5.4,8.8,0.8,0.8,1.4,1.8,4.8,15.2)
(1999,Rk,Player,Pos,Age,Tm,G,GS,MP,FG,FGA,FG%,3P,3PA,3P%,2P,2PA,2P%,eFG%,FT,FTA,FT%,ORB,DRB,TRB,AST,STL,BLK,TOV,PF,PTS)
(1999,184,Sam Jacobson,PG,23,LAL,2,0,6.0,1.5,2.5,.600,0.0,0.5,.000,1.5,2.0,.750,.600,1.0,1.0,1.000,0.0,1.5,1.5,0.0,0.0,0.0,0.5,1.0,4.0)
(1999,188,Avery Johnson,PG,33,SAS,50,50,33.4,4.4,9.2,.473,0.0,0.2,.083,4.3,9.0,.483,.474,1.0,1.8,.568,0.4,1.9,2.4,7.4,1.0,0.2,2.2,2.0,9.7)
(1999,192,Charles Jones,SG,23,CHI,29,5,16.4,1.3,4.2,.317,0.7,2.1,.311,0.7,2.1,.323,.394,0.4,0.8,.500,0.3,1.1,1.4,1.4,0.6,0.2,1.0,1.0,3.7)
(1999,196,Adonis Jordan,PG,28,MIL,4,0,4.5,0.5,1.0,.500,0.0,0.5,.000,0.5,0.5,1.000,.500,0.5,1.0,.500,0.0,0.0,0.0,0.8,0.8,0.0,0.5,0.0,1.5)
(1999,200,Jonathan Kerner,C,24,ORL,1,0,5.0,0.0,1.0,.000,0.0,0.0,,0.0,1.0,.000,.000,0.0,0.0,,0.0,0.0,0.0,0.0,0.0,0.0,0.0,2.0,0.0)
(1999,203,Jason Kidd,PG,25,PHO,50,50,41.2,6.2,14.0,.444,0.9,2.5,.366,5.3,11.5,.461,.476,3.6,4.8,.757,1.7,5.0,6.8,10.8,2.3,0.4,3.0,2.2,16.9)
(1999,207,Joe Kleine,C,37,PHO,31,5,12.1,1.0,2.4,.405,0.0,0.1,.000,1.0,2.3,.417,.405,0.3,0.4,.667,0.9,1.3,2.2,0.4,0.3,0.0,0.3,1.5,2.2)
(1999,211,Toni Kukoc,SF,30,CHI,44,44,37.6,7.2,17.0,.420,0.9,3.1,.285,6.3,13.9,.450,.446,3.6,4.9,.740,1.5,5.6,7.0,5.3,1.1,0.3,2.8,1.9,18.8)
(1999,215,Antonio Lang,PF,26,CLE,10,0,6.5,0.4,0.6,.667,0.0,0.0,,0.4,0.6,.667,.667,0.5,0.9,.556,0.6,1.0,1.6,0.1,0.2,0.1,0.4,1.3,1.3)
(1999,219,Rashard Lewis,SF,19,SEA,20,7,7.3,1.0,2.6,.365,0.1,0.3,.167,0.9,2.3,.391,.375,0.4,0.7,.571,0.7,0.6,1.3,0.2,0.4,0.1,1.0,1.0,2.4)
(1999,221,Grant Long,PF,32,ATL,50,13,27.6,3.0,7.2,.421,0.1,0.4,.167,3.0,6.8,.434,.425,3.7,4.7,.783,2.0,3.9,5.9,1.1,1.1,0.3,1.5,2.9,9.8)
(1999,225,George Lynch,SF,28,PHI,43,43,30.6,3.4,8.1,.421,0.2,0.5,.391,3.2,7.6,.423,.434,1.2,2.0,.631,2.6,3.9,6.5,1.8,2.0,0.5,1.8,3.3,8.3)
(1999,229,Rick Mahorn,PF,40,PHI,16,0,7.9,0.3,1.1,.278,0.0,0.0,,0.3,1.1,.278,.278,0.2,0.5,.375,0.4,1.0,1.4,0.1,0.3,0.1,0.4,1.4,0.8)
(1999,233,Danny Manning,PF,32,PHO,50,5,23.7,3.7,7.7,.484,0.0,0.2,.111,3.7,7.5,.493,.486,1.6,2.2,.696,1.2,3.1,4.4,2.3,0.7,0.8,1.4,2.6,9.1)
(1999,237,Darrick Martin,PG,27,LAC,37,25,25.4,2.8,7.5,.367,0.8,2.9,.292,1.9,4.6,.413,.423,1.6,2.1,.803,0.1,1.2,1.3,3.9,1.2,0.1,1.8,2.2,8.0)
(1999,Rk,Player,Pos,Age,Tm,G,GS,MP,FG,FGA,FG%,3P,3PA,3P%,2P,2PA,2P%,eFG%,FT,FTA,FT%,ORB,DRB,TRB,AST,STL,BLK,TOV,PF,PTS)
(1999,244,George McCloud,SF,31,PHO,48,16,25.9,3.0,6.8,.438,1.4,3.5,.416,1.5,3.3,.462,.545,1.6,1.8,.862,0.7,2.7,3.4,1.6,0.9,0.3,1.0,2.7,8.9)
(1999,248,Jim McIlvaine,C,26,NJN,22,1,12.2,1.0,2.3,.431,0.0,0.0,,1.0,2.3,.431,.431,0.2,0.3,.667,1.4,1.0,2.5,0.1,0.4,1.5,0.6,2.7,2.2)
(1999,252,Roshown McLeod,SF,23,ATL,34,0,10.2,1.8,4.8,.380,0.0,0.3,.100,1.8,4.5,.399,.383,1.1,1.3,.822,0.4,1.1,1.5,0.4,0.1,0.0,0.7,0.7,4.8)
(1999,256,Anthony Miller,PF,27,HOU,29,0,8.6,1.0,2.1,.467,0.0,0.0,.000,1.0,2.0,.475,.467,0.5,0.8,.636,0.9,1.4,2.3,0.2,0.2,0.2,0.3,1.2,2.4)
(1999,260,Chris Mills,SF,29,GSW,47,24,29.7,4.0,9.6,.411,0.7,2.4,.278,3.3,7.2,.456,.446,1.7,2.0,.823,1.0,4.0,5.0,2.2,0.8,0.3,1.2,2.7,10.3)
(1999,263,Sam Mitchell,SF,35,MIN,50,20,26.9,4.3,10.4,.408,0.2,0.8,.237,4.1,9.7,.421,.417,2.5,3.3,.764,1.1,2.5,3.6,2.0,0.7,0.3,0.7,2.2,11.2)
(1999,267,Mikki Moore,C,23,DET,2,0,3.0,0.5,0.5,1.000,0.0,0.0,,0.5,0.5,1.000,1.000,1.0,1.0,1.000,0.0,0.5,0.5,0.0,0.0,0.0,0.0,0.0,2.0)
(1999,271,Eric Murdock,PG,30,NJN,15,8,26.7,3.0,7.6,.395,0.5,1.5,.364,2.5,6.1,.402,.430,1.4,1.7,.808,0.2,2.1,2.3,4.4,1.5,0.1,1.9,2.3,7.9)
(1999,275,Dikembe Mutombo*,C,32,ATL,50,50,36.6,3.5,6.8,.512,0.0,0.0,,3.5,6.8,.512,.512,3.9,5.7,.684,3.8,8.4,12.2,1.1,0.3,2.9,1.9,2.9,10.8)
(1999,279,Rasho Nesterovic,C,22,MIN,2,0,15.0,1.5,6.0,.250,0.0,0.0,,1.5,6.0,.250,.250,1.0,1.0,1.000,1.5,2.5,4.0,0.5,0.0,0.0,0.5,2.5,4.0)
(1999,282,Dirk Nowitzki,PF,20,DAL,47,24,20.4,2.9,7.1,.405,0.3,1.4,.206,2.6,5.7,.455,.426,2.1,2.7,.773,0.9,2.6,3.4,1.0,0.6,0.6,1.6,2.2,8.2)
(1999,286,Charles Oakley,PF,35,TOR,50,50,32.7,2.8,6.5,.428,0.0,0.1,.200,2.8,6.4,.432,.430,1.3,1.7,.807,1.9,5.6,7.5,3.4,0.9,0.4,1.9,3.6,7.0)
(1999,290,Michael Olowokandi,C,23,LAC,45,36,28.4,3.8,8.9,.431,0.0,0.0,,3.8,8.9,.431,.431,1.3,2.6,.483,2.7,5.3,7.9,0.6,0.6,1.2,1.9,3.0,8.9)
(1999,294,Billy Owens,SF,29,SEA,21,19,21.5,3.1,7.9,.394,0.2,0.5,.455,2.9,7.3,.390,.409,1.3,1.7,.800,1.7,2.1,3.8,1.8,0.6,0.2,1.6,1.8,7.8)
(1999,298,Andrae Patterson,PF,23,MIN,35,0,8.1,1.2,2.8,.443,0.0,0.1,.000,1.2,2.6,.467,.443,0.8,1.0,.778,0.9,1.0,1.9,0.4,0.5,0.2,0.6,1.8,3.3)
(1999,301,Anthony Peeler,SG,29,MIN,28,28,28.9,3.7,9.7,.379,1.2,4.1,.298,2.5,5.6,.437,.441,1.1,1.5,.732,1.1,1.9,3.0,2.8,1.3,0.2,1.4,2.1,9.6)
(1999,305,Chuck Person,SF,34,CHH,50,21,19.8,2.2,5.8,.388,1.1,3.1,.350,1.1,2.6,.432,.483,0.5,0.6,.750,0.3,2.3,2.6,1.2,0.4,0.2,0.8,1.8,6.1)
(1999,309,Paul Pierce,SF,21,BOS,48,47,34.0,5.9,13.5,.439,1.8,4.3,.412,4.2,9.2,.451,.504,2.9,4.1,.713,2.4,4.0,6.4,2.4,1.7,1.0,2.4,2.9,16.5)
(1999,313,Mark Pope,SF,26,IND,4,0,6.5,0.3,1.8,.143,0.0,1.0,.000,0.3,0.8,.333,.143,0.0,0.3,.000,0.5,0.5,1.0,0.0,0.0,0.0,0.3,1.5,0.5)
(1999,317,Theo Ratliff,PF,25,PHI,50,50,32.5,3.9,8.4,.470,0.0,0.0,,3.9,8.4,.470,.470,3.3,4.6,.725,2.8,5.4,8.1,0.6,0.9,3.0,1.8,3.6,11.2)
(1999,Rk,Player,Pos,Age,Tm,G,GS,MP,FG,FGA,FG%,3P,3PA,3P%,2P,2PA,2P%,eFG%,FT,FTA,FT%,ORB,DRB,TRB,AST,STL,BLK,TOV,PF,PTS)
(1999,324,Rodrick Rhodes,SG-SF,25,TOT,13,1,12.0,1.0,4.0,.250,0.1,0.5,.143,0.9,3.5,.267,.260,1.2,1.9,.640,0.7,0.6,1.3,0.8,0.4,0.2,1.5,1.6,3.3)
(1999,328,Isaiah Rider,SG,27,POR,47,41,29.5,5.3,12.9,.412,0.9,2.4,.378,4.4,10.5,.419,.446,2.4,3.1,.755,1.3,2.9,4.2,2.2,0.5,0.2,2.0,2.1,13.9)
(1999,332,David Robinson*,C,33,SAS,49,49,31.7,5.5,10.8,.509,0.0,0.0,.000,5.5,10.7,.510,.509,4.9,7.4,.658,3.0,7.0,10.0,2.1,1.4,2.4,2.2,2.9,15.8)
(1999,336,Carlos Rogers,PF,27,POR,2,0,4.0,1.0,1.0,1.000,0.0,0.0,,1.0,1.0,1.000,1.000,0.5,2.0,.250,0.0,0.5,0.5,0.5,0.0,0.0,0.0,1.0,2.5)
(1999,340,Malik Rose,PF,24,SAS,47,0,12.9,2.0,4.3,.463,0.0,0.0,.000,2.0,4.3,.465,.463,2.1,3.1,.671,1.9,2.0,3.9,0.6,0.9,0.5,1.2,2.6,6.0)
(1999,343,Jason Sasser,SF,25,VAN,6,0,6.5,0.8,1.8,.455,0.0,0.0,,0.8,1.8,.455,.455,0.2,0.3,.500,0.3,0.8,1.2,0.3,0.3,0.0,0.3,0.7,1.8)
(1999,347,Dennis Scott,SF,30,TOT,36,9,20.5,2.4,5.9,.408,1.0,2.7,.381,1.4,3.2,.431,.495,0.6,0.9,.742,0.2,1.4,1.6,1.1,0.4,0.1,0.5,1.4,6.5)
(1999,351,Brian Shaw,PG,32,POR,1,0,5.0,0.0,1.0,.000,0.0,0.0,,0.0,1.0,.000,.000,0.0,0.0,,0.0,1.0,1.0,1.0,0.0,0.0,1.0,1.0,0.0)
(1999,355,Dickey Simpkins,C,26,CHI,50,35,29.0,3.0,6.5,.463,0.0,0.0,.000,3.0,6.5,.464,.463,3.1,4.8,.645,2.2,4.6,6.8,1.3,0.7,0.3,1.4,2.6,9.1)
(1999,359,Charles Smith,SG,23,LAC,23,10,13.8,1.5,4.2,.361,0.3,1.4,.212,1.2,2.8,.438,.397,0.3,0.7,.438,0.3,0.7,1.0,0.6,0.7,0.6,0.9,1.5,3.7)
(1999,362,Steve Smith,SG,29,ATL,36,36,36.5,6.0,15.0,.402,1.3,3.9,.338,4.7,11.1,.424,.445,5.3,6.3,.849,1.4,2.8,4.2,3.3,1.0,0.3,2.8,2.8,18.7)
(1999,366,Latrell Sprewell,SF,28,NYK,37,4,33.3,5.8,14.0,.415,0.6,2.1,.273,5.2,11.9,.440,.435,4.2,5.2,.812,1.1,3.1,4.2,2.5,1.2,0.1,2.1,1.8,16.4)
(1999,370,Vladimir Stepania,C,22,SEA,23,6,13.6,2.3,5.4,.424,0.0,0.1,.000,2.3,5.3,.434,.424,0.9,1.7,.525,1.2,2.1,3.3,0.5,0.4,1.0,1.4,2.5,5.5)
(1999,374,Peja Stojakovic,SF,21,SAC,48,1,21.4,2.9,7.8,.378,1.2,3.7,.320,1.8,4.1,.431,.454,1.3,1.5,.851,0.9,2.1,3.0,1.5,0.9,0.1,1.1,0.9,8.4)
(1999,378,Rod Strickland,PG,32,WAS,44,43,37.1,5.7,13.7,.416,0.3,1.0,.286,5.4,12.8,.426,.426,4.0,5.4,.746,1.3,3.5,4.8,9.9,1.7,0.1,3.2,2.1,15.7)
(1999,381,Bob Sura,PG,25,CLE,50,6,16.8,1.4,4.2,.333,0.2,0.9,.200,1.2,3.3,.370,.355,1.3,2.1,.631,0.4,1.6,2.0,3.0,0.9,0.3,1.3,2.0,4.3)
(1999,385,Kurt Thomas,PF,26,NYK,50,44,23.6,3.4,7.4,.462,0.0,0.0,.000,3.4,7.3,.463,.462,1.3,2.2,.611,1.6,4.1,5.7,1.1,0.9,0.3,1.5,3.2,8.1)
(1999,389,Gary Trent,PF,24,DAL,45,23,30.3,6.4,13.4,.477,0.0,0.1,.000,6.4,13.3,.481,.477,3.2,5.2,.617,2.8,5.0,7.8,1.7,0.6,0.5,1.5,2.7,16.0)
(1999,393,Jacque Vaughn,PG,23,UTA,19,0,4.6,0.6,1.6,.367,0.1,0.4,.250,0.5,1.2,.409,.400,1.1,1.3,.833,0.1,0.5,0.6,0.6,0.3,0.0,0.7,0.7,2.3)
(1999,397,Samaki Walker,PF,22,DAL,39,2,14.6,2.3,4.9,.463,0.0,0.0,.000,2.3,4.8,.466,.463,1.4,2.5,.541,1.2,2.5,3.7,0.2,0.2,0.4,0.9,2.2,5.9)
(1999,Rk,Player,Pos,Age,Tm,G,GS,MP,FG,FGA,FG%,3P,3PA,3P%,2P,2PA,2P%,eFG%,FT,FTA,FT%,ORB,DRB,TRB,AST,STL,BLK,TOV,PF,PTS)
(1999,404,Jamie Watson,SF,26,MIA,3,0,6.0,0.3,0.7,.500,0.0,0.0,,0.3,0.7,.500,.500,0.0,0.0,,0.0,0.3,0.3,0.3,0.0,0.0,0.3,0.3,0.7)
(1999,408,Bill Wennington,C,35,CHI,38,3,11.9,1.6,4.7,.348,0.0,0.0,1.000,1.6,4.7,.345,.351,0.5,0.6,.818,0.5,1.6,2.1,0.5,0.3,0.3,0.4,2.1,3.8)
(1999,412,DeJuan Wheat,PG,25,VAN,46,0,12.8,1.6,4.2,.378,0.5,1.3,.367,1.1,2.9,.383,.435,0.9,1.2,.727,0.2,0.7,1.0,2.2,0.6,0.0,1.0,1.3,4.5)
(1999,416,Dominique Wilkins*,SF,39,ORL,27,2,9.3,1.9,4.9,.379,0.2,0.7,.263,1.7,4.2,.398,.398,1.1,1.6,.690,1.1,1.5,2.6,0.6,0.1,0.0,0.9,0.7,5.0)
(1999,420,Brandon Williams,SG,23,SAS,3,0,1.3,0.0,0.0,,0.0,0.0,,0.0,0.0,,,0.7,1.3,.500,0.3,0.0,0.3,0.0,0.0,0.0,0.0,0.0,0.7)
(1999,423,Hot Rod Williams,C,36,DAL,25,11,16.1,0.4,1.3,.333,0.0,0.0,,0.4,1.3,.333,.333,0.3,0.4,.700,1.4,1.9,3.3,0.6,0.5,0.7,0.5,2.0,1.2)
(1999,427,Micheal Williams,PG,32,TOR,2,0,7.5,0.5,2.5,.200,0.0,0.0,,0.5,2.5,.200,.200,0.0,0.0,,0.5,0.0,0.5,0.0,0.0,0.0,0.5,0.5,1.0)
(1999,431,Travis Williams,SF,29,CHH,8,0,7.8,0.8,1.6,.462,0.0,0.0,,0.8,1.6,.462,.462,0.4,0.5,.750,0.8,1.6,2.4,0.3,0.3,0.1,0.8,1.3,1.9)
(1999,435,David Wingate,SG,35,NYK,20,0,4.6,0.4,0.8,.438,0.0,0.0,,0.4,0.8,.438,.438,0.0,0.0,,0.2,0.3,0.4,0.3,0.2,0.0,0.3,0.5,0.7)
(1999,439,Lorenzen Wright,C,23,LAC,48,15,23.6,2.5,5.4,.458,0.0,0.0,.000,2.5,5.4,.459,.458,1.7,2.4,.692,3.0,4.6,7.5,0.7,0.5,0.8,1.0,3.4,6.6)
