(1999,3,Cory Alexander,PG,25,DEN,36,4,21.6,2.7,7.2,.373,0.8,2.9,.286,1.9,4.3,.432,.431,1.0,1.2,.841,0.2,1.9,2.1,3.3,1.0,0.1,1.9,2.1,7.3)
(1999,7,Kenny Anderson,PG,28,BOS,34,33,29.7,4.7,10.5,.451,0.2,0.7,.250,4.6,9.8,.465,.459,2.5,3.0,.832,0.7,2.3,3.0,5.7,1.0,0.1,2.1,2.3,12.1)
(1999,11,Greg Anthony,PG,31,POR,50,0,16.1,2.1,5.0,.414,1.0,2.5,.392,1.1,2.5,.437,.512,1.2,1.8,.697,0.3,1.0,1.3,2.0,1.3,0.1,1.1,1.5,6.4)
(1999,15,Stacey Augmon,SF,30,POR,48,21,18.2,1.6,3.6,.448,0.0,0.0,.000,1.6,3.6,.453,.448,1.1,1.6,.684,1.0,1.6,2.6,1.2,1.2,0.4,0.6,1.7,4.3)
(1999,19,Toby Bailey,SG,23,PHO,27,10,9.2,1.3,3.2,.395,0.0,0.2,.200,1.2,3.0,.407,.401,0.3,0.5,.692,0.9,1.1,2.0,0.5,0.3,0.1,0.4,0.9,2.9)
(1999,22,Charles Barkley*,PF,35,HOU,42,40,36.3,5.7,12.0,.478,0.1,0.6,.160,5.6,11.4,.495,.482,4.6,6.4,.719,4.0,8.3,12.3,4.6,1.0,0.3,2.4,2.1,16.1)
(1999,26,Jon Barry,SG,29,SAC,43,0,17.1,1.4,3.2,.428,0.6,1.8,.304,0.8,1.4,.593,.514,1.7,2.0,.845,0.6,1.7,2.2,2.6,1.2,0.1,1.1,1.4,5.0)
(1999,30,Corey Benjamin,PG,20,CHI,31,1,10.3,1.4,3.8,.376,0.1,0.5,.214,1.3,3.3,.398,.389,0.9,1.3,.675,0.5,0.8,1.3,0.3,0.4,0.3,0.7,1.5,3.8)
(1999,34,Chauncey Billups,SG,22,DEN,45,41,33.1,4.2,11.0,.386,1.9,5.2,.362,2.4,5.8,.408,.472,3.5,3.8,.913,0.5,1.6,2.1,3.8,1.3,0.3,2.2,2.6,13.9)
(1999,38,Etdrick Bohannon,SF,25,WAS,2,0,2.0,0.0,0.0,,0.0,0.0,,0.0,0.0,,,0.0,0.0,,0.0,0.0,0.0,0.0,0.0,0.0,0.0,0.0,0.0)
(1999,41,Earl Boykins,PG,22,TOT,22,0,10.0,1.4,3.6,.380,0.1,0.8,.167,1.2,2.8,.443,.399,0.1,0.1,.667,0.3,0.5,0.8,1.5,0.3,0.0,0.9,0.9,3.0)
(1999,45,Dee Brown,PG,30,TOR,49,0,28.1,3.8,10.1,.378,2.8,7.1,.387,1.1,3.0,.356,.514,0.8,1.1,.727,0.3,1.8,2.1,2.9,1.1,0.2,1.6,1.5,11.2)
(1999,49,Rick Brunson,PG,26,NYK,17,0,5.6,0.4,1.2,.286,0.0,0.3,.000,0.4,0.9,.375,.286,0.3,1.1,.278,0.2,0.4,0.6,1.1,0.5,0.0,0.7,0.5,1.0)
(1999,53,Matt Bullard,PF,31,HOU,41,0,10.1,1.0,2.8,.377,0.6,1.5,.387,0.5,1.3,.365,.482,0.2,0.2,.700,0.2,0.8,1.0,0.4,0.3,0.1,0.3,0.7,2.9)
(1999,57,Jason Caffey,PF,25,GSW,35,32,25.0,3.5,7.9,.444,0.0,0.0,.000,3.5,7.9,.446,.444,1.8,2.8,.633,2.3,3.6,5.9,0.5,0.7,0.3,2.1,3.2,8.8)
(1999,Rk,Player,Pos,Age,Tm,G,GS,MP,FG,FGA,FG%,3P,3PA,3P%,2P,2PA,2P%,eFG%,FT,FTA,FT%,ORB,DRB,TRB,AST,STL,BLK,TOV,PF,PTS)
(1999,64,Sam Cassell,PG,29,TOT,8,3,24.9,4.9,11.6,.419,0.3,1.3,.200,4.6,10.4,.446,.430,5.9,6.3,.940,0.6,1.3,1.9,4.5,1.1,0.0,2.5,2.8,15.9)
(1999,68,Rex Chapman,SG,31,PHO,38,35,31.1,4.3,12.1,.359,1.4,4.0,.351,2.9,8.1,.364,.417,2.0,2.4,.835,0.3,2.4,2.7,2.9,0.9,0.2,1.4,1.2,12.1)
(1999,72,Doug Christie,SG,28,TOR,50,50,35.4,5.0,13.0,.388,1.0,3.2,.304,4.1,9.8,.415,.425,4.1,4.9,.841,1.2,3.0,4.1,3.7,2.3,0.5,2.4,2.2,15.2)
(1999,76,Derrick Coleman,PF,31,CHH,37,29,31.8,4.5,11.0,.414,0.2,0.9,.212,4.4,10.1,.432,.422,3.9,5.1,.753,2.1,6.8,8.9,2.1,0.6,1.1,2.4,2.6,13.1)
(1999,80,James Cotton,SG,23,SEA,10,0,5.9,0.6,1.8,.333,0.0,0.3,.000,0.6,1.5,.400,.333,1.3,1.8,.722,0.2,0.8,1.0,0.0,0.3,0.0,0.3,0.6,2.5)
(1999,83,John Crotty,PG,29,TOT,27,0,14.1,1.9,4.6,.411,0.5,1.3,.389,1.4,3.3,.420,.468,1.6,1.9,.860,0.3,0.9,1.1,2.3,0.4,0.0,1.2,1.1,5.9)
(1999,87,Dell Curry,SG,34,MIL,42,0,20.6,3.9,8.0,.485,1.6,3.5,.476,2.2,4.5,.492,.588,0.7,0.8,.824,0.4,1.6,2.0,1.1,0.9,0.1,1.1,1.0,10.1)
(1999,91,Kornel David,SF,27,CHI,50,6,18.0,2.2,4.9,.449,0.0,0.0,.000,2.2,4.8,.450,.449,1.8,2.2,.811,1.4,2.1,3.5,0.8,0.5,0.3,1.0,1.8,6.2)
(1999,95,Hubert Davis,SG,28,DAL,50,21,27.6,3.5,7.9,.438,1.3,2.9,.451,2.2,5.1,.431,.520,0.9,1.0,.880,0.1,1.7,1.7,1.8,0.4,0.1,1.1,1.5,9.1)
(1999,99,Andrew DeClercq,C,25,TOT,47,32,23.4,2.9,5.9,.500,0.0,0.0,,2.9,5.9,.500,.500,2.0,3.0,.674,2.2,3.2,5.4,0.7,1.1,0.6,1.1,3.4,7.9)
(1999,102,Bison Dele,C,29,DET,49,48,24.0,4.4,8.8,.501,0.0,0.0,.000,4.4,8.8,.502,.501,1.7,2.4,.686,1.9,3.7,5.6,1.4,0.8,0.8,2.3,3.7,10.5)
(1999,106,Michael Doleac,C,21,ORL,49,0,15.9,2.6,5.4,.468,0.0,0.0,,2.6,5.4,.468,.468,1.1,1.6,.675,1.3,1.7,3.0,0.4,0.4,0.3,0.5,2.4,6.2)
(1999,110,Joe Dumars*,SG,35,DET,38,38,29.4,3.8,9.2,.411,2.3,5.8,.403,1.4,3.4,.426,.539,1.3,1.6,.836,0.3,1.5,1.8,3.5,0.6,0.1,1.4,1.3,11.3)
(1999,114,Mario Elie,SG,35,SAS,47,37,27.5,3.3,7.0,.471,0.9,2.3,.374,2.5,4.8,.518,.532,2.2,2.5,.866,0.8,2.1,2.9,1.9,1.0,0.3,1.3,1.9,9.7)
(1999,118,Brian Evans,SF,25,TOT,16,0,9.1,0.8,2.8,.295,0.3,0.8,.308,0.6,1.9,.290,.341,0.3,0.3,1.000,0.4,0.8,1.2,0.9,0.3,0.2,0.1,0.5,2.1)
(1999,121,Duane Ferrell,SF,33,GSW,8,0,5.8,0.1,1.8,.071,0.0,0.0,,0.1,1.8,.071,.071,0.4,0.5,.750,0.6,0.1,0.8,0.0,0.1,0.1,0.1,0.5,0.6)
(1999,125,Danny Fortson,PF,22,DEN,50,38,28.3,3.8,7.7,.495,0.0,0.1,.000,3.8,7.7,.499,.495,3.4,4.6,.727,4.2,7.4,11.6,0.6,0.6,0.4,1.5,4.2,11.0)
(1999,129,Todd Fuller,C,24,UTA,42,2,11.0,1.3,3.0,.452,0.0,0.0,,1.3,3.0,.452,.452,0.7,1.2,.600,0.7,1.7,2.4,0.1,0.1,0.3,0.6,1.4,3.4)
(1999,133,Dean Garrett,C,32,MIN,49,37,21.5,2.4,4.7,.502,0.0,0.0,,2.4,4.7,.502,.502,0.8,1.0,.745,2.0,3.2,5.2,0.6,0.6,0.9,0.6,2.3,5.5)
(1999,137,Matt Geiger,C,29,PHI,50,40,30.8,5.3,11.1,.479,0.0,0.1,.200,5.3,11.0,.482,.480,2.8,3.5,.797,2.7,4.5,7.2,1.2,0.8,0.8,2.0,3.1,13.5)
(1999,Rk,Player,Pos,Age,Tm,G,GS,MP,FG,FGA,FG%,3P,3PA,3P%,2P,2PA,2P%,eFG%,FT,FTA,FT%,ORB,DRB,TRB,AST,STL,BLK,TOV,PF,PTS)
(1999,144,Paul Grant,C,25,TOT,6,0,2.2,0.3,1.0,.333,0.0,0.0,,0.3,1.0,.333,.333,0.0,0.0,,0.2,0.0,0.2,0.0,0.2,0.0,0.3,0.7,0.7)
(1999,148,Tom Gugliotta,PF,29,PHO,43,43,36.3,6.4,13.3,.483,0.0,0.2,.286,6.4,13.2,.486,.485,4.0,5.1,.794,3.0,5.8,8.9,2.8,1.4,0.5,2.0,2.6,17.0)
(1999,152,Derek Harper,PG,37,LAL,45,29,24.9,2.7,6.5,.412,1.0,2.6,.368,1.7,3.9,.443,.486,0.6,0.7,.813,0.3,1.2,1.5,4.2,1.0,0.1,1.2,1.5,6.9)
(1999,156,Othella Harrington,PF,25,HOU,41,10,22.0,3.8,7.4,.513,0.0,0.0,,3.8,7.4,.513,.513,2.1,3.0,.721,1.8,4.2,6.0,0.4,0.1,0.6,1.5,2.5,9.8)
(1999,160,Alan Henderson,SF,26,ATL,38,37,30.1,4.9,11.1,.442,0.0,0.0,.000,4.9,11.1,.443,.442,2.6,3.9,.671,2.6,3.9,6.6,0.7,0.9,0.5,1.5,2.5,12.5)
(1999,163,Mark Hendrickson,PF,24,NJN,22,6,18.1,1.8,4.0,.443,0.0,0.0,.000,1.8,4.0,.448,.443,1.9,2.3,.840,1.2,1.9,3.1,0.6,0.5,0.0,0.7,1.8,5.5)
(1999,167,Tyrone Hill,PF,30,TOT,38,23,29.1,3.2,7.1,.455,0.0,0.0,,3.2,7.1,.455,.455,2.1,3.9,.540,3.0,4.5,7.6,0.9,0.9,0.4,1.6,3.8,8.6)
(1999,171,Robert Horry,PF,28,LAL,38,5,19.6,1.8,3.8,.459,0.5,1.2,.444,1.2,2.7,.465,.527,0.9,1.2,.739,1.5,2.5,4.0,1.5,0.9,1.0,1.3,2.7,4.9)
(1999,175,Larry Hughes,PG,20,PHI,50,1,19.8,3.4,8.3,.411,0.2,1.0,.154,3.2,7.2,.448,.420,2.1,3.0,.709,1.7,2.1,3.8,1.5,0.9,0.3,1.4,1.9,9.1)
(1999,179,Bobby Jackson,PG,25,MIN,50,12,18.8,2.8,7.0,.405,0.2,0.5,.370,2.6,6.4,.408,.420,1.2,1.6,.772,0.9,1.8,2.7,3.3,0.8,0.1,1.5,1.5,7.1)
(1999,182,Mark Jackson,PG,33,IND,49,49,28.2,2.8,6.7,.419,0.7,2.1,.311,2.2,4.6,.469,.468,1.3,1.6,.823,0.7,3.1,3.8,7.9,0.9,0.1,2.0,1.2,7.6)
(1999,186,Antawn Jamison,SF,22,GSW,47,24,22.5,3.8,8.4,.452,0.1,0.2,.300,3.7,8.2,.456,.456,1.9,3.3,.588,2.8,3.6,6.4,0.7,0.8,0.3,1.4,2.2,9.6)
(1999,190,Ervin Johnson,C,31,MIL,50,7,20.5,1.9,3.8,.508,0.0,0.0,,1.9,3.8,.508,.508,1.3,2.1,.610,2.4,4.0,6.4,0.4,0.6,1.1,0.9,3.0,5.1)
(1999,194,Eddie Jones,SF-SG,27,TOT,50,50,37.6,5.2,11.9,.437,1.0,2.8,.338,4.2,9.1,.468,.477,4.2,5.4,.782,1.0,2.9,3.9,3.7,2.5,1.2,1.9,2.6,15.6)
(1999,198,Adam Keefe,PF,28,UTA,44,0,14.6,1.3,2.8,.452,0.0,0.1,.000,1.3,2.7,.467,.452,1.4,2.0,.697,1.2,2.1,3.2,0.6,0.4,0.3,0.8,1.4,4.0)
(1999,201,Steve Kerr,PG,33,SAS,44,0,16.7,1.5,4.0,.391,0.6,1.8,.313,1.0,2.1,.457,.463,0.7,0.8,.886,0.1,0.9,1.0,1.1,0.5,0.1,0.5,0.6,4.4)
(1999,205,Gerard King,SF,26,SAS,19,0,3.3,0.3,0.7,.429,0.0,0.0,,0.3,0.7,.429,.429,0.6,0.9,.611,0.3,0.4,0.7,0.2,0.1,0.1,0.2,0.6,1.2)
(1999,209,Negele Knight,PG,31,TOR,6,0,9.3,0.5,1.3,.375,0.0,0.2,.000,0.5,1.2,.429,.375,0.3,0.7,.500,0.2,0.8,1.0,1.3,0.2,0.0,1.2,0.8,1.3)
(1999,213,Raef LaFrentz,C,22,DEN,12,12,32.3,4.9,10.8,.457,1.0,2.6,.387,3.9,8.2,.480,.504,3.0,4.0,.750,2.8,4.8,7.6,0.7,0.8,1.4,0.8,3.2,13.8)
(1999,217,Tim Legler,SG,32,WAS,30,0,12.6,1.7,3.8,.443,0.5,1.2,.400,1.2,2.7,.463,.504,0.1,0.2,.500,0.3,1.1,1.3,0.7,0.1,0.1,0.5,1.4,4.0)
(1999,Rk,Player,Pos,Age,Tm,G,GS,MP,FG,FGA,FG%,3P,3PA,3P%,2P,2PA,2P%,eFG%,FT,FTA,FT%,ORB,DRB,TRB,AST,STL,BLK,TOV,PF,PTS)
(1999,223,Felipe Lopez,SG,24,VAN,47,32,25.9,3.6,8.1,.446,0.3,0.9,.273,3.3,7.1,.469,.462,1.9,2.9,.644,1.5,2.1,3.5,1.3,1.0,0.3,1.7,2.7,9.3)
(1999,227,Don MacLean,PF,29,SEA,17,10,21.5,3.7,9.4,.396,0.5,1.9,.273,3.2,7.4,.429,.425,2.9,4.7,.625,1.1,2.8,3.8,0.9,0.3,0.3,1.5,2.0,10.9)
(1999,231,Karl Malone*,PF,35,UTA,49,49,37.4,8.0,16.3,.493,0.0,0.0,.000,8.0,16.2,.494,.493,7.7,9.8,.788,2.2,7.3,9.4,4.1,1.3,0.6,3.3,2.7,23.8)
(1999,235,Sean Marks,PF,23,TOR,8,0,3.5,0.6,1.0,.625,0.0,0.0,,0.6,1.0,.625,.625,0.1,0.3,.500,0.0,0.1,0.1,0.0,0.1,0.0,0.4,0.4,1.4)
(1999,239,Tony Massenburg,PF,31,VAN,43,35,26.6,4.4,9.0,.487,0.0,0.0,.000,4.4,9.0,.490,.487,2.4,3.6,.665,1.9,4.0,6.0,0.5,0.6,0.9,1.5,2.5,11.2)
(1999,242,Kelly McCarty,SG,23,DEN,2,0,2.0,1.0,1.5,.667,0.0,0.0,,1.0,1.5,.667,.667,0.0,0.0,,1.0,0.5,1.5,0.0,0.0,0.0,1.0,0.0,2.0)
(1999,246,Antonio McDyess,C,24,DEN,50,50,38.7,8.3,17.6,.471,0.0,0.2,.111,8.3,17.5,.474,.471,4.6,6.8,.680,3.4,7.4,10.7,1.6,1.5,2.3,2.8,3.5,21.2)
(1999,250,Derrick McKey,SF,32,IND,13,0,18.8,1.8,4.0,.442,0.0,0.1,.000,1.8,3.9,.451,.442,1.1,1.3,.824,1.4,1.8,3.2,1.0,0.9,0.3,0.9,1.8,4.6)
(1999,254,Loren Meyer,C,26,DEN,14,0,5.0,0.5,2.0,.250,0.1,0.4,.200,0.4,1.6,.261,.268,0.1,0.1,.500,0.3,0.9,1.1,0.1,0.0,0.2,0.3,1.6,1.1)
(1999,258,Oliver Miller,C,28,SAC,4,0,8.8,1.3,2.8,.455,0.0,0.0,,1.3,2.8,.455,.455,0.0,0.0,,1.8,0.3,2.0,0.0,0.0,0.5,1.0,0.8,2.5)
(1999,261,Terry Mills,PF,31,MIA,1,0,29.0,3.0,8.0,.375,2.0,4.0,.500,1.0,4.0,.250,.500,1.0,2.0,.500,3.0,1.0,4.0,0.0,1.0,0.0,3.0,3.0,9.0)
(1999,265,Nazr Mohammed,C,21,PHI,26,0,4.7,0.6,1.6,.357,0.0,0.0,,0.6,1.6,.357,.357,0.5,0.8,.571,0.7,0.7,1.4,0.1,0.2,0.2,0.5,0.8,1.6)
(1999,269,Alonzo Mourning*,C,28,MIA,46,46,38.1,7.0,13.8,.511,0.0,0.0,.000,7.0,13.7,.513,.511,6.0,9.2,.652,3.6,7.4,11.0,1.6,0.7,3.9,3.0,3.5,20.1)
(1999,273,Lamond Murray,SF,25,LAC,50,13,26.3,4.5,11.6,.391,0.7,2.1,.330,3.8,9.5,.404,.420,2.5,3.1,.803,1.2,2.7,3.9,1.2,1.2,0.4,2.0,2.1,12.2)
(1999,277,Steve Nash,PG,24,DAL,40,40,31.7,2.9,7.9,.363,1.2,3.3,.374,1.6,4.6,.355,.441,1.0,1.2,.826,0.8,2.1,2.9,5.5,0.9,0.1,2.1,2.5,7.9)
(1999,Rk,Player,Pos,Age,Tm,G,GS,MP,FG,FGA,FG%,3P,3PA,3P%,2P,2PA,2P%,eFG%,FT,FTA,FT%,ORB,DRB,TRB,AST,STL,BLK,TOV,PF,PTS)
(1999,284,Jermaine O'Neal,PF,20,POR,36,1,8.6,1.0,2.3,.434,0.0,0.0,.000,1.0,2.3,.439,.434,0.5,1.0,.514,1.2,1.5,2.7,0.4,0.1,0.4,0.4,1.1,2.5)
(1999,288,Jimmy Oliver,SG,29,PHO,2,0,5.5,0.5,1.5,.333,0.5,0.5,1.000,0.0,1.0,.000,.500,0.0,0.0,,0.0,0.0,0.0,0.0,0.0,0.0,0.0,1.0,1.5)
(1999,292,Bo Outlaw,PF,27,ORL,31,22,27.5,2.7,5.0,.545,0.0,0.1,.000,2.7,4.9,.556,.545,1.1,2.6,.432,1.7,3.6,5.4,1.8,1.3,1.4,1.9,2.5,6.5)
(1999,296,Anthony Parker,SG,23,PHI,2,0,1.5,0.5,0.5,1.000,0.0,0.0,,0.5,0.5,1.000,1.000,0.0,0.0,,0.0,0.0,0.0,0.0,0.0,0.0,0.0,0.0,1.0)
(1999,300,Gary Payton*,PG,30,SEA,50,50,40.2,8.0,18.5,.434,1.7,5.6,.295,6.4,12.8,.495,.479,4.0,5.5,.721,1.2,3.6,4.9,8.7,2.2,0.2,3.1,2.3,21.7)
(1999,303,Sam Perkins,PF,37,IND,48,0,16.4,1.7,4.2,.400,0.7,1.9,.389,0.9,2.3,.409,.488,0.9,1.3,.717,0.8,2.1,2.9,0.5,0.3,0.3,0.5,1.5,5.0)
(1999,307,Bobby Phills,SG,29,CHH,43,43,36.6,5.0,11.6,.433,1.6,4.0,.395,3.4,7.6,.452,.501,2.7,3.9,.685,0.9,3.1,4.0,3.5,1.4,0.6,2.1,2.9,14.3)
(1999,311,Scot Pollard,C,23,SAC,16,5,16.2,2.1,3.8,.541,0.0,0.0,,2.1,3.8,.541,.541,1.0,1.4,.696,2.4,2.8,5.1,0.3,0.5,1.1,0.3,2.6,5.1)
(1999,315,Vitaly Potapenko,C,23,TOT,50,44,27.9,4.1,8.2,.495,0.0,0.0,.000,4.1,8.2,.496,.495,1.8,3.1,.587,2.3,4.4,6.6,1.5,0.7,0.7,2.0,3.4,10.0)
(1999,319,Bryant Reeves,C,25,VAN,25,14,28.1,4.1,10.0,.406,0.0,0.0,.000,4.1,10.0,.408,.406,2.7,4.6,.578,2.0,3.5,5.5,1.5,0.5,0.3,1.9,4.1,10.8)
(1999,322,J.R. Reid,PF,30,TOT,41,26,25.1,3.2,6.8,.477,0.0,0.0,.000,3.2,6.7,.478,.477,2.6,3.3,.766,1.1,4.1,5.2,1.2,0.9,0.2,1.2,3.3,9.0)
(1999,326,Pooh Richardson,PG,32,LAC,11,0,11.8,1.1,3.3,.333,0.0,0.5,.000,1.1,2.7,.400,.333,0.4,0.4,1.000,0.1,1.1,1.2,2.7,0.4,0.0,0.8,0.5,2.5)
(1999,330,Stanley Roberts,C,28,HOU,6,0,5.5,0.8,2.2,.385,0.0,0.0,,0.8,2.2,.385,.385,0.7,1.3,.500,0.7,1.2,1.8,0.0,0.0,0.2,0.7,0.3,2.3)
(1999,334,James Robinson,PG,28,TOT,31,0,16.3,2.2,6.0,.362,0.7,2.4,.284,1.5,3.6,.414,.419,0.9,1.3,.683,0.6,1.4,2.0,1.8,0.7,0.3,1.4,1.9,5.9)
(1999,338,Sean Rooks,C,29,LAL,36,0,8.8,0.9,2.2,.405,0.0,0.1,.000,0.9,2.1,.416,.405,0.9,1.3,.708,0.9,1.1,2.0,0.3,0.1,0.3,0.6,1.7,2.7)
(1999,341,Bryon Russell,SF,28,UTA,50,50,35.4,4.3,9.4,.464,1.0,2.9,.354,3.3,6.4,.514,.519,2.7,3.4,.795,1.3,4.0,5.3,1.5,1.5,0.3,1.5,3.1,12.4)
(1999,345,Dwayne Schintzius,C,30,BOS,16,0,4.2,0.3,1.0,.250,0.0,0.0,,0.3,1.0,.250,.250,0.2,0.3,.750,0.4,0.8,1.2,0.5,0.0,0.2,0.6,1.1,0.7)
(1999,349,Rony Seikaly,C,33,NJN,9,0,9.8,0.4,2.2,.200,0.0,0.0,,0.4,2.2,.200,.200,0.8,2.0,.389,0.6,1.8,2.3,0.2,0.4,0.7,1.1,1.7,1.7)
(1999,353,Jeffrey Sheppard,SG,24,ATL,18,5,10.3,0.8,2.2,.385,0.1,0.4,.286,0.7,1.8,.406,.410,0.4,0.7,.615,0.3,0.9,1.2,0.9,0.2,0.0,0.4,0.7,2.2)
(1999,357,Brian Skinner,PF,22,LAC,21,0,12.3,1.6,3.4,.465,0.0,0.0,,1.6,3.4,.465,.465,1.0,1.6,.606,1.0,1.6,2.5,0.0,0.5,0.6,0.9,1.0,4.1)
(1999,Rk,Player,Pos,Age,Tm,G,GS,MP,FG,FGA,FG%,3P,3PA,3P%,2P,2PA,2P%,eFG%,FT,FTA,FT%,ORB,DRB,TRB,AST,STL,BLK,TOV,PF,PTS)
(1999,364,Eric Snow,PG,25,PHI,48,48,35.8,3.1,7.3,.428,0.1,0.4,.238,3.0,6.8,.440,.435,2.3,3.1,.733,0.5,2.9,3.4,6.3,2.1,0.0,2.3,3.1,8.6)
(1999,368,Jerry Stackhouse,SG,24,DET,42,9,28.3,4.3,11.6,.371,0.8,3.0,.278,3.5,8.6,.403,.407,5.0,5.9,.850,0.6,1.9,2.5,2.8,0.8,0.5,2.9,1.9,14.5)
(1999,372,Bryant Stith,SG,28,DEN,46,32,26.0,2.5,6.3,.393,0.7,2.3,.292,1.8,4.0,.451,.447,1.3,1.5,.859,0.7,1.7,2.3,1.8,0.6,0.3,1.0,1.4,7.0)
(1999,376,Erick Strickland,SG,25,DAL,33,2,17.2,2.7,6.7,.403,0.5,1.8,.305,2.2,4.9,.438,.443,1.6,2.0,.815,0.4,2.2,2.5,1.9,1.2,0.1,1.1,1.3,7.5)
(1999,380,Bruno Sundov,C,18,DAL,3,0,3.7,0.7,2.3,.286,0.0,0.0,,0.7,2.3,.286,.286,0.0,0.0,,0.0,0.0,0.0,0.3,0.0,0.0,0.3,1.3,1.3)
(1999,383,Maurice Taylor,PF,22,LAC,46,45,32.7,6.8,14.7,.461,0.0,0.1,.167,6.7,14.5,.463,.461,3.3,4.5,.728,2.2,3.1,5.3,1.5,0.3,0.6,2.6,3.9,16.8)
(1999,387,Otis Thorpe,PF,36,WAS,49,38,31.4,4.9,9.0,.545,0.0,0.0,.000,4.9,8.9,.548,.545,1.5,2.2,.698,2.0,4.9,6.8,2.1,0.9,0.4,1.8,4.0,11.3)
(1999,391,Keith Van Horn,PF,23,NJN,42,42,37.5,7.7,17.9,.428,0.4,1.3,.302,7.3,16.6,.438,.439,6.1,7.1,.859,2.7,5.8,8.5,1.5,1.0,1.3,3.2,3.2,21.8)
(1999,395,Stojko Vrankovic,C,35,LAC,2,0,6.0,0.5,2.0,.250,0.0,0.0,,0.5,2.0,.250,.250,0.0,0.0,,2.0,1.0,3.0,0.0,0.0,0.0,0.0,1.0,1.0)
(1999,399,John Wallace,SF,24,TOR,48,3,16.9,3.2,7.4,.432,0.0,0.0,,3.2,7.4,.432,.432,2.2,3.1,.700,1.1,2.4,3.6,1.0,0.3,0.9,1.5,1.9,8.6)
(1999,402,Charlie Ward,PG,28,NYK,50,50,31.1,2.7,6.7,.404,1.1,3.0,.356,1.6,3.7,.443,.484,1.1,1.6,.705,0.5,3.0,3.4,5.4,2.1,0.2,2.6,2.1,7.6)
(1999,406,Chris Webber,PF,25,SAC,42,42,40.9,9.0,18.5,.486,0.1,0.8,.118,8.9,17.7,.503,.488,1.9,4.1,.454,3.5,9.4,13.0,4.1,1.4,2.1,3.5,3.5,20.0)
(1999,410,Doug West,SG,31,VAN,14,2,21.0,2.2,4.6,.477,0.0,0.1,.000,2.2,4.5,.492,.477,1.4,1.8,.760,0.4,1.4,1.8,1.4,1.1,0.5,0.9,2.7,5.8)
(1999,414,Jahidi White,PF,22,WAS,20,0,9.6,0.9,1.6,.531,0.0,0.0,,0.9,1.6,.531,.531,0.8,1.8,.429,1.2,1.8,2.9,0.1,0.2,0.6,0.8,2.0,2.5)
(1999,418,Aaron Williams,PF,27,SEA,40,2,11.5,1.3,3.1,.423,0.0,0.0,.000,1.3,3.1,.426,.423,1.4,1.9,.730,1.4,1.9,3.2,0.6,0.4,0.6,0.8,1.9,4.0)
(1999,421,Eric Williams,SF,26,DEN,38,8,20.5,2.1,5.8,.365,0.2,0.7,.231,1.9,5.1,.383,.379,2.9,3.7,.799,0.9,1.2,2.1,1.0,0.7,0.2,1.3,2.0,7.3)
(1999,425,Jayson Williams,C,30,NJN,30,30,34.0,3.2,7.3,.445,0.0,0.1,.000,3.2,7.2,.449,.445,1.6,2.8,.565,4.9,7.1,12.0,1.1,0.8,2.0,1.5,4.2,8.1)
(1999,429,Scott Williams,C,30,TOT,7,0,6.6,0.7,2.4,.294,0.0,0.0,,0.7,2.4,.294,.294,0.6,1.0,.571,0.4,1.6,2.0,0.1,0.4,0.3,0.6,1.3,2.0)
(1999,433,Corliss Williamson,SF,25,SAC,50,50,27.5,5.4,11.1,.485,0.0,0.1,.200,5.4,11.0,.487,.486,2.4,3.8,.638,1.7,2.4,4.1,1.3,0.6,0.2,1.5,2.4,13.2)
(1999,437,Joe Wolf,PF,34,CHH,3,0,4.0,0.0,0.3,.000,0.0,0.0,,0.0,0.3,.000,.000,0.0,0.7,.000,0.0,0.3,0.3,0.0,0.0,0.0,0.0,2.0,0.0)
