(1999,2,Shareef Abdur-Rahim,SF,22,VAN,50,50,40.4,7.7,17.9,.432,0.2,0.7,.306,7.5,17.1,.438,.438,7.4,8.8,.841,2.3,5.2,7.5,3.4,1.4,1.1,3.7,2.7,23.0)
(1999,6,Derek Anderson,SG,24,CLE,38,13,25.7,3.3,8.3,.398,0.6,1.8,.304,2.7,6.4,.424,.432,3.6,4.3,.836,0.5,2.3,2.9,3.8,1.3,0.1,2.2,1.9,10.8)
(1999,10,Chris Anstey,C,24,DAL,41,4,11.5,1.2,3.4,.360,0.0,0.2,.000,1.2,3.2,.379,.360,0.8,1.2,.708,0.9,1.5,2.4,0.7,0.4,0.3,0.6,2.4,3.3)
(1999,14,Keith Askins,SF,31,MIA,33,13,12.6,0.6,1.9,.323,0.2,0.9,.276,0.4,1.0,.364,.387,0.2,0.2,.625,0.3,1.0,1.3,0.3,0.5,0.1,0.4,1.8,1.6)
(1999,18,Thurl Bailey,PF,37,UTA,43,0,12.6,1.8,4.1,.446,0.0,0.0,.000,1.8,4.0,.451,.446,0.6,0.8,.735,0.8,1.3,2.2,0.6,0.2,0.7,0.6,1.8,4.2)
(1999,21,Vin Baker,PF,27,SEA,34,31,34.2,5.8,12.9,.453,0.0,0.1,.000,5.8,12.8,.456,.453,2.1,4.7,.450,2.5,3.7,6.2,1.6,0.9,1.0,2.2,3.6,13.8)
(1999,25,Drew Barry,SG,25,SEA,17,0,10.8,0.6,1.9,.313,0.5,1.4,.333,0.1,0.5,.250,.438,0.5,0.8,.692,0.2,1.0,1.2,1.7,0.4,0.1,0.7,1.4,2.2)
(1999,29,Benoit Benjamin,C,34,PHI,6,0,5.5,0.3,1.2,.286,0.0,0.0,,0.3,1.2,.286,.286,0.0,0.0,,0.5,0.8,1.3,0.2,0.0,0.0,0.5,1.0,0.7)
(1999,33,Mike Bibby,PG,20,VAN,50,50,35.2,5.2,12.1,.430,0.3,1.5,.203,4.9,10.6,.461,.442,2.5,3.4,.751,0.6,2.1,2.7,6.5,1.6,0.1,2.9,2.4,13.2)
(1999,37,Muggsy Bogues,PG,34,GSW,36,5,19.8,2.1,4.3,.494,0.0,0.2,.000,2.1,4.1,.514,.494,0.9,1.0,.861,0.4,1.6,2.0,3.7,1.2,0.0,1.3,1.2,5.1)
(1999,Rk,Player,Pos,Age,Tm,G,GS,MP,FG,FGA,FG%,3P,3PA,3P%,2P,2PA,2P%,eFG%,FT,FTA,FT%,ORB,DRB,TRB,AST,STL,BLK,TOV,PF,PTS)
(1999,44,Chucky Brown,PF,30,CHH,48,21,24.8,3.7,7.8,.472,0.3,0.8,.375,3.4,6.9,.483,.492,0.8,1.2,.678,0.8,2.9,3.6,1.2,0.3,0.4,0.8,2.2,8.5)
(1999,48,Randy Brown,PG,30,CHI,39,32,29.2,3.4,8.2,.414,0.0,0.3,.000,3.4,7.9,.427,.414,2.0,2.6,.757,0.7,2.7,3.4,3.8,1.7,0.2,2.1,2.4,8.8)
(1999,52,Jud Buechler,SF,30,DET,50,0,21.1,2.0,4.8,.417,1.2,3.0,.412,0.8,1.8,.424,.544,0.3,0.4,.722,0.6,2.1,2.7,1.1,0.7,0.3,0.4,1.7,5.5)
(1999,56,Mitchell Butler,SG,28,CLE,31,1,13.5,2.2,4.5,.482,0.4,0.9,.379,1.8,3.5,.509,.522,0.7,1.0,.719,0.4,1.0,1.4,0.7,0.5,0.1,0.9,1.3,5.4)
(1999,60,Antoine Carr,PF,37,HOU,18,0,8.4,1.2,2.9,.404,0.0,0.1,.000,1.2,2.8,.412,.404,0.3,0.4,.714,0.5,1.2,1.7,0.5,0.1,0.6,0.5,1.7,2.6)
(1999,63,Vince Carter,SF,22,TOR,50,49,35.2,6.9,15.3,.450,0.4,1.3,.288,6.5,14.0,.466,.463,4.1,5.4,.761,1.9,3.8,5.7,3.0,1.1,1.5,2.2,2.8,18.3)
(1999,67,Cedric Ceballos,SF,29,DAL,13,5,27.1,4.5,10.8,.421,0.8,2.2,.393,3.7,8.6,.429,.461,2.6,3.8,.694,1.8,4.8,6.5,0.9,0.5,0.4,2.2,1.8,12.5)
(1999,71,Chris Childs,PG,31,NYK,48,0,27.0,2.4,5.6,.427,0.8,2.0,.383,1.6,3.6,.451,.494,1.3,1.6,.821,0.4,2.4,2.8,4.0,0.9,0.0,1.8,3.3,6.8)
(1999,75,John Coker,C,27,WAS,14,0,7.0,0.9,2.2,.419,0.0,0.0,,0.9,2.2,.419,.419,0.4,0.4,.833,0.5,1.1,1.6,0.0,0.1,0.1,0.1,1.2,2.2)
(1999,79,Tyrone Corbin,SF,36,ATL,47,6,22.7,2.8,7.1,.391,0.8,2.5,.319,2.0,4.6,.431,.448,1.1,1.7,.650,0.8,2.3,3.1,0.9,0.7,0.1,0.9,1.6,7.5)
(1999,82,Austin Croshere,PF,23,IND,27,0,9.2,1.2,2.8,.427,0.3,1.1,.276,0.9,1.7,.522,.480,0.7,0.9,.870,0.6,1.1,1.7,0.4,0.3,0.3,0.9,1.2,3.4)
(1999,86,Bill Curley,PF,26,MIN,35,7,10.6,0.8,2.1,.403,0.0,0.1,.200,0.8,1.9,.418,.410,0.5,0.6,.864,0.6,0.9,1.5,0.4,0.5,0.3,0.3,2.4,2.2)
(1999,90,Antonio Daniels,PG,23,SAS,47,0,13.1,1.8,3.9,.454,0.1,0.4,.294,1.7,3.5,.470,.467,1.0,1.4,.754,0.3,0.9,1.1,2.3,0.6,0.1,0.9,0.8,4.7)
(1999,94,Dale Davis,PF,29,IND,50,50,27.5,3.2,6.0,.533,0.0,0.0,,3.2,6.0,.533,.533,1.5,2.5,.618,3.1,5.2,8.3,0.4,0.4,1.1,0.9,2.3,8.0)
(1999,98,Terry Davis,C,31,WAS,37,34,15.6,1.3,2.5,.533,0.0,0.0,,1.3,2.5,.533,.533,0.8,1.0,.737,1.4,2.4,3.8,0.3,0.3,0.1,0.4,2.1,3.4)
(1999,101,Vinny Del Negro,PG,32,MIL,48,7,22.8,2.4,5.6,.422,0.3,0.6,.433,2.1,5.0,.421,.446,0.8,1.0,.800,0.3,1.8,2.1,3.6,0.7,0.1,1.1,1.3,5.9)
(1999,105,Vlade Divac,C,30,SAC,50,50,35.2,5.2,11.1,.470,0.2,0.9,.256,5.0,10.3,.488,.480,3.6,5.1,.702,2.8,7.2,10.0,4.3,0.9,1.0,2.6,3.3,14.3)
(1999,109,Chris Dudley,C,33,NYK,46,16,14.9,1.0,2.4,.440,0.0,0.0,,1.0,2.4,.440,.440,0.4,0.9,.475,1.7,2.5,4.2,0.2,0.3,0.8,0.5,2.5,2.5)
(1999,113,Howard Eisley,PG,26,UTA,50,0,20.8,2.8,6.3,.446,0.4,1.0,.420,2.4,5.3,.451,.479,1.3,1.6,.838,0.2,1.6,1.9,3.7,0.6,0.0,2.2,2.4,7.4)
(1999,117,LaPhonso Ellis,PF,28,ATL,20,20,27.0,4.0,9.5,.421,0.1,0.3,.200,4.0,9.3,.427,.424,2.2,3.1,.705,1.3,4.2,5.5,0.9,0.4,0.4,1.7,2.4,10.2)
(1999,Rk,Player,Pos,Age,Tm,G,GS,MP,FG,FGA,FG%,3P,3PA,3P%,2P,2PA,2P%,eFG%,FT,FTA,FT%,ORB,DRB,TRB,AST,STL,BLK,TOV,PF,PTS)
(1999,124,Derek Fisher,PG,24,LAL,50,21,22.6,2.0,5.3,.376,0.8,1.9,.392,1.2,3.3,.367,.449,1.2,1.6,.759,0.4,1.4,1.8,3.9,1.2,0.0,1.5,1.9,5.9)
(1999,128,Adonal Foyle,C,23,GSW,44,0,14.0,1.2,2.8,.430,0.0,0.0,,1.2,2.8,.430,.430,0.6,1.2,.490,1.8,2.6,4.4,0.4,0.3,1.0,0.7,2.0,2.9)
(1999,132,Marlon Garnett,PG,23,BOS,24,0,8.5,0.6,2.1,.294,0.3,1.0,.261,0.4,1.2,.321,.353,0.6,0.8,.750,0.1,0.8,0.9,0.8,0.2,0.0,0.5,0.8,2.1)
(1999,136,Andrew Gaze,SG,33,SAS,19,0,3.1,0.4,1.3,.320,0.3,0.8,.313,0.2,0.5,.333,.420,0.0,0.0,,0.1,0.2,0.3,0.3,0.1,0.1,0.2,0.4,1.1)
(1999,140,Brian Grant,PF,26,POR,48,46,31.8,3.8,8.0,.479,0.0,0.0,,3.8,8.0,.479,.479,3.8,4.7,.814,3.6,6.2,9.8,1.4,0.4,0.7,2.0,2.8,11.5)
(1999,143,Horace Grant,PF,33,ORL,50,50,33.2,4.0,9.1,.434,0.0,0.0,.000,4.0,9.1,.436,.434,0.9,1.4,.671,2.3,4.7,7.0,1.8,0.9,1.2,0.9,2.0,8.9)
(1999,147,Litterial Green,PG,28,CLE,1,0,2.0,0.0,1.0,.000,0.0,0.0,,0.0,1.0,.000,.000,0.0,0.0,,0.0,0.0,0.0,0.0,0.0,0.0,0.0,0.0,0.0)
(1999,151,Tim Hardaway,PG,32,MIA,48,48,36.9,6.3,15.7,.400,2.3,6.5,.360,3.9,9.2,.429,.475,2.5,3.1,.812,0.3,2.9,3.2,7.3,1.2,0.1,2.7,2.1,17.4)
(1999,155,Al Harrington,PF,18,IND,21,0,7.6,0.9,2.7,.321,0.0,0.2,.000,0.9,2.4,.353,.321,0.4,0.7,.600,1.0,0.9,1.9,0.2,0.2,0.1,0.5,1.2,2.1)
(1999,159,Michael Hawkins,PG,26,SAC,24,0,8.5,0.6,1.7,.350,0.2,0.8,.263,0.4,0.9,.429,.413,0.1,0.1,1.000,0.4,0.6,1.0,1.1,0.1,0.0,0.5,0.6,1.5)
(1999,162,J.R. Henderson,SF,22,VAN,30,0,11.0,1.2,3.2,.365,0.1,0.2,.400,1.1,3.0,.363,.375,0.8,1.5,.556,0.7,0.9,1.6,0.7,0.3,0.1,0.6,1.0,3.2)
(1999,166,Grant Hill,SF,26,DET,50,50,37.0,7.7,16.0,.479,0.0,0.3,.000,7.7,15.8,.487,.479,5.7,7.6,.752,1.3,5.8,7.1,6.0,1.6,0.5,3.7,2.3,21.1)
(1999,170,Jeff Hornacek,SG,35,UTA,48,48,29.9,4.5,9.4,.477,0.7,1.7,.420,3.8,7.7,.489,.514,2.6,2.9,.893,0.7,2.6,3.3,4.0,1.1,0.3,1.7,2.0,12.2)
(1999,174,Troy Hudson,PG,22,LAC,25,6,21.0,2.4,6.0,.400,0.6,1.9,.319,1.8,4.1,.437,.450,1.4,1.5,.895,0.6,1.6,2.2,3.7,0.4,0.1,1.5,1.1,6.8)
(1999,178,Allen Iverson,SG,23,PHI,48,48,41.5,9.1,22.0,.412,1.2,4.1,.291,7.9,17.9,.440,.439,7.4,9.9,.751,1.4,3.5,4.9,4.6,2.3,0.1,3.5,2.0,26.8)
(1999,181,Jim Jackson,SG,28,POR,49,9,24.0,3.1,7.6,.411,0.5,1.8,.278,2.6,5.7,.454,.445,1.7,2.1,.842,0.7,2.5,3.2,2.6,0.9,0.1,1.7,1.6,8.4)
(1999,185,Jerome James,C,23,SAC,16,0,2.6,0.6,1.5,.375,0.0,0.0,,0.6,1.5,.375,.375,0.4,0.8,.500,0.4,0.7,1.1,0.1,0.1,0.4,0.6,0.7,1.5)
(1999,189,Eddie Johnson,SF,39,HOU,3,0,6.0,2.0,4.3,.462,0.0,0.3,.000,2.0,4.0,.500,.462,0.0,0.0,,0.0,0.7,0.7,0.3,0.0,0.0,0.7,1.0,4.0)
(1999,193,Damon Jones,PG,22,TOT,24,0,14.3,1.8,5.0,.361,1.0,2.6,.403,0.8,2.4,.316,.466,0.6,0.7,.824,0.3,1.6,1.8,1.8,0.5,0.0,0.7,1.0,5.2)
(1999,197,Reggie Jordan,SG,31,MIN,27,1,11.0,0.6,2.0,.278,0.0,0.0,,0.6,2.0,.278,.278,0.8,1.4,.553,1.0,1.2,2.2,1.5,0.4,0.2,0.5,1.4,1.9)
(1999,Rk,Player,Pos,Age,Tm,G,GS,MP,FG,FGA,FG%,3P,3PA,3P%,2P,2PA,2P%,eFG%,FT,FTA,FT%,ORB,DRB,TRB,AST,STL,BLK,TOV,PF,PTS)
(1999,204,Chris King,SF,29,UTA,8,0,5.3,0.3,0.9,.286,0.0,0.0,,0.3,0.9,.286,.286,0.0,0.5,.000,0.1,1.3,1.4,0.1,0.3,0.1,0.5,1.0,0.5)
(1999,208,Brevin Knight,PG,23,CLE,39,38,30.4,3.4,8.1,.425,0.0,0.1,.000,3.4,7.9,.432,.425,2.7,3.6,.745,0.4,2.9,3.4,7.7,1.8,0.2,2.7,2.9,9.6)
(1999,212,Christian Laettner,PF,29,DET,16,0,21.1,2.4,6.6,.358,0.1,0.2,.333,2.3,6.4,.359,.363,2.8,3.6,.772,1.3,2.1,3.4,1.5,0.9,0.8,1.2,1.9,7.6)
(1999,216,Rusty LaRue,PG,25,CHI,43,6,17.0,1.8,5.0,.359,0.7,2.1,.337,1.1,3.0,.375,.429,0.4,0.4,1.000,0.2,1.1,1.3,1.5,0.8,0.1,0.8,1.5,4.7)
(1999,220,Randy Livingston,PG,23,PHO,1,0,22.0,5.0,8.0,.625,0.0,0.0,,5.0,8.0,.625,.625,2.0,2.0,1.000,0.0,2.0,2.0,3.0,2.0,0.0,1.0,1.0,12.0)
(1999,222,Luc Longley,C,30,PHO,39,39,23.9,3.6,7.4,.483,0.0,0.0,,3.6,7.4,.483,.483,1.5,1.9,.776,1.5,4.2,5.7,1.2,0.6,0.5,1.4,3.1,8.7)
(1999,226,Sam Mack,SF,28,TOT,44,15,24.6,3.8,8.7,.435,2.0,5.0,.397,1.8,3.8,.485,.548,1.2,1.3,.879,0.3,1.8,2.2,1.3,0.8,0.1,0.8,2.1,10.7)
(1999,230,Dan Majerle,SG,33,MIA,48,48,33.8,2.5,6.2,.396,1.4,4.2,.335,1.0,2.0,.526,.510,0.7,1.0,.717,0.4,3.9,4.3,3.1,0.8,0.1,1.1,2.1,7.0)
(1999,234,Stephon Marbury,PG,21,TOT,49,49,38.7,7.7,18.0,.428,1.3,4.0,.335,6.4,14.0,.455,.465,4.5,5.7,.799,0.8,2.1,2.9,8.9,1.2,0.2,3.3,2.6,21.3)
(1999,238,Jamal Mashburn,SF,26,MIA,24,23,35.6,5.6,12.4,.451,0.5,1.3,.433,5.0,11.1,.453,.473,3.1,4.3,.721,1.0,5.1,6.1,3.1,0.8,0.1,2.5,2.4,14.8)
(1999,241,Lee Mayberry,PG,28,VAN,9,0,14.0,0.8,2.1,.368,0.2,1.1,.200,0.6,1.0,.556,.421,0.4,0.6,.800,0.0,0.3,0.3,2.6,0.8,0.0,1.2,1.4,2.2)
(1999,245,Jelani McCoy,C,21,SEA,26,0,12.7,2.2,2.9,.737,0.0,0.0,,2.2,2.9,.737,.737,0.8,1.6,.500,1.0,2.0,3.0,0.2,0.4,0.8,0.4,1.6,5.1)
(1999,249,Jeff McInnis,PG,24,WAS,35,6,12.2,1.4,3.8,.373,0.3,1.0,.257,1.2,2.8,.414,.407,0.6,0.8,.750,0.3,0.3,0.6,2.1,0.5,0.0,0.9,1.0,3.7)
(1999,253,Ron Mercer,SG,22,BOS,41,40,37.8,7.4,17.2,.431,0.1,0.7,.167,7.3,16.5,.443,.435,2.0,2.6,.790,0.9,2.9,3.8,2.5,1.6,0.3,2.2,2.0,17.0)
(1999,257,Brad Miller,C,22,CHH,38,0,12.3,2.1,3.6,.565,0.0,0.1,.500,2.0,3.6,.566,.569,2.1,2.7,.794,0.9,2.2,3.1,0.6,0.2,0.5,0.8,1.7,6.3)
(1999,Rk,Player,Pos,Age,Tm,G,GS,MP,FG,FGA,FG%,3P,3PA,3P%,2P,2PA,2P%,eFG%,FT,FTA,FT%,ORB,DRB,TRB,AST,STL,BLK,TOV,PF,PTS)
(1999,264,Cuttino Mobley,PG,23,HOU,49,37,29.7,3.5,8.3,.425,1.1,3.0,.358,2.4,5.2,.463,.490,1.8,2.2,.818,0.4,1.8,2.3,2.5,0.9,0.5,1.6,2.0,9.9)
(1999,268,Chris Morris,SF,33,PHO,44,2,12.2,1.5,3.4,.430,0.4,1.3,.286,1.1,2.1,.516,.483,0.9,1.0,.870,1.2,1.5,2.8,0.5,0.4,0.3,0.5,1.2,4.2)
(1999,272,Gheorghe Muresan,C,27,NJN,1,0,1.0,0.0,1.0,.000,0.0,0.0,,0.0,1.0,.000,.000,0.0,0.0,,0.0,0.0,0.0,0.0,0.0,0.0,1.0,0.0,0.0)
(1999,276,Makhtar N'Diaye,PF,25,VAN,4,0,6.8,0.3,1.0,.250,0.0,0.0,,0.3,1.0,.250,.250,0.8,1.0,.750,0.8,0.5,1.3,0.3,0.0,0.3,0.3,2.3,1.3)
(1999,280,Johnny Newman,SF,35,CLE,50,2,19.0,2.1,5.0,.422,0.5,1.2,.377,1.7,3.8,.437,.468,1.4,1.7,.810,0.3,1.2,1.5,0.8,0.6,0.2,0.8,2.5,6.1)
(1999,283,Charles O'Bannon,SG,23,DET,18,1,9.2,1.3,3.1,.429,0.0,0.1,.000,1.3,3.1,.436,.429,0.4,0.4,1.000,1.0,0.9,1.9,0.7,0.1,0.2,0.4,1.2,3.1)
(1999,287,Hakeem Olajuwon*,C,36,HOU,50,50,35.7,7.5,14.5,.514,0.1,0.3,.308,7.4,14.2,.518,.517,3.9,5.4,.717,2.1,7.4,9.6,1.8,1.6,2.5,2.8,3.2,18.9)
(1999,291,Greg Ostertag,C,25,UTA,48,48,27.9,2.1,4.3,.476,0.0,0.0,,2.1,4.3,.476,.476,1.6,2.5,.620,2.2,5.1,7.3,0.5,0.3,2.7,0.9,2.9,5.7)
(1999,295,Robert Pack,PG,29,DAL,25,0,18.7,3.0,7.0,.431,0.0,0.2,.000,3.0,6.8,.441,.431,2.9,3.5,.818,0.4,1.1,1.4,3.2,0.8,0.0,2.0,1.6,8.9)
(1999,299,Ruben Patterson,SF,23,LAL,24,2,6.0,0.9,2.1,.412,0.0,0.3,.167,0.8,1.9,.444,.422,0.9,1.3,.710,0.7,0.5,1.3,0.1,0.2,0.1,0.5,0.7,2.7)
(1999,302,Will Perdue,C,33,SAS,37,1,12.0,1.0,1.6,.633,0.0,0.0,,1.0,1.6,.633,.633,0.4,0.7,.538,0.9,2.8,3.7,0.5,0.2,0.3,0.6,1.7,2.4)
(1999,306,Wesley Person,SG,27,CLE,45,42,29.8,4.4,9.7,.453,1.7,4.4,.375,2.7,5.3,.519,.539,0.7,1.2,.604,0.4,2.7,3.2,1.8,0.8,0.4,0.9,1.2,11.2)
(1999,310,Scottie Pippen*,SF,33,HOU,50,50,40.2,5.2,12.1,.432,1.4,4.2,.340,3.8,7.8,.482,.492,2.6,3.7,.721,1.3,5.2,6.5,5.9,2.0,0.7,3.2,2.4,14.5)
(1999,314,Terry Porter,PG,35,MIA,50,1,27.3,3.4,7.4,.465,1.2,2.8,.411,2.3,4.6,.498,.543,2.5,3.0,.831,0.3,2.5,2.8,2.9,1.0,0.2,1.5,1.9,10.5)
(1999,318,Eldridge Recasner,PG,31,CHH,44,2,16.1,1.9,4.2,.446,0.5,1.4,.400,1.3,2.8,.468,.511,0.8,0.9,.872,0.5,1.3,1.8,2.1,0.4,0.0,1.3,1.5,5.0)
(1999,321,Don Reid,PF,25,DET,47,30,19.9,2.1,3.7,.557,0.0,0.0,,2.1,3.7,.557,.557,1.0,1.7,.608,1.4,2.2,3.6,0.7,0.6,0.9,0.8,3.3,5.1)
(1999,325,Glen Rice,SF,31,LAL,27,25,36.5,6.3,14.7,.432,2.0,5.0,.393,4.4,9.7,.452,.499,2.9,3.3,.856,0.3,3.3,3.7,2.6,0.6,0.2,1.7,2.5,17.5)
(1999,329,Eric Riley,C,28,BOS,35,11,9.6,0.8,1.5,.519,0.0,0.0,,0.8,1.5,.519,.519,0.6,0.9,.710,1.0,1.8,2.8,0.4,0.3,0.7,0.7,2.1,2.2)
(1999,333,Glenn Robinson,SF,26,MIL,47,47,33.6,7.4,16.1,.459,0.7,1.7,.392,6.7,14.4,.467,.479,3.0,3.4,.870,1.6,4.3,5.9,2.1,1.0,0.9,2.3,2.4,18.4)
(1999,337,Rodney Rogers,SF,27,LAC,47,7,20.6,2.8,6.3,.441,0.4,1.3,.286,2.4,5.0,.483,.471,1.4,2.1,.673,1.4,2.4,3.8,1.6,1.0,0.5,1.4,3.0,7.4)
(1999,Rk,Player,Pos,Age,Tm,G,GS,MP,FG,FGA,FG%,3P,3PA,3P%,2P,2PA,2P%,eFG%,FT,FTA,FT%,ORB,DRB,TRB,AST,STL,BLK,TOV,PF,PTS)
(1999,344,Danny Schayes,C,39,ORL,19,1,7.5,0.6,1.5,.379,0.0,0.0,,0.6,1.5,.379,.379,0.3,0.4,.750,0.2,0.6,0.7,0.2,0.1,0.1,0.4,1.2,1.5)
(1999,348,Malik Sealy,SF,28,MIN,31,7,23.6,3.1,7.5,.411,0.2,0.7,.261,2.9,6.7,.428,.424,1.8,2.0,.902,0.7,2.2,3.0,1.2,1.0,0.2,1.1,2.2,8.1)
(1999,352,Casey Shaw,C,23,PHI,9,0,1.6,0.1,0.9,.125,0.0,0.0,,0.1,0.9,.125,.125,0.0,0.0,,0.3,0.0,0.3,0.0,0.0,0.0,0.2,0.2,0.2)
(1999,356,Alvin Sims,SG,24,PHO,4,0,6.3,1.0,2.5,.400,0.3,0.3,1.000,0.8,2.3,.333,.450,0.5,1.3,.400,0.8,0.3,1.0,1.3,0.5,0.0,1.5,0.5,2.8)
(1999,360,Joe Smith,C,23,MIN,43,42,33.0,5.2,12.1,.427,0.0,0.1,.000,5.2,12.1,.430,.427,3.3,4.4,.755,3.6,4.7,8.2,1.6,0.7,1.5,1.5,3.4,13.7)
(1999,363,Rik Smits,C,32,IND,49,49,25.9,6.3,12.9,.490,0.0,0.0,.000,6.3,12.9,.491,.490,2.2,2.7,.818,1.5,4.1,5.6,1.1,0.4,1.1,1.5,3.2,14.9)
(1999,367,Ryan Stack,PF,23,CLE,18,0,11.1,0.8,2.1,.378,0.0,0.0,,0.8,2.1,.378,.378,1.1,1.1,.950,1.1,0.8,1.9,0.3,0.1,0.6,0.5,1.7,2.6)
(1999,371,Michael Stewart,C,23,TOR,42,2,9.4,0.5,1.3,.415,0.0,0.0,,0.5,1.3,.415,.415,0.4,0.6,.680,1.0,1.3,2.4,0.1,0.1,0.7,0.3,1.8,1.5)
(1999,375,Damon Stoudamire,PG,25,POR,50,50,33.5,5.0,12.6,.396,0.9,2.8,.310,4.1,9.7,.421,.431,1.8,2.4,.730,0.8,2.5,3.3,6.2,1.0,0.1,2.2,1.6,12.6)
(1999,379,Derek Strong,PF,30,ORL,44,0,15.8,1.7,4.1,.422,0.0,0.0,.000,1.7,4.0,.427,.422,1.6,2.3,.717,1.5,2.2,3.7,0.4,0.3,0.2,0.8,1.5,5.1)
(1999,382,Johnny Taylor,SF,24,DEN,36,9,20.1,2.3,5.5,.414,0.7,1.9,.382,1.6,3.6,.431,.480,0.5,0.6,.739,0.8,2.0,2.8,0.7,0.8,0.5,0.9,2.7,5.8)
(1999,386,Tim Thomas,SF,21,TOT,50,26,16.2,2.6,5.6,.473,0.4,1.4,.309,2.2,4.2,.526,.511,1.5,2.2,.652,1.0,1.5,2.5,0.9,0.5,0.2,0.9,2.1,7.2)
(1999,390,Nick Van Exel,PG,27,DEN,50,50,36.0,6.1,15.4,.398,1.4,4.7,.308,4.7,10.7,.437,.445,2.8,3.5,.811,0.3,2.0,2.3,7.4,0.8,0.1,2.4,1.8,16.5)
(1999,394,Loy Vaught,PF,30,DET,37,10,13.0,1.6,4.2,.381,0.0,0.0,.000,1.6,4.2,.383,.381,0.2,0.4,.643,1.0,3.0,3.9,0.3,0.4,0.2,0.5,1.5,3.4)
(1999,398,Ben Wallace,C,24,WAS,46,16,26.8,2.5,4.3,.578,0.0,0.0,,2.5,4.3,.578,.578,1.0,2.9,.356,3.0,5.4,8.3,0.4,1.1,2.0,0.8,2.4,6.0)
(1999,401,Rex Walters,SG,28,MIA,33,13,15.3,1.1,2.9,.368,0.4,1.2,.316,0.7,1.7,.404,.432,0.6,0.7,.826,0.3,1.2,1.5,1.8,0.3,0.1,1.0,1.9,3.1)
(1999,405,Clarence Weatherspoon,SF,28,MIA,49,3,21.2,2.9,5.4,.534,0.0,0.0,,2.9,5.4,.534,.534,2.3,2.9,.804,1.5,3.5,5.0,0.7,0.6,0.3,1.2,2.2,8.1)
(1999,409,David Wesley,PG,28,CHH,50,50,37.0,4.9,10.9,.446,1.2,3.4,.359,3.6,7.5,.485,.502,3.2,3.8,.832,0.5,2.8,3.2,6.4,2.0,0.2,2.8,2.6,14.1)
(1999,413,Tyson Wheeler,PG,23,DEN,1,0,3.0,1.0,1.0,1.000,1.0,1.0,1.000,0.0,0.0,,1.500,1.0,2.0,.500,0.0,0.0,0.0,2.0,0.0,0.0,0.0,1.0,4.0)
(1999,417,Gerald Wilkins,SG,35,ORL,3,0,9.3,0.0,3.0,.000,0.0,0.0,,0.0,3.0,.000,.000,0.7,0.7,1.000,0.0,0.3,0.3,0.3,0.0,0.0,1.0,1.0,0.7)
(1999,Rk,Player,Pos,Age,Tm,G,GS,MP,FG,FGA,FG%,3P,3PA,3P%,2P,2PA,2P%,eFG%,FT,FTA,FT%,ORB,DRB,TRB,AST,STL,BLK,TOV,PF,PTS)
(1999,424,Jason Williams,PG,23,SAC,50,50,36.1,4.6,12.3,.374,2.0,6.5,.310,2.6,5.9,.446,.455,1.6,2.1,.752,0.3,2.8,3.1,6.0,1.9,0.0,2.9,1.8,12.8)
(1999,428,Monty Williams,SF,27,DEN,1,0,6.0,0.0,2.0,.000,0.0,0.0,,0.0,2.0,.000,.000,1.0,2.0,.500,0.0,0.0,0.0,0.0,0.0,0.0,0.0,0.0,1.0)
(1999,432,Walt Williams,SF,28,POR,48,16,21.8,3.1,7.2,.424,1.3,3.0,.438,1.8,4.2,.414,.514,1.9,2.2,.832,0.8,2.2,3.0,1.7,0.8,0.6,1.3,2.1,9.3)
(1999,436,Trevor Winter,C,25,MIN,1,0,5.0,0.0,0.0,,0.0,0.0,,0.0,0.0,,,0.0,0.0,,1.0,2.0,3.0,0.0,0.0,0.0,0.0,5.0,0.0)
(1999,440,Korleone Young,SF,20,DET,3,0,5.0,1.7,3.3,.500,0.3,1.3,.250,1.3,2.0,.667,.550,0.7,0.7,1.000,0.7,0.7,1.3,0.3,0.0,0.0,0.3,1.0,4.3)
