(1984,1,Kareem Abdul-Jabbar*,C,36,LAL,80,80,32.8,9.0,15.5,.578,0.0,0.0,.000,9.0,15.5,.579,.578,3.6,4.9,.723,2.1,5.2,7.3,2.6,0.7,1.8,2.8,2.6,21.5)
(1984,5,J.J. Anderson,SF,23,UTA,48,0,6.5,1.1,2.7,.423,0.0,0.1,.000,1.1,2.6,.433,.423,0.3,0.6,.414,0.8,0.5,1.3,0.5,0.3,0.2,0.4,0.6,2.5)
(1984,9,John Bagley,PG,23,CLE,76,19,22.5,3.4,8.0,.423,0.0,0.2,.118,3.4,7.8,.432,.425,2.1,2.6,.793,0.6,1.4,2.1,4.4,1.0,0.1,2.2,1.5,8.9)
(1984,13,Gene Banks,PF,24,SAS,80,66,32.5,5.3,9.3,.568,0.0,0.1,.167,5.3,9.3,.571,.568,2.5,3.4,.741,2.6,4.7,7.3,3.2,1.3,0.3,2.1,3.2,13.1)
(1984,17,Otis Birdsong,SG,28,NJN,69,57,31.4,8.4,16.6,.508,0.1,0.3,.250,8.4,16.3,.513,.510,2.8,4.6,.608,1.1,1.4,2.5,3.9,1.2,0.2,2.5,2.6,19.8)
(1984,Rk,Player,Pos,Age,Tm,G,GS,MP,FG,FGA,FG%,3P,3PA,3P%,2P,2PA,2P%,eFG%,FT,FTA,FT%,ORB,DRB,TRB,AST,STL,BLK,TOV,PF,PTS)
(1984,24,Junior Bridgeman,SF,30,MIL,81,10,30.0,6.3,13.5,.465,0.1,0.4,.194,6.2,13.1,.473,.468,2.4,3.0,.807,1.0,3.1,4.1,3.3,0.7,0.2,1.8,2.8,15.1)
(1984,28,Wallace Bryant,C,24,CHI,29,0,10.9,1.8,4.6,.391,0.0,0.0,,1.8,4.6,.391,.391,0.5,1.1,.424,1.3,1.5,2.8,0.4,0.3,0.4,0.6,1.7,4.1)
(1984,32,M.L. Carr,SF,33,BOS,60,1,9.8,1.2,2.9,.409,0.1,0.3,.200,1.1,2.6,.429,.418,0.7,0.8,.875,0.4,0.8,1.3,0.8,0.3,0.1,0.8,1.1,3.1)
(1984,36,Bill Cartwright,C,26,NYK,77,77,32.3,5.9,10.5,.561,0.0,0.0,.000,5.9,10.5,.561,.561,5.2,6.5,.805,2.5,5.9,8.4,1.4,0.6,1.3,2.6,3.4,17.0)
(1984,40,Carlos Clark,SG,23,BOS,31,0,4.1,0.6,1.7,.365,0.0,0.1,.000,0.6,1.6,.380,.365,0.5,0.6,.889,0.2,0.3,0.5,0.5,0.3,0.0,0.4,0.4,1.7)
(1984,43,Lester Conner,SG,24,GSW,82,82,31.4,4.4,8.9,.493,0.0,0.1,.167,4.4,8.8,.496,.494,2.3,3.2,.718,1.6,2.1,3.7,4.9,2.0,0.1,1.7,2.1,11.1)
(1984,47,Wayne Cooper,C,27,POR,81,38,20.5,3.8,8.2,.459,0.0,0.1,.000,3.8,8.1,.463,.459,2.3,2.8,.804,2.2,3.7,5.9,0.9,0.3,1.3,1.4,3.0,9.8)
(1984,51,Russell Cross,C,22,GSW,45,0,7.9,1.4,2.5,.571,0.0,0.0,,1.4,2.5,.571,.571,0.8,2.0,.418,0.8,1.0,1.8,0.5,0.3,0.2,0.4,1.3,3.7)
(1984,55,Quintin Dailey,SG,23,CHI,82,42,29.9,7.1,15.0,.474,0.0,0.4,.125,7.1,14.6,.484,.476,3.9,4.8,.811,0.7,2.1,2.9,3.1,1.3,0.1,2.7,2.7,18.2)
(1984,59,Johnny Davis,PG,28,ATL,75,72,27.7,4.7,10.7,.443,0.0,0.1,.000,4.7,10.6,.447,.443,2.9,3.4,.848,0.7,1.1,1.9,4.3,0.8,0.1,1.8,1.9,12.3)
(1984,62,Darren Daye,SF,23,WSB,75,0,15.7,2.4,5.4,.441,0.0,0.1,.000,2.4,5.4,.448,.441,1.3,1.8,.714,1.2,1.3,2.5,2.3,0.5,0.2,1.3,2.1,6.1)
(1984,66,Larry Drew,PG,25,KCK,73,73,32.4,6.5,14.1,.462,0.0,0.1,.300,6.5,13.9,.464,.463,3.3,4.3,.776,0.5,1.5,2.0,7.6,1.7,0.1,2.7,2.3,16.4)
(1984,70,Mark Eaton,C,27,UTA,82,78,26.1,2.4,5.1,.466,0.0,0.0,.000,2.4,5.1,.467,.466,0.9,1.5,.593,1.8,5.5,7.3,1.4,0.3,4.3,1.2,3.7,5.6)
(1984,74,James Edwards,C,28,PHO,72,67,26.3,6.1,11.3,.536,0.0,0.0,.000,6.1,11.3,.537,.536,2.5,3.5,.720,1.5,3.3,4.8,2.6,0.3,0.4,1.9,3.5,14.7)
(1984,78,Chris Engler,C,24,GSW,46,1,7.8,0.7,1.8,.398,0.0,0.0,,0.7,1.8,.398,.398,0.3,0.5,.609,0.6,1.5,2.1,0.2,0.2,0.1,0.5,1.5,1.7)
(1984,81,Mike Evans,PG,28,DEN,78,5,21.6,3.1,7.2,.431,0.4,1.1,.360,2.7,6.1,.444,.459,1.4,1.7,.847,0.3,1.5,1.8,3.7,0.8,0.1,1.5,2.2,8.1)
(1984,85,Rod Foster,PG,23,PHO,80,34,17.8,3.3,7.3,.448,0.3,1.1,.262,3.0,6.2,.480,.467,1.5,1.9,.787,0.5,1.0,1.5,2.2,0.7,0.1,1.4,2.4,8.3)
(1984,89,John Garris,PF,24,CLE,33,1,8.1,1.6,3.1,.510,0.0,0.0,,1.6,3.1,.510,.510,0.8,1.0,.794,1.1,1.3,2.3,0.3,0.2,0.2,0.3,1.2,4.0)
(1984,93,Mike Glenn,SG,28,ATL,81,0,18.6,3.9,6.8,.563,0.0,0.0,.500,3.8,6.8,.563,.564,0.7,0.9,.800,0.2,1.1,1.3,2.1,0.6,0.1,0.8,1.8,8.4)
(1984,97,Sidney Green,PF,23,CHI,49,0,13.6,2.0,4.7,.439,0.0,0.0,,2.0,4.7,.439,.439,1.1,1.6,.714,1.2,2.4,3.6,0.5,0.4,0.3,1.2,2.6,5.2)
(1984,Rk,Player,Pos,Age,Tm,G,GS,MP,FG,FGA,FG%,3P,3PA,3P%,2P,2PA,2P%,eFG%,FT,FTA,FT%,ORB,DRB,TRB,AST,STL,BLK,TOV,PF,PTS)
(1984,104,Derek Harper,PG,22,DAL,82,1,20.9,2.4,5.5,.443,0.0,0.3,.115,2.4,5.2,.464,.447,0.8,1.2,.673,0.6,1.5,2.1,2.9,1.2,0.3,1.4,1.7,5.7)
(1984,108,Steve Hayes,C,28,SEA,43,0,5.9,0.6,1.2,.520,0.0,0.0,,0.6,1.2,.520,.520,0.1,0.3,.357,0.4,1.0,1.4,0.3,0.1,0.4,0.3,1.2,1.3)
(1984,112,Armond Hill,PG,30,ATL,15,2,12.1,0.9,3.1,.304,0.0,0.0,,0.9,3.1,.304,.304,1.1,1.4,.810,0.1,0.5,0.7,2.3,0.5,0.0,0.9,2.0,3.0)
(1984,116,Phil Hubbard,SF,27,CLE,80,6,22.5,4.0,7.9,.511,0.0,0.0,.000,4.0,7.8,.512,.511,2.8,3.7,.739,2.2,2.6,4.8,1.1,0.9,0.1,1.4,3.1,10.8)
(1984,120,Tracy Jackson,SG,24,IND,2,0,5.0,0.5,2.0,.250,0.0,0.0,,0.5,2.0,.250,.250,2.0,2.0,1.000,0.5,0.0,0.5,0.0,0.0,0.0,0.5,1.5,3.0)
(1984,123,Dennis Johnson*,SG,29,BOS,80,78,33.3,4.8,11.0,.437,0.1,0.4,.125,4.8,10.6,.449,.440,3.5,4.1,.852,1.1,2.4,3.5,4.2,1.2,0.7,2.2,3.1,13.2)
(1984,127,George Johnson,SF,27,IND,81,20,25.6,5.1,10.9,.465,0.1,0.6,.234,4.9,10.3,.478,.471,2.8,3.3,.826,1.7,4.0,5.7,2.4,1.0,0.6,2.3,3.2,13.0)
(1984,131,Reggie Johnson,PF,26,NJN,72,4,11.4,1.8,3.6,.496,0.0,0.0,.000,1.8,3.5,.498,.496,1.3,1.8,.730,0.7,1.2,1.9,0.6,0.3,0.3,0.8,2.0,4.8)
(1984,135,Caldwell Jones,C,33,HOU,81,73,30.9,3.9,7.8,.502,0.0,0.0,.333,3.9,7.8,.503,.503,2.0,2.4,.837,2.1,5.1,7.2,1.9,0.6,1.0,2.0,4.1,9.9)
(1984,139,Major Jones,PF,30,HOU,57,5,8.3,1.2,2.3,.538,0.0,0.0,,1.2,2.3,.538,.538,0.5,0.9,.612,0.6,1.4,2.0,0.5,0.2,0.2,0.5,1.1,3.0)
(1984,142,Rich Kelley,C,30,UTA,75,30,22.3,1.8,3.5,.500,0.0,0.0,,1.8,3.5,.500,.500,1.7,2.2,.765,1.9,4.7,6.5,2.1,0.7,0.4,2.0,3.6,5.2)
(1984,146,Bernard King*,SF,27,NYK,77,76,34.6,10.3,18.1,.572,0.0,0.1,.000,10.3,18.0,.573,.572,5.7,7.3,.779,1.6,3.5,5.1,2.1,1.0,0.2,2.6,3.5,26.3)
(1984,150,Joe Kopicki,PF,23,WSB,59,2,11.5,1.1,2.2,.485,0.0,0.1,.143,1.1,2.1,.504,.489,1.5,1.9,.813,1.1,1.7,2.8,0.8,0.3,0.1,0.7,1.2,3.7)
(1984,154,Jeff Lamp,SF,24,POR,64,0,10.3,2.0,4.1,.490,0.0,0.2,.154,2.0,3.9,.508,.494,0.9,1.0,.896,0.4,0.6,1.0,0.8,0.3,0.1,0.8,1.0,5.0)
(1984,157,Allen Leavell,PG,26,HOU,82,27,24.5,4.3,8.9,.477,0.1,0.9,.155,4.1,8.0,.512,.485,2.9,3.5,.832,0.4,1.0,1.4,5.6,1.3,0.1,2.2,2.4,11.5)
(1984,Rk,Player,Pos,Age,Tm,G,GS,MP,FG,FGA,FG%,3P,3PA,3P%,2P,2PA,2P%,eFG%,FT,FTA,FT%,ORB,DRB,TRB,AST,STL,BLK,TOV,PF,PTS)
(1984,164,Darrell Lockhart,C,23,SAS,2,0,7.0,1.0,1.0,1.000,0.0,0.0,,1.0,1.0,1.000,1.000,0.0,0.0,,0.0,1.5,1.5,0.0,0.0,0.0,1.0,2.5,2.0)
(1984,168,John Lucas,PG,30,SAS,63,39,28.7,4.4,9.4,.462,0.3,1.1,.275,4.1,8.3,.487,.478,1.9,2.5,.764,0.4,2.5,2.9,10.7,1.5,0.1,2.3,2.0,10.9)
(1984,172,Rick Mahorn,PF,25,WSB,82,82,32.9,3.7,7.4,.507,0.0,0.0,,3.7,7.4,.507,.507,1.5,2.3,.651,2.1,6.9,9.0,1.6,0.8,1.5,1.7,4.4,9.0)
(1984,176,Wes Matthews,PG,24,TOT,20,5,19.4,3.1,6.6,.466,0.1,0.4,.125,3.0,6.2,.488,.469,1.4,1.8,.750,0.4,1.0,1.4,4.2,0.8,0.2,2.0,2.3,7.5)
(1984,180,Scooter McCray,PF,23,SEA,47,6,11.1,1.0,2.6,.388,0.0,0.0,,1.0,2.6,.388,.388,0.7,1.1,.700,1.0,1.5,2.4,0.9,0.2,0.4,0.7,1.6,2.7)
(1984,183,Kevin McHale*,PF,26,BOS,82,10,31.4,7.2,12.9,.556,0.0,0.0,.333,7.1,12.8,.557,.557,4.1,5.4,.765,2.5,4.9,7.4,1.3,0.3,1.5,1.8,3.0,18.4)
(1984,187,Mark McNamara,C,24,SAS,70,3,14.8,2.2,3.6,.621,0.0,0.0,,2.2,3.6,.621,.621,1.1,2.2,.471,2.0,2.6,4.5,0.4,0.2,0.2,1.3,2.0,5.5)
(1984,191,Mike Mitchell,SF,28,SAS,79,79,36.1,9.9,20.2,.488,0.1,0.2,.429,9.8,20.0,.488,.490,3.5,4.5,.779,2.4,4.8,7.2,1.2,0.8,0.9,1.8,3.2,23.3)
(1984,195,Larry Nance,PF,24,PHO,82,82,35.4,7.3,12.7,.576,0.0,0.1,.000,7.3,12.6,.580,.576,3.0,4.3,.707,2.8,5.5,8.3,2.6,1.0,2.1,2.2,3.3,17.7)
(1984,199,Kurt Nimphius,C,25,DAL,82,46,27.9,3.3,6.4,.520,0.0,0.0,.250,3.3,6.3,.522,.521,1.2,2.0,.623,2.2,4.0,6.3,2.1,0.5,1.8,1.2,3.5,7.9)
(1984,202,Mike O'Koren,SF,25,NJN,73,25,16.3,2.5,5.3,.483,0.1,0.4,.179,2.5,4.9,.507,.490,0.7,1.2,.609,1.0,1.4,2.4,1.3,0.5,0.2,1.0,2.0,5.9)
(1984,206,Robert Parish*,C,30,BOS,80,79,35.8,7.8,14.3,.546,0.0,0.0,,7.8,14.3,.546,.546,3.4,4.6,.745,3.0,7.7,10.7,1.7,0.7,1.5,2.3,3.3,19.0)
(1984,210,Roger Phegley,SG,27,TOT,13,0,6.7,0.8,2.7,.314,0.2,0.4,.400,0.7,2.3,.300,.343,0.3,0.3,1.000,0.2,0.7,0.8,0.8,0.1,0.0,0.5,0.8,2.2)
(1984,214,Charles Pittman,PF,25,PHO,69,8,14.3,1.8,3.0,.603,0.0,0.0,.000,1.8,3.0,.609,.603,1.0,1.5,.683,1.1,2.0,3.1,1.0,0.2,0.3,1.2,1.9,4.7)
(1984,218,Kelvin Ransey,PG,25,NJN,80,50,24.2,3.8,8.8,.434,0.1,0.4,.219,3.7,8.4,.445,.439,1.8,2.3,.792,0.4,1.2,1.6,6.0,1.1,0.1,1.8,2.3,9.5)
(1984,221,Clint Richardson,SG,27,PHI,69,12,22.8,3.2,6.9,.467,0.0,0.1,.000,3.2,6.8,.471,.467,1.1,1.5,.767,0.9,1.5,2.4,2.2,0.7,0.3,1.4,2.1,7.6)
(1984,225,Fred Roberts,PF,23,SAS,79,8,19.4,2.7,5.1,.536,0.0,0.1,.250,2.7,5.0,.539,.538,1.8,2.2,.837,1.3,2.6,3.8,1.2,0.7,0.5,1.3,2.8,7.3)
(1984,229,Dave Robisch,C,34,TOT,31,0,11.0,1.1,3.1,.365,0.0,0.0,,1.1,3.1,.365,.365,0.7,0.8,.846,0.5,1.4,1.9,0.6,0.1,0.1,0.4,1.2,3.0)
(1984,233,Jeff Ruland,C,25,WSB,75,75,41.1,8.0,13.8,.579,0.0,0.1,.143,8.0,13.7,.582,.579,6.2,8.5,.733,3.5,8.8,12.3,3.9,0.9,1.0,4.6,3.8,22.2)
(1984,237,DeWayne Scales,PF,25,WSB,2,0,6.5,1.5,2.5,.600,0.0,0.0,,1.5,2.5,.600,.600,0.0,1.0,.000,0.0,1.5,1.5,0.0,0.5,0.0,1.0,0.5,3.0)
(1984,Rk,Player,Pos,Age,Tm,G,GS,MP,FG,FGA,FG%,3P,3PA,3P%,2P,2PA,2P%,eFG%,FT,FTA,FT%,ORB,DRB,TRB,AST,STL,BLK,TOV,PF,PTS)
(1984,244,Jack Sikma,C,28,SEA,82,82,36.5,7.0,14.1,.499,0.0,0.0,.000,7.0,14.1,.500,.499,5.0,5.9,.856,2.7,8.4,11.1,4.0,1.2,1.1,2.9,3.7,19.1)
(1984,248,Jim Spanarkel,SG,26,DAL,7,0,7.7,1.0,2.3,.438,0.1,0.3,.500,0.9,2.0,.429,.469,1.3,1.9,.692,0.7,0.3,1.0,0.7,0.9,0.0,0.6,1.1,3.4)
(1984,252,Steve Stipanovich,C,23,IND,81,73,30.0,4.8,10.1,.480,0.0,0.2,.188,4.8,9.9,.486,.482,2.3,3.0,.753,1.4,5.5,6.9,2.1,0.9,0.8,2.0,3.7,12.0)
(1984,256,Reggie Theus,PG,26,TOT,61,35,24.6,4.3,10.2,.419,0.1,0.7,.167,4.2,9.6,.437,.425,3.5,4.6,.762,0.8,1.3,2.1,5.8,0.8,0.2,2.6,2.8,12.2)
(1984,260,David Thompson*,SG,29,SEA,19,0,18.4,4.7,8.7,.539,0.0,0.1,.000,4.7,8.6,.543,.539,3.3,3.8,.849,0.9,1.4,2.3,0.7,0.5,0.7,1.4,1.6,12.6)
(1984,263,Paul Thompson,SF,22,CLE,82,10,21.1,3.8,8.1,.467,0.1,0.5,.231,3.7,7.6,.482,.474,1.4,1.8,.772,1.5,2.3,3.8,1.5,0.9,0.5,0.9,2.3,9.0)
(1984,267,Andrew Toney,SG,26,PHI,78,72,32.8,7.6,14.4,.527,0.2,0.5,.316,7.4,13.9,.534,.532,5.0,6.0,.839,0.7,1.7,2.5,4.8,0.9,0.3,3.8,3.2,20.4)
(1984,271,Elston Turner,SF,24,DAL,47,1,11.4,1.1,3.2,.360,0.0,0.2,.111,1.1,3.0,.376,.363,0.6,0.7,.824,0.9,1.1,2.0,1.3,0.6,0.0,0.6,0.9,2.9)
(1984,275,Pete Verhoeven,PF,24,POR,43,0,7.6,1.2,2.3,.500,0.0,0.0,.000,1.2,2.3,.505,.500,0.4,0.6,.680,0.6,0.8,1.4,0.5,0.5,0.3,0.5,1.7,2.7)
(1984,279,Darrell Walker,PG,22,NYK,82,0,16.1,2.6,6.3,.417,0.0,0.2,.267,2.6,6.1,.421,.421,2.5,3.2,.791,0.9,1.1,2.0,3.5,1.5,0.2,2.4,2.5,7.9)
(1984,282,Bill Walton*,C,31,SDC,55,46,26.8,5.2,9.4,.556,0.0,0.0,.000,5.2,9.4,.558,.556,1.7,2.8,.597,2.4,6.3,8.7,3.3,0.8,1.6,3.2,2.8,12.1)
(1984,286,Brant Weidner,PF,23,SAS,8,0,4.8,0.3,1.1,.222,0.0,0.0,,0.3,1.1,.222,.222,0.5,0.5,1.000,0.5,0.9,1.4,0.0,0.0,0.3,0.3,0.6,1.0)
(1984,290,Rory White,SF,24,TOT,36,2,10.3,2.2,4.7,.471,0.0,0.0,,2.2,4.7,.471,.471,0.7,1.3,.553,1.0,1.0,2.1,0.4,0.4,0.1,0.7,0.9,5.2)
(1984,294,Dominique Wilkins*,SF,24,ATL,81,81,36.6,8.4,17.6,.479,0.0,0.1,.000,8.4,17.5,.482,.479,4.7,6.1,.770,3.1,4.0,7.2,1.6,1.4,1.1,2.7,2.4,21.6)
(1984,298,Herb Williams,C,25,IND,69,53,33.0,6.0,12.5,.478,0.0,0.1,.000,6.0,12.4,.480,.478,3.0,4.3,.702,2.2,5.8,8.0,3.1,0.9,1.6,3.0,2.8,14.9)
(1984,301,Rob Williams,PG,22,DEN,79,66,24.4,3.9,8.5,.461,0.2,0.6,.319,3.7,7.9,.471,.472,2.2,2.6,.818,0.7,1.8,2.5,5.9,1.1,0.1,2.1,3.4,10.2)
(1984,305,Michael Wilson,PG,24,WSB,6,0,4.3,0.0,0.3,.000,0.0,0.2,.000,0.0,0.2,.000,.000,0.2,0.3,.500,0.2,0.0,0.2,0.5,0.0,0.0,0.5,0.8,0.2)
(1984,309,Orlando Woolridge,SF,24,CHI,75,74,33.9,7.6,14.5,.525,0.0,0.0,.500,7.6,14.5,.525,.525,4.0,5.7,.715,1.7,3.2,4.9,1.8,0.9,0.8,2.5,3.4,19.3)
