(1984,3,Mark Aguirre,SF,24,DAL,79,79,36.7,11.7,22.3,.524,0.2,0.7,.268,11.5,21.6,.532,.528,5.9,7.9,.749,2.0,3.9,5.9,4.5,1.0,0.3,3.6,3.1,29.5)
(1984,7,Tiny Archibald*,PG,35,MIL,46,46,22.6,3.0,6.1,.487,0.1,0.4,.222,2.9,5.7,.506,.495,1.4,2.2,.634,0.3,1.3,1.7,3.5,0.7,0.0,1.7,1.7,7.4)
(1984,11,Thurl Bailey,PF,22,UTA,81,54,24.8,3.7,7.3,.512,0.0,0.0,,3.7,7.3,.512,.512,1.1,1.4,.752,1.4,4.3,5.7,1.6,0.5,1.5,1.3,2.4,8.5)
(1984,15,Kent Benson,C,29,DET,82,58,21.1,3.0,5.5,.550,0.0,0.0,.000,3.0,5.5,.551,.550,1.0,1.2,.822,1.4,3.6,5.0,1.6,0.9,0.6,1.0,2.8,7.1)
(1984,19,Tom Boswell,PF,30,UTA,38,0,6.9,0.7,1.4,.538,0.0,0.0,1.000,0.7,1.3,.529,.548,0.4,0.6,.762,0.7,0.9,1.7,0.4,0.2,0.0,0.3,1.5,1.9)
(1984,22,Randy Breuer,C,23,MIL,57,8,8.3,1.2,3.1,.384,0.0,0.0,,1.2,3.1,.384,.384,0.6,0.8,.696,0.8,1.1,1.9,0.3,0.2,0.7,0.6,1.7,2.9)
(1984,26,Fred Brown,SG,35,SEA,71,1,15.9,3.6,7.1,.510,0.1,0.5,.265,3.5,6.6,.528,.519,1.1,1.2,.895,0.2,0.7,0.9,2.7,0.7,0.0,1.0,1.2,8.5)
(1984,30,Don Buse,PG,33,KCK,76,10,17.5,2.0,4.6,.426,0.2,0.8,.305,1.7,3.9,.451,.452,0.8,1.1,.788,0.4,1.1,1.5,4.0,1.1,0.0,1.1,0.8,5.0)
(1984,34,Butch Carter,SG,25,IND,73,54,28.0,5.7,11.8,.479,0.2,0.6,.326,5.5,11.2,.488,.488,1.9,2.4,.764,1.0,1.1,2.1,2.8,1.8,0.2,1.9,2.9,13.4)
(1984,38,Tom Chambers,PF,24,SEA,82,44,31.3,6.8,13.5,.499,0.0,0.1,.000,6.8,13.4,.505,.499,4.6,5.7,.800,2.7,3.8,6.5,1.6,0.6,0.6,2.3,3.8,18.1)
(1984,41,Don Collins,SG,25,GSW,61,6,15.7,3.1,6.3,.483,0.0,0.1,.200,3.0,6.3,.487,.484,1.1,1.5,.730,1.0,1.1,2.1,1.1,0.7,0.2,1.3,2.0,7.2)
(1984,45,Jeff Cook,C,27,CLE,81,21,24.1,2.3,4.8,.486,0.0,0.0,.500,2.3,4.8,.486,.487,1.2,1.6,.723,2.1,3.8,6.0,1.5,0.8,0.6,1.1,3.5,5.8)
(1984,49,Charlie Criss,PG,35,TOT,15,0,14.3,1.3,3.5,.385,0.1,0.4,.167,1.3,3.1,.413,.394,0.8,1.1,.750,0.3,1.0,1.3,2.5,0.5,0.0,0.7,0.7,3.5)
(1984,53,Terry Cummings,PF,22,SDC,81,80,35.9,9.1,18.4,.494,0.0,0.0,.000,9.1,18.4,.495,.494,4.7,6.5,.720,4.0,5.6,9.6,1.7,1.1,0.7,2.7,3.7,22.9)
(1984,57,Brad Davis,PG,28,DAL,81,81,32.9,4.3,8.0,.530,0.1,0.5,.184,4.2,7.6,.551,.535,2.5,2.9,.836,0.5,1.8,2.3,6.9,1.2,0.2,2.0,2.7,11.1)
(1984,Rk,Player,Pos,Age,Tm,G,GS,MP,FG,FGA,FG%,3P,3PA,3P%,2P,2PA,2P%,eFG%,FT,FTA,FT%,ORB,DRB,TRB,AST,STL,BLK,TOV,PF,PTS)
(1984,64,James Donaldson,C,26,SDC,82,67,30.8,4.4,7.4,.596,0.0,0.0,,4.4,7.4,.596,.596,3.0,4.0,.761,2.0,5.9,7.9,1.1,0.5,1.7,2.1,2.6,11.8)
(1984,68,Mike Dunleavy,PG,29,MIL,17,12,23.8,4.1,7.5,.551,1.1,2.6,.422,3.0,4.8,.622,.626,1.9,2.4,.800,0.4,1.3,1.6,4.6,0.7,0.1,2.1,3.0,11.2)
(1984,72,Keith Edmonson,SG,23,TOT,55,0,11.3,2.9,5.8,.492,0.0,0.0,,2.9,5.8,.492,.492,1.7,2.3,.746,0.8,0.8,1.6,0.6,0.5,0.1,1.1,1.5,7.5)
(1984,76,Dale Ellis,SF,23,DAL,67,2,15.8,3.4,7.4,.456,0.2,0.4,.414,3.2,6.9,.459,.469,1.3,1.8,.719,1.6,2.1,3.7,0.8,0.6,0.1,1.2,1.8,8.2)
(1984,80,Julius Erving*,SF,33,PHI,77,77,34.8,8.8,17.2,.512,0.1,0.3,.333,8.7,16.9,.515,.515,4.7,6.3,.754,2.5,4.4,6.9,4.0,1.8,1.8,3.0,2.8,22.4)
(1984,83,Sleepy Floyd,PG,23,GSW,77,73,33.2,6.3,13.6,.463,0.1,0.6,.178,6.2,13.0,.476,.467,4.1,5.0,.816,1.1,2.4,3.5,3.5,1.3,0.4,2.5,2.8,16.8)
(1984,87,Bill Garnett,PF,23,DAL,80,34,19.1,1.8,3.7,.472,0.0,0.0,.000,1.8,3.7,.475,.472,1.6,2.2,.733,1.5,2.6,4.1,1.6,0.6,0.8,0.9,2.7,5.1)
(1984,91,Mike Gibson,PF,23,WSB,32,0,7.2,0.7,1.7,.382,0.0,0.0,,0.7,1.7,.382,.382,0.3,0.5,.647,0.9,1.2,2.1,0.3,0.2,0.2,0.4,0.9,1.7)
(1984,95,Stewart Granger,PG,22,CLE,56,13,13.2,1.7,4.0,.429,0.1,0.2,.308,1.7,3.8,.437,.438,0.9,1.3,.757,0.1,0.8,1.0,2.4,0.4,0.0,1.0,1.7,4.5)
(1984,99,Kevin Grevey,SG,30,MIL,64,3,14.4,2.8,6.2,.451,0.2,0.8,.283,2.5,5.3,.477,.470,1.2,1.3,.893,0.5,0.8,1.3,1.2,0.4,0.1,0.7,1.5,7.0)
(1984,102,Bob Hansen,SG,23,UTA,55,0,7.6,1.2,2.6,.448,0.0,0.1,.000,1.2,2.5,.474,.448,0.3,0.5,.643,0.2,0.6,0.9,0.8,0.3,0.1,0.6,1.1,2.7)
(1984,106,Steve Hawes,PF,33,SEA,79,0,14.6,1.4,3.0,.481,0.0,0.1,.250,1.4,2.9,.485,.483,0.8,1.0,.782,0.6,2.2,2.8,1.3,0.3,0.2,0.7,1.8,3.7)
(1984,110,Rod Higgins,SF,24,CHI,78,6,20.2,2.5,5.5,.447,0.0,0.3,.045,2.5,5.3,.468,.448,1.4,2.0,.724,1.1,1.5,2.6,1.5,0.6,0.4,1.0,2.1,6.4)
(1984,114,Craig Hodges,SG,23,SDC,76,28,20.7,3.4,7.5,.450,0.1,0.6,.217,3.3,6.9,.471,.459,0.9,1.2,.750,0.3,0.8,1.1,1.5,0.8,0.0,1.1,2.2,7.8)
(1984,118,Marc Iavaroni,PF,27,PHI,78,71,19.6,1.9,4.1,.463,0.0,0.0,.000,1.9,4.1,.466,.463,1.2,1.7,.740,1.2,2.8,4.0,1.2,0.5,0.7,1.6,2.8,5.1)
(1984,121,Clay Johnson,SG,27,SEA,25,0,7.0,0.8,2.0,.400,0.0,0.0,1.000,0.8,2.0,.388,.410,0.6,0.9,.636,0.2,0.2,0.5,0.6,0.3,0.1,0.5,1.0,2.2)
(1984,125,Eddie Johnson,SF,24,KCK,82,82,35.6,9.2,18.9,.485,0.2,0.8,.313,8.9,18.1,.493,.492,3.3,4.0,.810,2.0,3.5,5.5,3.6,0.9,0.3,2.6,3.2,21.9)
(1984,129,Marques Johnson,SF,27,MIL,74,74,36.7,8.7,17.4,.502,0.0,0.2,.154,8.7,17.2,.505,.502,3.3,4.6,.709,2.3,4.1,6.5,4.3,1.6,0.6,2.4,2.6,20.7)
(1984,133,Vinnie Johnson,SG,27,DET,82,0,23.3,5.2,11.0,.473,0.0,0.2,.211,5.1,10.8,.478,.475,2.5,3.4,.753,1.6,1.3,2.9,3.3,0.5,0.2,1.6,2.4,13.0)
(1984,137,Edgar Jones,PF,27,SAS,81,33,21.9,4.0,8.0,.500,0.1,0.2,.316,3.9,7.7,.506,.505,2.2,3.0,.727,1.8,3.8,5.5,1.0,0.8,1.3,1.5,3.7,10.2)
(1984,Rk,Player,Pos,Age,Tm,G,GS,MP,FG,FGA,FG%,3P,3PA,3P%,2P,2PA,2P%,eFG%,FT,FTA,FT%,ORB,DRB,TRB,AST,STL,BLK,TOV,PF,PTS)
(1984,144,Greg Kelser,SF,26,SDC,80,21,22.3,3.9,7.5,.519,0.0,0.1,.333,3.9,7.5,.521,.521,3.1,4.5,.702,2.4,2.5,4.9,1.1,0.9,0.4,2.4,3.1,11.0)
(1984,148,Greg Kite,C,22,BOS,35,1,5.6,0.9,1.9,.455,0.0,0.0,,0.9,1.9,.455,.455,0.1,0.5,.313,0.8,1.0,1.8,0.2,0.0,0.1,0.6,1.2,1.9)
(1984,152,Mitch Kupchak,PF,29,LAL,34,3,9.5,1.2,3.2,.380,0.0,0.0,.000,1.2,3.1,.383,.380,0.6,1.0,.647,1.0,1.5,2.6,0.2,0.1,0.2,0.6,1.4,3.1)
(1984,156,Bob Lanier*,C,35,MIL,72,72,27.9,5.4,9.5,.572,0.0,0.0,.000,5.4,9.5,.575,.572,2.7,3.8,.708,2.0,4.4,6.3,2.6,0.8,0.7,2.3,3.2,13.6)
(1984,159,Fat Lever,PG,23,POR,81,22,24.8,3.9,8.7,.447,0.0,0.2,.200,3.8,8.5,.452,.449,2.0,2.6,.743,1.2,1.5,2.7,4.6,1.7,0.4,1.5,2.2,9.7)
(1984,162,Alton Lister,PF,25,MIL,82,72,23.8,3.1,6.2,.500,0.0,0.0,,3.1,6.2,.500,.500,1.4,2.2,.626,1.9,5.5,7.4,1.3,0.5,1.7,1.9,4.0,7.6)
(1984,166,John Long,SG,27,DET,82,82,30.7,6.6,14.1,.472,0.0,0.1,.200,6.6,14.0,.473,.472,3.0,3.4,.884,1.7,1.8,3.5,2.5,1.1,0.2,1.7,2.4,16.3)
(1984,170,Rudy Macklin,SF,25,NYK,8,0,8.1,1.5,3.8,.400,0.0,0.0,,1.5,3.8,.400,.400,1.4,1.6,.846,0.6,0.8,1.4,0.4,0.1,0.0,0.8,2.1,4.4)
(1984,174,Moses Malone*,C,28,PHI,71,71,36.8,7.5,15.5,.483,0.0,0.1,.000,7.5,15.5,.485,.483,7.7,10.2,.750,5.0,8.4,13.4,1.4,1.0,1.5,3.5,2.6,22.7)
(1984,178,Bob McAdoo*,C,32,LAL,70,0,20.8,5.0,10.7,.471,0.0,0.1,.000,5.0,10.6,.474,.471,3.0,3.8,.803,1.2,3.0,4.1,1.1,0.6,0.7,1.8,2.6,13.1)
(1984,181,Hank McDowell,PF,24,SDC,57,0,10.7,1.5,3.5,.431,0.0,0.1,.000,1.5,3.4,.438,.431,0.7,1.0,.679,1.1,1.6,2.7,0.6,0.2,0.0,0.9,1.4,3.6)
(1984,185,Billy McKinney,PG,28,SDC,80,0,10.5,1.7,3.8,.446,0.0,0.0,.000,1.7,3.8,.449,.446,0.5,0.6,.848,0.1,0.6,0.7,2.0,0.3,0.0,0.6,1.1,3.9)
(1984,189,Larry Micheaux,PF,23,KCK,39,0,8.5,1.3,2.3,.544,0.0,0.0,,1.3,2.3,.544,.544,0.5,1.0,.538,1.0,1.9,2.9,0.5,0.5,0.3,0.5,1.2,3.1)
(1984,193,Sidney Moncrief,SG,26,MIL,79,79,38.9,7.1,14.2,.498,0.1,0.2,.278,7.0,14.0,.501,.500,6.7,7.9,.848,2.7,4.0,6.7,4.5,1.4,0.3,2.7,2.6,20.9)
(1984,197,Calvin Natt,SF,27,POR,79,74,33.4,6.3,10.8,.583,0.0,0.2,.118,6.3,10.6,.593,.585,3.5,4.4,.797,2.1,3.9,6.0,2.3,0.9,0.3,2.1,2.8,16.2)
(1984,Rk,Player,Pos,Age,Tm,G,GS,MP,FG,FGA,FG%,3P,3PA,3P%,2P,2PA,2P%,eFG%,FT,FTA,FT%,ORB,DRB,TRB,AST,STL,BLK,TOV,PF,PTS)
(1984,204,Jawann Oldham,C,26,CHI,64,0,13.6,1.7,3.4,.505,0.0,0.0,,1.7,3.4,.505,.505,0.6,1.0,.591,1.2,2.5,3.6,0.5,0.2,1.2,1.3,2.2,4.0)
(1984,208,Jim Paxson,SG,26,POR,81,81,33.2,8.4,16.3,.514,0.2,0.7,.288,8.2,15.6,.525,.521,4.3,5.1,.841,0.8,1.3,2.1,3.1,1.5,0.1,1.8,2.0,21.3)
(1984,212,John Pinone,SF,22,ATL,7,0,9.3,1.0,1.9,.538,0.0,0.0,,1.0,1.9,.538,.538,0.9,1.4,.600,0.0,1.4,1.4,0.4,0.3,0.1,0.7,1.6,2.9)
(1984,216,Paul Pressey,SG,25,MIL,81,18,21.4,3.4,6.5,.523,0.0,0.1,.222,3.4,6.4,.528,.525,1.5,2.5,.600,1.3,2.2,3.5,3.1,1.1,0.6,1.9,3.0,8.3)
(1984,220,Robert Reid,SF,28,HOU,64,28,30.3,6.3,13.4,.474,0.0,0.1,.250,6.3,13.3,.476,.475,1.3,1.9,.659,1.5,3.8,5.3,3.4,1.4,0.5,1.4,3.8,14.0)
(1984,223,Doc Rivers,PG,22,ATL,81,47,23.9,3.1,6.7,.462,0.0,0.1,.167,3.1,6.5,.469,.464,3.1,4.0,.785,0.9,1.8,2.7,3.9,1.6,0.4,2.1,3.5,9.3)
(1984,227,Cliff Robinson,C,23,CLE,73,70,32.9,7.3,16.2,.450,0.0,0.0,.500,7.3,16.2,.450,.450,3.2,4.6,.701,2.1,8.2,10.3,2.5,0.7,0.4,2.6,2.7,17.8)
(1984,231,Lorenzo Romar,PG,25,TOT,68,9,15.0,2.4,5.2,.459,0.1,0.5,.121,2.3,4.7,.494,.464,1.0,1.4,.713,0.3,1.1,1.4,2.8,0.8,0.1,0.9,1.1,5.8)
(1984,235,Ralph Sampson*,C,23,HOU,82,82,32.8,8.7,16.7,.523,0.0,0.0,.250,8.7,16.6,.524,.523,3.5,5.3,.661,3.6,7.6,11.1,2.0,0.9,2.4,3.6,4.1,21.0)
(1984,239,Alvin Scott,SF,28,PHO,65,5,11.3,0.8,1.9,.444,0.0,0.0,.500,0.8,1.9,.443,.448,0.9,1.1,.778,0.4,1.1,1.5,0.7,0.3,0.3,0.6,1.3,2.6)
(1984,242,Purvis Short,SF,26,GSW,79,76,37.3,9.0,19.1,.473,0.3,0.9,.306,8.8,18.2,.482,.480,4.5,5.6,.793,2.3,3.2,5.5,3.1,1.3,0.1,2.9,3.2,22.8)
(1984,246,Larry Smith,PF,26,GSW,75,63,27.9,3.3,5.8,.560,0.0,0.0,,3.3,5.8,.560,.560,1.3,2.2,.560,3.8,5.2,9.0,1.0,0.8,0.3,1.7,3.7,7.8)
(1984,250,Larry Spriggs,SF,24,LAL,38,0,9.6,1.2,2.2,.537,0.0,0.1,.000,1.2,2.1,.550,.537,0.9,1.3,.720,0.4,1.2,1.6,0.8,0.3,0.1,0.9,1.4,3.3)
(1984,254,Dane Suttle,SG,22,KCK,40,1,11.7,2.7,5.4,.509,0.0,0.1,.000,2.7,5.3,.517,.509,1.0,1.2,.851,0.5,0.6,1.2,1.2,0.5,0.0,0.8,1.2,6.5)
(1984,258,Isiah Thomas*,PG,22,DET,82,82,36.7,8.2,17.7,.462,0.3,0.8,.338,7.9,16.9,.468,.470,4.7,6.5,.733,1.3,2.7,4.0,11.1,2.5,0.4,3.7,4.0,21.3)
(1984,261,LaSalle Thompson,C,22,KCK,80,38,23.9,4.2,8.0,.523,0.0,0.0,,4.2,8.0,.523,.523,2.0,2.8,.717,3.3,5.6,8.9,1.1,0.9,1.8,2.1,4.1,10.3)
(1984,265,Darren Tillis,C,23,GSW,72,1,10.1,1.5,3.5,.425,0.0,0.0,.000,1.5,3.5,.429,.425,0.6,0.9,.651,1.0,1.5,2.6,0.3,0.2,0.8,0.7,2.4,3.6)
(1984,269,Kelly Tripucka,SF,24,DET,76,75,32.8,7.8,17.1,.459,0.0,0.2,.118,7.8,16.8,.464,.460,5.6,6.9,.815,1.6,2.5,4.0,3.0,0.9,0.2,2.5,2.5,21.3)
(1984,273,Darnell Valentine,PG,24,POR,68,60,27.8,3.7,8.3,.447,0.0,0.0,.000,3.7,8.2,.450,.447,2.9,3.6,.789,0.7,1.1,1.9,5.8,1.6,0.1,2.2,2.6,10.2)
(1984,277,Danny Vranes,SF,25,SEA,80,72,27.2,3.2,6.2,.521,0.0,0.0,.000,3.2,6.2,.522,.521,1.9,3.0,.648,1.9,3.1,4.9,1.7,0.6,0.7,1.5,3.3,8.4)
(1984,Rk,Player,Pos,Age,Tm,G,GS,MP,FG,FGA,FG%,3P,3PA,3P%,2P,2PA,2P%,eFG%,FT,FTA,FT%,ORB,DRB,TRB,AST,STL,BLK,TOV,PF,PTS)
(1984,284,Marvin Webster,C,31,NYK,76,5,17.0,1.5,3.1,.469,0.0,0.0,,1.5,3.1,.469,.469,0.9,1.5,.564,1.9,2.9,4.8,0.7,0.4,1.3,1.1,2.5,3.8)
(1984,288,Paul Westphal,SG,33,PHO,59,2,14.7,2.4,5.3,.460,0.1,0.4,.269,2.3,4.9,.477,.471,2.0,2.4,.824,0.1,0.6,0.7,2.5,0.7,0.1,1.3,1.2,7.0)
(1984,292,Mitchell Wiggins,SG,24,CHI,82,40,25.9,4.9,10.9,.448,0.1,0.4,.241,4.8,10.5,.455,.452,2.6,3.5,.742,1.7,2.3,4.0,2.3,1.3,0.1,1.7,3.4,12.4)
(1984,296,Buck Williams,PF,23,NJN,81,81,37.1,6.1,11.4,.535,0.0,0.0,.000,6.1,11.4,.537,.535,3.5,6.1,.570,4.4,8.0,12.3,1.6,1.0,1.5,2.9,3.7,15.7)
(1984,300,Ray Williams,SG,29,NYK,76,63,29.3,5.5,12.4,.445,0.3,1.1,.309,5.2,11.3,.458,.458,3.5,4.2,.827,0.9,2.6,3.5,5.9,2.1,0.3,2.9,3.6,14.8)
(1984,303,Sly Williams,SF,26,ATL,13,1,19.8,2.6,8.8,.298,0.1,0.7,.111,2.5,8.1,.314,.303,2.8,3.5,.783,1.5,2.4,3.8,1.2,1.1,0.1,1.4,2.5,8.1)
(1984,307,Al Wood,SG,25,SEA,81,81,27.6,5.8,11.7,.494,0.0,0.3,.143,5.7,11.4,.502,.496,2.8,3.3,.823,1.2,2.2,3.4,2.0,0.8,0.4,1.6,2.6,14.3)
