(1984,2,Alvan Adams,C,29,PHO,70,13,20.7,3.8,8.3,.462,0.0,0.1,.000,3.8,8.3,.465,.462,1.9,2.3,.825,1.7,2.9,4.6,3.1,1.0,0.4,1.7,2.8,9.6)
(1984,6,Richard Anderson,PF,23,DEN,78,17,17.7,3.5,8.2,.426,0.0,0.2,.158,3.4,7.9,.435,.429,1.5,1.9,.773,1.7,3.5,5.2,2.5,0.6,0.4,1.4,2.3,8.5)
(1984,10,James Bailey,PF,26,HOU,73,0,16.1,3.5,7.1,.491,0.0,0.0,.000,3.5,7.1,.492,.491,1.9,2.6,.719,1.4,2.6,4.0,1.1,0.5,0.5,1.4,2.7,8.8)
(1984,14,Dave Batton,C,27,SAS,4,0,7.8,1.3,2.5,.500,0.0,0.0,,1.3,2.5,.500,.500,0.0,0.0,,0.3,0.8,1.0,0.8,0.0,0.8,1.0,1.3,2.5)
(1984,18,Rolando Blackman,SG,24,DAL,81,81,37.3,8.9,16.3,.546,0.0,0.1,.091,8.9,16.2,.550,.547,4.6,5.7,.812,1.5,3.1,4.6,3.6,0.7,0.5,2.1,1.6,22.4)
(1984,21,Mike Bratz,PG,28,GSW,82,0,17.4,2.6,6.4,.409,0.2,0.6,.294,2.4,5.7,.421,.423,1.5,1.7,.876,0.5,1.2,1.7,3.1,1.0,0.1,1.3,1.9,6.8)
(1984,25,Michael Brooks,SF,25,SDC,47,30,29.9,4.5,9.5,.479,0.0,0.1,.000,4.5,9.4,.484,.479,2.2,3.2,.689,3.0,4.3,7.3,1.9,1.1,0.3,1.7,2.7,11.3)
(1984,29,Quinn Buckner,PG,29,BOS,79,0,15.8,1.7,4.1,.427,0.0,0.1,.000,1.7,4.0,.435,.427,0.6,0.9,.649,0.5,1.2,1.7,2.7,1.1,0.0,1.3,2.4,4.1)
(1984,33,Joe Barry Carroll,C,25,GSW,80,80,37.0,8.3,17.4,.477,0.0,0.0,.000,8.3,17.4,.477,.477,3.9,5.4,.723,2.9,5.0,8.0,2.5,1.3,1.8,3.4,3.1,20.5)
(1984,37,Harvey Catchings,PF,32,MIL,69,3,16.8,0.9,2.2,.399,0.0,0.0,.000,0.9,2.2,.401,.399,0.3,0.6,.524,1.3,2.6,3.9,0.6,0.4,1.2,0.8,2.5,2.1)
(1984,Rk,Player,Pos,Age,Tm,G,GS,MP,FG,FGA,FG%,3P,3PA,3P%,2P,2PA,2P%,eFG%,FT,FTA,FT%,ORB,DRB,TRB,AST,STL,BLK,TOV,PF,PTS)
(1984,44,Darwin Cook,PG,25,NJN,82,31,22.8,3.7,8.4,.443,0.1,0.6,.239,3.6,7.8,.457,.451,1.2,1.5,.754,0.6,1.3,1.9,4.3,2.0,0.4,1.7,2.2,8.7)
(1984,48,Dave Corzine,C,27,CHI,82,82,32.6,4.7,10.0,.467,0.0,0.1,.333,4.7,9.9,.469,.469,2.8,3.4,.840,2.1,5.0,7.0,2.5,0.7,1.5,2.1,2.8,12.2)
(1984,52,Pat Cummings,PF,27,DAL,80,80,31.2,5.7,11.4,.494,0.0,0.0,.000,5.7,11.4,.495,.494,1.8,2.4,.742,1.9,6.3,8.2,2.0,0.8,0.3,1.8,3.5,13.1)
(1984,56,Adrian Dantley*,SF,27,UTA,79,79,37.8,10.2,18.2,.558,0.0,0.1,.250,10.1,18.2,.559,.558,10.3,12.0,.859,2.3,3.4,5.7,3.9,0.8,0.1,3.3,2.5,30.6)
(1984,60,Walter Davis,SG,29,PHO,78,70,32.6,8.4,16.3,.512,0.3,1.1,.230,8.1,15.2,.532,.520,3.0,3.5,.863,0.5,2.1,2.6,5.5,1.4,0.2,2.7,2.6,20.0)
(1984,63,Kenny Dennard,PF,25,DEN,43,0,9.6,0.8,2.3,.364,0.1,0.2,.300,0.8,2.1,.371,.379,0.3,0.6,.625,0.9,1.5,2.3,1.0,0.5,0.2,0.7,1.9,2.1)
(1984,67,Clyde Drexler*,SG,21,POR,82,3,17.2,3.1,6.8,.451,0.0,0.0,.250,3.1,6.8,.452,.452,1.5,2.1,.728,1.4,1.5,2.9,1.9,1.3,0.4,1.5,2.5,7.7)
(1984,71,Jerry Eaves,PG,24,UTA,80,1,12.9,1.7,3.7,.451,0.0,0.1,.000,1.7,3.6,.460,.451,1.2,1.7,.697,0.4,0.7,1.1,2.5,0.4,0.1,1.2,1.1,4.5)
(1984,75,Craig Ehlo,SG,22,HOU,7,0,9.0,1.6,3.9,.407,0.0,0.0,,1.6,3.9,.407,.407,0.1,0.1,1.000,0.6,0.7,1.3,0.9,0.4,0.0,0.4,1.9,3.3)
(1984,79,Alex English*,SF,30,DEN,82,77,35.0,11.1,20.9,.529,0.0,0.1,.143,11.0,20.8,.531,.529,4.3,5.2,.824,2.6,3.0,5.7,5.0,1.0,1.2,2.7,3.1,26.4)
(1984,82,Eric Fernsten,PF,30,NYK,32,0,12.6,0.9,1.6,.558,0.0,0.0,,0.9,1.6,.558,.558,0.8,1.1,.735,0.9,1.8,2.7,0.3,0.5,0.3,0.6,1.5,2.6)
(1984,86,World B. Free,SG,30,CLE,75,71,31.7,8.3,18.8,.445,0.3,0.9,.319,8.1,17.8,.451,.453,5.3,6.7,.784,1.2,1.7,2.9,3.0,1.3,0.1,2.1,2.9,22.3)
(1984,90,George Gervin*,SG,31,SAS,76,76,34.0,10.1,20.5,.490,0.1,0.3,.417,9.9,20.2,.491,.493,5.6,6.7,.842,1.4,2.7,4.1,2.9,1.0,0.6,2.9,2.9,25.9)
(1984,94,Mike Gminski,C,24,NJN,82,2,20.2,2.9,5.6,.513,0.0,0.0,.000,2.9,5.6,.516,.513,1.8,2.2,.799,2.0,3.3,5.3,1.1,0.5,0.9,1.5,2.0,7.6)
(1984,98,Dave Greenwood,PF,26,CHI,78,76,34.8,4.7,9.7,.490,0.0,0.0,.000,4.7,9.6,.491,.490,2.7,3.7,.737,2.7,7.3,10.1,1.8,0.9,0.9,1.9,3.4,12.2)
(1984,101,Ernie Grunfeld,SG,28,NYK,76,6,14.7,2.2,4.8,.459,0.0,0.1,.222,2.2,4.6,.465,.461,0.8,1.1,.771,0.3,1.3,1.6,1.4,0.6,0.1,0.9,2.0,5.2)
(1984,105,Scott Hastings,PF,23,ATL,68,8,16.7,1.6,3.5,.468,0.0,0.1,.250,1.6,3.4,.472,.470,1.2,1.5,.788,1.4,2.6,4.0,0.7,0.6,0.5,1.0,3.2,4.5)
(1984,109,Gerald Henderson,PG,28,BOS,78,78,26.8,4.8,9.2,.524,0.3,0.7,.351,4.6,8.5,.539,.538,1.7,2.3,.768,0.9,1.0,1.9,3.8,1.5,0.2,2.1,2.7,11.6)
(1984,113,Roy Hinson,SF,22,CLE,80,61,23.2,2.3,4.6,.496,0.0,0.0,,2.3,4.6,.496,.496,0.9,1.5,.590,2.2,4.1,6.2,0.9,0.4,1.8,1.4,3.8,5.5)
(1984,117,Geoff Huston,PG,26,CLE,77,56,26.5,4.5,9.1,.498,0.0,0.1,.182,4.5,8.9,.503,.499,1.4,2.0,.714,0.4,0.8,1.2,5.4,0.5,0.0,1.9,1.6,10.5)
(1984,Rk,Player,Pos,Age,Tm,G,GS,MP,FG,FGA,FG%,3P,3PA,3P%,2P,2PA,2P%,eFG%,FT,FTA,FT%,ORB,DRB,TRB,AST,STL,BLK,TOV,PF,PTS)
(1984,124,Eddie Johnson,SG,28,ATL,67,43,28.3,5.3,11.9,.442,0.2,0.6,.372,5.0,11.3,.446,.452,2.4,3.2,.770,0.5,1.7,2.2,5.6,0.9,0.1,2.6,2.3,13.2)
(1984,128,Magic Johnson*,PG,24,LAL,67,66,38.3,6.6,11.6,.565,0.1,0.4,.207,6.5,11.2,.579,.569,4.3,5.3,.810,1.5,5.9,7.3,13.1,2.2,0.7,4.6,2.5,17.6)
(1984,132,Steve Johnson,C,26,TOT,81,21,18.4,3.7,6.7,.559,0.0,0.0,,3.7,6.7,.559,.559,2.0,3.5,.575,2.0,3.2,5.2,1.0,0.5,0.9,2.0,3.8,9.5)
(1984,136,Charles Jones,PF,26,PHI,1,0,3.0,0.0,1.0,.000,0.0,0.0,,0.0,1.0,.000,.000,1.0,4.0,.250,0.0,0.0,0.0,0.0,0.0,0.0,0.0,1.0,1.0)
(1984,140,Mark Jones,PG,22,NJN,6,0,2.7,0.5,1.0,.500,0.0,0.2,.000,0.5,0.8,.600,.500,0.2,0.3,.500,0.3,0.0,0.3,0.8,0.0,0.0,0.3,0.3,1.2)
(1984,143,Clark Kellogg,PF,22,IND,79,79,33.9,7.8,15.1,.519,0.1,0.3,.333,7.7,14.8,.522,.522,3.3,4.3,.768,2.9,6.2,9.1,3.0,1.5,0.4,2.8,3.1,19.1)
(1984,147,Reggie King,SF,26,SEA,77,42,27.1,3.0,5.8,.520,0.0,0.0,.000,3.0,5.8,.522,.520,1.8,2.7,.660,1.7,4.4,6.1,2.3,0.7,0.3,1.6,2.1,7.8)
(1984,151,Bruce Kuczenski,PF,22,TOT,15,2,7.9,0.7,2.5,.270,0.0,0.0,,0.7,2.5,.270,.270,0.5,0.8,.667,0.5,1.1,1.5,0.5,0.1,0.1,1.0,1.2,1.9)
(1984,155,Mark Landsberger,PF,28,ATL,35,0,9.6,0.5,1.5,.373,0.0,0.0,,0.5,1.5,.373,.373,0.4,0.7,.577,1.2,2.2,3.4,0.3,0.2,0.1,0.6,0.9,1.5)
(1984,158,Ronnie Lester,PG,25,CHI,43,3,16.0,1.8,4.4,.415,0.0,0.1,.200,1.8,4.3,.421,.418,1.7,2.0,.862,0.5,0.6,1.1,3.9,0.7,0.1,1.7,1.4,5.4)
(1984,161,Steve Lingenfelter,PF,25,SAS,3,0,4.7,0.3,0.3,1.000,0.0,0.0,,0.3,0.3,1.000,1.000,0.0,0.7,.000,1.0,0.3,1.3,0.3,0.0,0.0,0.3,2.0,0.7)
(1984,165,Kevin Loder,SF,24,TOT,11,0,12.5,1.7,3.9,.442,0.1,0.3,.333,1.6,3.6,.450,.453,0.8,1.2,.692,0.6,1.0,1.6,1.3,0.3,0.5,1.0,1.5,4.4)
(1984,169,Maurice Lucas,PF,31,PHO,75,69,30.8,6.0,12.1,.497,0.0,0.1,.000,6.0,12.0,.499,.497,3.9,5.1,.765,2.8,6.9,9.7,2.7,0.7,0.5,2.4,3.1,15.9)
(1984,173,Jeff Malone,SG,22,WSB,81,2,24.4,5.0,11.3,.444,0.3,0.9,.324,4.7,10.4,.455,.458,1.8,2.1,.826,0.7,1.2,1.9,1.9,0.3,0.2,1.4,2.0,12.1)
(1984,177,Cedric Maxwell,SF,28,BOS,80,78,31.3,4.0,7.5,.532,0.0,0.1,.167,4.0,7.4,.536,.533,4.0,5.3,.753,2.5,3.3,5.8,2.6,0.8,0.3,2.5,2.8,11.9)
(1984,Rk,Player,Pos,Age,Tm,G,GS,MP,FG,FGA,FG%,3P,3PA,3P%,2P,2PA,2P%,eFG%,FT,FTA,FT%,ORB,DRB,TRB,AST,STL,BLK,TOV,PF,PTS)
(1984,184,Kevin McKenna,SG,25,IND,61,13,15.1,2.5,6.1,.410,0.0,0.3,.176,2.4,5.8,.421,.414,1.3,1.6,.816,0.5,1.1,1.6,1.9,0.8,0.1,1.0,2.2,6.3)
(1984,188,Joe Meriweather,C,30,KCK,73,31,20.6,2.6,5.0,.532,0.0,0.0,,2.6,5.0,.532,.532,1.3,1.7,.764,1.5,3.3,4.8,0.7,0.5,0.8,1.1,3.4,6.6)
(1984,192,Paul Mokeski,C,27,MIL,68,4,12.3,1.5,3.1,.479,0.0,0.0,.333,1.5,3.1,.481,.481,0.7,1.1,.694,0.8,1.7,2.4,0.6,0.2,0.4,0.6,2.5,3.8)
(1984,196,Swen Nater,C,34,LAL,69,0,12.0,1.8,3.7,.490,0.0,0.0,.000,1.8,3.7,.492,.490,0.9,1.3,.692,1.2,2.7,3.8,0.4,0.4,0.1,1.0,2.2,4.5)
(1984,200,Norm Nixon,PG,28,SDC,82,82,37.2,7.2,15.5,.462,0.1,0.6,.239,7.0,14.9,.471,.467,2.5,3.3,.760,0.7,1.8,2.5,11.1,1.1,0.0,3.1,2.2,17.0)
(1984,203,Mark Olberding,PF,27,KCK,81,81,26.7,3.1,6.2,.494,0.0,0.0,.000,3.1,6.2,.495,.494,3.2,3.9,.821,1.5,4.0,5.5,2.4,0.6,0.3,2.0,3.6,9.4)
(1984,207,Billy Paultz,C,35,ATL,40,4,12.2,0.9,2.2,.409,0.0,0.0,,0.9,2.2,.409,.409,0.4,0.8,.515,0.9,2.0,2.8,0.5,0.2,0.2,0.6,1.4,2.2)
(1984,211,Ricky Pierce,SG,24,SDC,69,35,18.6,3.9,8.3,.470,0.0,0.1,.000,3.9,8.1,.478,.470,2.2,2.5,.861,0.9,1.1,2.0,0.9,0.4,0.2,1.2,2.1,9.9)
(1984,215,Ben Poquette,PF,28,CLE,51,4,16.8,1.5,3.4,.439,0.0,0.1,.200,1.5,3.3,.446,.442,0.7,0.8,.791,1.1,2.5,3.6,1.0,0.4,0.6,0.5,2.2,3.6)
(1984,219,Leo Rautins,SF,23,PHI,28,3,7.0,0.8,2.1,.362,0.0,0.0,,0.8,2.1,.362,.362,0.2,0.4,.600,0.3,0.9,1.2,1.0,0.3,0.1,0.7,1.1,1.7)
(1984,222,Micheal Ray Richardson,PG,28,NJN,48,25,26.8,5.1,11.0,.460,0.3,1.2,.241,4.8,9.8,.487,.473,1.6,2.3,.704,1.2,2.4,3.6,4.5,2.1,0.4,2.5,3.3,12.0)
(1984,226,Rick Robey,C,28,PHO,61,4,14.0,2.3,4.2,.545,0.0,0.0,1.000,2.3,4.2,.543,.547,1.0,1.4,.693,1.3,1.9,3.2,1.1,0.3,0.2,1.3,2.0,5.6)
(1984,230,Tree Rollins,C,28,ATL,77,76,30.5,3.6,6.9,.518,0.0,0.0,,3.6,6.9,.518,.518,1.5,2.5,.621,2.6,5.1,7.7,0.8,0.5,3.6,1.3,3.9,8.6)
(1984,234,Walker Russell,PG,23,DET,16,0,7.4,0.9,2.6,.333,0.1,0.1,.500,0.8,2.5,.325,.345,0.8,0.8,.923,0.4,0.8,1.2,1.4,0.3,0.0,0.6,1.6,2.6)
(1984,238,Danny Schayes,C,24,DEN,82,15,17.3,2.2,4.5,.493,0.0,0.0,.000,2.2,4.5,.496,.493,2.6,3.3,.790,1.8,3.5,5.3,1.1,0.4,0.7,1.5,3.8,7.1)
(1984,241,Lonnie Shelton,PF,28,CLE,79,78,26.6,4.7,9.9,.476,0.0,0.1,.200,4.7,9.8,.478,.477,1.4,1.8,.764,1.8,3.1,4.8,2.3,1.0,0.7,2.1,3.5,10.8)
(1984,245,Derek Smith,SG,22,SDC,61,20,21.3,3.9,7.1,.546,0.0,0.1,.167,3.9,7.0,.551,.547,2.0,2.7,.755,0.9,1.9,2.8,1.3,0.5,0.4,1.3,2.7,9.8)
(1984,249,Rory Sparrow,PG,25,NYK,79,74,30.8,4.4,9.3,.474,0.1,0.5,.256,4.3,8.8,.486,.481,1.4,1.7,.824,0.6,1.8,2.4,6.8,1.3,0.1,2.7,2.9,10.4)
(1984,253,Jon Sundvold,PG,22,SEA,73,2,17.6,3.0,6.7,.445,0.1,0.5,.243,2.8,6.2,.461,.454,0.9,1.0,.889,0.3,0.9,1.2,3.3,0.4,0.0,1.1,1.1,6.9)
(1984,257,David Thirdkill,SF,23,DET,46,0,6.3,0.7,1.6,.431,0.0,0.0,.000,0.7,1.5,.437,.431,0.3,0.7,.484,0.2,0.5,0.7,0.6,0.2,0.1,0.4,1.0,1.7)
(1984,Rk,Player,Pos,Age,Tm,G,GS,MP,FG,FGA,FG%,3P,3PA,3P%,2P,2PA,2P%,eFG%,FT,FTA,FT%,ORB,DRB,TRB,AST,STL,BLK,TOV,PF,PTS)
(1984,264,Sedale Threatt,PG,22,PHI,45,0,10.3,1.4,3.3,.419,0.0,0.2,.125,1.4,3.1,.436,.422,0.5,0.6,.821,0.4,0.5,0.9,0.9,0.3,0.0,0.7,1.4,3.3)
(1984,268,Linton Townes,SF,24,TOT,4,0,4.8,1.0,2.0,.500,0.0,0.0,,1.0,2.0,.500,.500,0.0,0.0,,0.0,0.3,0.3,0.3,0.3,0.5,0.3,1.0,2.0)
(1984,272,Terry Tyler,SF,27,DET,82,7,19.5,3.8,8.4,.453,0.0,0.2,.154,3.8,8.3,.459,.454,1.1,1.6,.712,1.3,2.2,3.5,0.9,0.8,0.7,1.0,1.8,8.8)
(1984,276,Jay Vincent,SF,24,DAL,61,5,23.3,4.1,9.5,.435,0.0,0.0,.000,4.1,9.5,.436,.435,2.8,3.5,.781,1.3,2.7,4.0,1.9,0.5,0.2,1.9,2.6,11.0)
(1984,280,Foots Walker,PG,32,NJN,34,0,11.1,0.9,2.6,.356,0.1,0.1,.400,0.9,2.5,.353,.367,0.7,0.8,.889,0.2,0.7,0.9,2.4,0.6,0.1,0.9,1.1,2.6)
(1984,283,Bryan Warrick,PG,24,WSB,32,0,7.9,0.8,2.1,.409,0.0,0.1,.333,0.8,2.0,.413,.417,0.3,0.5,.500,0.2,0.5,0.7,1.3,0.3,0.1,0.6,1.2,2.0)
(1984,287,Mark West,C,23,DAL,34,0,5.9,0.4,1.2,.357,0.0,0.0,,0.4,1.2,.357,.357,0.2,0.6,.318,0.6,0.8,1.4,0.4,0.0,0.4,0.4,1.6,1.1)
(1984,291,Jerome Whitehead,C,27,SDC,70,1,13.2,2.1,4.2,.490,0.0,0.0,,2.1,4.2,.490,.490,1.3,1.5,.822,1.3,2.2,3.5,0.3,0.2,0.2,0.8,2.3,5.4)
(1984,295,Jeff Wilkins,C,28,UTA,81,1,21.4,3.1,6.4,.479,0.0,0.0,.000,3.1,6.4,.482,.479,1.7,2.2,.736,1.3,4.3,5.6,0.9,0.3,0.5,1.3,2.5,7.8)
(1984,299,Kevin Williams,SG,22,SAS,19,0,10.5,1.3,3.1,.431,0.0,0.1,.000,1.3,3.0,.439,.431,1.3,1.7,.781,0.2,0.5,0.7,2.3,0.4,0.2,1.2,2.2,3.9)
(1984,302,Sam Williams,PF,24,TOT,77,12,18.6,2.6,5.6,.473,0.0,0.0,.000,2.6,5.6,.474,.473,1.2,1.8,.657,1.6,2.8,4.4,0.8,0.9,1.4,1.3,2.7,6.5)
(1984,306,Randy Wittman,SG,24,ATL,78,1,13.7,2.1,4.1,.503,0.0,0.1,.400,2.0,4.0,.505,.506,0.4,0.6,.609,0.2,0.7,0.9,0.9,0.2,0.0,0.4,1.1,4.5)
(1984,310,James Worthy*,PF,22,LAL,82,53,29.5,6.0,10.9,.556,0.0,0.1,.000,6.0,10.8,.560,.556,2.4,3.1,.759,1.9,4.4,6.3,2.5,0.9,0.9,2.2,3.0,14.5)
