(1984,Rk,Player,Pos,Age,Tm,G,GS,MP,FG,FGA,FG%,3P,3PA,3P%,2P,2PA,2P%,eFG%,FT,FTA,FT%,ORB,DRB,TRB,AST,STL,BLK,TOV,PF,PTS)
(1984,4,Danny Ainge,SG,24,BOS,71,3,16.3,2.3,5.1,.460,0.1,0.3,.273,2.3,4.8,.472,.468,0.6,0.8,.821,0.4,1.2,1.6,2.3,0.6,0.1,1.0,2.0,5.4)
(1984,8,Ken Austin,SF,22,DET,7,0,4.0,0.9,1.9,.462,0.0,0.0,,0.9,1.9,.462,.462,0.0,0.0,,0.3,0.1,0.4,0.1,0.1,0.1,0.4,1.0,1.7)
(1984,12,Greg Ballard,SF,29,WSB,82,82,32.9,6.2,12.9,.481,0.0,0.2,.133,6.2,12.8,.486,.482,2.0,2.5,.798,1.7,4.2,6.0,3.5,1.1,0.4,1.7,2.6,14.5)
(1984,16,Larry Bird*,PF,27,BOS,79,77,38.3,9.6,19.5,.492,0.2,0.9,.247,9.4,18.6,.504,.497,4.7,5.3,.888,2.3,7.8,10.1,6.6,1.8,0.9,3.0,2.5,24.2)
(1984,20,Charles Bradley,SG,24,SEA,8,0,4.9,0.4,0.9,.429,0.0,0.0,,0.4,0.9,.429,.429,0.6,0.9,.714,0.0,0.4,0.4,0.6,0.0,0.1,1.0,0.8,1.4)
(1984,23,Ron Brewer,SG,28,TOT,53,8,18.7,3.4,7.6,.444,0.1,0.3,.214,3.3,7.3,.452,.448,1.0,1.3,.776,0.4,0.8,1.2,0.9,0.5,0.4,0.8,1.2,7.8)
(1984,27,Rickey Brown,C,25,ATL,68,3,11.5,1.4,3.0,.468,0.0,0.0,,1.4,3.0,.468,.468,0.7,1.0,.738,1.0,1.7,2.7,0.4,0.3,0.3,0.8,2.4,3.5)
(1984,31,Kenny Carr,PF,28,POR,82,57,29.9,6.3,11.3,.561,0.0,0.1,.000,6.3,11.2,.564,.561,3.0,4.5,.673,2.5,5.3,7.8,1.9,0.8,0.4,2.5,3.3,15.6)
(1984,35,Howard Carter,SG,22,DEN,55,5,12.5,2.6,5.7,.459,0.1,0.3,.263,2.5,5.4,.471,.467,0.9,1.1,.770,0.7,0.9,1.6,1.3,0.3,0.1,0.8,1.5,6.2)
(1984,39,Maurice Cheeks,PG,27,PHI,75,75,33.3,5.1,9.4,.550,0.1,0.3,.400,5.0,9.1,.554,.556,2.3,3.1,.733,0.6,2.1,2.7,6.4,2.3,0.3,2.4,2.6,12.7)
(1984,42,Leroy Combs,SF,23,IND,48,0,9.3,1.7,3.4,.497,0.0,0.1,.000,1.7,3.3,.506,.497,1.2,1.9,.615,0.4,0.8,1.2,0.8,0.5,0.4,1.0,1.0,4.5)
(1984,46,Michael Cooper,SG,27,LAL,82,9,29.1,3.3,6.7,.497,0.5,1.5,.314,2.9,5.2,.549,.532,1.9,2.3,.838,0.6,2.5,3.2,5.9,1.4,0.8,1.8,3.3,9.0)
(1984,50,Geoff Crompton,C,28,CLE,7,0,3.3,0.1,1.1,.125,0.0,0.0,,0.1,1.1,.125,.125,0.4,0.9,.500,0.9,0.4,1.3,0.1,0.1,0.1,0.6,0.6,0.7)
(1984,54,Earl Cureton,C,26,DET,73,0,12.4,1.1,2.4,.458,0.0,0.0,.000,1.1,2.4,.460,.458,0.4,0.8,.525,1.2,2.8,3.9,0.5,0.3,0.4,0.8,2.0,2.6)
(1984,58,Charles Davis,SF,25,WSB,46,0,10.2,2.2,4.7,.472,0.0,0.2,.111,2.2,4.5,.488,.475,0.5,0.8,.615,0.7,1.5,2.2,0.7,0.3,0.2,0.8,1.3,5.0)
(1984,61,Darryl Dawkins,C,27,NJN,81,80,29.8,6.3,10.6,.593,0.0,0.1,.400,6.2,10.5,.594,.594,4.2,5.7,.735,2.0,4.7,6.7,1.5,0.7,1.7,2.9,4.8,16.8)
(1984,65,John Drew,SF,29,UTA,81,4,22.2,6.3,13.2,.479,0.1,0.3,.273,6.2,12.9,.483,.482,5.0,6.4,.778,1.8,2.4,4.2,1.7,1.1,0.0,2.4,2.6,17.7)
(1984,69,T.R. Dunn,SG,28,DEN,80,74,33.8,2.2,4.6,.470,0.0,0.0,.000,2.2,4.6,.472,.470,1.3,1.8,.731,2.4,4.7,7.2,2.9,2.2,0.4,1.2,2.9,5.7)
(1984,73,Franklin Edwards,PG,24,PHI,60,0,10.9,1.4,3.7,.380,0.0,0.0,.000,1.4,3.7,.382,.380,0.6,0.8,.708,0.2,0.8,1.0,1.5,0.5,0.1,0.8,1.3,3.4)
(1984,77,Len Elmore,PF,31,NYK,65,5,12.8,1.0,2.4,.408,0.0,0.0,,1.0,2.4,.408,.408,0.4,0.6,.711,1.0,1.6,2.5,0.5,0.4,0.5,0.7,2.4,2.4)
(1984,Rk,Player,Pos,Age,Tm,G,GS,MP,FG,FGA,FG%,3P,3PA,3P%,2P,2PA,2P%,eFG%,FT,FTA,FT%,ORB,DRB,TRB,AST,STL,BLK,TOV,PF,PTS)
(1984,84,Phil Ford,PG,27,HOU,81,55,24.9,2.9,5.8,.502,0.0,0.2,.133,2.9,5.6,.514,.504,1.2,1.4,.838,0.3,1.3,1.7,5.1,0.7,0.1,1.7,3.0,7.1)
(1984,88,Calvin Garrett,SF,27,LAL,41,0,11.7,1.9,3.7,.513,0.0,0.1,.333,1.9,3.6,.521,.520,0.7,1.0,.769,0.6,1.1,1.7,0.8,0.3,0.0,0.8,1.5,4.6)
(1984,92,Artis Gilmore*,C,34,SAS,64,59,31.8,5.5,8.7,.631,0.0,0.0,.000,5.5,8.6,.635,.631,4.4,6.1,.718,3.3,7.0,10.3,1.1,0.6,2.1,2.3,3.6,15.3)
(1984,96,Rickey Green,PG,29,UTA,81,81,34.2,5.4,11.2,.486,0.0,0.2,.118,5.4,11.0,.493,.487,2.4,2.9,.821,0.7,2.1,2.8,9.2,2.7,0.2,2.1,1.9,13.2)
(1984,100,Darrell Griffith,SG,25,UTA,82,82,32.3,8.5,17.4,.490,1.1,3.1,.361,7.4,14.3,.518,.522,1.8,2.6,.696,1.2,3.0,4.1,3.5,1.4,0.3,3.0,2.5,20.0)
(1984,103,Bill Hanzlik,SF,26,DEN,80,14,18.4,1.7,3.8,.431,0.0,0.2,.250,1.6,3.7,.439,.436,2.1,2.6,.807,0.8,1.7,2.6,3.2,0.9,0.2,1.4,3.2,5.4)
(1984,107,Elvin Hayes*,PF,38,HOU,81,4,12.3,2.0,4.8,.406,0.0,0.0,.000,2.0,4.8,.408,.406,1.1,1.6,.652,1.1,2.1,3.2,0.9,0.2,0.3,1.0,1.5,5.0)
(1984,111,Johnny High,PG,26,PHO,29,9,17.7,0.6,1.8,.346,0.0,0.1,.000,0.6,1.7,.360,.346,0.3,1.0,.345,0.6,1.7,2.3,1.8,1.4,0.4,1.3,2.9,1.6)
(1984,115,Lionel Hollins,PG,30,DET,32,0,6.8,0.8,2.0,.381,0.0,0.1,.000,0.8,1.9,.393,.381,0.3,0.4,.846,0.1,0.6,0.7,1.9,0.4,0.0,0.8,0.8,1.8)
(1984,119,Dan Issel*,C,35,DEN,76,66,27.3,7.5,15.2,.493,0.1,0.3,.211,7.4,14.9,.498,.495,4.8,5.6,.850,1.5,5.3,6.8,2.3,0.8,0.6,1.6,2.4,19.8)
(1984,122,Clemon Johnson,C,27,PHI,80,10,21.5,2.4,5.2,.468,0.0,0.0,,2.4,5.2,.468,.468,0.9,1.4,.611,1.6,3.3,5.0,0.7,0.4,0.8,1.2,2.6,5.7)
(1984,126,Frank Johnson,PG,25,WSB,82,81,32.8,4.8,10.2,.467,0.1,0.5,.256,4.6,9.7,.478,.473,2.3,3.1,.742,0.7,1.5,2.2,6.9,1.2,0.1,2.3,2.1,12.0)
(1984,130,Mickey Johnson,PF,31,GSW,78,25,27.2,4.6,10.9,.421,0.1,0.4,.172,4.5,10.6,.430,.424,4.3,5.5,.785,2.5,4.1,6.6,2.8,1.3,0.4,2.8,3.7,13.6)
(1984,134,Bobby Jones,PF,32,PHI,75,0,23.5,3.0,5.8,.523,0.0,0.0,.000,3.0,5.7,.524,.523,2.2,2.8,.784,1.2,3.1,4.3,2.5,1.4,1.4,1.3,2.7,8.3)
(1984,138,Hutch Jones,SF,24,SDC,4,0,4.5,0.0,0.8,.000,0.0,0.0,,0.0,0.8,.000,.000,0.3,1.0,.250,0.0,0.0,0.0,0.0,0.3,0.0,0.5,0.0,0.3)
(1984,141,Eddie Jordan,PG,29,TOT,16,0,13.1,1.1,3.1,.347,0.0,0.2,.000,1.1,2.9,.370,.347,0.5,0.8,.667,0.2,0.9,1.1,2.8,1.6,0.0,1.6,2.3,2.6)
(1984,145,Albert King,SF,24,NJN,79,53,26.6,5.9,12.0,.492,0.0,0.3,.136,5.8,11.7,.500,.493,2.9,3.7,.786,1.6,3.3,4.9,2.6,1.2,0.4,2.6,3.3,14.7)
(1984,149,Billy Knight,SF,31,KCK,75,39,25.1,4.8,9.7,.491,0.1,0.2,.286,4.7,9.5,.495,.494,3.2,3.8,.859,1.2,2.2,3.4,2.1,0.7,0.1,2.1,1.6,12.8)
(1984,153,Bill Laimbeer,C,26,DET,82,82,34.9,6.7,12.7,.530,0.0,0.1,.000,6.7,12.6,.535,.530,3.9,4.5,.866,4.0,8.2,12.2,1.8,0.6,1.0,1.8,3.3,17.3)
(1984,160,Cliff Levingston,PF,23,DET,80,24,21.8,2.9,5.5,.525,0.0,0.0,.000,2.9,5.4,.529,.525,1.6,2.3,.672,2.9,3.9,6.8,1.4,0.6,1.0,1.0,3.5,7.3)
(1984,163,Lewis Lloyd,SG,24,HOU,82,82,31.4,7.4,14.4,.516,0.0,0.2,.231,7.4,14.3,.519,.517,2.9,3.6,.789,1.6,2.0,3.6,3.9,1.2,0.5,3.0,2.6,17.8)
(1984,167,Sidney Lowe,PG,24,IND,78,2,15.9,1.4,3.3,.413,0.0,0.2,.111,1.3,3.1,.436,.417,1.4,1.8,.777,0.4,1.2,1.6,3.4,1.2,0.1,1.4,1.4,4.2)
(1984,171,Kyle Macy,PG,26,PHO,82,45,29.3,4.4,8.7,.501,0.3,0.9,.329,4.1,7.8,.519,.517,1.2,1.4,.833,0.6,1.7,2.3,4.3,1.5,0.1,1.4,2.2,10.1)
(1984,175,Pace Mannion,SF,23,GSW,57,0,8.2,0.9,2.2,.397,0.1,0.2,.231,0.8,2.0,.416,.409,0.3,0.4,.783,0.4,0.6,1.0,0.8,0.4,0.0,0.4,1.1,2.1)
(1984,179,Rodney McCray,SF,22,HOU,79,36,26.3,4.2,8.5,.499,0.0,0.1,.250,4.2,8.5,.500,.499,2.3,3.2,.731,2.2,3.5,5.7,2.2,0.7,0.7,1.5,2.6,10.8)
(1984,182,Mike McGee,SF,24,LAL,77,45,18.5,4.5,7.6,.594,0.0,0.2,.167,4.5,7.4,.603,.596,0.8,1.5,.540,1.5,1.0,2.5,1.1,0.6,0.1,1.4,2.3,9.8)
(1984,186,Tom McMillen,C,31,WSB,62,5,20.9,3.6,7.2,.497,0.0,0.1,.167,3.6,7.1,.501,.498,2.0,2.5,.814,1.0,2.2,3.2,1.2,0.2,0.3,1.1,2.6,9.2)
(1984,190,Bob Miller,PF,27,SAS,2,0,4.0,1.0,1.5,.667,0.0,0.0,,1.0,1.5,.667,.667,0.0,0.0,,1.0,1.5,2.5,0.5,0.0,0.5,0.0,2.5,2.0)
(1984,194,Johnny Moore,PG,25,SAS,59,42,28.0,3.9,8.8,.446,0.5,1.5,.322,3.4,7.3,.471,.473,1.8,2.4,.755,0.6,2.4,3.0,9.6,2.1,0.3,2.4,2.8,10.1)
(1984,198,Ed Nealy,PF,23,KCK,71,1,13.5,0.9,1.8,.500,0.0,0.0,,0.9,1.8,.500,.500,0.7,0.8,.800,1.0,2.1,3.1,0.7,0.6,0.1,0.5,1.9,2.5)
(1984,201,Audie Norris,C,23,POR,79,1,14.6,1.6,3.1,.504,0.0,0.0,,1.6,3.1,.504,.504,1.3,1.9,.698,1.0,2.2,3.3,1.0,0.4,0.4,1.4,2.9,4.5)
(1984,205,Louis Orr,SF,25,NYK,78,20,21.0,3.4,7.3,.458,0.0,0.0,,3.4,7.3,.458,.458,2.2,2.7,.820,1.3,1.6,2.9,0.8,0.8,0.2,1.2,1.8,8.9)
(1984,209,John Paxson,PG,23,SAS,49,0,9.3,1.2,2.8,.445,0.1,0.4,.182,1.2,2.3,.496,.460,0.3,0.5,.615,0.1,0.6,0.7,3.0,0.2,0.0,0.7,1.0,2.9)
(1984,213,Tom Piotrowski,C,23,POR,18,0,4.3,0.7,1.4,.462,0.0,0.0,,0.7,1.4,.462,.462,0.3,0.3,1.000,0.3,0.6,0.9,0.3,0.1,0.2,0.3,1.2,1.7)
(1984,217,Kurt Rambis,PF,25,LAL,47,31,15.8,1.3,2.4,.558,0.0,0.0,,1.3,2.4,.558,.558,0.9,1.4,.636,1.7,3.9,5.7,0.7,0.6,0.3,1.2,2.3,3.6)
(1984,Rk,Player,Pos,Age,Tm,G,GS,MP,FG,FGA,FG%,3P,3PA,3P%,2P,2PA,2P%,eFG%,FT,FTA,FT%,ORB,DRB,TRB,AST,STL,BLK,TOV,PF,PTS)
(1984,224,Anthony Roberts,SF,28,DEN,19,0,10.4,1.8,4.8,.374,0.0,0.0,,1.8,4.8,.374,.374,0.7,0.9,.722,1.1,1.6,2.7,0.7,0.3,0.1,0.9,2.3,4.3)
(1984,228,Truck Robinson,PF,32,NYK,65,63,32.8,4.4,8.9,.489,0.0,0.0,,4.4,8.9,.489,.489,2.0,3.2,.646,2.6,5.8,8.4,1.4,0.7,0.4,2.5,3.3,10.8)
(1984,232,Dan Roundfield,PF,30,ATL,73,72,35.8,6.9,14.2,.485,0.0,0.2,.000,6.9,14.1,.490,.485,5.1,6.7,.770,2.8,7.1,9.9,2.5,0.8,1.0,2.8,3.0,18.9)
(1984,236,Mike Sanders,SF,23,PHO,50,0,11.7,1.9,4.1,.478,0.0,0.0,,1.9,4.1,.478,.478,0.6,0.8,.690,0.8,1.3,2.1,0.9,0.5,0.2,0.9,2.0,4.5)
(1984,240,Byron Scott,SG,22,LAL,74,49,22.1,4.5,9.3,.484,0.1,0.5,.235,4.4,8.9,.497,.490,1.5,1.9,.806,0.7,1.5,2.2,2.4,1.1,0.3,1.6,2.4,10.6)
(1984,243,Jerry Sichting,PG,27,IND,80,80,31.2,5.0,9.3,.532,0.1,0.3,.300,4.9,9.1,.539,.536,1.5,1.7,.867,0.6,1.6,2.1,5.7,1.1,0.1,1.8,2.2,11.5)
(1984,247,Ricky Sobers,SG,31,WSB,81,81,32.4,6.3,13.8,.456,0.4,1.4,.261,5.9,12.4,.477,.469,2.7,3.3,.837,0.6,1.6,2.2,4.7,1.4,0.2,2.7,3.4,15.6)
(1984,251,Brook Steppe,SG,24,IND,61,13,14.0,2.4,5.1,.471,0.0,0.0,.000,2.4,5.1,.476,.471,2.2,2.6,.832,0.7,1.3,2.0,1.3,0.6,0.1,1.4,1.5,7.0)
(1984,255,Terry Teagle,SG,23,HOU,68,0,9.1,2.2,4.6,.470,0.1,0.4,.259,2.1,4.2,.490,.481,0.5,0.6,.841,0.4,0.7,1.1,0.9,0.2,0.1,0.9,1.2,5.0)
(1984,259,Jim Thomas,SG,23,IND,72,15,16.9,2.6,5.6,.464,0.0,0.2,.091,2.6,5.4,.474,.465,1.1,1.5,.727,0.8,1.3,2.1,1.8,0.8,0.1,1.0,1.6,6.3)
(1984,262,Mychal Thompson,C,29,POR,79,74,33.5,6.2,11.8,.524,0.0,0.0,.000,6.2,11.7,.525,.524,3.4,5.1,.667,3.0,5.7,8.7,3.9,1.1,1.4,3.0,3.0,15.7)
(1984,266,Ray Tolbert,PF,25,DET,49,0,9.7,1.3,2.5,.529,0.0,0.0,.000,1.3,2.4,.533,.529,0.5,0.9,.511,0.9,1.1,2.0,0.5,0.2,0.4,0.5,1.8,3.1)
(1984,270,Trent Tucker,SG,24,NYK,63,21,19.5,3.6,7.1,.500,0.1,0.3,.375,3.5,6.9,.505,.507,0.4,0.5,.758,0.7,1.4,2.1,2.2,1.0,0.1,0.9,2.0,7.6)
(1984,274,Kiki Vandeweghe,PF,25,DEN,78,71,35.1,11.5,20.6,.558,0.1,0.4,.367,11.3,20.2,.562,.562,6.3,7.4,.852,1.1,3.7,4.8,3.1,0.7,0.6,2.0,2.4,29.4)
(1984,278,Granville Waiters,C,23,IND,78,8,13.3,1.6,3.1,.517,0.0,0.0,.000,1.6,3.0,.519,.517,0.4,0.7,.608,0.8,2.1,2.9,0.8,0.3,1.1,0.8,2.1,3.6)
(1984,281,Wally Walker,SF,29,HOU,58,18,10.6,2.0,4.2,.490,0.0,0.1,.333,2.0,4.1,.494,.494,0.1,0.3,.333,0.4,1.1,1.6,0.9,0.3,0.1,0.6,1.1,4.2)
(1984,285,Scott Wedman,SF,31,BOS,68,5,13.5,2.2,4.9,.444,0.0,0.2,.154,2.1,4.7,.456,.447,0.4,0.5,.829,0.6,1.4,2.0,1.0,0.4,0.1,0.6,1.6,4.8)
(1984,289,Ennis Whatley,PG,21,CHI,80,73,27.0,3.3,7.0,.469,0.0,0.0,.000,3.3,6.9,.471,.469,1.8,2.5,.730,0.8,1.7,2.5,8.3,1.5,0.2,3.4,2.8,8.4)
(1984,293,Jamaal Wilkes*,SF,30,LAL,75,74,33.4,7.2,14.1,.514,0.0,0.1,.250,7.2,14.0,.516,.515,2.8,3.7,.743,1.7,2.8,4.5,2.9,1.0,0.5,1.8,2.7,17.3)
(1984,297,Gus Williams,PG,30,SEA,80,80,35.2,7.5,16.3,.458,0.1,0.3,.160,7.4,16.0,.464,.459,3.7,5.0,.750,0.8,1.7,2.6,8.4,2.4,0.3,2.9,1.9,18.7)
(1984,Rk,Player,Pos,Age,Tm,G,GS,MP,FG,FGA,FG%,3P,3PA,3P%,2P,2PA,2P%,eFG%,FT,FTA,FT%,ORB,DRB,TRB,AST,STL,BLK,TOV,PF,PTS)
(1984,304,Bill Willoughby,SF,26,NJN,67,2,14.0,1.9,3.9,.481,0.0,0.1,.000,1.9,3.7,.494,.481,0.8,0.9,.873,1.1,1.8,2.9,0.8,0.3,0.4,0.8,1.6,4.5)
(1984,308,Mike Woodson,SG,25,KCK,71,12,25.9,5.5,11.5,.477,0.0,0.1,.250,5.5,11.4,.479,.478,3.5,4.3,.818,0.9,1.6,2.5,2.5,1.2,0.4,1.6,2.5,14.5)
