(1973,3,Mahdi Abdul-Rahman,PG,30,TOT,55,,13.9,1.9,4.7,.418,,,,1.9,4.7,.418,.418,0.9,1.0,.825,,,1.6,2.3,,,,2.0,4.7)
(1973,7,Tiny Archibald*,PG,24,KCO,80,,46.0,12.9,26.3,.488,,,,12.9,26.3,.488,.488,8.3,9.8,.847,,,2.8,11.4,,,,2.6,34.0)
(1973,11,Rick Barry*,SF,28,GSW,82,,37.5,9.0,19.9,.452,,,,9.0,19.9,.452,.452,4.4,4.8,.902,,,8.9,4.9,,,,3.0,22.3)
(1973,15,Dave Bing*,PG,29,DET,82,,41.0,8.4,18.8,.448,,,,8.4,18.8,.448,.448,5.6,6.8,.814,,,3.6,7.8,,,,2.8,22.4)
(1973,19,Steve Bracey,PG,22,ATL,70,,15.0,2.7,5.6,.486,,,,2.7,5.6,.486,.486,1.0,1.6,.664,,,1.5,1.8,,,,1.8,6.5)
(1973,22,John Brisker,SF,25,SEA,70,,23.3,5.0,11.6,.435,,,,5.0,11.6,.435,.435,2.8,3.4,.822,,,4.6,2.1,,,,2.4,12.8)
(1973,26,Austin Carr,SG,24,CLE,82,,37.8,8.6,19.2,.446,,,,8.6,19.2,.446,.446,3.4,4.2,.822,,,4.5,3.4,,,,2.3,20.5)
(1973,30,Phil Chenier,SG,22,BAL,71,,39.1,8.5,18.8,.452,,,,8.5,18.8,.452,.452,2.7,3.4,.795,,,4.1,4.2,,,,2.3,19.7)
(1973,34,Barry Clemens,SF,29,CLE,72,,15.5,2.9,5.6,.516,,,,2.9,5.6,.516,.516,0.7,0.9,.779,,,2.9,1.6,,,,1.9,6.5)
(1973,38,Dick Cunningham,C,26,MIL,72,,9.6,0.9,2.2,.410,,,,0.9,2.2,.410,.410,0.4,0.7,.580,,,2.9,0.5,,,,1.3,2.2)
(1973,41,Charlie Davis,SG,23,TOT,75,,18.9,3.5,8.4,.417,,,,3.5,8.4,.417,.417,1.7,2.2,.774,,,1.5,2.5,,,,2.6,8.7)
(1973,45,Mike Davis,SG,26,BAL,13,,21.8,3.8,9.1,.424,,,,3.8,9.1,.424,.424,1.8,1.9,.920,,,2.7,1.5,,,,3.5,9.5)
(1973,49,Charles Dudley,PG,22,SEA,12,,8.3,0.8,1.9,.435,,,,0.8,1.9,.435,.435,1.2,1.3,.875,,,0.5,1.3,,,,1.3,2.8)
(1973,53,Scott English,SF,22,PHO,29,,6.8,1.2,3.2,.387,,,,1.2,3.2,.387,.387,0.7,1.0,.724,,,1.5,0.5,,,,1.3,3.2)
(1973,57,Fred Foster,SF,26,DET,63,,23.2,3.9,10.0,.388,,,,3.9,10.0,.388,.388,1.0,1.4,.701,,,2.9,1.5,,,,2.4,8.7)
(1973,Rk,Player,Pos,Age,Tm,G,GS,MP,FG,FGA,FG%,3P,3PA,3P%,2P,2PA,2P%,eFG%,FT,FTA,FT%,ORB,DRB,TRB,AST,STL,BLK,TOV,PF,PTS)
(1973,64,Dick Gibbs,SF,24,TOT,67,,11.0,1.2,3.3,.360,,,,1.2,3.3,.360,.360,0.7,0.9,.746,,,1.4,0.9,,,,1.7,3.1)
(1973,68,Johnny Green,PF,39,KCO,66,,18.9,2.9,4.8,.599,,,,2.9,4.8,.599,.599,1.3,2.0,.679,,,5.5,0.9,,,,2.8,7.1)
(1973,72,Gary Gregor,SF,27,MIL,9,,9.8,1.2,3.7,.333,,,,1.2,3.7,.333,.333,0.6,0.8,.714,,,3.6,1.0,,,,1.0,3.0)
(1973,76,Clem Haskins,SG,29,PHO,77,,20.5,4.4,9.5,.464,,,,4.4,9.5,.464,.464,1.7,2.0,.833,,,2.2,2.6,,,,1.9,10.5)
(1973,80,Spencer Haywood*,PF,23,SEA,77,,42.3,11.5,24.3,.476,,,,11.5,24.3,.476,.476,6.1,7.3,.839,,,12.9,2.5,,,,2.8,29.2)
(1973,83,Fred Hilton,SG,25,BUF,59,,12.4,3.2,8.4,.387,,,,3.2,8.4,.387,.387,0.7,0.9,.774,,,1.7,1.3,,,,1.7,7.2)
(1973,87,Charles Johnson,SG,23,GSW,70,,12.7,2.4,5.7,.428,,,,2.4,5.7,.428,.428,0.5,0.7,.717,,,1.9,1.7,,,,1.5,5.4)
(1973,91,John Johnson,SF,25,CLE,82,,34.3,6.0,13.9,.430,,,,6.0,13.9,.430,.430,2.4,3.3,.734,,,6.7,3.8,,,,3.0,14.4)
(1973,95,Toby Kimball,PF,30,KCO,67,,9.6,1.4,3.3,.436,,,,1.4,3.3,.436,.436,0.7,1.0,.657,,,2.9,0.4,,,,1.3,3.5)
(1973,99,Steve Kuberski,SF,25,BOS,78,,9.8,1.8,4.4,.403,,,,1.8,4.4,.403,.403,0.8,1.1,.774,,,2.5,0.3,,,,1.2,4.4)
(1973,102,Stu Lantz,SG,26,DET,51,,31.4,3.6,8.9,.407,,,,3.6,8.9,.407,.407,2.4,2.9,.800,,,3.4,2.7,,,,2.3,9.6)
(1973,106,Russ Lee,SF,23,MIL,46,,6.0,1.1,2.8,.386,,,,1.1,2.8,.386,.386,0.7,0.9,.744,,,0.9,0.8,,,,0.8,2.8)
(1973,111,Pete Maravich*,SG,25,ATL,79,,39.1,10.0,22.6,.441,,,,10.0,22.6,.441,.441,6.1,7.7,.800,,,4.4,6.9,,,,3.1,26.1)
(1973,115,Eddie Mast,PF,24,ATL,42,,10.6,1.2,2.8,.424,,,,1.2,2.8,.424,.424,0.5,0.7,.633,,,3.2,0.9,,,,1.2,2.8)
(1973,119,Jim McDaniels,C,24,SEA,68,,16.1,2.3,5.7,.399,,,,2.3,5.7,.399,.399,1.0,1.5,.700,,,5.1,1.1,,,,2.1,5.6)
(1973,122,Stan McKenzie,SF-SG,28,TOT,33,,8.9,1.5,3.6,.403,,,,1.5,3.6,.403,.403,0.9,1.1,.811,,,1.7,0.7,,,,1.3,3.8)
(1973,126,Dean Meminger,SG,24,NYK,80,,18.2,2.4,4.6,.515,,,,2.4,4.6,.515,.515,1.0,1.6,.628,,,2.9,1.7,,,,1.4,5.7)
(1973,130,Otto Moore,C,26,HOU,82,,33.1,5.1,10.5,.487,,,,5.1,10.5,.487,.487,1.5,2.6,.602,,,10.6,2.0,,,,2.9,11.7)
(1973,134,Bob Nash,SF,22,DET,36,,4.7,0.4,2.0,.222,,,,0.4,2.0,.222,.222,0.3,0.5,.647,,,0.9,0.4,,,,0.8,1.2)
(1973,138,Willie Norwood,SF,25,DET,79,,16.2,3.2,6.4,.494,,,,3.2,6.4,.494,.494,1.9,2.8,.684,,,4.1,0.7,,,,2.3,8.3)
(1973,141,Curtis Perry,PF,24,MIL,67,,31.3,4.0,8.6,.461,,,,4.0,8.6,.461,.461,1.2,1.9,.659,,,9.6,1.8,,,,3.7,9.1)
(1973,145,Bob Portman,SF,25,GSW,32,,5.5,1.0,2.2,.457,,,,1.0,2.2,.457,.457,0.6,0.8,.769,,,1.6,0.2,,,,0.5,2.6)
(1973,149,Mike Ratliff,C,21,KCO,58,,11.7,1.7,4.1,.417,,,,1.7,4.1,.417,.417,0.8,1.4,.536,,,3.3,0.7,,,,1.9,4.2)
(1973,153,Pat Riley*,SG,27,LAL,55,,14.6,3.0,7.1,.428,,,,3.0,7.1,.428,.428,1.2,1.5,.793,,,1.2,1.5,,,,2.3,7.3)
(1973,157,Rick Roberson,C,25,CLE,62,,34.3,5.0,11.4,.433,,,,5.0,11.4,.433,.433,2.7,4.7,.576,,,11.2,2.2,,,,4.0,12.6)
(1973,Rk,Player,Pos,Age,Tm,G,GS,MP,FG,FGA,FG%,3P,3PA,3P%,2P,2PA,2P%,eFG%,FT,FTA,FT%,ORB,DRB,TRB,AST,STL,BLK,TOV,PF,PTS)
(1973,164,Tom Sanders*,SF,34,BOS,59,,7.2,0.8,2.5,.315,,,,0.8,2.5,.315,.315,0.4,0.6,.657,,,1.5,0.5,,,,1.4,2.0)
(1973,168,Sam Sibert,PF,23,KCO,5,,5.2,0.8,2.6,.308,,,,0.8,2.6,.308,.308,0.8,1.0,.800,,,0.8,0.0,,,,0.8,2.4)
(1973,172,Elmore Smith,C,23,BUF,76,,37.2,7.9,16.4,.482,,,,7.9,16.4,.482,.482,2.5,4.4,.558,,,12.4,2.5,,,,3.9,18.3)
(1973,176,Dick Snyder,SG,28,SEA,82,,37.3,5.8,12.5,.463,,,,5.8,12.5,.463,.463,2.3,2.6,.861,,,3.9,3.8,,,,2.6,13.8)
(1973,180,Larry Steele,SG,23,POR,66,,19.7,2.4,5.0,.483,,,,2.4,5.0,.483,.483,1.1,1.3,.798,,,2.3,2.4,,,,2.7,5.9)
(1973,183,Justus Thigpen,SG,25,DET,18,,5.5,1.3,3.2,.404,,,,1.3,3.2,.404,.404,0.0,0.0,,,,0.5,0.4,,,,1.0,2.6)
(1973,187,John Trapp,SF,27,TOT,44,,20.2,3.9,9.5,.407,,,,3.9,9.5,.407,.407,2.0,2.8,.738,,,4.5,1.1,,,,3.4,9.8)
(1973,191,Wes Unseld*,C,26,BAL,79,,39.1,5.3,10.8,.493,,,,5.3,10.8,.493,.493,1.9,2.7,.703,,,15.9,4.4,,,,2.1,12.5)
(1973,195,Neal Walk,C,24,PHO,81,,38.4,8.4,18.0,.466,,,,8.4,18.0,.466,.466,3.4,4.4,.786,,,12.4,3.5,,,,4.0,20.2)
(1973,199,John Warren,SG,25,CLE,40,,7.3,1.4,2.8,.486,,,,1.4,2.8,.486,.486,0.5,0.5,.947,,,1.1,0.9,,,,1.1,3.2)
(1973,202,Walt Wesley,C,28,TOT,57,,8.3,1.4,3.5,.381,,,,1.4,3.5,.381,.381,0.5,0.8,.565,,,2.6,0.5,,,,1.4,3.2)
(1973,206,Jo Jo White*,PG,26,BOS,82,,39.6,8.7,20.3,.431,,,,8.7,20.3,.431,.431,2.2,2.8,.781,,,5.0,6.1,,,,2.3,19.7)
(1973,210,Nate Williams,SG,22,KCO,80,,24.7,5.2,10.9,.477,,,,5.2,10.9,.477,.477,1.3,1.7,.797,,,4.2,1.6,,,,3.4,11.8)
(1973,214,Dave Wohl,PG,23,TOT,78,,24.8,3.3,7.3,.447,,,,3.3,7.3,.447,.447,1.3,1.7,.774,,,1.4,4.2,,,,2.9,7.8)
