(1973,1,Zaid Abdul-Aziz,C,26,HOU,48,,18.8,3.1,7.8,.397,,,,3.1,7.8,.397,.397,2.5,3.4,.735,,,6.3,1.1,,,,2.3,8.7)
(1973,5,Rick Adelman,PG,26,POR,76,,24.0,2.8,6.9,.408,,,,2.8,6.9,.408,.408,1.0,1.3,.716,,,2.1,3.9,,,,2.0,6.6)
(1973,9,Dick Barnett,SG,36,NYK,51,,10.1,1.7,4.4,.389,,,,1.7,4.4,.389,.389,0.3,0.6,.533,,,0.8,1.0,,,,1.0,3.8)
(1973,13,Walt Bellamy*,C,33,ATL,74,,37.9,6.1,12.2,.505,,,,6.1,12.2,.505,.505,3.8,7.1,.538,,,13.0,2.4,,,,3.3,16.1)
(1973,17,Tom Boerwinkle,C,27,CHI,8,,22.0,1.1,3.0,.375,,,,1.1,3.0,.375,.375,1.5,2.5,.600,,,6.8,5.0,,,,2.8,3.8)
(1973,Rk,Player,Pos,Age,Tm,G,GS,MP,FG,FGA,FG%,3P,3PA,3P%,2P,2PA,2P%,eFG%,FT,FTA,FT%,ORB,DRB,TRB,AST,STL,BLK,TOV,PF,PTS)
(1973,24,Roger Brown,C,22,LAL,1,,5.0,0.0,0.0,,,,,0.0,0.0,,,1.0,3.0,.333,,,0.0,0.0,,,,1.0,1.0)
(1973,28,Wilt Chamberlain*,C,36,LAL,82,,43.2,5.2,7.1,.727,,,,5.2,7.1,.727,.727,2.8,5.5,.510,,,18.6,4.5,,,,2.3,13.2)
(1973,32,Archie Clark,PG,31,BAL,39,,37.9,7.7,15.3,.507,,,,7.7,15.3,.507,.507,2.8,3.5,.810,,,3.3,7.1,,,,2.8,18.3)
(1973,36,Dave Cowens*,C,24,BOS,82,,41.8,9.0,20.0,.452,,,,9.0,20.0,.452,.452,2.5,3.2,.779,,,16.2,4.1,,,,3.8,20.5)
(1973,40,Bob Davis,SF,22,POR,9,,4.6,0.7,3.1,.214,,,,0.7,3.1,.214,.214,0.4,0.7,.667,,,0.6,0.2,,,,0.6,1.8)
(1973,43,Jim Davis,C,31,DET,73,,10.6,1.8,3.5,.510,,,,1.8,3.5,.510,.510,1.0,1.6,.632,,,3.6,0.8,,,,1.7,4.6)
(1973,47,Terry Dischinger,SF,32,POR,63,,15.4,2.6,5.4,.476,,,,2.6,5.4,.476,.476,1.0,1.5,.667,,,3.0,1.6,,,,2.0,6.1)
(1973,51,Joe Ellis,PF,28,GSW,74,,14.2,2.7,6.6,.409,,,,2.7,6.6,.409,.409,0.9,1.3,.742,,,3.8,1.2,,,,1.9,6.3)
(1973,55,Hank Finkel,C,30,BOS,76,,6.5,1.0,2.3,.451,,,,1.0,2.3,.451,.451,0.4,0.7,.538,,,2.0,0.3,,,,1.1,2.4)
(1973,59,Jim Fox,C,29,SEA,74,,33.0,4.3,8.3,.515,,,,4.3,8.3,.515,.515,2.9,3.6,.808,,,11.2,2.4,,,,3.2,11.4)
(1973,62,Rowland Garrett,SF,22,CHI,35,,6.0,1.5,3.4,.441,,,,1.5,3.4,.441,.441,0.6,0.9,.677,,,1.7,0.2,,,,0.8,3.6)
(1973,66,Gail Goodrich*,SG,29,LAL,76,,35.5,9.9,21.3,.464,,,,9.9,21.3,.464,.464,4.1,4.9,.840,,,3.5,4.4,,,,2.5,23.9)
(1973,70,Luther Green,PF,26,PHI,5,,6.4,0.0,2.2,.000,,,,0.0,2.2,.000,.000,0.6,1.8,.333,,,0.6,0.0,,,,0.6,0.6)
(1973,74,Happy Hairston,PF,30,LAL,28,,33.5,5.6,11.7,.482,,,,5.6,11.7,.482,.482,5.0,6.4,.787,,,13.2,2.4,,,,2.8,16.3)
(1973,78,Connie Hawkins*,SF,30,PHO,75,,36.9,5.9,12.3,.479,,,,5.9,12.3,.479,.479,4.3,5.4,.797,,,8.5,4.1,,,,3.1,16.1)
(1973,81,Gar Heard,PF,24,TOT,81,,19.2,4.3,10.2,.425,,,,4.3,10.2,.425,.425,1.4,2.2,.652,,,5.6,0.7,,,,2.1,10.1)
(1973,85,John Hummer,PF,24,BUF,66,,23.4,3.1,7.0,.444,,,,3.1,7.0,.444,.444,1.7,3.1,.561,,,4.9,2.1,,,,2.8,8.0)
(1973,89,George Johnson,C,24,GSW,56,,6.2,0.7,1.8,.410,,,,0.7,1.8,.410,.410,0.1,0.3,.412,,,2.5,0.1,,,,0.7,1.6)
(1973,93,Wali Jones,SG,30,MIL,27,,15.5,2.2,5.4,.407,,,,2.2,5.4,.407,.407,0.6,0.7,.889,,,1.1,2.1,,,,1.4,5.0)
(1973,97,Don Kojis,SF,34,KCO,77,,16.1,3.6,7.5,.480,,,,3.6,7.5,.480,.480,1.4,1.8,.774,,,2.6,1.0,,,,1.7,8.5)
(1973,Rk,Player,Pos,Age,Tm,G,GS,MP,FG,FGA,FG%,3P,3PA,3P%,2P,2PA,2P%,eFG%,FT,FTA,FT%,ORB,DRB,TRB,AST,STL,BLK,TOV,PF,PTS)
(1973,104,Manny Leaks,C,27,PHI,82,,30.9,4.6,11.4,.404,,,,4.6,11.4,.404,.404,1.8,2.4,.720,,,8.3,1.2,,,,2.3,11.0)
(1973,108,Bob Love,PF,30,CHI,82,,37.0,9.4,21.9,.431,,,,9.4,21.9,.431,.431,4.2,5.1,.824,,,6.5,1.5,,,,2.9,23.1)
(1973,109,Stan Love,PF,23,BAL,72,,13.8,2.6,6.1,.436,,,,2.6,6.1,.436,.436,1.1,1.4,.790,,,4.2,0.6,,,,2.4,6.4)
(1973,113,Harvey Marlatt,SG,24,DET,7,,3.7,0.3,0.6,.500,,,,0.3,0.6,.500,.500,0.0,0.0,,,,0.1,0.6,,,,0.1,0.6)
(1973,117,Bob McAdoo*,PF,21,BUF,80,,32.0,7.3,16.2,.452,,,,7.3,16.2,.452,.452,3.4,4.4,.774,,,9.1,1.7,,,,3.2,18.0)
(1973,Rk,Player,Pos,Age,Tm,G,GS,MP,FG,FGA,FG%,3P,3PA,3P%,2P,2PA,2P%,eFG%,FT,FTA,FT%,ORB,DRB,TRB,AST,STL,BLK,TOV,PF,PTS)
(1973,124,Eric McWilliams,PF,22,HOU,44,,5.6,0.8,2.2,.347,,,,0.8,2.2,.347,.347,0.4,0.8,.486,,,1.4,0.1,,,,1.0,2.0)
(1973,128,Mark Minor,SF,22,BOS,4,,5.0,0.3,1.0,.250,,,,0.3,1.0,.250,.250,0.8,1.0,.750,,,1.0,0.5,,,,1.3,1.3)
(1973,132,Jeff Mullins,SG,30,GSW,81,,37.1,8.0,16.3,.493,,,,8.0,16.3,.493,.493,1.8,2.1,.831,,,4.5,4.2,,,,2.5,17.8)
(1973,136,Don Nelson*,SF,32,BOS,72,,19.8,4.3,9.0,.476,,,,4.3,9.0,.476,.476,2.2,2.6,.846,,,4.4,1.4,,,,2.2,10.8)
(1973,140,Tom Patterson,PF,24,BAL,23,,4.0,0.9,2.1,.429,,,,0.9,2.1,.429,.429,0.6,0.7,.813,,,1.0,0.1,,,,0.8,2.4)
(1973,143,Howard Porter,PF,24,CHI,43,,9.5,2.3,5.0,.452,,,,2.3,5.0,.452,.452,0.5,0.7,.759,,,2.7,0.4,,,,1.2,5.1)
(1973,147,Mike Price,SG,24,PHI,57,,13.2,2.2,5.3,.415,,,,2.2,5.3,.415,.415,0.7,0.8,.809,,,2.1,1.2,,,,1.9,5.1)
(1973,151,Willis Reed*,C,30,NYK,69,,27.2,4.8,10.2,.474,,,,4.8,10.2,.474,.474,1.3,1.8,.742,,,8.6,1.8,,,,3.0,11.0)
(1973,155,Rich Rinaldi,SG,23,BAL,33,,19.6,3.5,8.6,.408,,,,3.5,8.6,.408,.408,1.5,1.9,.750,,,2.1,1.5,,,,1.2,8.5)
(1973,159,Flynn Robinson,SG,31,TOT,44,,14.3,3.0,6.5,.462,,,,3.0,6.5,.462,.462,0.7,0.9,.821,,,1.4,1.9,,,,1.6,6.8)
(1973,162,Cazzie Russell,SF,28,GSW,80,,30.4,6.8,14.8,.458,,,,6.8,14.8,.458,.458,2.2,2.5,.864,,,4.4,2.3,,,,2.1,15.7)
(1973,166,Dale Schlueter,C,27,PHI,78,,14.6,2.1,4.1,.524,,,,2.1,4.1,.524,.524,1.1,1.6,.699,,,4.5,1.3,,,,2.1,5.4)
(1973,170,Jerry Sloan*,SG,30,CHI,69,,35.0,4.4,10.6,.411,,,,4.4,10.6,.411,.411,1.4,1.9,.707,,,6.9,2.2,,,,3.4,10.1)
(1973,174,Randy Smith,SG,24,BUF,82,,31.7,6.2,14.1,.443,,,,6.2,14.1,.443,.443,2.3,3.2,.727,,,4.8,5.1,,,,3.0,14.8)
(1973,178,Bud Stallworth,SF,23,SEA,77,,15.9,2.6,6.8,.379,,,,2.6,6.8,.379,.379,1.1,1.5,.754,,,2.9,0.8,,,,1.8,6.3)
(1973,181,Paul Stovall,SF,24,PHO,25,,8.4,1.0,3.0,.342,,,,1.0,3.0,.342,.342,1.0,1.5,.632,,,2.4,0.5,,,,1.5,3.0)
(1973,185,Rudy Tomjanovich,PF,24,HOU,81,,36.7,8.1,16.9,.478,,,,8.1,16.9,.478,.478,3.1,4.1,.746,,,11.6,2.2,,,,2.8,19.3)
(1973,189,John Tschogl,SF,22,ATL,10,,9.4,1.4,4.0,.350,,,,1.4,4.0,.350,.350,0.2,0.4,.500,,,2.1,0.6,,,,2.5,3.0)
(1973,193,Tom Van Arsdale,SF,29,TOT,79,,29.3,5.6,13.2,.427,,,,5.6,13.2,.427,.427,3.2,3.9,.812,,,4.5,1.9,,,,2.8,14.4)
(1973,197,Jimmy Walker,PG,28,HOU,81,,38.0,7.5,16.1,.465,,,,7.5,16.1,.465,.465,3.0,3.4,.884,,,3.3,5.5,,,,2.6,18.0)
(1973,Rk,Player,Pos,Age,Tm,G,GS,MP,FG,FGA,FG%,3P,3PA,3P%,2P,2PA,2P%,eFG%,FT,FTA,FT%,ORB,DRB,TRB,AST,STL,BLK,TOV,PF,PTS)
(1973,204,Paul Westphal,SG,22,BOS,60,,8.0,1.5,3.5,.420,,,,1.5,3.5,.420,.420,1.1,1.4,.779,,,1.1,1.2,,,,1.5,4.1)
(1973,208,Lenny Wilkens*,PG,35,CLE,75,,39.6,7.6,17.0,.449,,,,7.6,17.0,.449,.449,5.3,6.3,.828,,,4.6,8.4,,,,2.9,20.5)
(1973,212,Lee Winfield,PG,25,SEA,53,,20.0,2.7,6.3,.431,,,,2.7,6.3,.431,.431,1.2,2.0,.574,,,2.4,3.5,,,,1.7,6.6)
