(1973,Rk,Player,Pos,Age,Tm,G,GS,MP,FG,FGA,FG%,3P,3PA,3P%,2P,2PA,2P%,eFG%,FT,FTA,FT%,ORB,DRB,TRB,AST,STL,BLK,TOV,PF,PTS)
(1973,4,Don Adams,SF,25,TOT,74,,25.3,3.6,9.2,.391,,,,3.6,9.2,.391,.391,2.0,2.5,.788,,,6.0,1.6,,,,3.1,9.1)
(1973,8,Dennis Awtrey,C,24,TOT,82,,20.6,1.8,3.7,.479,,,,1.8,3.7,.479,.479,1.0,1.9,.562,,,5.5,2.7,,,,2.9,4.6)
(1973,12,Butch Beard,PG,25,SEA,73,,19.2,2.6,6.0,.439,,,,2.6,6.0,.439,.439,1.4,1.9,.714,,,2.4,3.4,,,,1.9,6.6)
(1973,16,John Block,PF,28,TOT,73,,28.0,5.4,12.1,.441,,,,5.4,12.1,.441,.441,4.1,5.2,.794,,,7.7,1.5,,,,3.3,14.8)
(1973,20,Bill Bradley*,SF,29,NYK,82,,36.6,7.0,15.3,.459,,,,7.0,15.3,.459,.459,2.1,2.4,.871,,,3.7,4.5,,,,3.3,16.1)
(1973,23,Fred Brown,SG,24,SEA,79,,29.4,6.0,13.1,.455,,,,6.0,13.1,.455,.455,1.5,1.9,.818,,,4.0,5.5,,,,2.9,13.5)
(1973,27,Fred Carter,SG,27,PHI,81,,37.0,8.4,19.9,.421,,,,8.4,19.9,.421,.421,3.2,4.5,.704,,,6.0,4.3,,,,3.1,20.0)
(1973,31,Bob Christian,C,26,ATL,55,,13.8,1.5,2.8,.548,,,,1.5,2.8,.548,.548,1.1,1.4,.759,,,5.5,0.9,,,,2.0,4.2)
(1973,35,Mel Counts,C,31,TOT,66,,10.0,2.0,4.5,.449,,,,2.0,4.5,.449,.449,0.6,0.9,.672,,,3.8,1.0,,,,1.6,4.6)
(1973,39,Bob Dandridge,SF,25,MIL,73,,39.1,8.7,18.5,.472,,,,8.7,18.5,.472,.472,2.7,3.4,.789,,,8.2,2.8,,,,3.8,20.2)
(1973,42,Dwight Davis,PF,23,CLE,81,,26.6,3.6,9.2,.392,,,,3.6,9.2,.392,.392,2.2,2.7,.793,,,7.0,1.5,,,,3.7,9.4)
(1973,46,Dave DeBusschere*,PF,32,NYK,77,,36.7,6.9,15.9,.435,,,,6.9,15.9,.435,.435,2.5,3.4,.746,,,10.2,3.4,,,,2.8,16.3)
(1973,50,Ken Durrett,SF,24,KCO,8,,8.1,1.0,2.6,.381,,,,1.0,2.6,.381,.381,0.8,1.0,.750,,,1.8,0.4,,,,2.0,2.8)
(1973,54,Keith Erickson,SF,28,LAL,76,,25.3,3.9,9.2,.430,,,,3.9,9.2,.430,.430,1.2,1.4,.809,,,4.4,3.2,,,,2.5,9.0)
(1973,58,Harold Fox,PG,23,BUF,10,,8.4,1.2,3.2,.375,,,,1.2,3.2,.375,.375,0.7,0.8,.875,,,0.8,1.0,,,,0.7,3.1)
(1973,61,Dick Garrett,SG,26,BUF,78,,23.1,4.4,10.4,.419,,,,4.4,10.4,.419,.419,1.2,1.4,.873,,,2.7,2.8,,,,2.8,10.0)
(1973,65,Herm Gilliam,PG,26,ATL,76,,36.1,6.2,13.3,.468,,,,6.2,13.3,.468,.468,1.6,2.0,.820,,,5.3,6.3,,,,3.4,14.0)
(1973,69,Lamar Green,PF,25,PHO,80,,25.6,2.8,6.5,.431,,,,2.8,6.5,.431,.431,1.1,1.5,.754,,,9.3,1.1,,,,3.3,6.7)
(1973,73,Matt Guokas,SG,28,KCO,79,,36.0,4.1,7.2,.570,,,,4.1,7.2,.570,.570,0.9,1.1,.822,,,3.1,5.1,,,,2.4,9.1)
(1973,77,John Havlicek*,SF,32,BOS,80,,42.1,9.6,21.3,.450,,,,9.6,21.3,.450,.450,4.6,5.4,.858,,,7.1,6.6,,,,2.4,23.8)
(1973,Rk,Player,Pos,Age,Tm,G,GS,MP,FG,FGA,FG%,3P,3PA,3P%,2P,2PA,2P%,eFG%,FT,FTA,FT%,ORB,DRB,TRB,AST,STL,BLK,TOV,PF,PTS)
(1973,84,Lou Hudson,SF,28,ATL,75,,40.4,10.9,22.8,.477,,,,10.9,22.8,.477,.477,5.3,6.4,.825,,,6.2,3.4,,,,2.6,27.1)
(1973,88,George Johnson,C,25,HOU,19,,8.9,1.1,2.1,.513,,,,1.1,2.1,.513,.513,0.2,0.2,.750,,,2.4,0.2,,,,1.7,2.3)
(1973,92,Ollie Johnson,SF,23,POR,78,,27.4,3.9,7.9,.497,,,,3.9,7.9,.497,.497,2.0,2.6,.757,,,5.3,2.6,,,,2.1,9.9)
(1973,96,Jim King,SG,31,CHI,65,,12.1,1.8,4.0,.441,,,,1.8,4.0,.441,.441,0.7,0.8,.846,,,1.2,1.2,,,,1.2,4.2)
(1973,100,Sam Lacey,C,24,KCO,79,,37.1,6.0,12.6,.474,,,,6.0,12.6,.474,.474,1.6,2.3,.708,,,11.8,2.4,,,,3.6,13.5)
(1973,103,Mo Layton,SG,24,PHO,65,,15.2,2.9,6.7,.431,,,,2.9,6.7,.431,.431,1.4,1.8,.756,,,1.2,2.1,,,,2.0,7.1)
(1973,107,Kevin Loughery,SG,32,PHI,32,,29.8,5.3,13.3,.396,,,,5.3,13.3,.396,.396,3.3,4.1,.823,,,3.5,4.6,,,,3.3,13.9)
(1973,112,Jack Marin,SF,28,HOU,81,,37.3,7.7,16.5,.468,,,,7.7,16.5,.468,.468,3.1,3.6,.849,,,6.2,3.6,,,,3.0,18.5)
(1973,116,Don May,SF,27,TOT,58,,15.8,3.3,7.3,.446,,,,3.3,7.3,.446,.446,1.3,1.6,.806,,,3.6,1.1,,,,2.3,7.8)
(1973,120,Jon McGlocklin,SG,29,MIL,80,,24.4,4.4,8.7,.502,,,,4.4,8.7,.502,.502,0.8,0.9,.863,,,2.0,3.0,,,,1.5,9.6)
(1973,123,Jim McMillian,SF,24,LAL,81,,36.5,8.1,17.7,.458,,,,8.1,17.7,.458,.458,2.8,3.3,.845,,,5.5,2.7,,,,2.2,18.9)
(1973,127,John Mengelt,SG,23,TOT,79,,20.8,4.1,8.2,.492,,,,4.1,8.2,.492,.492,1.6,2.0,.794,,,2.3,1.9,,,,1.9,9.7)
(1973,131,Erwin Mueller,PF,28,DET,21,,3.8,0.4,1.5,.290,,,,0.4,1.5,.290,.290,0.2,0.3,.714,,,0.7,0.3,,,,0.6,1.1)
(1973,135,Lloyd Neal,C,22,POR,82,,33.2,5.5,11.2,.494,,,,5.5,11.2,.494,.494,2.3,3.6,.638,,,11.8,1.8,,,,3.7,13.4)
(1973,139,Steve Patterson,C,24,CLE,62,,11.5,1.1,3.2,.359,,,,1.1,3.2,.359,.359,0.5,1.0,.523,,,3.7,0.8,,,,1.3,2.8)
(1973,142,Geoff Petrie,SG,24,POR,79,,39.7,10.6,22.8,.464,,,,10.6,22.8,.464,.464,3.8,4.8,.778,,,3.5,4.4,,,,2.1,24.9)
(1973,146,Jim Price,PG,23,LAL,59,,14.0,2.7,6.1,.440,,,,2.7,6.1,.440,.440,1.0,1.2,.822,,,1.9,1.6,,,,2.0,6.4)
(1973,150,Clifford Ray,C,24,CHI,73,,27.5,3.5,7.1,.492,,,,3.5,7.1,.492,.492,1.6,2.6,.619,,,10.9,3.7,,,,3.2,8.6)
(1973,154,Ron Riley,PF,22,KCO,74,,22.1,3.7,8.6,.431,,,,3.7,8.6,.431,.431,1.1,1.6,.681,,,6.9,1.0,,,,3.1,8.4)
(1973,158,Oscar Robertson*,PG,34,MIL,73,,37.5,6.1,13.5,.454,,,,6.1,13.5,.454,.454,3.3,3.8,.847,,,4.9,7.5,,,,2.3,15.5)
(1973,161,Bob Rule,C,28,TOT,52,,8.7,1.2,3.0,.380,,,,1.2,3.0,.380,.380,0.4,0.6,.645,,,2.1,0.7,,,,1.3,2.7)
(1973,165,Frank Schade,PG,23,KCO,9,,8.4,0.2,0.8,.286,,,,0.2,0.8,.286,.286,0.7,0.7,1.000,,,0.7,1.1,,,,1.3,1.1)
(1973,169,Paul Silas,PF,29,BOS,80,,32.7,5.0,10.6,.470,,,,5.0,10.6,.470,.470,3.3,4.8,.700,,,13.0,3.1,,,,2.5,13.3)
(1973,173,Greg Smith,SF-PG,26,TOT,76,,21.2,3.1,6.4,.482,,,,3.1,6.4,.482,.482,1.0,1.7,.586,,,5.0,1.6,,,,2.9,7.1)
(1973,177,Dave Sorenson,PF,24,TOT,58,,13.0,2.1,5.1,.423,,,,2.1,5.1,.423,.423,1.1,1.6,.711,,,3.6,0.6,,,,1.8,5.4)
(1973,Rk,Player,Pos,Age,Tm,G,GS,MP,FG,FGA,FG%,3P,3PA,3P%,2P,2PA,2P%,eFG%,FT,FTA,FT%,ORB,DRB,TRB,AST,STL,BLK,TOV,PF,PTS)
(1973,184,Nate Thurmond*,C,31,GSW,79,,43.3,6.5,14.7,.446,,,,6.5,14.7,.446,.446,4.0,5.6,.718,,,17.1,3.5,,,,3.0,17.1)
(1973,188,John Tresvant,PF,33,BAL,55,,9.8,1.5,3.3,.467,,,,1.5,3.3,.467,.467,0.7,1.1,.695,,,2.8,0.6,,,,1.8,3.8)
(1973,192,Dick Van Arsdale,SG,29,PHO,81,,36.8,6.6,13.8,.476,,,,6.6,13.8,.476,.476,5.3,6.1,.859,,,4.0,3.3,,,,2.7,18.4)
(1973,196,Chet Walker*,SF,32,CHI,79,,31.1,7.6,15.8,.478,,,,7.6,15.8,.478,.478,4.8,5.7,.832,,,5.0,2.3,,,,2.1,19.9)
(1973,200,Jim Washington,PF,29,ATL,75,,37.8,4.1,9.5,.432,,,,4.1,9.5,.432,.432,2.2,3.0,.728,,,10.7,2.3,,,,3.4,10.4)
(1973,203,Jerry West*,PG,34,LAL,69,,35.7,9.0,18.7,.479,,,,9.0,18.7,.479,.479,4.9,6.1,.805,,,4.2,8.8,,,,2.0,22.8)
(1973,207,Sidney Wicks,PF,23,POR,80,,39.4,9.5,21.1,.452,,,,9.5,21.1,.452,.452,4.8,6.6,.723,,,10.9,5.5,,,,3.2,23.8)
(1973,211,Ron Williams,PG,28,GSW,73,,13.9,2.5,5.6,.440,,,,2.5,5.6,.440,.440,1.0,1.1,.904,,,1.1,1.6,,,,1.5,6.0)
(1973,215,Joby Wright,PF,22,SEA,77,,12.1,1.7,3.6,.478,,,,1.7,3.6,.478,.478,0.5,1.2,.416,,,2.8,0.5,,,,2.1,3.9)
