(2001,2,Tariq Abdul-Wahad,SG,26,DEN,29,12,14.5,1.5,3.8,.387,0.1,0.3,.400,1.3,3.5,.386,.405,0.7,1.2,.583,0.5,1.6,2.0,0.8,0.5,0.4,1.2,1.9,3.8)
(2001,6,Ray Allen,SG,25,MIL,82,82,38.2,7.7,16.0,.480,2.5,5.7,.433,5.2,10.3,.506,.557,4.2,4.8,.888,1.2,4.0,5.2,4.6,1.5,0.2,2.5,2.3,22.0)
(2001,10,Kenny Anderson,PG,30,BOS,33,28,25.7,2.7,6.9,.388,0.3,1.0,.333,2.3,5.9,.397,.412,1.8,2.2,.831,0.5,1.7,2.2,4.1,1.3,0.1,1.6,1.9,7.5)
(2001,14,Darrell Armstrong,PG,32,ORL,75,75,36.9,5.5,13.4,.412,1.9,5.4,.355,3.6,8.0,.451,.484,2.9,3.3,.884,1.3,3.3,4.6,7.0,1.8,0.2,2.7,2.1,15.9)
(2001,18,William Avery,PG,21,MIN,55,0,8.4,1.0,2.6,.382,0.3,1.1,.271,0.7,1.5,.459,.438,0.5,0.7,.778,0.1,0.4,0.5,1.4,0.2,0.1,0.8,0.9,2.8)
(2001,21,Erick Barkley,PG,22,POR,8,0,4.8,1.0,2.8,.364,0.4,1.0,.375,0.6,1.8,.357,.432,0.0,0.0,,0.0,0.4,0.4,0.8,0.3,0.0,0.6,0.3,2.4)
(2001,25,Tony Battie,C,24,BOS,40,25,21.1,2.7,5.0,.537,0.0,0.1,.000,2.7,5.0,.545,.537,1.1,1.7,.638,1.8,4.0,5.8,0.4,0.7,1.5,0.9,3.2,6.5)
(2001,29,David Benoit,SF,32,UTA,49,2,9.1,1.4,3.0,.483,0.1,0.3,.385,1.3,2.7,.493,.500,0.6,0.8,.795,0.4,1.2,1.7,0.4,0.1,0.1,0.6,1.5,3.6)
(2001,33,Mookie Blaylock,PG,33,GSW,69,59,34.1,4.6,11.6,.396,1.1,3.3,.324,3.5,8.3,.424,.441,0.8,1.1,.697,1.0,2.9,3.9,6.7,2.4,0.3,1.9,1.9,11.0)
(2001,37,Etdrick Bohannon,PF,27,CLE,6,0,3.2,0.3,0.7,.500,0.0,0.0,,0.3,0.7,.500,.500,0.7,0.7,1.000,0.5,0.7,1.2,0.0,0.0,0.3,0.2,0.7,1.3)
(2001,Rk,Player,Pos,Age,Tm,G,GS,MP,FG,FGA,FG%,3P,3PA,3P,2P,2PA,2P,eFG%,FT,FTA,FT%,ORB,DRB,TRB,AST,STL,BLK,TOV,PF,PTS)
(2001,44,Shawn Bradley,C,28,DAL,82,35,24.4,2.7,5.5,.490,0.0,0.1,.167,2.7,5.4,.494,.491,1.7,2.2,.787,2.0,5.5,7.4,0.5,0.4,2.8,1.1,3.1,7.1)
(2001,48,Dee Brown,PG,32,ORL,7,0,22.1,2.3,6.3,.364,1.7,4.6,.375,0.6,1.7,.333,.500,0.6,0.7,.800,0.0,1.6,1.6,1.7,0.6,0.0,1.0,1.4,6.9)
(2001,52,Kobe Bryant,SG,22,LAL,68,68,40.9,10.3,22.2,.464,0.9,2.9,.305,9.4,19.3,.489,.484,7.0,8.2,.853,1.5,4.3,5.9,5.0,1.7,0.6,3.2,3.3,28.5)
(2001,56,Rodney Buford,SF,23,PHI,47,0,12.2,2.2,5.1,.432,0.3,0.8,.421,1.9,4.3,.433,.465,0.5,0.6,.828,0.3,1.2,1.6,0.4,0.4,0.1,0.6,1.4,5.3)
(2001,60,Marcus Camby,C,26,NYK,63,63,33.8,4.8,9.2,.524,0.0,0.1,.125,4.8,9.1,.530,.525,2.4,3.6,.667,3.1,8.4,11.5,0.8,1.0,2.2,1.0,3.3,12.0)
(2001,63,Chris Carr,SG,26,BOS,35,0,8.8,1.5,3.2,.473,0.5,1.1,.459,1.0,2.1,.480,.549,1.3,1.7,.767,0.3,0.9,1.3,0.3,0.1,0.1,0.5,1.3,4.8)
(2001,67,Kelvin Cato,C,26,HOU,35,13,17.8,1.8,3.2,.577,0.0,0.0,,1.8,3.2,.577,.577,1.1,1.6,.649,1.3,2.7,4.0,0.3,0.4,0.9,0.7,2.5,4.7)
(2001,71,Chris Childs,PG,33,TOT,77,5,24.1,1.8,4.4,.403,0.4,1.4,.302,1.3,3.0,.450,.451,0.8,0.9,.845,0.3,2.3,2.6,4.6,0.8,0.2,2.0,3.1,4.7)
(2001,75,John Coker,C,29,GSW,6,0,5.3,0.2,1.3,.125,0.0,0.0,,0.2,1.3,.125,.125,0.0,0.0,,0.5,0.3,0.8,0.3,0.2,0.0,0.3,0.7,0.3)
(2001,79,Sean Colson,PG,25,TOT,13,0,3.4,0.5,1.8,.250,0.1,0.4,.200,0.4,1.5,.263,.271,0.2,0.3,.500,0.2,0.3,0.5,0.8,0.1,0.0,0.2,0.5,1.2)
(2001,82,Jamal Crawford,PG,20,CHI,61,8,17.2,1.8,5.0,.352,0.7,1.9,.350,1.1,3.1,.353,.419,0.4,0.6,.794,0.1,1.3,1.5,2.3,0.7,0.2,1.4,1.1,4.6)
(2001,86,Bill Curley,PF,28,TOT,20,2,9.6,1.3,2.4,.532,0.1,0.1,.500,1.2,2.3,.533,.543,0.6,1.0,.632,1.1,0.8,1.9,0.2,0.4,0.5,0.8,2.3,3.2)
(2001,90,Antonio Daniels,PG,25,SAS,79,23,26.1,3.5,7.4,.468,0.9,2.3,.404,2.5,5.1,.496,.531,1.5,2.0,.776,0.3,1.7,2.1,3.8,0.8,0.2,1.4,1.5,9.4)
(2001,94,Dale Davis,C,31,POR,81,43,26.7,3.0,6.0,.497,0.0,0.0,.000,3.0,6.0,.501,.497,1.2,1.9,.632,2.9,4.6,7.5,1.3,0.5,0.9,0.8,2.5,7.2)
(2001,98,Terry Davis,PF,33,DEN,19,1,12.0,0.6,1.3,.480,0.0,0.0,,0.6,1.3,.480,.480,0.5,1.2,.409,1.3,1.5,2.8,0.4,0.1,0.1,0.3,1.8,1.7)
(2001,101,Vinny Del Negro,PG,34,TOT,65,1,14.2,1.6,3.6,.453,0.0,0.2,.077,1.6,3.4,.475,.455,0.6,0.7,.932,0.2,1.1,1.3,1.9,0.4,0.0,0.5,1.2,3.9)
(2001,105,Vlade Divac,C,32,SAC,81,81,29.9,4.5,9.3,.482,0.0,0.2,.286,4.4,9.1,.486,.485,3.0,4.3,.691,2.6,5.8,8.3,2.9,1.1,1.1,2.4,3.0,12.0)
(2001,109,Bryce Drew,PG,26,CHI,48,41,27.2,2.6,6.8,.379,0.8,2.2,.381,1.8,4.6,.378,.440,0.3,0.4,.737,0.3,1.2,1.4,3.9,0.7,0.1,1.4,2.1,6.3)
(2001,113,Kevin Edwards,SG,35,VAN,46,5,13.8,1.2,3.7,.329,0.1,0.4,.263,1.1,3.3,.338,.344,0.9,1.2,.811,0.5,1.3,1.8,1.1,0.6,0.2,0.8,1.0,3.5)
(2001,117,Mario Elie,SG,37,PHO,68,67,22.1,1.5,3.6,.423,0.5,1.5,.360,1.0,2.1,.466,.496,0.8,1.0,.797,0.6,1.7,2.3,1.9,0.9,0.2,0.9,1.6,4.4)
(2001,Rk,Player,Pos,Age,Tm,G,GS,MP,FG,FGA,FG%,3P,3PA,3P,2P,2PA,2P,eFG%,FT,FTA,FT%,ORB,DRB,TRB,AST,STL,BLK,TOV,PF,PTS)
(2001,124,Danny Ferry,SF,34,SAS,80,29,21.1,2.2,4.7,.475,0.9,2.0,.449,1.4,2.7,.493,.568,0.3,0.4,.733,0.7,2.1,2.8,0.9,0.4,0.3,0.6,2.1,5.6)
(2001,128,Danny Fortson,PF,24,GSW,6,6,33.8,4.8,8.3,.580,0.0,0.0,,4.8,8.3,.580,.580,7.0,9.0,.778,4.8,11.5,16.3,0.8,0.3,0.0,1.7,3.7,16.7)
(2001,132,Adonal Foyle,C,25,GSW,58,37,25.1,2.7,6.5,.416,0.0,0.0,,2.7,6.5,.416,.416,0.5,1.2,.441,2.7,4.3,7.0,0.8,0.5,2.7,1.4,2.3,5.9)
(2001,136,Ruben Garces,PF,27,TOT,13,0,5.6,0.5,1.7,.318,0.0,0.0,,0.5,1.7,.318,.318,0.2,0.6,.250,1.2,1.0,2.2,0.4,0.2,0.2,0.4,1.1,1.2)
(2001,140,Pat Garrity,SF,24,ORL,76,1,20.8,2.9,7.6,.387,1.3,2.9,.433,1.7,4.6,.358,.471,1.1,1.3,.867,0.7,2.1,2.8,0.7,0.5,0.2,0.9,3.2,8.3)
(2001,143,Devean George,SF,23,LAL,59,1,10.1,1.1,3.5,.309,0.3,1.2,.221,0.8,2.4,.353,.345,0.7,0.9,.709,0.6,1.3,1.9,0.3,0.3,0.3,0.6,1.5,3.1)
(2001,147,Anthony Goldwire,PG,29,DEN,20,0,10.1,1.5,4.0,.375,0.5,1.7,.265,1.1,2.3,.457,.431,0.7,0.9,.765,0.1,0.6,0.6,1.7,0.5,0.0,0.8,0.7,4.1)
(2001,151,Horace Grant,PF,35,LAL,77,77,31.0,3.4,7.4,.462,0.0,0.0,.000,3.4,7.4,.465,.462,1.7,2.2,.775,2.9,4.2,7.1,1.6,0.7,0.8,0.6,2.4,8.5)
(2001,155,A.J. Guyton,PG,22,CHI,33,8,19.1,2.4,5.8,.406,0.8,2.1,.391,1.5,3.7,.415,.477,0.5,0.5,.833,0.3,0.8,1.1,1.9,0.3,0.2,0.7,1.1,6.0)
(2001,159,Tom Hammonds,PF,33,MIN,7,0,4.3,0.4,1.4,.300,0.0,0.0,,0.4,1.4,.300,.300,0.1,0.3,.500,0.3,0.3,0.6,0.1,0.0,0.0,0.4,1.1,1.0)
(2001,162,Ron Harper,PG,37,LAL,47,46,24.2,2.7,5.8,.469,0.4,1.5,.264,2.3,4.2,.543,.504,0.7,1.0,.708,1.0,2.6,3.5,2.4,0.8,0.5,1.3,1.5,6.5)
(2001,166,Lucious Harris,SG,30,NJN,73,50,28.4,3.6,8.5,.425,0.6,1.8,.348,3.0,6.7,.445,.462,1.5,1.9,.770,1.0,3.0,3.9,1.8,1.0,0.2,0.9,1.7,9.4)
(2001,170,Hersey Hawkins,SG,34,CHH,59,0,11.5,0.9,2.3,.409,0.3,0.8,.370,0.7,1.5,.429,.471,0.9,1.1,.857,0.3,1.1,1.4,1.2,0.6,0.2,0.3,0.8,3.1)
(2001,174,Chris Herren,PG,25,BOS,25,7,16.3,1.2,3.8,.302,0.6,2.2,.291,0.5,1.6,.317,.385,0.4,0.5,.750,0.2,0.7,0.8,2.2,0.6,0.0,0.8,1.7,3.3)
(2001,178,Robert Horry,PF,30,LAL,79,1,20.1,1.9,4.8,.387,0.7,2.0,.346,1.2,2.8,.415,.458,0.7,1.1,.711,1.2,2.6,3.7,1.6,0.7,0.7,1.0,2.7,5.2)
(2001,181,Juwan Howard,PF,27,TOT,81,81,36.7,7.2,15.0,.479,0.0,0.0,.000,7.2,15.0,.480,.479,3.7,4.7,.773,2.1,5.0,7.1,2.8,0.9,0.5,3.0,3.6,18.0)
(2001,185,Zydrunas Ilgauskas,C,25,CLE,24,24,25.7,4.8,9.8,.487,0.0,0.1,.000,4.8,9.7,.491,.487,2.2,3.3,.679,2.7,4.0,6.7,0.8,0.6,1.5,2.5,3.3,11.7)
(2001,189,Jim Jackson,SF,30,TOT,56,40,30.2,4.3,11.3,.378,0.5,1.4,.325,3.8,9.9,.386,.399,2.5,3.0,.822,0.9,3.1,4.0,2.9,0.9,0.2,2.3,2.5,11.5)
(2001,193,Sam Jacobson,PG,25,MIN,14,0,4.2,0.6,1.3,.500,0.0,0.0,,0.6,1.3,.500,.500,0.1,0.2,.667,0.2,0.2,0.4,0.3,0.2,0.0,0.0,1.4,1.4)
(2001,197,Avery Johnson,PG,35,SAS,55,20,23.5,2.4,5.5,.447,0.0,0.1,.167,2.4,5.3,.452,.448,0.7,1.1,.683,0.4,1.2,1.5,4.3,0.6,0.1,1.1,1.6,5.6)
(2001,Rk,Player,Pos,Age,Tm,G,GS,MP,FG,FGA,FG%,3P,3PA,3P,2P,2PA,2P,eFG%,FT,FTA,FT%,ORB,DRB,TRB,AST,STL,BLK,TOV,PF,PTS)
(2001,204,Popeye Jones,PF,30,WAS,45,1,14.2,1.3,3.4,.392,0.0,0.1,.167,1.3,3.3,.401,.395,0.9,1.2,.745,1.8,3.0,4.9,0.7,0.4,0.2,0.5,2.1,3.6)
(2001,208,Steve Kerr,PG,35,SAS,55,1,11.8,1.2,2.9,.421,0.6,1.4,.429,0.6,1.5,.415,.525,0.3,0.3,.933,0.1,0.5,0.6,1.0,0.3,0.0,0.4,0.5,3.3)
(2001,212,Gerard King,SF,28,WAS,45,3,15.7,2.0,3.9,.511,0.0,0.0,,2.0,3.9,.511,.511,0.8,1.0,.800,0.9,2.0,2.9,0.7,0.3,0.2,1.0,2.1,4.8)
(2001,216,Christian Laettner,C-PF,31,TOT,78,48,21.3,3.6,7.1,.503,0.1,0.2,.308,3.5,6.9,.507,.506,2.2,2.6,.833,1.5,3.2,4.7,1.6,0.9,0.6,1.8,3.1,9.3)
(2001,220,Voshon Lenard,SG,27,DEN,80,58,29.1,4.2,10.6,.397,1.8,4.8,.385,2.4,5.8,.407,.484,1.9,2.4,.797,0.6,2.3,2.9,2.4,0.8,0.2,1.3,2.1,12.2)
(2001,224,Art Long,SF,28,SAC,9,0,2.2,0.0,0.4,.000,0.0,0.0,,0.0,0.4,.000,.000,0.0,0.2,.000,0.2,0.7,0.9,0.1,0.0,0.3,0.2,0.6,0.0)
(2001,228,Tyronn Lue,PG,23,LAL,38,1,12.3,1.3,3.1,.427,0.3,0.9,.324,1.0,2.2,.470,.474,0.5,0.6,.792,0.1,0.7,0.8,1.2,0.5,0.0,0.7,1.4,3.4)
(2001,232,Mark Madsen,PF,25,LAL,70,3,9.2,0.8,1.6,.487,0.0,0.0,1.000,0.8,1.6,.482,.491,0.4,0.5,.703,1.1,1.1,2.2,0.3,0.1,0.1,0.4,1.6,2.0)
(2001,236,Karl Malone*,PF,37,UTA,81,81,35.7,8.3,16.6,.498,0.0,0.1,.400,8.2,16.5,.499,.499,6.6,8.3,.793,1.4,6.9,8.3,4.5,1.1,0.8,3.0,2.7,23.2)
(2001,240,Shawn Marion,SF,22,PHO,79,79,36.2,7.1,14.7,.480,0.3,1.0,.256,6.8,13.6,.497,.489,3.0,3.7,.810,2.8,7.9,10.7,2.0,1.7,1.4,1.6,2.7,17.3)
(2001,243,Kenyon Martin,PF,23,NJN,68,68,33.4,5.1,11.4,.445,0.0,0.2,.091,5.1,11.3,.450,.446,1.8,2.8,.630,2.0,5.4,7.4,1.9,1.1,1.7,2.0,4.1,12.0)
(2001,247,Tony Massenburg,PF,33,VAN,52,20,15.8,1.8,3.8,.462,0.0,0.0,,1.8,3.8,.462,.462,0.9,1.3,.700,1.4,2.6,4.0,0.2,0.2,0.5,0.9,2.3,4.5)
(2001,251,George McCloud,SF,33,DEN,76,8,26.4,3.3,8.6,.382,1.0,3.1,.329,2.3,5.5,.411,.440,2.0,2.4,.840,0.7,2.2,2.9,3.7,0.7,0.4,1.5,2.2,9.6)
(2001,255,Jim McIlvaine,C,28,NJN,18,3,10.7,0.6,1.6,.357,0.0,0.0,,0.6,1.6,.357,.357,0.4,0.7,.667,0.4,1.5,1.9,0.2,0.4,0.8,0.5,1.9,1.6)
(2001,259,Roshown McLeod,SF,25,TOT,35,25,26.3,4.1,9.5,.437,0.1,0.6,.091,4.1,8.9,.461,.440,1.3,1.5,.882,1.1,2.3,3.4,1.7,0.7,0.2,1.7,2.6,9.6)
(2001,262,Ron Mercer,SG,24,CHI,61,61,41.6,8.2,18.4,.446,0.2,0.8,.304,8.0,17.6,.452,.452,3.1,3.7,.825,1.2,2.7,3.9,3.3,1.3,0.4,2.1,2.4,19.7)
(2001,266,Anthony Miller,PF,29,TOT,4,0,2.8,0.3,0.5,.500,0.0,0.0,,0.3,0.5,.500,.500,0.0,0.0,,0.0,0.5,0.5,0.0,0.0,0.0,0.3,0.3,0.5)
(2001,270,Chris Mills,SF,31,GSW,15,8,32.9,4.7,12.7,.372,0.5,1.7,.280,4.3,11.1,.386,.390,2.1,2.4,.861,1.6,4.6,6.2,1.2,0.6,0.3,1.3,2.9,12.0)
(2001,274,Nazr Mohammed,C,23,TOT,58,22,15.7,3.0,6.4,.477,0.0,0.0,.000,3.0,6.3,.478,.477,1.5,2.2,.706,2.0,3.3,5.3,0.3,0.5,0.6,1.1,1.9,7.6)
(2001,278,Hanno Mottola,SF,24,ATL,73,3,13.5,1.7,3.8,.444,0.0,0.0,.000,1.7,3.8,.449,.444,1.0,1.2,.811,0.7,1.7,2.4,0.3,0.2,0.1,0.9,2.2,4.4)
(2001,281,Lamond Murray,SF,27,CLE,78,46,28.5,5.0,11.9,.423,0.8,2.1,.370,4.2,9.7,.434,.456,2.0,2.7,.735,1.3,3.0,4.4,1.6,1.1,0.3,1.8,2.2,12.8)
(2001,285,Lee Nailon,SF,25,CHH,42,0,11.2,1.6,3.2,.485,0.0,0.0,.000,1.6,3.2,.489,.485,0.8,1.0,.744,0.7,1.5,2.2,0.6,0.2,0.1,0.6,1.4,3.9)
(2001,289,Rasho Nesterovic,C,24,MIN,73,39,16.9,2.0,4.4,.461,0.0,0.0,.000,2.0,4.4,.462,.461,0.5,0.9,.523,1.4,2.6,3.9,0.6,0.3,0.9,0.8,2.6,4.5)
(2001,293,Dirk Nowitzki,PF,22,DAL,82,82,38.1,7.2,15.2,.474,1.8,4.8,.387,5.4,10.5,.513,.534,5.5,6.6,.838,1.5,7.7,9.2,2.1,1.0,1.2,1.9,3.0,21.8)
(2001,297,Lamar Odom,PF,21,LAC,76,74,37.3,6.3,13.8,.460,1.1,3.3,.316,5.3,10.4,.506,.498,3.4,5.1,.679,1.4,6.3,7.8,5.2,1.0,1.6,3.5,3.1,17.2)
(2001,Rk,Player,Pos,Age,Tm,G,GS,MP,FG,FGA,FG%,3P,3PA,3P,2P,2PA,2P,eFG%,FT,FTA,FT%,ORB,DRB,TRB,AST,STL,BLK,TOV,PF,PTS)
(2001,304,Billy Owens,PF,31,DET,45,14,17.6,2.0,5.1,.383,0.1,0.4,.150,1.9,4.7,.405,.389,0.4,0.9,.475,1.9,2.7,4.6,1.2,0.7,0.3,0.9,2.1,4.4)
(2001,308,Milt Palacio,PG,22,BOS,58,6,19.7,2.2,4.6,.472,0.2,0.6,.333,2.0,4.0,.494,.494,1.3,1.6,.848,0.4,1.3,1.8,2.6,0.8,0.0,1.4,1.4,5.9)
(2001,312,Gary Payton*,PG,32,SEA,79,79,41.1,9.2,20.1,.456,1.3,3.4,.375,7.9,16.7,.472,.488,3.4,4.5,.766,0.9,3.6,4.6,8.1,1.6,0.3,2.6,2.3,23.1)
(2001,316,Sam Perkins,PF,39,IND,64,41,15.6,1.3,3.5,.381,0.6,1.7,.345,0.8,1.8,.414,.465,0.5,0.6,.842,0.5,2.1,2.6,0.6,0.5,0.3,0.3,1.0,3.8)
(2001,320,Eric Piatkowski,SG,30,LAC,81,40,26.5,3.6,8.3,.433,1.5,3.7,.404,2.1,4.6,.456,.522,2.0,2.2,.873,0.7,2.3,3.0,1.2,0.6,0.2,0.9,1.5,10.6)
(2001,323,Scot Pollard,C,25,SAC,77,8,21.5,2.4,5.1,.468,0.0,0.0,.000,2.4,5.1,.471,.468,1.7,2.2,.749,2.2,3.8,6.0,0.6,0.6,1.3,0.9,2.7,6.5)
(2001,327,Terry Porter,PG,37,SAS,80,42,21.0,2.5,5.5,.448,1.1,2.6,.424,1.4,2.9,.468,.547,1.2,1.5,.793,0.3,2.2,2.5,3.1,0.7,0.1,1.3,1.1,7.2)
(2001,331,Brent Price,PG,32,VAN,6,0,5.0,0.5,1.8,.273,0.2,0.7,.250,0.3,1.2,.286,.318,1.0,1.2,.857,0.2,0.5,0.7,0.8,0.3,0.0,0.7,1.3,2.2)
(2001,335,Eldridge Recasner,PG,33,CHH,43,0,9.4,0.9,2.7,.333,0.3,0.9,.333,0.6,1.7,.333,.390,0.3,0.4,.778,0.3,0.9,1.2,0.9,0.1,0.0,0.6,0.7,2.4)
(2001,339,J.R. Reid,PF,32,CLE,6,0,6.5,0.3,0.8,.400,0.0,0.0,,0.3,0.8,.400,.400,1.0,1.3,.750,0.8,0.5,1.3,0.2,0.3,0.2,0.2,0.7,1.7)
(2001,342,Mitch Richmond*,SG,35,WAS,37,30,32.9,5.5,13.6,.407,1.2,3.6,.338,4.3,10.0,.431,.451,3.9,4.3,.894,0.4,2.5,2.9,3.0,1.2,0.2,2.3,2.3,16.2)
(2001,346,David Robinson*,C,35,SAS,80,80,29.6,5.0,10.3,.486,0.0,0.0,.000,5.0,10.3,.487,.486,4.4,5.9,.747,2.6,6.0,8.6,1.5,1.0,2.5,1.5,2.7,14.4)
(2001,350,James Robinson,PG,30,ORL,6,0,8.3,0.7,1.8,.364,0.3,0.8,.400,0.3,1.0,.333,.455,0.0,0.0,,0.0,1.3,1.3,0.0,0.7,0.2,0.7,0.8,1.7)
(2001,354,Sean Rooks,C,31,LAC,82,0,18.9,2.1,4.8,.428,0.0,0.0,.500,2.0,4.8,.427,.429,1.3,1.7,.748,1.1,2.6,3.7,0.9,0.4,0.8,0.9,2.4,5.4)
(2001,358,Bryon Russell,SF,30,UTA,78,46,31.7,3.9,9.0,.440,1.2,2.9,.413,2.7,6.0,.453,.508,2.8,3.7,.779,1.2,3.0,4.2,2.1,1.2,0.3,1.4,2.9,12.0)
(2001,361,Pepe Sanchez,PG,23,TOT,29,0,5.2,0.3,1.0,.321,0.0,0.0,.000,0.3,0.9,.333,.321,0.1,0.1,1.000,0.1,0.4,0.5,1.4,0.4,0.0,0.2,0.7,0.7)
(2001,365,Brian Shaw,SG,34,LAL,80,28,22.9,2.1,5.1,.399,0.5,1.7,.311,1.5,3.5,.442,.450,0.6,0.8,.797,0.6,3.2,3.8,3.2,0.6,0.3,1.2,2.0,5.3)
(2001,369,Joe Smith,PF,25,DET,69,59,28.1,4.5,11.1,.403,0.0,0.1,.000,4.5,11.0,.405,.403,3.3,4.2,.805,2.3,4.8,7.1,1.1,0.7,0.7,1.3,3.7,12.3)
(2001,373,Tony Smith,SG,32,ATL,6,0,13.0,1.3,3.8,.348,0.0,0.3,.000,1.3,3.5,.381,.348,0.2,0.3,.500,0.3,0.2,0.5,1.7,1.2,0.0,1.5,2.0,2.8)
(2001,377,Jerry Stackhouse,SG,26,DET,80,80,40.2,9.7,24.1,.402,2.1,5.9,.351,7.6,18.2,.418,.445,8.3,10.1,.822,1.2,2.7,3.9,5.1,1.2,0.7,4.1,2.0,29.8)
(2001,Rk,Player,Pos,Age,Tm,G,GS,MP,FG,FGA,FG%,3P,3PA,3P,2P,2PA,2P,eFG%,FT,FTA,FT%,ORB,DRB,TRB,AST,STL,BLK,TOV,PF,PTS)
(2001,384,Peja Stojakovic,SF,23,SAC,75,75,38.7,7.5,15.9,.470,1.9,4.8,.400,5.5,11.1,.501,.531,3.6,4.2,.856,1.2,4.5,5.8,2.2,1.2,0.2,1.9,1.9,20.4)
(2001,388,Rod Strickland,PG,34,TOT,54,28,25.4,3.4,7.9,.424,0.1,0.3,.235,3.3,7.6,.432,.429,2.4,3.2,.751,0.7,1.9,2.6,5.6,1.0,0.1,2.0,1.4,9.2)
(2001,392,Stromile Swift,PF,21,VAN,80,6,16.4,1.9,4.2,.451,0.0,0.1,.000,1.9,4.2,.457,.451,1.1,1.8,.603,1.4,2.2,3.6,0.4,0.8,1.0,0.8,2.0,4.9)
(2001,396,Maurice Taylor,SF,24,HOU,69,69,28.6,5.7,11.6,.489,0.0,0.1,.000,5.7,11.5,.492,.489,1.7,2.3,.735,1.6,3.9,5.5,1.5,0.4,0.6,1.8,3.0,13.0)
(2001,400,Kurt Thomas,PF,28,NYK,77,29,27.6,4.1,8.0,.511,0.0,0.0,.333,4.1,7.9,.512,.512,2.2,2.7,.814,2.2,4.5,6.7,0.8,0.8,0.9,1.3,3.7,10.4)
(2001,403,Robert Traylor,C,23,CLE,70,7,17.3,2.3,4.6,.497,0.0,0.0,.000,2.3,4.6,.500,.497,1.1,2.0,.567,1.8,2.5,4.3,0.9,0.7,1.1,1.4,2.9,5.7)
(2001,407,Nick Van Exel,PG,29,DEN,71,70,37.9,6.5,15.7,.414,1.9,5.0,.377,4.6,10.6,.431,.474,2.9,3.5,.819,0.6,2.8,3.4,8.5,0.9,0.3,2.3,1.5,17.7)
(2001,411,Loy Vaught,PF,32,TOT,51,1,10.8,1.6,3.3,.473,0.0,0.0,,1.6,3.3,.473,.473,0.2,0.2,.800,1.0,2.4,3.4,0.5,0.4,0.1,0.5,1.5,3.3)
(2001,415,Ben Wallace,C,26,DET,80,80,34.5,2.7,5.5,.490,0.0,0.1,.250,2.7,5.4,.492,.491,1.0,3.0,.336,3.8,9.4,13.2,1.5,1.3,2.3,1.5,2.4,6.4)
(2001,419,Clarence Weatherspoon,PF,30,CLE,82,82,33.8,4.2,8.4,.501,0.0,0.0,,4.2,8.4,.501,.501,2.8,3.5,.790,2.7,7.0,9.7,1.3,1.0,1.3,1.4,2.1,11.3)
(2001,422,David Wesley,SG,30,CHH,82,82,37.9,6.4,15.1,.422,1.2,3.1,.376,5.2,12.0,.434,.461,3.3,4.1,.799,0.8,2.0,2.7,4.4,1.6,0.2,2.1,2.7,17.2)
(2001,426,Aaron Williams,PF,29,NJN,82,25,28.5,3.6,7.9,.457,0.0,0.0,.000,3.6,7.9,.458,.457,3.0,3.8,.787,2.6,4.6,7.2,1.1,0.7,1.4,1.6,3.9,10.2)
(2001,430,Jerome Williams,PF,27,TOT,59,2,20.0,2.3,5.0,.463,0.0,0.1,.000,2.3,4.9,.467,.463,1.7,2.3,.741,2.3,4.2,6.5,0.8,1.0,0.3,1.1,2.1,6.3)
(2001,434,Walt Williams,SF,30,HOU,72,31,22.0,2.8,7.1,.394,1.4,3.4,.395,1.4,3.7,.392,.489,1.3,1.8,.770,0.4,3.0,3.4,1.3,0.4,0.4,1.0,2.1,8.3)
(2001,438,Ruben Wolkowyski,PF,27,SEA,34,1,9.0,0.7,2.3,.316,0.0,0.1,.000,0.7,2.3,.325,.316,0.7,1.0,.735,0.4,1.0,1.4,0.1,0.2,0.5,0.4,1.1,2.2)
(2001,441,Wang Zhizhi,C,23,DAL,5,0,7.6,1.6,3.8,.421,0.0,0.4,.000,1.6,3.4,.471,.421,1.6,2.0,.800,0.2,1.2,1.4,0.0,0.0,0.0,0.2,1.6,4.8)
