(2001,3,Shareef Abdur-Rahim,SF,24,VAN,81,81,40.0,7.5,15.8,.472,0.1,0.8,.188,7.3,15.0,.487,.477,5.5,6.6,.834,2.2,6.9,9.1,3.1,1.1,1.0,2.9,2.9,20.5)
(2001,7,Rafer Alston,PG,24,MIL,37,2,7.8,0.8,2.3,.357,0.2,0.8,.267,0.6,1.5,.407,.405,0.2,0.4,.692,0.1,0.7,0.8,1.8,0.4,0.0,0.5,0.7,2.1)
(2001,11,Nick Anderson,SG,33,SAC,21,0,8.0,0.7,2.7,.246,0.5,1.9,.256,0.2,0.9,.222,.333,0.0,0.0,,0.1,1.0,1.2,0.6,0.5,0.2,0.3,0.6,1.8)
(2001,15,Chucky Atkins,PG,26,DET,81,75,29.2,4.7,11.8,.399,1.5,4.2,.357,3.2,7.6,.423,.463,1.1,1.6,.692,0.3,1.8,2.1,4.1,0.8,0.1,1.8,2.3,12.0)
(2001,19,Dalibor Bagaric,C,20,CHI,35,0,7.4,0.5,1.9,.262,0.0,0.0,.000,0.5,1.8,.266,.262,0.4,0.8,.464,0.6,1.0,1.6,0.3,0.3,0.5,0.6,1.3,1.3)
(2001,22,Dana Barros,PG,33,DET,60,0,18.0,3.1,6.9,.444,0.7,1.8,.419,2.3,5.1,.453,.498,1.1,1.3,.850,0.1,1.5,1.6,1.8,0.5,0.0,1.0,1.1,8.0)
(2001,26,Raja Bell,SG,24,PHI,5,0,6.0,0.4,1.4,.286,0.2,0.6,.333,0.2,0.8,.250,.357,0.0,0.0,,0.0,0.2,0.2,0.0,0.2,0.0,0.4,0.2,1.0)
(2001,30,Travis Best,PG,28,IND,77,21,31.9,4.5,10.2,.440,0.5,1.3,.381,4.0,9.0,.449,.464,2.4,2.9,.827,0.5,2.4,2.9,6.1,1.4,0.1,1.6,3.2,11.9)
(2001,34,Corie Blount,PF,32,TOT,68,6,19.2,1.9,4.3,.442,0.0,0.1,.250,1.9,4.2,.448,.446,0.8,1.2,.614,2.7,3.2,5.9,0.9,0.6,0.3,1.1,2.4,4.6)
(2001,38,Calvin Booth,C,24,TOT,55,29,17.0,2.2,4.6,.476,0.0,0.0,,2.2,4.6,.476,.476,1.0,1.4,.679,1.4,3.1,4.5,0.8,0.5,2.0,1.0,2.7,5.3)
(2001,41,Ryan Bowen,SF,25,DEN,57,0,12.2,1.4,2.5,.556,0.1,0.2,.364,1.3,2.3,.571,.569,0.5,0.8,.614,1.1,0.9,2.0,0.5,0.6,0.2,0.4,1.7,3.4)
(2001,45,Elton Brand,PF,21,CHI,74,74,39.3,7.8,16.4,.476,0.0,0.0,.000,7.8,16.4,.477,.476,4.5,6.4,.708,3.9,6.2,10.1,3.2,1.0,1.6,3.0,3.3,20.1)
(2001,49,P.J. Brown,C,31,CHH,80,79,35.1,3.1,7.0,.444,0.0,0.1,.000,3.1,7.0,.447,.444,2.2,2.6,.852,3.2,6.1,9.3,1.6,1.0,1.2,1.4,3.3,8.5)
(2001,53,Mark Bryant,PF,35,DAL,18,1,5.6,0.4,1.1,.400,0.0,0.0,,0.4,1.1,.400,.400,0.2,0.3,.600,0.2,0.9,1.2,0.2,0.1,0.1,0.3,1.6,1.1)
(2001,57,Matt Bullard,PF,33,HOU,61,5,16.4,2.1,5.0,.423,1.4,3.5,.404,0.7,1.5,.467,.564,0.2,0.2,.714,0.4,1.8,2.1,0.7,0.2,0.1,0.2,1.2,5.8)
(2001,Rk,Player,Pos,Age,Tm,G,GS,MP,FG,FGA,FG%,3P,3PA,3P,2P,2PA,2P,eFG%,FT,FTA,FT%,ORB,DRB,TRB,AST,STL,BLK,TOV,PF,PTS)
(2001,64,Anthony Carter,PG,25,MIA,72,6,22.6,2.7,6.7,.406,0.1,0.6,.150,2.6,6.1,.430,.413,0.9,1.4,.631,0.6,1.9,2.5,3.7,1.0,0.1,1.7,2.1,6.4)
(2001,68,Duane Causwell,C,32,MIA,31,14,12.4,1.0,2.7,.376,0.0,0.0,,1.0,2.7,.376,.376,0.4,0.8,.480,0.7,1.9,2.7,0.2,0.3,0.6,0.7,2.2,2.5)
(2001,72,Doug Christie,SG,30,SAC,81,81,36.3,3.8,9.7,.395,1.2,3.1,.376,2.7,6.6,.403,.454,3.5,3.9,.897,1.2,3.2,4.4,3.6,2.3,0.6,1.9,2.8,12.3)
(2001,76,Derrick Coleman,PF,33,CHH,34,3,20.1,2.9,7.5,.380,0.6,1.5,.392,2.3,6.0,.377,.420,1.9,2.7,.685,1.4,4.1,5.4,1.1,0.3,0.6,1.2,1.6,8.1)
(2001,80,Tyrone Corbin,SF,38,TOR,15,1,7.8,0.6,2.5,.237,0.0,0.3,.000,0.6,2.2,.273,.237,0.1,0.3,.500,0.2,0.7,0.9,0.3,0.1,0.0,0.2,1.2,1.3)
(2001,83,Austin Croshere,PF,25,IND,81,23,23.1,3.4,8.7,.394,0.9,2.6,.338,2.5,6.1,.417,.444,2.5,2.9,.866,1.5,3.3,4.8,1.1,0.4,0.6,1.7,2.2,10.1)
(2001,87,Dell Curry,SG,36,TOR,71,1,13.5,2.3,5.4,.424,0.9,2.0,.428,1.4,3.3,.422,.505,0.6,0.7,.843,0.2,1.0,1.2,1.1,0.4,0.1,0.5,0.9,6.0)
(2001,91,Kornel David,SF,29,TOT,27,0,7.7,0.9,1.9,.490,0.0,0.0,,0.9,1.9,.490,.490,0.4,0.5,.923,0.6,1.4,1.9,0.3,0.2,0.1,0.4,1.0,2.3)
(2001,95,Emanual Davis,SG,32,SEA,62,39,20.8,2.1,5.1,.418,0.8,2.0,.394,1.3,3.1,.435,.497,0.7,0.9,.818,0.5,2.0,2.5,2.2,1.0,0.2,1.2,1.6,5.8)
(2001,99,Todd Day,SG,31,MIN,31,0,11.1,1.4,3.8,.373,0.8,2.2,.377,0.6,1.6,.367,.483,0.6,0.7,.783,0.3,0.9,1.2,0.9,0.3,0.2,0.8,1.7,4.3)
(2001,102,Tony Delk,SG,27,PHO,82,11,27.9,4.7,11.3,.415,0.7,2.0,.321,4.0,9.2,.436,.444,2.3,2.9,.787,0.9,2.3,3.2,2.0,0.9,0.2,1.2,2.1,12.3)
(2001,106,Michael Doleac,C,23,ORL,77,21,18.2,2.9,6.8,.417,0.0,0.0,.000,2.9,6.8,.420,.417,0.6,0.8,.847,0.9,2.6,3.5,0.8,0.5,0.5,0.8,3.1,6.4)
(2001,110,Chris Dudley,C,35,PHO,53,33,11.6,0.5,1.4,.397,0.0,0.0,,0.5,1.4,.397,.397,0.3,0.7,.389,1.2,2.2,3.5,0.3,0.3,0.5,0.5,2.1,1.4)
(2001,114,Howard Eisley,SG,28,DAL,82,40,29.6,3.2,8.2,.393,1.3,3.3,.398,1.9,5.0,.389,.472,1.3,1.5,.825,0.3,2.1,2.4,3.6,1.2,0.1,1.2,2.7,9.0)
(2001,118,Sean Elliott,SF,32,SAS,52,34,23.6,2.8,6.5,.434,1.1,2.5,.426,1.8,4.0,.438,.515,1.2,1.6,.714,0.3,2.9,3.3,1.6,0.4,0.5,1.0,1.5,7.9)
(2001,121,Evan Eschmeyer,C,25,NJN,74,51,18.0,1.2,2.7,.460,0.0,0.0,,1.2,2.7,.460,.460,0.9,1.4,.657,1.8,3.1,4.9,0.5,0.6,0.8,0.7,3.0,3.4)
(2001,125,Michael Finley,SF,27,DAL,82,82,42.0,8.7,18.9,.458,1.1,3.2,.346,7.6,15.7,.481,.487,3.1,4.0,.775,1.3,3.9,5.2,4.4,1.4,0.4,2.3,2.1,21.5)
(2001,129,Greg Foster,C,32,LAL,62,8,7.3,0.9,2.1,.421,0.0,0.1,.333,0.9,2.0,.427,.432,0.2,0.2,.714,0.5,1.3,1.8,0.5,0.1,0.2,0.4,1.2,2.0)
(2001,133,Steve Francis,PG,23,HOU,80,79,39.9,6.9,15.2,.451,1.7,4.2,.396,5.2,11.0,.472,.506,4.5,5.5,.817,2.4,4.5,6.9,6.5,1.8,0.4,3.3,3.4,19.9)
(2001,137,Chris Garner,PG,25,GSW,8,0,18.6,0.9,4.6,.189,0.0,0.9,.000,0.9,3.8,.233,.189,0.6,0.8,.833,0.3,1.3,1.5,2.3,0.9,0.1,1.1,2.3,2.4)
(2001,Rk,Player,Pos,Age,Tm,G,GS,MP,FG,FGA,FG%,3P,3PA,3P,2P,2PA,2P,eFG%,FT,FTA,FT%,ORB,DRB,TRB,AST,STL,BLK,TOV,PF,PTS)
(2001,144,Eddie Gill,PG,22,NJN,8,0,19.0,2.0,5.1,.390,0.4,1.1,.333,1.6,4.0,.406,.427,0.5,0.6,.800,0.0,1.1,1.1,3.0,0.5,0.1,1.3,1.1,4.9)
(2001,148,Steve Goodrich,PF,24,CHI,12,0,11.1,0.6,1.5,.389,0.1,0.3,.333,0.5,1.3,.400,.417,0.3,0.6,.571,0.6,1.2,1.8,0.5,0.2,0.1,0.7,1.2,1.6)
(2001,152,A.C. Green,PF,37,MIA,82,1,17.2,1.8,4.0,.444,0.0,0.1,.000,1.8,3.9,.453,.444,1.0,1.4,.712,1.3,2.5,3.8,0.5,0.4,0.1,0.5,1.5,4.5)
(2001,156,Darvin Ham,SF,27,MIL,29,13,18.6,1.3,2.8,.488,0.1,0.1,.667,1.3,2.7,.481,.500,1.0,1.7,.592,1.9,2.2,4.2,0.9,0.6,0.7,1.1,2.9,3.8)
(2001,160,Anfernee Hardaway,SG,29,PHO,4,4,28.0,3.8,9.0,.417,0.5,2.0,.250,3.3,7.0,.464,.444,1.8,2.8,.636,1.3,3.3,4.5,3.8,1.5,0.3,0.8,1.5,9.8)
(2001,163,Matt Harpring,SG,24,CLE,56,55,28.8,4.3,9.4,.454,0.2,0.9,.250,4.0,8.4,.477,.467,2.4,2.9,.812,1.6,2.7,4.3,1.8,0.8,0.3,1.6,2.9,11.1)
(2001,167,Jason Hart,PG,22,MIL,1,0,10.0,1.0,1.0,1.000,0.0,0.0,,1.0,1.0,1.000,1.000,0.0,0.0,,0.0,0.0,0.0,1.0,0.0,0.0,2.0,0.0,2.0)
(2001,171,Michael Hawkins,PG,28,CLE,10,0,7.6,0.3,0.9,.333,0.2,0.4,.500,0.1,0.5,.200,.444,0.0,0.0,,0.2,0.3,0.5,1.3,0.2,0.0,0.6,1.3,0.8)
(2001,175,Grant Hill,SF,28,ORL,4,4,33.3,4.8,10.8,.442,0.3,0.3,1.000,4.5,10.5,.429,.453,4.0,6.5,.615,2.0,4.3,6.3,6.3,1.3,0.5,2.8,2.3,13.8)
(2001,179,Eddie House,PG,22,MIA,50,0,11.0,2.1,4.9,.421,0.4,1.1,.345,1.7,3.8,.443,.460,0.5,0.7,.686,0.1,0.7,0.8,1.0,0.3,0.0,0.7,1.2,5.0)
(2001,182,Troy Hudson,PG,24,ORL,75,7,13.4,1.7,5.0,.336,0.3,1.5,.202,1.4,3.5,.392,.366,1.1,1.4,.817,0.5,0.9,1.4,2.2,0.5,0.0,1.2,1.1,4.8)
(2001,186,Allen Iverson,SG,25,PHI,71,71,42.0,10.7,25.5,.420,1.4,4.3,.320,9.4,21.2,.441,.447,8.2,10.1,.814,0.7,3.1,3.8,4.6,2.5,0.3,3.3,2.1,31.1)
(2001,190,Marc Jackson,C,26,GSW,48,35,29.4,4.9,10.6,.467,0.1,0.5,.217,4.8,10.1,.478,.471,3.2,4.0,.802,2.5,5.0,7.5,1.2,0.7,0.6,1.9,2.9,13.2)
(2001,194,Tim James,SF,24,CHH,30,0,6.6,0.5,1.7,.308,0.0,0.1,.333,0.5,1.6,.306,.317,0.4,0.5,.857,0.5,0.7,1.2,0.3,0.1,0.2,0.3,0.9,1.5)
(2001,198,DerMarr Johnson,SF,20,ATL,78,21,16.8,1.9,5.0,.374,0.5,1.6,.323,1.3,3.4,.399,.427,0.8,1.1,.736,0.7,1.6,2.3,0.8,0.6,0.4,1.2,1.7,5.1)
(2001,201,Damon Jones,PG,24,VAN,71,10,19.9,2.4,5.9,.409,1.2,3.3,.364,1.2,2.6,.465,.510,0.5,0.7,.712,0.2,1.5,1.7,3.2,0.5,0.0,1.1,0.8,6.5)
(2001,205,Garth Joseph,C,27,TOT,4,0,4.0,0.3,1.3,.200,0.0,0.0,,0.3,1.3,.200,.200,0.0,0.5,.000,0.5,0.0,0.5,0.3,0.0,0.3,0.5,0.3,0.5)
(2001,209,Jerome Kersey,SF,38,MIL,22,2,11.0,1.5,3.1,.464,0.0,0.0,.000,1.5,3.1,.471,.464,0.4,0.7,.500,0.4,1.7,2.0,0.7,0.6,0.4,0.3,1.6,3.3)
(2001,213,Brevin Knight,PG,25,TOT,53,43,27.5,2.6,7.0,.375,0.0,0.2,.100,2.6,6.8,.382,.376,1.0,1.2,.818,0.4,2.7,3.2,5.9,1.9,0.1,1.7,2.9,6.3)
(2001,217,Raef LaFrentz,C,24,DEN,78,74,31.5,5.0,10.4,.477,0.7,1.8,.367,4.3,8.6,.499,.508,2.3,3.4,.698,2.2,5.6,7.8,1.4,0.5,2.6,1.2,3.7,12.9)
(2001,Rk,Player,Pos,Age,Tm,G,GS,MP,FG,FGA,FG%,3P,3PA,3P,2P,2PA,2P,eFG%,FT,FTA,FT%,ORB,DRB,TRB,AST,STL,BLK,TOV,PF,PTS)
(2001,225,Grant Long,PF,34,VAN,66,27,22.8,2.1,4.8,.439,0.1,0.2,.267,2.1,4.6,.447,.445,1.7,2.4,.713,1.2,3.0,4.2,1.3,1.1,0.2,0.9,2.4,6.0)
(2001,229,George Lynch,SF,30,PHI,82,80,32.3,3.3,7.5,.445,0.2,0.7,.263,3.2,6.8,.463,.457,1.5,2.1,.719,2.4,4.8,7.2,1.7,1.2,0.4,1.3,2.7,8.4)
(2001,233,Corey Maggette,SF,21,LAC,69,9,19.7,3.3,7.1,.462,0.2,0.8,.304,3.0,6.2,.483,.479,3.2,4.2,.774,1.3,2.9,4.2,1.2,0.5,0.1,1.5,2.0,10.0)
(2001,237,Matt Maloney,PG,29,ATL,55,27,25.5,2.7,6.3,.420,0.9,2.6,.359,1.7,3.7,.461,.493,0.5,0.6,.765,0.3,1.9,2.1,2.8,1.0,0.1,1.3,1.7,6.7)
(2001,Rk,Player,Pos,Age,Tm,G,GS,MP,FG,FGA,FG%,3P,3PA,3P,2P,2PA,2P,eFG%,FT,FTA,FT%,ORB,DRB,TRB,AST,STL,BLK,TOV,PF,PTS)
(2001,244,Jamal Mashburn,SF,28,CHH,76,76,39.3,7.5,18.3,.413,1.4,3.8,.356,6.2,14.5,.428,.450,3.7,4.8,.766,1.2,6.4,7.6,5.4,1.1,0.2,2.8,2.4,20.1)
(2001,248,Vernon Maxwell,PG,35,TOT,43,6,15.3,1.7,5.2,.327,0.8,2.6,.306,0.9,2.6,.348,.404,0.5,0.7,.656,0.1,1.4,1.5,1.1,0.5,0.1,0.8,1.5,4.7)
(2001,252,Jelani McCoy,C,23,SEA,70,44,16.3,2.0,3.8,.523,0.0,0.0,,2.0,3.8,.523,.523,0.6,1.3,.441,1.3,2.3,3.6,0.8,0.3,0.7,1.1,2.0,4.5)
(2001,256,Jeff McInnis,PG,26,LAC,81,81,35.0,5.3,11.5,.463,0.6,1.8,.361,4.7,9.7,.482,.491,1.6,2.0,.807,0.5,2.2,2.7,5.5,0.9,0.1,1.4,2.5,12.9)
(2001,260,Paul McPherson,PG,22,TOT,55,0,10.8,2.0,3.9,.505,0.0,0.2,.167,1.9,3.7,.525,.509,0.8,1.1,.724,0.7,0.7,1.4,0.7,0.5,0.1,0.9,1.5,4.8)
(2001,263,Chris Mihm,C,21,CLE,59,43,19.8,2.9,6.6,.442,0.0,0.0,.000,2.9,6.6,.444,.442,1.7,2.1,.794,1.8,2.9,4.7,0.3,0.3,0.9,1.4,2.6,7.6)
(2001,267,Brad Miller,C,24,CHI,57,45,25.2,2.9,6.8,.435,0.0,0.1,.200,2.9,6.7,.438,.437,2.9,4.0,.743,2.5,4.8,7.4,1.9,0.6,0.7,1.3,3.1,8.9)
(2001,271,Terry Mills,PF,33,IND,14,0,8.1,0.8,2.4,.324,0.2,1.2,.176,0.6,1.2,.471,.368,0.0,0.0,,0.3,1.2,1.5,0.4,0.2,0.1,0.7,1.4,1.8)
(2001,275,Jerome Moiso,C,22,BOS,24,0,5.6,0.5,1.3,.400,0.0,0.0,.000,0.5,1.2,.414,.400,0.5,1.1,.423,0.5,1.3,1.8,0.1,0.1,0.2,0.8,1.2,1.5)
(2001,279,Alonzo Mourning*,C,30,MIA,13,3,23.5,5.6,10.8,.518,0.0,0.1,.000,5.6,10.8,.521,.518,2.4,4.2,.564,2.7,5.1,7.8,0.9,0.3,2.4,2.2,1.8,13.6)
(2001,282,Tracy Murray,SF,29,TOT,51,1,11.5,1.8,4.9,.379,0.7,2.0,.350,1.1,2.8,.400,.452,0.6,0.8,.786,0.4,1.2,1.6,0.5,0.2,0.1,0.5,1.0,5.0)
(2001,286,Eduardo Najera,PF,24,DAL,40,4,10.8,1.5,2.8,.523,0.0,0.1,.333,1.4,2.7,.528,.527,0.4,0.8,.424,1.0,1.4,2.4,0.7,0.3,0.2,0.4,1.2,3.3)
(2001,290,Ira Newble,SF,26,SAS,27,6,6.8,0.8,2.0,.382,0.1,0.3,.444,0.6,1.7,.370,.418,0.3,0.6,.500,0.5,0.8,1.3,0.2,0.1,0.1,0.3,0.7,2.0)
(2001,294,Jermaine O'Neal,C,22,IND,81,80,32.6,5.0,10.7,.465,0.0,0.1,.000,5.0,10.7,.468,.465,2.9,4.8,.601,3.1,6.7,9.8,1.2,0.6,2.8,2.0,3.5,12.9)
(2001,298,Hakeem Olajuwon*,C,38,HOU,58,55,26.6,4.9,9.8,.498,0.0,0.0,.000,4.9,9.8,.499,.498,2.1,3.4,.621,2.1,5.3,7.4,1.2,1.2,1.5,1.4,2.4,11.9)
(2001,301,Greg Ostertag,C,27,UTA,81,3,18.4,1.7,3.5,.495,0.0,0.0,.500,1.7,3.4,.495,.496,1.0,1.9,.556,2.0,3.1,5.1,0.3,0.3,1.8,0.8,2.7,4.5)
(2001,305,Olumide Oyedeji,C,19,SEA,30,1,7.4,0.6,1.2,.486,0.0,0.0,,0.6,1.2,.486,.486,0.3,0.4,.750,0.8,1.4,2.2,0.1,0.2,0.3,0.4,1.3,1.5)
(2001,309,Andy Panko,SF,23,ATL,1,0,1.0,0.0,0.0,,0.0,0.0,,0.0,0.0,,,0.0,0.0,,0.0,0.0,0.0,0.0,0.0,0.0,0.0,0.0,0.0)
(2001,313,Anthony Peeler,SG,31,MIN,75,41,28.3,4.1,9.8,.421,1.3,3.4,.391,2.8,6.3,.437,.489,1.0,1.2,.862,0.6,2.0,2.6,2.6,1.2,0.2,1.4,2.2,10.5)
(2001,317,Elliot Perry,PG,31,TOT,49,6,10.2,1.3,2.9,.464,0.0,0.1,.200,1.3,2.8,.474,.468,0.3,0.4,.727,0.2,0.8,0.9,1.6,0.4,0.0,0.8,0.6,3.0)
(2001,Rk,Player,Pos,Age,Tm,G,GS,MP,FG,FGA,FG%,3P,3PA,3P,2P,2PA,2P,eFG%,FT,FTA,FT%,ORB,DRB,TRB,AST,STL,BLK,TOV,PF,PTS)
(2001,324,Olden Polynice,C,36,UTA,81,79,20.0,2.5,5.1,.496,0.0,0.0,.000,2.5,5.1,.498,.496,0.2,0.8,.262,1.9,2.7,4.7,0.4,0.3,1.0,1.0,3.0,5.3)
(2001,328,James Posey,SF,24,DEN,82,82,27.5,3.0,7.2,.412,0.8,2.6,.300,2.2,4.5,.477,.467,1.4,1.7,.816,1.5,3.7,5.3,2.0,1.1,0.5,1.2,2.8,8.1)
(2001,332,Laron Profit,PG,23,WAS,35,12,17.3,1.6,4.1,.394,0.2,0.7,.269,1.4,3.3,.422,.419,0.9,1.3,.733,0.5,1.3,1.8,2.5,1.0,0.3,1.3,1.2,4.3)
(2001,336,Michael Redd,SG,21,MIL,6,0,5.8,0.8,3.2,.263,0.0,0.5,.000,0.8,2.7,.313,.263,0.5,1.0,.500,0.5,0.2,0.7,0.2,0.2,0.0,0.2,0.3,2.2)
(2001,340,Glen Rice,SF,33,NYK,75,25,29.5,4.4,10.0,.440,1.1,2.8,.389,3.3,7.2,.460,.495,2.1,2.4,.852,0.8,3.3,4.1,1.2,0.5,0.2,1.3,2.4,12.0)
(2001,343,Isaiah Rider,SG,29,LAL,67,6,18.0,3.0,7.0,.426,0.5,1.4,.370,2.5,5.7,.439,.462,1.1,1.2,.855,0.7,1.7,2.3,1.7,0.4,0.1,1.5,1.6,7.6)
(2001,347,Eddie Robinson,SF,24,CHH,67,6,17.9,3.2,6.1,.531,0.0,0.1,.500,3.2,6.0,.531,.533,1.0,1.3,.727,0.9,2.1,3.0,0.9,0.7,0.5,0.6,1.0,7.4)
(2001,351,Larry Robinson,PG-SG,33,TOT,34,1,18.6,2.0,5.4,.364,1.3,3.4,.379,0.7,2.0,.338,.484,0.6,0.7,.875,0.7,1.9,2.6,1.1,0.8,0.1,0.7,1.4,5.9)
(2001,355,Jalen Rose,SF,28,IND,72,72,40.9,7.9,17.3,.457,0.8,2.4,.339,7.1,14.8,.476,.480,4.0,4.8,.828,0.5,4.5,5.0,6.0,0.9,0.6,2.9,3.2,20.5)
(2001,359,Arvydas Sabonis*,C,36,POR,61,42,21.3,4.0,8.5,.479,0.0,0.2,.067,4.0,8.2,.491,.480,2.0,2.6,.776,0.8,4.6,5.4,1.5,0.7,1.0,1.4,2.2,10.1)
(2001,362,Daniel Santiago,C,24,PHO,54,2,10.8,1.2,2.5,.478,0.0,0.0,,1.2,2.5,.478,.478,0.8,1.1,.689,0.6,1.2,1.9,0.2,0.3,0.4,0.9,1.9,3.1)
(2001,366,Brian Skinner,PF,24,LAC,39,23,15.0,1.6,4.1,.398,0.0,0.0,,1.6,4.1,.398,.398,0.8,1.5,.542,1.4,2.9,4.3,0.5,0.4,0.3,0.8,1.6,4.1)
(2001,370,Michael Smith,PF,28,WAS,79,29,20.4,1.3,2.8,.486,0.0,0.0,.000,1.3,2.7,.488,.486,1.1,1.9,.578,2.2,4.9,7.1,1.3,0.7,0.5,0.8,2.0,3.8)
(2001,374,Eric Snow,PG,27,PHI,50,50,34.8,3.6,8.7,.418,0.1,0.4,.263,3.5,8.3,.425,.424,2.4,3.1,.792,0.5,2.8,3.3,7.4,1.5,0.1,2.5,2.5,9.8)
(2001,378,John Starks,SG,35,UTA,75,64,28.3,3.6,9.1,.398,0.9,2.4,.352,2.8,6.7,.415,.445,1.2,1.5,.802,0.4,1.7,2.1,2.4,1.0,0.1,1.3,2.9,9.3)
(2001,381,Michael Stewart,C,25,TOR,26,0,4.7,0.4,1.3,.324,0.0,0.0,,0.4,1.3,.324,.324,0.4,0.7,.611,0.6,0.5,1.1,0.1,0.2,0.1,0.2,0.7,1.3)
(2001,385,Damon Stoudamire,PG,27,POR,82,82,32.4,5.0,11.4,.434,1.0,2.7,.374,4.0,8.7,.453,.478,2.1,2.5,.831,0.8,2.9,3.7,5.7,1.3,0.1,2.3,2.5,13.0)
(2001,389,Derek Strong,PF,32,LAC,28,8,17.5,1.6,4.2,.385,0.0,0.0,.000,1.6,4.1,.388,.385,1.0,1.3,.757,1.2,2.6,3.9,0.3,0.5,0.0,0.8,1.1,4.2)
(2001,393,Wally Szczerbiak,SF,23,MIN,82,82,34.8,5.7,11.2,.510,0.3,0.9,.338,5.4,10.3,.526,.524,2.2,2.5,.870,1.6,3.8,5.5,3.2,0.7,0.4,1.7,2.8,14.0)
(2001,397,Jason Terry,SG,23,ATL,82,77,37.7,7.3,16.7,.436,1.5,3.8,.395,5.8,12.8,.448,.481,3.7,4.4,.846,0.5,2.8,3.3,4.9,1.3,0.1,2.9,2.5,19.7)
(2001,Rk,Player,Pos,Age,Tm,G,GS,MP,FG,FGA,FG%,3P,3PA,3P,2P,2PA,2P,eFG%,FT,FTA,FT%,ORB,DRB,TRB,AST,STL,BLK,TOV,PF,PTS)
(2001,404,Gary Trent,PF,26,DAL,33,4,9.7,1.7,3.9,.438,0.0,0.0,.000,1.7,3.9,.442,.438,0.6,1.1,.528,1.2,1.6,2.8,0.3,0.4,0.2,0.7,1.6,4.0)
(2001,408,Keith Van Horn,SF,25,NJN,49,47,35.4,6.3,14.4,.435,1.3,3.5,.382,5.0,11.0,.452,.481,3.1,3.8,.806,1.6,5.5,7.1,1.7,0.8,0.4,2.1,3.1,17.0)
(2001,412,Jake Voskuhl,C,23,CHI,16,2,8.9,0.7,1.6,.440,0.0,0.0,,0.7,1.6,.440,.440,0.5,0.9,.571,0.8,1.4,2.1,0.3,0.3,0.4,0.8,2.4,1.9)
(2001,416,John Wallace,SF,26,DET,40,0,13.2,2.5,5.9,.424,0.1,0.4,.133,2.5,5.5,.443,.428,0.9,1.1,.778,0.6,1.5,2.1,0.6,0.3,0.4,0.9,1.8,5.9)
(2001,420,Chris Webber,PF,27,SAC,70,70,40.5,11.2,23.4,.481,0.0,0.4,.071,11.2,23.0,.488,.481,4.6,6.6,.703,2.6,8.5,11.1,4.2,1.3,1.7,2.8,3.2,27.1)
(2001,423,Doug West,SG,33,VAN,15,6,11.4,0.7,2.5,.289,0.0,0.1,.000,0.7,2.4,.306,.289,0.4,0.5,.857,0.3,0.7,1.0,0.9,0.2,0.3,0.3,1.4,1.9)
(2001,427,Alvin Williams,SG,26,TOR,82,34,29.2,4.0,9.4,.430,0.4,1.3,.306,3.6,8.0,.451,.452,1.3,1.8,.752,0.6,2.0,2.6,5.0,1.5,0.3,1.3,2.1,9.8)
(2001,431,Monty Williams,SF,29,ORL,82,0,14.8,2.0,4.4,.445,0.0,0.2,.077,2.0,4.3,.459,.446,1.0,1.6,.639,1.0,1.9,3.0,1.0,0.4,0.2,1.0,1.7,5.0)
(2001,435,Corliss Williamson,SF,27,TOT,69,40,24.4,4.7,9.4,.502,0.0,0.0,.000,4.7,9.3,.504,.502,2.2,3.4,.637,1.6,3.1,4.7,0.9,0.7,0.3,1.6,2.7,11.6)
(2001,439,Metta World Peace,SF,21,CHI,76,74,31.1,4.3,10.7,.401,0.6,1.9,.291,3.7,8.8,.426,.428,2.8,3.7,.750,0.8,3.1,3.9,3.0,2.0,0.6,2.1,3.3,11.9)
