(2001,Rk,Player,Pos,Age,Tm,G,GS,MP,FG,FGA,FG%,3P,3PA,3P,2P,2PA,2P,eFG%,FT,FTA,FT%,ORB,DRB,TRB,AST,STL,BLK,TOV,PF,PTS)
(2001,4,Cory Alexander,PG,27,ORL,26,0,8.7,0.7,2.2,.321,0.2,0.6,.250,0.5,1.5,.350,.357,0.5,0.7,.667,0.0,1.0,1.0,1.4,0.6,0.0,1.0,1.1,2.0)
(2001,8,John Amaechi,C,30,ORL,82,36,20.9,2.9,7.2,.400,0.0,0.1,.000,2.9,7.1,.405,.400,2.1,3.4,.631,0.9,2.3,3.3,0.9,0.3,0.4,1.5,2.1,7.9)
(2001,12,Shandon Anderson,SG,27,HOU,82,82,29.2,3.2,7.2,.446,0.6,2.1,.271,2.6,5.1,.517,.485,1.7,2.3,.734,0.9,3.2,4.1,2.3,1.0,0.5,1.6,2.5,8.7)
(2001,16,Stacey Augmon,SG,32,POR,66,23,17.9,1.9,4.0,.477,0.0,0.1,.000,1.9,4.0,.485,.477,0.9,1.3,.655,0.9,1.5,2.4,1.5,0.7,0.3,0.7,1.6,4.7)
(2001,20,Vin Baker,PF,29,SEA,76,27,28.0,4.6,10.8,.422,0.0,0.2,.063,4.6,10.6,.429,.423,3.1,4.2,.723,2.4,3.3,5.7,1.2,0.5,1.0,2.1,3.5,12.2)
(2001,23,Brent Barry,SG,29,SEA,67,20,26.5,3.0,6.0,.494,1.6,3.4,.476,1.3,2.6,.517,.630,1.3,1.5,.816,0.5,2.7,3.1,3.4,1.2,0.2,1.3,1.9,8.8)
(2001,27,Jonathan Bender,SF,20,IND,59,7,9.7,1.1,3.2,.355,0.2,0.7,.268,0.9,2.5,.379,.384,0.8,1.2,.735,0.2,1.0,1.3,0.5,0.1,0.5,0.7,1.2,3.3)
(2001,31,Mike Bibby,PG,22,VAN,82,82,38.9,6.4,14.1,.454,1.3,3.5,.379,5.1,10.6,.478,.500,1.7,2.3,.761,0.6,3.1,3.7,8.4,1.3,0.1,3.0,1.8,15.9)
(2001,35,Mark Blount,C,25,BOS,64,50,17.2,1.6,3.1,.505,0.0,0.0,,1.6,3.1,.505,.505,0.7,1.0,.697,1.5,2.1,3.6,0.5,0.6,1.2,1.0,2.9,3.9)
(2001,39,Cal Bowdler,SF,23,ATL,44,0,8.5,1.2,2.6,.465,0.0,0.1,.200,1.2,2.5,.477,.469,0.8,0.9,.825,0.7,1.1,1.8,0.1,0.2,0.5,0.3,1.0,3.2)
(2001,42,Ira Bowman,PG,27,ATL,3,0,6.3,0.0,0.7,.000,0.0,0.0,,0.0,0.7,.000,.000,0.0,0.0,,0.3,0.3,0.7,2.3,0.0,0.0,0.3,0.0,0.0)
(2001,46,Terrell Brandon,PG,30,MIN,78,78,36.2,6.6,14.5,.451,0.4,1.2,.363,6.1,13.4,.458,.465,2.5,2.9,.871,0.8,3.1,3.8,7.5,2.1,0.3,2.0,1.8,16.0)
(2001,50,Randy Brown,PG,32,BOS,54,35,22.9,1.9,4.4,.422,0.0,0.1,.000,1.9,4.3,.427,.422,0.4,0.7,.575,0.4,1.4,1.8,2.9,1.1,0.2,1.0,2.4,4.1)
(2001,54,Greg Buckner,SG,24,DAL,37,9,22.2,2.3,5.2,.438,0.1,0.2,.286,2.2,5.0,.443,.443,1.6,2.2,.728,1.6,2.6,4.2,1.3,0.9,0.2,0.7,3.2,6.2)
(2001,58,Scott Burrell,SF,30,CHH,4,0,10.3,1.8,3.8,.467,0.5,1.5,.333,1.3,2.3,.556,.533,0.3,1.0,.250,0.3,0.5,0.8,0.3,0.8,0.0,0.0,2.0,4.3)
(2001,61,Elden Campbell,PF,32,CHH,78,78,30.0,4.7,10.7,.440,0.0,0.1,.000,4.7,10.6,.443,.440,3.7,5.2,.709,2.0,5.8,7.8,1.3,0.8,1.8,1.8,3.6,13.1)
(2001,65,Vince Carter,SF,24,TOR,75,75,39.7,10.2,22.1,.460,2.2,5.3,.408,8.0,16.8,.477,.509,5.1,6.7,.765,2.3,3.2,5.5,3.9,1.5,1.1,2.2,2.7,27.6)
(2001,69,Cedric Ceballos,SF,31,TOT,40,0,14.0,2.5,5.7,.441,0.6,1.8,.301,2.0,3.9,.506,.489,0.9,1.1,.860,0.9,1.8,2.7,0.5,0.4,0.2,0.8,1.5,6.5)
(2001,73,Keon Clark,PF,25,TOT,81,3,21.2,3.1,6.4,.480,0.0,0.0,.000,3.1,6.4,.481,.480,1.8,3.0,.592,1.7,3.7,5.4,0.9,0.4,1.9,1.1,3.0,7.9)
(2001,77,Bimbo Coles,PG,32,CLE,47,0,17.1,1.9,5.1,.381,0.0,0.3,.125,1.9,4.7,.399,.385,1.0,1.2,.857,0.2,0.8,1.0,2.9,0.6,0.1,1.3,1.9,4.9)
(2001,Rk,Player,Pos,Age,Tm,G,GS,MP,FG,FGA,FG%,3P,3PA,3P,2P,2PA,2P,eFG%,FT,FTA,FT%,ORB,DRB,TRB,AST,STL,BLK,TOV,PF,PTS)
(2001,84,John Crotty,PG,31,UTA,31,0,8.5,0.7,2.1,.338,0.1,0.2,.571,0.6,1.9,.310,.369,0.5,0.6,.895,0.4,0.5,0.9,1.1,0.2,0.0,0.6,1.0,2.1)
(2001,88,Michael Curry,SG,32,DET,68,58,21.8,2.1,4.7,.455,0.1,0.1,.444,2.1,4.6,.455,.461,0.9,1.1,.849,0.3,1.5,1.8,1.9,0.4,0.0,0.9,2.5,5.2)
(2001,92,Antonio Davis,C,32,TOR,78,77,35.0,4.8,11.1,.433,0.0,0.0,.000,4.8,11.1,.434,.433,4.1,5.4,.754,3.5,6.6,10.1,1.4,0.3,1.9,1.7,2.9,13.7)
(2001,96,Hubert Davis,PG,30,TOT,66,18,25.6,3.0,6.6,.453,1.2,2.6,.456,1.8,4.0,.450,.543,0.8,0.9,.871,0.4,1.7,2.1,1.7,0.5,0.0,1.2,1.8,7.9)
(2001,100,Andrew DeClercq,C,27,ORL,67,51,13.5,1.6,2.9,.554,0.0,0.0,,1.6,2.9,.554,.554,0.7,1.2,.573,1.4,2.2,3.5,0.5,0.6,0.5,0.8,3.0,3.9)
(2001,103,Derrick Dial,SG,25,SAS,33,0,6.3,1.1,2.5,.434,0.1,0.3,.200,1.0,2.2,.466,.446,0.4,0.6,.571,0.4,0.8,1.2,0.6,0.1,0.2,0.4,0.7,2.6)
(2001,107,Keyon Dooling,PG,20,LAC,76,1,16.3,1.9,4.8,.409,0.4,1.1,.350,1.6,3.7,.426,.448,1.6,2.4,.698,0.1,1.1,1.2,2.3,0.5,0.1,1.2,1.4,5.9)
(2001,111,Tim Duncan,PF,24,SAS,82,82,38.7,8.6,17.1,.499,0.1,0.3,.259,8.5,16.8,.504,.502,5.0,8.1,.618,3.2,9.0,12.2,3.0,0.9,2.3,3.0,3.0,22.2)
(2001,115,Obinna Ekezie,PF,25,TOT,33,0,8.5,1.0,2.5,.395,0.0,0.0,,1.0,2.5,.395,.395,1.1,1.6,.698,0.9,1.4,2.4,0.3,0.2,0.2,0.4,1.5,3.1)
(2001,119,LaPhonso Ellis,PF,30,MIN,82,5,23.8,3.6,7.8,.464,0.1,0.3,.318,3.5,7.6,.469,.470,2.1,2.6,.790,2.4,3.6,6.0,1.1,0.8,0.9,1.3,3.5,9.4)
(2001,122,Patrick Ewing*,C,38,SEA,79,79,26.7,3.7,8.7,.430,0.0,0.0,.000,3.7,8.6,.431,.430,2.2,3.2,.685,1.6,5.8,7.4,1.2,0.7,1.2,1.9,2.9,9.6)
(2001,126,Derek Fisher,PG,26,LAL,20,20,35.5,3.9,9.4,.412,1.3,3.2,.397,2.6,6.2,.419,.479,2.5,3.1,.806,0.3,2.7,3.0,4.4,2.0,0.1,1.5,2.5,11.5)
(2001,130,Jeff Foster,C,24,IND,71,9,16.2,1.4,3.0,.469,0.0,0.1,.286,1.4,2.9,.476,.474,0.7,1.3,.516,2.0,3.5,5.5,0.5,0.5,0.4,0.7,2.1,3.5)
(2001,134,Todd Fuller,C,26,MIA,10,0,7.7,1.0,3.5,.286,0.0,0.0,,1.0,3.5,.286,.286,0.8,0.8,1.000,0.7,1.1,1.8,0.1,0.3,0.2,0.3,1.0,2.8)
(2001,138,Kevin Garnett,PF,24,MIN,81,81,39.5,8.7,18.2,.477,0.2,0.8,.288,8.5,17.4,.486,.484,4.4,5.8,.764,2.7,8.7,11.4,5.0,1.4,1.8,2.8,2.5,22.0)
(2001,141,Chris Gatling,PF,33,CLE,74,6,22.6,4.4,9.9,.449,0.4,1.2,.304,4.1,8.7,.470,.468,2.1,3.1,.684,1.3,3.9,5.3,0.8,0.7,0.4,1.6,2.5,11.4)
(2001,145,Kendall Gill,SG,32,NJN,31,26,28.8,3.5,10.4,.331,0.1,0.5,.286,3.3,10.0,.333,.337,2.1,2.9,.722,1.0,3.2,4.2,2.8,1.5,0.2,1.5,2.1,9.1)
(2001,149,Brian Grant,C,28,MIA,82,79,33.8,5.9,12.3,.479,0.0,0.0,.000,5.9,12.3,.480,.479,3.4,4.3,.797,2.6,6.1,8.8,1.2,0.7,0.9,2.1,3.6,15.2)
(2001,153,Adrian Griffin,SF,26,BOS,44,0,8.6,0.8,2.2,.340,0.2,0.6,.346,0.5,1.6,.338,.387,0.4,0.5,.750,0.6,1.4,2.0,0.6,0.4,0.1,0.4,1.0,2.1)
(2001,157,Richard Hamilton,SF,22,WAS,78,42,32.3,7.0,16.0,.438,0.5,1.9,.274,6.5,14.1,.460,.454,3.6,4.1,.868,1.0,2.1,3.1,2.9,1.0,0.1,2.6,2.6,18.1)
(2001,Rk,Player,Pos,Age,Tm,G,GS,MP,FG,FGA,FG%,3P,3PA,3P,2P,2PA,2P,eFG%,FT,FTA,FT%,ORB,DRB,TRB,AST,STL,BLK,TOV,PF,PTS)
(2001,164,Al Harrington,PF,20,IND,78,38,24.3,3.1,7.0,.444,0.0,0.1,.143,3.1,6.9,.448,.445,1.3,2.0,.656,1.5,3.4,4.9,1.7,0.8,0.2,1.9,2.9,7.5)
(2001,168,Antonio Harvey,PF,30,POR,12,0,6.0,1.1,2.3,.464,0.0,0.0,,1.1,2.3,.464,.464,0.4,0.5,.833,0.4,0.8,1.2,0.3,0.1,0.5,0.3,0.8,2.6)
(2001,172,Alan Henderson,PF,28,ATL,73,42,24.8,4.1,9.2,.444,0.0,0.0,.000,4.1,9.2,.445,.444,2.4,3.7,.638,2.5,3.1,5.6,0.7,0.7,0.4,1.7,2.2,10.5)
(2001,176,Tyrone Hill,PF,32,PHI,76,75,31.1,3.7,7.7,.474,0.0,0.0,.000,3.7,7.7,.474,.474,2.3,3.6,.630,3.1,5.9,9.0,0.6,0.5,0.4,1.7,3.2,9.6)
(2001,180,Allan Houston,SG,29,NYK,78,78,36.6,6.9,15.5,.449,1.2,3.2,.381,5.7,12.3,.467,.488,3.6,3.9,.909,0.3,3.4,3.6,2.2,0.7,0.1,2.1,2.4,18.7)
(2001,183,Larry Hughes,SG,22,GSW,50,45,36.9,6.2,16.1,.383,0.3,1.5,.187,5.9,14.6,.403,.391,3.9,5.0,.766,1.5,4.0,5.5,4.5,1.9,0.6,3.0,2.9,16.5)
(2001,187,Bobby Jackson,PG,27,SAC,79,7,20.9,2.9,6.7,.439,0.5,1.3,.375,2.4,5.3,.455,.476,0.8,1.1,.739,0.9,2.2,3.1,2.0,1.1,0.1,1.3,1.8,7.2)
(2001,191,Mark Jackson,PG,35,TOT,83,82,31.2,2.9,7.0,.419,0.8,2.5,.338,2.1,4.5,.463,.479,0.9,1.1,.785,0.8,2.9,3.7,8.0,1.0,0.1,2.1,1.7,7.6)
(2001,195,Antawn Jamison,SF,24,GSW,82,82,41.4,9.8,22.1,.442,0.8,2.5,.302,9.0,19.6,.459,.459,4.7,6.5,.715,3.4,5.3,8.7,2.0,1.4,0.3,2.4,2.7,24.9)
(2001,199,Ervin Johnson,C,33,MIL,82,19,24.2,1.3,2.4,.545,0.0,0.0,,1.3,2.4,.545,.545,0.6,1.1,.538,2.5,5.0,7.5,0.5,0.5,1.2,0.6,3.1,3.2)
(2001,202,Eddie Jones,SG,29,MIA,63,58,36.2,6.2,13.8,.445,1.4,3.8,.378,4.7,10.0,.471,.497,3.6,4.3,.844,1.2,3.4,4.6,2.7,1.7,0.9,2.1,2.9,17.4)
(2001,206,Adam Keefe,PF,30,GSW,67,13,12.5,1.0,2.4,.403,0.0,0.0,.333,0.9,2.3,.404,.406,0.6,0.9,.619,1.3,1.8,3.1,0.5,0.4,0.3,0.6,1.5,2.5)
(2001,210,Lari Ketner,PF,23,IND,3,0,2.3,0.0,0.0,,0.0,0.0,,0.0,0.0,,,0.0,0.0,,0.0,0.0,0.0,0.3,0.0,0.0,0.7,0.0,0.0)
(2001,214,Travis Knight,C,26,NYK,45,0,5.7,0.2,1.2,.189,0.0,0.0,.000,0.2,1.2,.192,.189,0.2,0.4,.500,0.4,0.8,1.2,0.1,0.1,0.2,0.2,1.0,0.6)
(2001,218,Trajan Langdon,SG,24,CLE,65,5,17.2,2.1,4.8,.431,0.8,1.9,.411,1.3,2.9,.444,.513,1.0,1.2,.895,0.2,1.2,1.4,1.2,0.6,0.1,0.8,1.8,6.0)
(2001,221,Quincy Lewis,SF,23,UTA,35,2,11.5,1.4,3.5,.407,0.3,0.7,.360,1.2,2.8,.418,.443,0.4,0.6,.714,0.4,0.9,1.3,0.5,0.3,0.3,0.5,2.2,3.5)
(2001,226,Luc Longley,C,32,NYK,25,2,12.0,0.7,2.2,.333,0.0,0.0,,0.7,2.2,.333,.333,0.5,0.7,.765,1.0,1.6,2.6,0.3,0.1,0.4,0.9,2.0,2.0)
(2001,230,Todd MacCulloch,C,25,PHI,63,3,9.5,1.7,2.9,.589,0.0,0.0,,1.7,2.9,.589,.589,0.7,1.0,.636,1.1,1.6,2.7,0.2,0.1,0.3,0.4,1.5,4.1)
(2001,234,Jamaal Magloire,C,22,CHH,74,0,14.8,1.6,3.7,.450,0.0,0.0,.000,1.6,3.6,.454,.450,1.3,2.0,.655,1.4,2.6,4.0,0.4,0.2,1.1,0.8,1.9,4.6)
(2001,238,Danny Manning,PF,34,UTA,82,0,15.9,3.0,6.1,.494,0.1,0.3,.250,2.9,5.8,.508,.501,1.2,1.7,.729,0.8,1.8,2.6,1.1,0.6,0.4,1.2,2.7,7.4)
(2001,241,Donyell Marshall,SF,27,UTA,81,49,28.7,5.3,10.5,.503,0.5,1.6,.320,4.8,8.9,.535,.527,2.5,3.4,.751,2.1,4.9,7.0,1.6,1.0,1.0,1.6,2.4,13.6)
(2001,245,Anthony Mason,PF,34,MIA,80,80,40.7,5.8,11.9,.482,0.0,0.0,,5.8,11.9,.482,.482,4.6,5.9,.781,2.1,7.5,9.6,3.1,1.0,0.3,2.2,2.9,16.1)
(2001,249,Walter McCarty,PF,26,BOS,60,3,8.0,0.8,2.1,.357,0.3,0.9,.339,0.4,1.2,.371,.433,0.4,0.5,.786,0.4,1.0,1.4,0.7,0.2,0.1,0.3,1.4,2.2)
(2001,253,Antonio McDyess,PF,26,DEN,70,70,36.5,8.2,16.6,.495,0.0,0.0,,8.2,16.6,.495,.495,4.3,6.2,.700,3.4,8.6,12.1,2.1,0.6,1.5,2.3,3.1,20.8)
(2001,257,Derrick McKey,SF,34,IND,66,20,15.0,0.9,2.1,.441,0.1,0.3,.200,0.8,1.8,.483,.456,0.3,0.4,.778,0.7,1.9,2.7,1.1,0.7,0.2,0.7,2.1,2.2)
(2001,Rk,Player,Pos,Age,Tm,G,GS,MP,FG,FGA,FG%,3P,3PA,3P,2P,2PA,2P,eFG%,FT,FTA,FT%,ORB,DRB,TRB,AST,STL,BLK,TOV,PF,PTS)
(2001,264,Darius Miles,SF,19,LAC,81,21,26.3,3.9,7.8,.505,0.0,0.2,.053,3.9,7.5,.519,.506,1.5,2.9,.521,1.6,4.3,5.9,1.2,0.6,1.5,1.8,2.4,9.4)
(2001,268,Mike Miller,SF,20,ORL,82,62,29.1,4.5,10.3,.436,1.8,4.4,.407,2.7,5.9,.457,.523,1.1,1.6,.711,0.8,3.2,4.0,1.7,0.6,0.2,1.2,2.4,11.9)
(2001,272,Sam Mitchell,SF,37,MIN,82,4,12.0,1.4,3.5,.408,0.1,0.5,.209,1.3,3.0,.443,.424,0.5,0.7,.727,0.3,1.2,1.5,0.7,0.3,0.1,0.4,1.4,3.5)
(2001,276,Eric Montross,C,29,TOT,54,21,12.0,1.0,2.6,.406,0.0,0.0,,1.0,2.6,.406,.406,0.1,0.6,.258,1.0,2.2,3.2,0.4,0.2,0.5,0.8,2.1,2.2)
(2001,280,Chris Mullin*,SF,37,GSW,20,8,18.7,1.8,5.3,.340,1.0,2.6,.365,0.9,2.7,.315,.429,1.2,1.4,.857,0.5,1.6,2.1,1.0,0.8,0.5,1.0,1.4,5.8)
(2001,283,Dikembe Mutombo*,C,34,TOT,75,75,34.5,3.6,7.4,.484,0.0,0.0,,3.6,7.4,.484,.484,2.8,3.9,.725,4.1,9.4,13.5,1.0,0.4,2.7,1.9,2.7,10.0)
(2001,287,Steve Nash,PG,26,DAL,70,70,34.1,5.5,11.3,.487,1.3,3.1,.406,4.2,8.2,.518,.544,3.3,3.7,.895,0.7,2.5,3.2,7.3,1.0,0.1,2.9,2.3,15.6)
(2001,291,Johnny Newman,SG,37,NJN,82,17,25.0,3.5,8.5,.419,0.7,2.1,.335,2.8,6.3,.447,.461,3.1,3.6,.855,0.4,1.7,2.1,1.4,0.8,0.1,1.3,2.8,10.9)
(2001,295,Shaquille O'Neal,C,28,LAL,74,74,39.5,11.0,19.2,.572,0.0,0.0,.000,11.0,19.2,.573,.572,6.7,13.1,.513,3.9,8.8,12.7,3.7,0.6,2.8,2.9,3.5,28.7)
(2001,299,Kevin Ollie,PG,28,TOT,70,4,13.2,1.1,2.7,.396,0.0,0.0,.333,1.1,2.7,.397,.398,0.9,1.3,.708,0.2,1.1,1.4,2.1,0.4,0.0,0.7,1.2,3.1)
(2001,302,Bo Outlaw,PF,29,ORL,80,69,31.7,2.8,4.6,.614,0.0,0.0,.500,2.8,4.6,.615,.615,1.6,2.8,.573,2.6,5.1,7.7,2.8,1.3,1.7,1.8,3.0,7.3)
(2001,306,Robert Pack,PG,31,DEN,74,11,17.0,2.4,5.8,.425,0.2,0.4,.387,2.3,5.3,.428,.439,1.4,1.9,.766,0.4,1.4,1.9,4.0,0.9,0.0,1.8,1.5,6.5)
(2001,310,Cherokee Parks,C,28,TOT,65,31,16.2,2.1,4.2,.489,0.0,0.1,.000,2.1,4.1,.500,.489,0.5,0.7,.705,1.1,2.4,3.5,0.7,0.4,0.6,0.6,1.9,4.6)
(2001,314,Mike Penberthy,PG,26,LAL,53,0,16.1,1.7,4.2,.414,1.0,2.6,.396,0.7,1.6,.446,.538,0.5,0.6,.903,0.2,1.0,1.2,1.3,0.4,0.0,0.6,1.1,5.0)
(2001,318,Wesley Person,SG,29,CLE,44,22,21.8,2.9,6.6,.438,0.8,1.9,.405,2.1,4.7,.452,.497,0.5,0.7,.800,0.3,2.7,3.0,1.5,0.6,0.3,0.9,1.4,7.1)
(2001,321,Paul Pierce,SF,23,BOS,82,82,38.0,8.4,18.5,.454,1.8,4.7,.383,6.6,13.8,.478,.503,6.7,9.0,.745,1.1,5.2,6.4,3.1,1.7,0.8,3.2,3.1,25.3)
(2001,325,Mark Pope,PF,28,MIL,63,45,15.0,1.0,2.3,.437,0.1,0.4,.208,0.9,1.9,.483,.454,0.3,0.6,.629,0.9,1.4,2.3,0.6,0.3,0.4,0.3,2.2,2.4)
(2001,329,Lavor Postell,SG,22,NYK,26,0,6.5,0.7,2.1,.315,0.1,0.4,.273,0.5,1.7,.326,.343,0.8,1.0,.815,0.3,0.7,1.0,0.2,0.2,0.1,0.7,0.5,2.3)
(2001,333,Joel Przybilla,C,21,MIL,33,13,8.2,0.4,1.1,.343,0.0,0.0,,0.4,1.1,.343,.343,0.1,0.3,.273,0.9,1.3,2.2,0.1,0.1,0.9,0.4,1.7,0.8)
(2001,337,Bryant Reeves,C,27,VAN,75,48,24.4,3.4,7.4,.460,0.0,0.1,.250,3.4,7.3,.462,.461,1.5,1.9,.796,1.8,4.3,6.0,1.1,0.6,0.7,1.2,3.2,8.3)
(2001,Rk,Player,Pos,Age,Tm,G,GS,MP,FG,FGA,FG%,3P,3PA,3P,2P,2PA,2P,eFG%,FT,FTA,FT%,ORB,DRB,TRB,AST,STL,BLK,TOV,PF,PTS)
(2001,344,Terrance Roberson,SF,24,CHH,3,0,4.3,0.0,0.7,.000,0.0,0.3,.000,0.0,0.3,.000,.000,0.0,0.0,,0.0,0.3,0.3,0.3,0.0,0.0,0.7,1.0,0.0)
(2001,348,Glenn Robinson,SF,28,MIL,76,74,37.0,9.0,19.2,.468,0.7,2.4,.299,8.3,16.8,.493,.487,3.3,4.0,.820,1.6,5.3,6.9,3.3,1.1,0.8,2.9,2.5,22.0)
(2001,352,Carlos Rogers,C,29,HOU,39,0,13.9,1.9,2.8,.682,0.0,0.0,.000,1.9,2.8,.688,.682,0.7,1.3,.558,1.2,2.3,3.6,0.2,0.3,0.5,0.4,0.8,4.6)
(2001,356,Malik Rose,PF,26,SAS,57,9,21.4,2.8,6.5,.435,0.1,0.3,.176,2.8,6.2,.447,.439,2.0,2.8,.713,1.7,3.7,5.4,0.8,1.0,0.7,1.3,2.6,7.7)
(2001,360,Soumaila Samake,C,22,NJN,34,0,6.6,0.5,1.4,.375,0.0,0.0,,0.5,1.4,.375,.375,0.3,0.7,.417,0.6,0.9,1.6,0.0,0.1,0.4,0.1,0.7,1.4)
(2001,363,Detlef Schrempf,SF,38,POR,26,0,15.3,1.5,3.7,.411,0.1,0.3,.375,1.4,3.3,.414,.426,0.9,1.0,.852,0.7,2.3,3.0,1.7,0.3,0.1,1.1,1.7,4.0)
(2001,367,Reggie Slater,PF,30,MIN,55,16,12.5,1.6,3.2,.514,0.0,0.0,,1.6,3.2,.514,.514,1.3,2.0,.673,1.4,2.0,3.4,0.5,0.3,0.2,0.8,2.3,4.6)
(2001,371,Mike Smith,SF,24,WAS,17,0,10.6,1.1,3.5,.322,0.2,1.1,.167,0.9,2.4,.390,.347,0.6,0.9,.625,0.6,0.7,1.3,0.6,0.3,0.2,0.4,0.5,3.0)
(2001,375,Felton Spencer,C,33,NYK,18,0,6.3,0.7,1.1,.600,0.0,0.0,,0.7,1.1,.600,.600,0.8,1.4,.600,0.9,1.1,1.9,0.1,0.1,0.1,0.6,1.3,2.2)
(2001,379,Vladimir Stepania,C,24,NJN,29,0,9.7,1.0,3.0,.318,0.0,0.1,.250,0.9,2.9,.321,.324,0.9,1.2,.735,1.2,2.6,3.8,0.6,0.3,0.4,0.7,1.6,2.8)
(2001,382,Bryant Stith,SG,30,BOS,78,74,32.1,3.1,7.8,.401,1.2,3.1,.376,2.0,4.7,.417,.475,2.2,2.7,.845,0.8,2.8,3.6,2.2,1.2,0.2,1.2,2.3,9.7)
(2001,386,Erick Strickland,PG,27,TOT,50,0,16.6,1.6,5.3,.303,0.6,1.9,.316,1.0,3.4,.297,.360,1.4,1.6,.861,0.4,2.2,2.6,1.9,0.9,0.0,1.0,1.8,5.2)
(2001,390,Bruno Sundov,C,20,IND,11,4,10.9,1.8,3.7,.488,0.0,0.4,.000,1.8,3.4,.541,.488,0.3,0.5,.600,0.4,1.7,2.1,0.2,0.2,0.4,0.3,1.9,3.9)
(2001,394,Zan Tabak,C,30,IND,55,14,14.1,1.8,3.4,.527,0.0,0.0,,1.8,3.4,.527,.527,0.4,0.9,.426,1.2,2.7,3.9,0.6,0.2,0.5,1.0,2.3,3.9)
(2001,398,Jamel Thomas,SF,27,NJN,5,0,11.2,1.2,3.8,.316,0.2,0.6,.333,1.0,3.2,.313,.342,0.0,0.0,,0.8,1.0,1.8,0.0,0.6,0.0,1.2,1.2,2.6)
(2001,401,Tim Thomas,PF,23,MIL,76,16,27.4,4.3,10.0,.430,1.4,3.4,.412,2.9,6.6,.440,.501,2.6,3.3,.771,1.0,3.1,4.1,1.8,1.0,0.6,1.5,2.6,12.6)
(2001,405,Jake Tsakalidis,C,21,PHO,57,39,16.6,1.8,3.8,.470,0.0,0.0,,1.8,3.8,.470,.470,0.9,1.6,.593,1.5,2.8,4.2,0.3,0.2,1.0,1.2,2.4,4.5)
(2001,409,David Vanterpool,PG,27,WAS,22,0,18.7,2.1,5.0,.418,0.0,0.3,.000,2.1,4.7,.442,.418,1.4,2.3,.600,0.7,1.0,1.7,3.0,1.0,0.1,1.7,2.0,5.5)
(2001,413,Antoine Walker,PF,24,BOS,81,81,41.9,8.8,21.2,.413,2.7,7.4,.367,6.0,13.8,.439,.478,3.1,4.3,.716,1.9,7.0,8.9,5.5,1.7,0.6,3.7,3.1,23.4)
(2001,417,Rasheed Wallace,PF,26,POR,77,75,38.2,7.7,15.3,.501,0.7,2.1,.321,7.0,13.2,.530,.523,3.2,4.2,.766,1.9,5.9,7.8,2.8,1.2,1.8,2.1,2.7,19.2)
(2001,Rk,Player,Pos,Age,Tm,G,GS,MP,FG,FGA,FG%,3P,3PA,3P,2P,2PA,2P,eFG%,FT,FTA,FT%,ORB,DRB,TRB,AST,STL,BLK,TOV,PF,PTS)
(2001,424,Jahidi White,C,24,WAS,68,56,23.7,3.0,6.0,.498,0.0,0.0,.000,3.0,6.0,.499,.498,2.6,4.6,.567,2.6,5.0,7.7,0.3,0.5,1.6,2.0,3.1,8.6)
(2001,428,Eric Williams,SF,28,BOS,81,11,21.5,2.0,5.5,.362,0.6,1.7,.331,1.4,3.8,.375,.413,2.0,2.9,.714,0.8,1.8,2.6,1.4,0.8,0.2,0.9,2.2,6.6)
(2001,432,Scott Williams,C,32,MIL,66,31,19.3,2.6,5.5,.474,0.0,0.1,.250,2.6,5.4,.476,.475,0.9,1.1,.857,1.5,4.0,5.5,0.5,0.7,0.5,0.6,2.7,6.1)
(2001,436,Kevin Willis,C,38,TOT,78,22,23.5,3.9,8.8,.441,0.0,0.1,.167,3.9,8.8,.443,.441,1.4,1.9,.769,2.3,4.6,6.8,0.6,0.7,0.7,1.1,2.8,9.3)
(2001,440,Lorenzen Wright,C,25,ATL,71,46,28.0,5.1,11.4,.448,0.0,0.0,.000,5.1,11.4,.449,.448,2.2,3.0,.718,2.5,5.0,7.5,1.2,0.6,0.9,1.8,3.3,12.4)
