(2001,1,Mahmoud Abdul-Rauf,PG,31,VAN,41,0,11.9,2.9,6.0,.488,0.1,0.3,.286,2.8,5.7,.500,.496,0.5,0.7,.759,0.1,0.5,0.6,1.9,0.2,0.0,0.6,1.2,6.5)
(2001,5,Courtney Alexander,PG,23,TOT,65,24,21.3,3.7,8.8,.417,0.3,0.7,.370,3.4,8.1,.421,.432,1.9,2.3,.820,0.6,1.6,2.2,1.0,0.7,0.1,1.2,2.1,9.5)
(2001,9,Derek Anderson,SG,26,SAS,82,82,34.9,5.0,12.1,.416,1.2,3.1,.399,3.8,9.0,.422,.467,4.2,4.9,.851,0.9,3.5,4.4,3.7,1.5,0.2,2.0,2.3,15.5)
(2001,13,Greg Anthony,PG,33,POR,58,0,14.8,1.7,4.4,.383,1.1,2.7,.409,0.6,1.6,.340,.512,0.4,0.6,.657,0.4,0.7,1.1,1.4,0.7,0.1,0.7,1.1,4.9)
(2001,17,Isaac Austin,C,31,VAN,52,16,16.3,1.8,5.2,.356,0.1,0.5,.250,1.7,4.7,.366,.367,0.5,0.8,.700,1.0,3.3,4.3,1.1,0.4,0.4,1.0,1.8,4.3)
(2001,Rk,Player,Pos,Age,Tm,G,GS,MP,FG,FGA,FG%,3P,3PA,3P,2P,2PA,2P,eFG%,FT,FTA,FT%,ORB,DRB,TRB,AST,STL,BLK,TOV,PF,PTS)
(2001,24,Jon Barry,SG,31,SAC,62,2,16.3,1.7,4.1,.404,0.7,2.1,.348,0.9,2.0,.463,.494,1.0,1.2,.877,0.3,1.3,1.5,2.1,0.5,0.1,0.9,1.1,5.1)
(2001,28,Corey Benjamin,PG,22,CHI,65,5,13.2,1.8,4.6,.381,0.3,1.2,.259,1.4,3.4,.425,.416,0.9,1.3,.675,0.6,1.0,1.5,1.1,0.4,0.2,1.0,2.0,4.7)
(2001,32,Chauncey Billups,SG,24,MIN,77,33,23.2,3.2,7.6,.422,0.9,2.5,.376,2.3,5.1,.445,.485,1.9,2.2,.842,0.4,1.6,2.1,3.4,0.7,0.1,1.4,2.3,9.3)
(2001,36,Muggsy Bogues,PG,36,TOR,3,0,11.3,0.0,0.7,.000,0.0,0.3,.000,0.0,0.3,.000,.000,0.0,0.0,,0.0,1.0,1.0,1.7,0.7,0.0,1.3,1.0,0.0)
(2001,40,Bruce Bowen,SF,29,MIA,82,72,32.7,2.6,7.1,.363,1.3,3.7,.336,1.3,3.3,.394,.452,1.2,2.0,.609,0.5,2.4,3.0,1.6,1.0,0.6,0.9,3.3,7.6)
(2001,43,Earl Boykins,PG,24,LAC,10,0,14.9,2.5,6.3,.397,0.1,0.8,.125,2.4,5.5,.436,.405,1.4,1.7,.824,0.4,0.7,1.1,3.2,0.5,0.0,0.9,0.9,6.5)
(2001,47,Chucky Brown,SF,32,TOT,26,2,13.0,1.5,3.7,.421,0.0,0.1,.000,1.5,3.5,.435,.421,0.8,1.3,.647,0.3,1.8,2.1,0.4,0.3,0.3,0.3,1.4,3.9)
(2001,51,Rick Brunson,PG,28,TOT,22,0,9.5,0.8,2.5,.333,0.1,0.6,.143,0.7,1.8,.400,.352,0.4,0.7,.533,0.2,0.7,1.0,1.4,0.4,0.0,0.8,1.0,2.1)
(2001,55,Jud Buechler,SF,32,DET,57,3,12.9,1.3,2.9,.463,0.6,1.4,.416,0.8,1.5,.506,.561,0.2,0.2,.750,0.4,1.3,1.6,0.7,0.4,0.2,0.4,1.5,3.4)
(2001,59,Jason Caffey,PF,27,MIL,70,33,20.9,2.6,5.2,.488,0.0,0.0,,2.6,5.2,.488,.488,2.0,3.0,.673,1.9,3.1,5.0,0.8,0.5,0.4,1.1,2.6,7.1)
(2001,62,Brian Cardinal,PF,23,DET,15,0,8.4,0.7,2.1,.323,0.0,0.3,.000,0.7,1.7,.385,.323,0.7,1.2,.611,0.5,1.0,1.5,0.2,0.5,0.1,0.6,1.8,2.1)
(2001,66,Sam Cassell,PG,31,MIL,76,75,35.6,7.1,14.9,.474,0.4,1.3,.306,6.7,13.6,.490,.488,3.6,4.3,.858,0.6,3.2,3.8,7.6,1.2,0.1,2.9,2.8,18.2)
(2001,70,Calbert Cheaney,SG,29,DEN,9,5,17.0,1.1,3.3,.333,0.0,0.0,,1.1,3.3,.333,.333,0.1,0.2,.500,0.6,1.7,2.2,1.0,0.4,0.2,0.6,1.6,2.3)
(2001,74,Mateen Cleaves,PG,23,DET,78,8,16.3,2.1,5.1,.400,0.1,0.2,.294,2.0,4.9,.405,.406,1.2,1.8,.708,0.3,1.4,1.7,2.7,0.6,0.0,1.8,2.0,5.4)
(2001,78,Jason Collier,C,23,HOU,23,0,9.7,1.2,3.1,.380,0.0,0.0,.000,1.2,3.0,.386,.380,0.7,1.0,.708,0.5,1.1,1.6,0.3,0.1,0.1,0.5,1.2,3.1)
(2001,81,Chris Crawford,PF,25,ATL,47,22,19.2,2.6,5.7,.452,0.1,0.5,.273,2.5,5.3,.468,.463,1.4,1.8,.819,0.6,1.7,2.3,0.8,0.4,0.3,1.3,2.5,6.8)
(2001,85,Vonteego Cummings,PG,24,GSW,66,11,22.7,2.7,7.8,.344,0.7,2.2,.336,2.0,5.7,.348,.391,1.2,1.8,.681,0.7,1.4,2.1,3.4,1.0,0.2,1.4,2.4,7.3)
(2001,89,Erick Dampier,C,25,GSW,43,26,24.1,2.9,7.3,.401,0.0,0.0,.000,2.9,7.3,.404,.401,1.6,2.9,.532,2.3,3.6,5.8,1.4,0.4,1.3,1.9,2.9,7.4)
(2001,93,Baron Davis,PG,21,CHH,82,82,38.9,5.0,11.7,.427,1.0,3.3,.310,4.0,8.3,.474,.472,2.8,4.1,.677,1.6,3.4,5.0,7.3,2.1,0.4,2.8,3.3,13.8)
(2001,97,Ricky Davis,SG,21,MIA,7,0,10.0,1.7,4.1,.414,0.1,0.1,1.000,1.6,4.0,.393,.431,1.0,1.1,.875,0.1,0.9,1.0,1.6,0.7,0.3,0.7,1.0,4.6)
(2001,Rk,Player,Pos,Age,Tm,G,GS,MP,FG,FGA,FG%,3P,3PA,3P,2P,2PA,2P,eFG%,FT,FTA,FT%,ORB,DRB,TRB,AST,STL,BLK,TOV,PF,PTS)
(2001,104,Michael Dickerson,SG,25,VAN,70,69,37.4,6.1,14.6,.417,1.2,3.3,.374,4.8,11.3,.429,.459,2.9,3.9,.763,1.0,2.3,3.3,3.3,0.9,0.4,2.3,3.0,16.3)
(2001,108,Sherman Douglas,PG,34,NJN,59,7,18.5,2.1,5.1,.403,0.1,0.7,.200,1.9,4.5,.433,.416,1.5,1.9,.748,0.4,0.9,1.3,2.4,0.6,0.1,1.3,1.6,5.7)
(2001,112,Tyus Edney,PG,27,IND,24,0,11.0,1.5,3.8,.385,0.0,0.3,.167,1.4,3.5,.400,.390,1.5,1.6,.897,0.2,0.8,1.0,2.3,0.7,0.0,1.0,0.7,4.4)
(2001,116,Khalid El-Amin,PG,21,CHI,50,14,18.7,2.3,6.2,.370,0.6,1.7,.333,1.7,4.5,.383,.415,1.1,1.4,.778,0.4,1.2,1.6,2.9,1.0,0.0,1.1,2.0,6.3)
(2001,120,Pervis Ellison,C,33,SEA,9,0,4.4,0.2,0.8,.286,0.0,0.0,,0.2,0.8,.286,.286,0.2,0.2,1.000,0.2,1.1,1.3,0.3,0.0,0.2,0.3,1.4,0.7)
(2001,123,Jamie Feick,C,26,NJN,6,0,24.8,1.3,3.8,.348,0.0,0.0,,1.3,3.8,.348,.348,1.0,2.0,.500,2.0,7.3,9.3,0.8,1.3,0.5,1.2,2.5,3.7)
(2001,127,Marcus Fizer,PF,22,CHI,72,13,21.9,3.9,9.0,.430,0.1,0.5,.256,3.7,8.4,.442,.438,1.6,2.2,.727,1.1,3.3,4.3,1.1,0.4,0.3,1.7,2.4,9.5)
(2001,131,Rick Fox,SF,31,LAL,82,77,27.9,3.5,7.9,.444,1.4,3.7,.393,2.1,4.2,.488,.536,1.2,1.5,.779,1.0,3.0,4.0,3.2,0.9,0.4,1.7,2.7,9.6)
(2001,135,Lawrence Funderburke,PF,30,SAC,59,2,11.8,2.0,4.1,.496,0.0,0.0,,2.0,4.1,.496,.496,0.8,1.3,.623,1.3,2.1,3.3,0.3,0.2,0.2,0.5,0.7,4.9)
(2001,139,Dean Garrett,C,34,MIN,70,21,11.9,1.1,2.2,.481,0.0,0.0,,1.1,2.2,.481,.481,0.4,0.6,.692,0.9,2.2,3.1,0.3,0.4,0.7,0.4,1.3,2.5)
(2001,142,Matt Geiger,C,31,PHI,35,4,15.5,2.5,6.4,.393,0.0,0.1,.000,2.5,6.3,.396,.393,1.1,1.5,.685,1.4,2.5,4.0,0.4,0.3,0.2,0.7,2.1,6.1)
(2001,146,Dion Glover,SG,22,ATL,57,7,16.3,2.5,5.9,.420,0.2,0.8,.196,2.3,5.1,.455,.433,0.8,1.2,.681,0.7,1.6,2.3,1.2,0.9,0.2,0.9,1.6,5.9)
(2001,150,Gary Grant,PG,35,POR,4,0,4.3,1.3,1.8,.714,0.0,0.0,,1.3,1.8,.714,.714,0.0,0.0,,0.0,0.0,0.0,0.3,0.0,0.0,0.0,0.3,2.5)
(2001,154,Tom Gugliotta,PF,31,PHO,57,2,20.3,2.6,6.7,.392,0.1,0.2,.250,2.6,6.5,.397,.396,1.1,1.4,.792,1.3,3.1,4.5,1.0,0.8,0.4,0.9,1.9,6.4)
(2001,158,Zendon Hamilton,C,25,LAC,3,0,6.3,0.7,3.0,.222,0.0,0.0,,0.7,3.0,.222,.222,1.7,2.7,.625,1.0,1.7,2.7,0.0,0.0,0.0,0.7,1.3,3.0)
(2001,161,Tim Hardaway,PG,34,MIA,77,77,33.9,5.3,13.5,.392,2.5,6.7,.366,2.8,6.8,.417,.482,1.9,2.4,.801,0.3,2.3,2.6,6.3,1.2,0.1,2.5,2.0,14.9)
(2001,165,Othella Harrington,C,27,TOT,74,45,24.5,3.3,6.9,.487,0.0,0.0,.000,3.3,6.8,.490,.487,2.3,3.0,.763,1.9,3.4,5.2,0.8,0.5,0.6,2.0,3.2,9.0)
(2001,169,Donnell Harvey,PF,20,DAL,18,0,3.6,0.4,0.8,.571,0.0,0.0,,0.4,0.8,.571,.571,0.3,0.9,.375,0.3,0.8,1.1,0.1,0.2,0.1,0.4,0.8,1.2)
(2001,173,Cedric Henderson,SF,25,CLE,55,10,17.5,1.9,4.8,.389,0.0,0.1,.125,1.8,4.6,.398,.391,0.5,0.8,.652,0.3,1.3,1.6,1.4,0.5,0.4,1.1,1.8,4.3)
(2001,177,Fred Hoiberg,SG,28,CHI,74,37,30.4,2.9,6.7,.438,1.4,3.4,.412,1.5,3.3,.465,.542,1.8,2.1,.866,0.3,3.9,4.2,3.6,1.3,0.2,1.0,2.1,9.1)
(2001,Rk,Player,Pos,Age,Tm,G,GS,MP,FG,FGA,FG%,3P,3PA,3P,2P,2PA,2P,eFG%,FT,FTA,FT%,ORB,DRB,TRB,AST,STL,BLK,TOV,PF,PTS)
(2001,184,Lindsey Hunter,PG,30,MIL,82,5,24.4,3.6,9.5,.381,1.9,5.0,.373,1.8,4.6,.388,.478,0.9,1.2,.802,0.4,1.7,2.1,2.7,1.2,0.1,0.8,2.1,10.1)
(2001,188,Jaren Jackson,SG,33,SAS,16,0,7.1,1.0,2.5,.400,0.4,1.1,.389,0.6,1.4,.409,.488,0.0,0.1,.000,0.1,0.7,0.8,0.4,0.3,0.0,0.2,0.8,2.4)
(2001,192,Stephen Jackson,SF,22,NJN,77,40,21.6,3.2,7.4,.425,0.7,2.0,.335,2.5,5.4,.458,.470,1.3,1.8,.719,0.5,2.2,2.7,1.8,1.1,0.2,1.7,2.2,8.2)
(2001,196,Anthony Johnson,PG,26,TOT,53,0,9.6,1.0,2.9,.349,0.0,0.1,.200,1.0,2.8,.354,.352,0.4,0.6,.697,0.2,0.6,0.8,1.5,0.4,0.1,0.6,1.2,2.5)
(2001,200,Larry Johnson,PF,31,NYK,65,65,32.4,3.8,9.2,.411,0.8,2.5,.313,3.0,6.7,.448,.454,1.6,2.0,.797,1.4,4.2,5.6,2.0,0.6,0.4,1.5,3.2,9.9)
(2001,203,Jumaine Jones,SF,21,PHI,65,0,13.3,1.9,4.2,.444,0.3,0.9,.333,1.6,3.3,.474,.480,0.6,0.8,.755,1.0,1.9,2.9,0.5,0.5,0.2,0.6,1.0,4.7)
(2001,207,Shawn Kemp,PF,31,POR,68,3,15.9,2.5,6.1,.407,0.1,0.2,.364,2.4,5.9,.408,.412,1.5,1.9,.771,0.9,2.9,3.8,1.0,0.7,0.3,1.5,2.7,6.5)
(2001,211,Jason Kidd,PG,27,PHO,77,76,39.8,5.9,14.2,.411,0.9,3.0,.297,5.0,11.2,.442,.443,4.3,5.2,.814,1.2,5.2,6.4,9.8,2.2,0.3,3.7,2.2,16.9)
(2001,215,Toni Kukoc,SF,32,TOT,65,19,24.6,4.2,9.0,.473,1.1,2.4,.446,3.2,6.5,.482,.533,1.6,2.5,.631,1.0,3.0,4.0,3.1,0.7,0.2,1.7,1.5,11.1)
(2001,219,Dan Langhi,SF,23,HOU,33,0,7.3,1.1,3.0,.374,0.0,0.0,.000,1.1,3.0,.378,.374,0.5,0.9,.552,0.4,0.8,1.2,0.1,0.2,0.0,0.2,0.5,2.7)
(2001,222,Rashard Lewis,PF,21,SEA,78,78,34.9,5.5,11.4,.480,1.6,3.7,.432,3.9,7.7,.503,.550,2.3,2.7,.826,1.8,5.1,6.9,1.6,1.2,0.6,1.7,2.4,14.8)
(2001,223,Randy Livingston,PG,25,GSW,2,0,3.5,0.0,1.0,.000,0.0,0.5,.000,0.0,0.5,.000,.000,0.0,0.0,,0.0,0.5,0.5,0.5,0.0,0.0,0.0,0.0,0.0)
(2001,227,Felipe Lopez,SG-PG,26,TOT,70,48,22.4,3.0,6.8,.441,0.3,0.7,.365,2.7,6.1,.451,.461,1.6,2.2,.699,0.8,2.6,3.3,1.5,0.9,0.4,1.2,2.2,7.9)
(2001,231,Don MacLean,SF,31,MIA,8,1,9.5,1.3,2.5,.500,0.3,0.3,1.000,1.0,2.3,.444,.550,1.1,1.5,.750,0.9,1.4,2.3,0.5,0.6,0.1,1.3,1.1,3.9)
(2001,235,Dan Majerle,SG,35,MIA,53,19,24.6,1.6,4.9,.336,1.1,3.4,.315,0.6,1.5,.385,.446,0.7,0.8,.818,0.4,2.8,3.1,1.7,1.0,0.3,0.7,1.8,5.0)
(2001,239,Stephon Marbury,PG,23,NJN,67,67,38.2,8.4,19.1,.441,1.6,5.0,.328,6.8,14.1,.481,.484,5.4,6.8,.790,0.8,2.3,3.1,7.6,1.2,0.1,2.9,2.2,23.9)
(2001,242,Darrick Martin,PG,29,SAC,31,0,5.7,0.9,2.5,.382,0.5,0.9,.519,0.5,1.6,.306,.474,1.0,1.1,.886,0.1,0.5,0.5,0.5,0.2,0.0,0.3,0.9,3.3)
(2001,246,Desmond Mason,SF,23,SEA,78,14,19.5,2.4,5.6,.431,0.2,0.9,.269,2.2,4.8,.460,.451,0.9,1.2,.736,0.9,2.3,3.2,0.8,0.5,0.3,0.7,1.9,5.9)
(2001,250,Dan McClintock,C,23,DEN,6,1,9.7,1.5,3.0,.500,0.0,0.0,,1.5,3.0,.500,.500,0.0,0.8,.000,1.7,1.2,2.8,0.2,0.0,0.3,0.5,1.8,3.0)
(2001,254,Tracy McGrady,SG,21,ORL,77,77,40.1,10.2,22.4,.457,0.8,2.2,.355,9.5,20.2,.468,.474,5.6,7.6,.733,2.5,5.0,7.5,4.6,1.5,1.5,2.6,2.1,26.8)
(2001,258,Aaron McKie,SG,28,PHI,76,33,31.5,4.4,9.4,.473,0.7,2.2,.312,3.8,7.2,.524,.511,2.0,2.6,.768,0.4,3.7,4.1,5.0,1.4,0.1,2.7,2.3,11.6)
(2001,261,Stanislav Medvedenko,PF,21,LAL,7,0,5.6,1.7,3.6,.480,0.1,0.1,1.000,1.6,3.4,.458,.500,1.0,1.7,.583,0.1,1.1,1.3,0.3,0.1,0.1,0.4,1.3,4.6)
(2001,265,Andre Miller,PG,24,CLE,82,82,34.7,5.5,12.2,.452,0.2,0.8,.266,5.3,11.4,.465,.461,4.6,5.5,.833,1.1,3.2,4.4,8.0,1.5,0.3,3.2,2.8,15.8)
(2001,269,Reggie Miller*,SG,35,IND,81,81,39.3,6.4,14.5,.440,2.1,5.7,.366,4.3,8.8,.487,.512,4.0,4.3,.928,0.5,3.0,3.5,3.2,1.0,0.2,1.6,2.0,18.9)
(2001,273,Cuttino Mobley,SG,25,HOU,79,49,38.0,6.7,15.4,.434,1.1,3.2,.357,5.5,12.2,.454,.471,5.0,6.0,.831,1.1,4.0,5.0,2.5,1.1,0.3,2.1,2.1,19.5)
(2001,277,Mikki Moore,C,25,DET,81,2,14.2,1.6,3.3,.493,0.0,0.0,.000,1.6,3.3,.494,.493,1.2,1.6,.731,1.5,2.4,3.9,0.4,0.3,0.8,0.9,2.5,4.4)
(2001,Rk,Player,Pos,Age,Tm,G,GS,MP,FG,FGA,FG%,3P,3PA,3P,2P,2PA,2P,eFG%,FT,FTA,FT%,ORB,DRB,TRB,AST,STL,BLK,TOV,PF,PTS)
(2001,284,Mamadou N'Diaye,C,25,TOR,3,0,3.3,0.3,1.3,.250,0.0,0.0,,0.3,1.3,.250,.250,0.7,0.7,1.000,0.3,0.3,0.7,0.0,0.0,0.0,0.0,1.0,1.3)
(2001,288,Tyrone Nesby,SF-SG,25,TOT,62,34,25.1,3.0,8.5,.357,0.8,2.9,.272,2.3,5.6,.400,.403,1.4,1.7,.802,0.8,2.0,2.8,1.2,0.8,0.3,1.0,2.5,8.3)
(2001,292,Moochie Norris,PG,27,HOU,82,6,20.2,2.2,5.0,.446,0.3,1.1,.281,1.9,4.0,.491,.476,1.8,2.4,.778,0.5,1.9,2.4,3.5,0.8,0.0,1.3,1.0,6.6)
(2001,296,Charles Oakley,PF,37,TOR,78,77,35.5,3.9,10.1,.388,0.1,0.6,.224,3.8,9.4,.399,.395,1.6,1.9,.836,1.8,7.7,9.5,3.4,1.0,0.6,1.8,3.3,9.6)
(2001,300,Michael Olowokandi,C,25,LAC,82,82,25.9,3.8,8.6,.435,0.0,0.0,,3.8,8.6,.435,.435,1.0,1.9,.545,2.0,4.4,6.4,0.6,0.4,1.3,2.1,3.0,8.5)
(2001,303,Doug Overton,PG,31,TOT,21,10,22.6,2.5,6.6,.374,0.5,1.7,.306,2.0,4.9,.398,.414,0.5,0.8,.625,0.2,1.7,1.9,3.4,0.4,0.0,1.5,1.8,6.0)
(2001,307,Scott Padgett,PF,24,UTA,27,0,4.7,0.7,1.6,.419,0.2,0.3,.556,0.5,1.3,.382,.477,0.6,0.7,.750,0.7,0.7,1.4,0.2,0.2,0.1,0.4,0.8,2.1)
(2001,311,Ruben Patterson,SF,25,SEA,76,22,27.1,4.9,9.9,.494,0.0,0.5,.056,4.8,9.4,.516,.495,3.2,4.8,.681,2.4,2.6,5.0,2.1,1.4,0.6,2.0,2.3,13.0)
(2001,315,Will Perdue,C,35,POR,13,0,4.5,0.5,0.7,.667,0.0,0.0,,0.5,0.7,.667,.667,0.2,0.3,.500,0.5,0.9,1.4,0.2,0.2,0.2,0.0,0.6,1.1)
(2001,319,Morris Peterson,SG,23,TOR,80,49,22.6,3.6,8.4,.431,0.8,2.1,.382,2.8,6.4,.447,.478,1.3,1.8,.717,1.4,1.8,3.2,1.3,0.8,0.3,1.0,2.1,9.3)
(2001,322,Scottie Pippen*,SF,35,POR,64,60,33.3,4.2,9.3,.451,1.0,2.9,.344,3.2,6.4,.500,.505,1.9,2.5,.739,1.1,4.1,5.2,4.6,1.5,0.5,2.4,2.5,11.3)
(2001,326,Chris Porter,SF,22,GSW,51,35,22.5,3.4,8.7,.389,0.0,0.1,.000,3.4,8.6,.393,.389,1.8,2.8,.667,1.7,2.0,3.7,1.2,0.9,0.1,1.2,2.2,8.6)
(2001,330,Vitaly Potapenko,C,25,BOS,82,7,23.2,3.0,6.4,.476,0.0,0.0,,3.0,6.4,.476,.476,1.4,1.9,.728,2.5,3.5,6.0,0.8,0.6,0.3,1.3,2.8,7.5)
(2001,334,Theo Ratliff,C,27,PHI,50,50,36.0,4.6,9.1,.499,0.0,0.0,,4.6,9.1,.499,.499,3.3,4.3,.760,2.5,5.8,8.3,1.2,0.6,3.7,2.5,3.3,12.4)
(2001,338,Don Reid,PF,27,ORL,65,7,11.8,1.3,2.2,.566,0.0,0.0,,1.3,2.2,.566,.566,0.7,1.2,.613,1.3,2.4,3.7,0.3,0.4,0.8,0.7,2.9,3.2)
(2001,341,Quentin Richardson,SG,20,LAC,76,28,17.9,3.1,6.9,.442,0.7,2.0,.331,2.4,4.9,.487,.490,1.3,2.1,.627,1.4,2.0,3.4,0.8,0.6,0.1,0.8,1.3,8.1)
(2001,345,Clifford Robinson,PF,34,PHO,82,82,33.5,6.1,14.5,.422,1.1,3.0,.361,5.0,11.4,.439,.460,3.1,4.4,.709,1.3,2.8,4.1,2.9,1.1,1.0,2.3,3.1,16.4)
(2001,349,Jamal Robinson,SF,27,MIA,6,0,12.0,0.5,3.7,.136,0.0,0.3,.000,0.5,3.3,.150,.136,0.0,0.0,,0.5,1.3,1.8,0.3,1.0,0.0,0.5,1.2,1.0)
(2001,353,Rodney Rogers,SF,29,PHO,82,3,26.6,4.6,10.7,.430,0.7,2.3,.296,3.9,8.4,.467,.462,2.3,3.0,.761,1.1,3.2,4.4,2.2,1.2,0.6,1.9,3.3,12.2)
(2001,357,Michael Ruffin,PF,24,CHI,45,16,19.5,0.9,2.0,.444,0.0,0.0,,0.9,2.0,.444,.444,0.9,1.7,.506,2.2,3.6,5.8,0.9,0.7,0.8,1.0,2.9,2.6)
(2001,Rk,Player,Pos,Age,Tm,G,GS,MP,FG,FGA,FG%,3P,3PA,3P,2P,2PA,2P,eFG%,FT,FTA,FT%,ORB,DRB,TRB,AST,STL,BLK,TOV,PF,PTS)
(2001,364,Shawnelle Scott,C,28,SAS,27,1,5.3,0.6,1.5,.415,0.0,0.0,,0.6,1.5,.415,.415,0.3,0.8,.409,0.9,1.0,1.9,0.1,0.2,0.2,0.4,0.9,1.6)
(2001,368,Jabari Smith,C,23,SAC,9,0,7.3,1.2,2.4,.500,0.0,0.0,,1.2,2.4,.500,.500,0.4,0.7,.667,0.1,0.8,0.9,0.7,0.4,0.0,0.3,0.8,2.9)
(2001,372,Steve Smith,SG,31,POR,81,36,31.4,4.4,9.7,.456,1.0,2.8,.339,3.5,6.9,.504,.505,3.8,4.3,.890,1.1,2.3,3.4,2.6,0.6,0.3,1.7,2.5,13.6)
(2001,376,Latrell Sprewell,SF,30,NYK,77,77,39.2,6.8,15.8,.430,0.5,1.8,.304,6.3,14.1,.446,.447,3.6,4.6,.783,0.6,3.9,4.5,3.5,1.4,0.4,2.8,2.1,17.7)
(2001,380,DeShawn Stevenson,SG,19,UTA,40,2,7.3,0.8,2.3,.341,0.0,0.3,.083,0.8,2.0,.380,.346,0.7,1.0,.684,0.2,0.5,0.7,0.5,0.3,0.1,0.7,0.7,2.2)
(2001,383,John Stockton*,PG,38,UTA,82,82,29.2,4.0,7.9,.504,0.7,1.6,.462,3.3,6.3,.514,.551,2.8,3.4,.817,0.7,2.1,2.8,8.7,1.6,0.3,2.5,2.4,11.5)
(2001,387,Mark Strickland,SF,30,TOT,55,2,13.1,1.9,4.3,.431,0.0,0.0,.500,1.9,4.3,.430,.433,0.8,1.3,.643,1.0,1.9,2.9,0.4,0.3,0.4,0.6,1.3,4.6)
(2001,391,Bob Sura,SG,27,GSW,53,42,31.8,3.8,9.8,.390,0.9,3.2,.273,2.9,6.5,.448,.435,2.5,3.6,.714,1.0,3.3,4.3,4.6,1.0,0.2,3.0,2.4,11.1)
(2001,395,Dragan Tarlac,C,27,CHI,43,12,13.9,0.9,2.3,.394,0.0,0.0,,0.9,2.3,.394,.394,0.6,0.8,.758,0.9,2.0,2.8,0.7,0.2,0.4,0.9,2.2,2.4)
(2001,399,Kenny Thomas,PF,23,HOU,74,21,24.6,2.8,6.3,.443,0.3,1.2,.272,2.4,5.0,.485,.470,1.2,1.7,.722,1.6,4.0,5.6,1.0,0.5,0.6,1.6,2.4,7.1)
(2001,402,Otis Thorpe,PF,38,CHH,49,4,13.2,1.2,2.7,.450,0.0,0.0,,1.2,2.7,.450,.450,0.4,0.5,.833,1.0,1.9,3.0,0.6,0.2,0.1,0.7,2.2,2.8)
(2001,406,Hedo Turkoglu,SF,21,SAC,74,7,16.8,1.9,4.5,.412,0.4,1.2,.326,1.5,3.4,.442,.454,1.2,1.5,.777,0.7,2.2,2.8,0.9,0.7,0.3,0.7,1.9,5.3)
(2001,410,Jacque Vaughn,PG,25,UTA,82,0,19.8,2.1,4.8,.433,0.4,1.0,.385,1.7,3.8,.444,.471,1.6,2.0,.780,0.2,1.6,1.8,3.9,0.6,0.0,1.6,1.8,6.1)
(2001,414,Samaki Walker,PF,24,SAS,61,1,15.8,2.0,4.1,.480,0.0,0.0,.333,2.0,4.1,.482,.482,1.3,2.0,.629,1.1,2.9,4.0,0.5,0.2,0.7,1.1,1.7,5.3)
(2001,418,Charlie Ward,PG,30,NYK,61,33,24.5,2.5,6.1,.416,1.1,2.9,.383,1.4,3.2,.444,.505,0.9,1.1,.800,0.5,2.1,2.6,4.5,1.1,0.2,1.8,2.2,7.1)
(2001,421,Bonzi Wells,SF,24,POR,75,46,26.6,5.2,9.7,.533,0.2,0.7,.340,4.9,9.0,.547,.545,2.1,3.2,.663,1.6,3.3,4.9,2.8,1.3,0.3,2.3,2.7,12.7)
(2001,425,Chris Whitney,PG,29,WAS,59,31,26.0,3.1,8.0,.387,1.6,4.2,.375,1.5,3.8,.401,.486,1.7,1.9,.894,0.2,1.6,1.8,4.2,0.9,0.1,1.7,2.5,9.5)
(2001,429,Jason Williams,PG,25,SAC,77,77,29.7,3.6,9.0,.407,1.3,4.0,.315,2.4,4.9,.483,.478,0.8,1.0,.789,0.2,2.2,2.4,5.4,1.2,0.1,2.1,1.5,9.4)
(2001,433,Shammond Williams,PG,25,SEA,69,6,17.9,2.3,5.3,.438,0.9,1.9,.459,1.4,3.4,.426,.520,1.2,1.4,.875,0.5,1.4,1.9,2.8,0.4,0.1,1.2,1.2,6.8)
(2001,437,David Wingate,SG,37,SEA,1,0,9.0,3.0,3.0,1.000,0.0,0.0,,3.0,3.0,1.000,1.000,0.0,0.0,,0.0,0.0,0.0,2.0,0.0,0.0,0.0,1.0,6.0)
(2001,Rk,Player,Pos,Age,Tm,G,GS,MP,FG,FGA,FG%,3P,3PA,3P,2P,2PA,2P,eFG%,FT,FTA,FT%,ORB,DRB,TRB,AST,STL,BLK,TOV,PF,PTS)
