(2011,2,Arron Afflalo,SG,25,DEN,69,69,33.7,4.5,9.1,.498,1.5,3.6,.423,3.0,5.5,.546,.581,2.0,2.4,.847,0.7,3.0,3.6,2.4,0.5,0.4,1.0,2.2,12.6)
(2011,6,Cole Aldrich,C,22,OKC,18,0,7.9,0.4,0.8,.533,0.0,0.0,,0.4,0.8,.533,.533,0.1,0.2,.500,0.7,1.2,1.9,0.2,0.3,0.4,0.4,1.7,1.0)
(2011,10,Tony Allen,SG,29,MEM,72,31,20.8,3.5,6.8,.510,0.1,0.3,.174,3.4,6.5,.527,.514,1.9,2.5,.753,1.0,1.7,2.7,1.4,1.8,0.6,1.2,2.2,8.9)
(2011,14,David Andersen,PF,30,TOT,40,0,9.3,1.4,3.0,.463,0.2,0.6,.348,1.2,2.5,.490,.496,0.4,0.6,.636,0.5,1.6,2.1,0.3,0.1,0.2,0.6,1.0,3.4)
(2011,18,Joel Anthony,C,28,MIA,75,11,19.5,0.7,1.3,.535,0.0,0.0,,0.7,1.3,.535,.535,0.6,1.0,.644,1.4,2.2,3.5,0.3,0.1,1.2,0.5,2.6,2.0)
(2011,21,Hilton Armstrong,C,26,TOT,53,2,9.2,0.7,1.4,.487,0.0,0.1,.500,0.7,1.4,.486,.500,0.3,0.6,.485,0.8,1.7,2.5,0.3,0.3,0.4,0.5,1.6,1.7)
(2011,25,D.J. Augustin,PG,23,CHA,82,82,33.6,4.9,11.7,.416,1.4,4.1,.333,3.5,7.6,.461,.474,3.3,3.6,.906,0.5,2.3,2.7,6.1,0.7,0.0,1.9,1.9,14.4)
(2011,29,Leandro Barbosa,SG,28,TOR,58,0,24.1,5.1,11.3,.450,1.2,3.7,.338,3.8,7.6,.505,.505,1.9,2.4,.796,0.2,1.5,1.7,2.1,0.9,0.1,1.4,1.9,13.3)
(2011,33,Earl Barron,C,29,TOT,21,7,14.5,1.5,4.7,.323,0.0,0.0,,1.5,4.7,.323,.323,0.7,1.1,.625,1.5,2.1,3.6,0.5,0.4,0.3,0.8,2.2,3.8)
(2011,37,Nicolas Batum,SF,22,POR,80,67,31.5,4.6,10.1,.455,1.5,4.3,.345,3.1,5.8,.535,.528,1.7,2.1,.841,1.4,3.2,4.5,1.5,0.9,0.6,1.0,2.4,12.4)
(2011,Rk,Player,Pos,Age,Tm,G,GS,MP,FG,FGA,FG%,3P,3PA,3P,2P,2PA,2P,eFG%,FT,FTA,FT%,ORB,DRB,TRB,AST,STL,BLK,TOV,PF,PTS)
(2011,44,Mike Bibby,PG,32,TOT,80,68,28.6,3.1,7.2,.431,1.9,4.4,.440,1.2,2.9,.417,.563,0.5,0.8,.629,0.2,2.2,2.4,3.3,0.6,0.1,1.3,2.2,8.6)
(2011,48,Steve Blake,PG,30,LAL,79,0,20.0,1.4,3.9,.359,0.9,2.4,.378,0.5,1.4,.327,.479,0.3,0.4,.867,0.2,1.7,2.0,2.2,0.5,0.0,0.9,1.3,4.0)
(2011,52,Andrew Bogut,C,26,MIL,65,65,35.3,5.6,11.4,.495,0.0,0.1,.000,5.6,11.4,.497,.495,1.5,3.3,.442,3.1,8.0,11.1,2.0,0.7,2.6,1.9,3.3,12.8)
(2011,56,Chris Bosh,PF,26,MIA,77,77,36.3,6.8,13.7,.496,0.1,0.3,.240,6.7,13.4,.502,.499,5.0,6.1,.815,1.8,6.5,8.3,1.9,0.8,0.6,1.8,2.2,18.7)
(2011,60,Elton Brand,PF,31,PHI,81,81,34.7,6.2,12.1,.512,0.0,0.0,.000,6.2,12.1,.512,.512,2.6,3.4,.780,2.9,5.4,8.3,1.5,1.1,1.3,1.2,3.0,15.0)
(2011,63,Jon Brockman,C,23,MIL,63,6,10.7,0.8,1.5,.511,0.0,0.0,,0.8,1.5,.511,.511,0.6,0.9,.678,1.2,1.7,2.9,0.3,0.2,0.0,0.4,1.9,2.2)
(2011,67,Shannon Brown,SG,25,LAL,82,0,19.1,3.3,7.8,.425,0.9,2.6,.349,2.4,5.3,.462,.482,1.1,1.2,.911,0.4,1.5,1.9,1.2,0.8,0.2,0.9,1.5,8.7)
(2011,71,Rasual Butler,SG,31,TOT,47,2,16.4,1.7,5.0,.333,1.0,2.9,.338,0.7,2.1,.327,.430,0.4,0.6,.667,0.2,1.4,1.6,0.6,0.2,0.3,0.5,0.8,4.7)
(2011,75,Marcus Camby,C,36,POR,59,51,26.1,2.0,5.0,.398,0.0,0.0,.000,2.0,5.0,.399,.398,0.7,1.2,.614,3.1,7.2,10.3,2.1,0.7,1.6,1.1,2.4,4.7)
(2011,79,DeMarre Carroll,PF,24,TOT,12,0,4.2,0.3,1.0,.333,0.0,0.0,,0.3,1.0,.333,.333,0.2,0.2,1.000,0.2,0.5,0.7,0.3,0.1,0.1,0.0,0.4,0.8)
(2011,82,Vince Carter,SG,34,TOT,73,63,28.1,5.3,12.2,.437,1.6,4.4,.361,3.7,7.8,.479,.502,1.8,2.4,.740,0.7,3.0,3.8,2.0,0.9,0.3,1.2,2.6,14.0)
(2011,86,Wilson Chandler,SF,23,TOT,72,49,33.3,6.0,13.2,.450,1.6,4.4,.350,4.4,8.8,.501,.509,1.8,2.2,.807,1.0,4.6,5.7,1.7,0.7,1.3,1.4,2.8,15.3)
(2011,90,Jason Collins,C,32,ATL,49,28,12.1,0.7,1.4,.479,0.0,0.0,1.000,0.7,1.4,.471,.486,0.6,0.8,.659,0.6,1.5,2.1,0.4,0.2,0.2,0.5,2.0,2.0)
(2011,94,Mike Conley,PG,23,MEM,81,81,35.5,5.2,11.8,.444,1.0,2.7,.369,4.2,9.1,.466,.486,2.2,3.0,.733,0.4,2.7,3.0,6.5,1.8,0.2,2.2,2.2,13.7)
(2011,98,DeMarcus Cousins,C,20,SAC,81,62,28.5,5.3,12.4,.430,0.0,0.2,.167,5.3,12.2,.435,.432,3.4,5.0,.687,2.7,6.0,8.6,2.5,1.0,0.8,3.3,4.1,14.1)
(2011,101,Dante Cunningham,PF,23,TOT,78,18,21.0,2.8,6.1,.462,0.0,0.2,.077,2.8,5.9,.473,.463,0.6,0.8,.726,1.2,2.3,3.6,0.6,0.7,0.6,0.7,2.3,6.2)
(2011,105,Antonio Daniels,PG,35,PHI,4,0,8.8,0.5,1.3,.400,0.0,0.5,.000,0.5,0.8,.667,.400,0.5,0.5,1.000,0.0,1.3,1.3,0.5,0.0,0.0,0.3,0.0,1.5)
(2011,109,Glen Davis,C,25,BOS,78,13,29.5,4.6,10.3,.448,0.0,0.2,.133,4.6,10.1,.454,.449,2.5,3.4,.736,1.3,4.2,5.4,1.2,1.0,0.4,1.1,3.0,11.7)
(2011,113,DeMar DeRozan,SG,21,TOR,82,82,34.8,6.6,14.1,.467,0.1,0.6,.096,6.5,13.4,.485,.469,4.0,4.9,.813,0.9,2.9,3.8,1.8,1.0,0.4,1.8,2.6,17.2)
(2011,117,Keyon Dooling,PG,30,MIL,80,22,22.0,2.6,6.5,.397,1.0,2.9,.346,1.6,3.6,.439,.475,1.0,1.2,.830,0.2,1.3,1.5,3.0,0.7,0.1,1.1,1.5,7.1)
(2011,Rk,Player,Pos,Age,Tm,G,GS,MP,FG,FGA,FG%,3P,3PA,3P,2P,2PA,2P,eFG%,FT,FTA,FT%,ORB,DRB,TRB,AST,STL,BLK,TOV,PF,PTS)
(2011,124,Chris Duhon,PG,28,ORL,51,5,15.2,1.0,2.5,.380,0.3,1.0,.250,0.7,1.5,.468,.430,0.3,0.5,.560,0.2,0.8,1.0,2.3,0.3,0.0,1.2,0.6,2.5)
(2011,128,Kevin Durant,SF,22,OKC,78,78,38.9,9.1,19.7,.462,1.9,5.3,.350,7.3,14.4,.504,.509,7.6,8.7,.880,0.7,6.1,6.8,2.7,1.1,1.0,2.8,2.0,27.7)
(2011,132,Francisco Elson,C,34,UTA,62,1,9.8,0.9,1.8,.478,0.0,0.0,,0.9,1.8,.478,.478,0.4,0.5,.839,0.6,1.3,1.9,0.5,0.3,0.2,0.5,1.4,2.2)
(2011,136,Maurice Evans,SF,32,TOT,73,24,21.2,2.4,5.8,.417,0.8,2.3,.329,1.7,3.5,.475,.482,0.7,0.8,.897,0.7,1.4,2.1,0.6,0.5,0.2,0.5,1.8,6.3)
(2011,140,Christian Eyenga,SF,21,CLE,44,18,21.5,3.0,7.0,.425,0.6,2.1,.275,2.4,4.9,.488,.466,0.4,0.6,.643,0.6,2.2,2.8,0.8,0.8,0.6,1.1,1.8,6.9)
(2011,143,Raymond Felton,PG-SG,26,TOT,75,54,36.5,5.7,13.4,.425,1.5,4.4,.353,4.1,9.0,.460,.483,2.6,3.2,.805,0.6,2.9,3.6,8.3,1.7,0.1,2.9,2.0,15.5)
(2011,147,Derek Fisher,PG,36,LAL,82,82,28.0,2.5,6.5,.389,0.8,1.9,.396,1.7,4.5,.386,.449,1.0,1.3,.806,0.2,1.7,1.9,2.7,1.2,0.1,0.9,2.3,6.8)
(2011,151,Jeff Foster,C,34,IND,56,3,16.8,1.4,3.0,.479,0.0,0.1,.000,1.4,2.9,.488,.479,0.5,0.9,.563,2.9,3.4,6.3,0.8,0.4,0.6,0.5,2.3,3.3)
(2011,155,Sundiata Gaines,PG,24,TOT,24,0,12.5,1.8,4.4,.400,0.4,1.6,.237,1.4,2.8,.493,.443,0.8,1.5,.500,0.5,1.0,1.6,1.8,0.7,0.0,1.1,1.0,4.6)
(2011,159,Marc Gasol,C,26,MEM,81,81,31.9,4.5,8.5,.527,0.0,0.1,.429,4.5,8.4,.528,.529,2.7,3.6,.748,1.9,5.1,7.0,2.5,0.9,1.7,1.8,3.3,11.7)
(2011,162,Alonzo Gee,SG,23,TOT,56,34,20.0,2.2,4.7,.458,0.3,0.9,.333,1.9,3.8,.488,.491,1.3,1.6,.783,1.1,2.1,3.3,0.7,0.7,0.3,1.0,1.7,5.9)
(2011,166,Manu Ginobili,SG,33,SAS,80,79,30.3,5.5,12.7,.433,1.9,5.5,.349,3.6,7.2,.497,.509,4.5,5.1,.871,0.5,3.2,3.7,4.9,1.5,0.4,2.2,2.0,17.4)
(2011,170,Eric Gordon,SG,22,LAC,56,56,37.7,7.6,16.9,.450,1.9,5.2,.364,5.7,11.8,.488,.506,5.1,6.2,.825,0.8,2.1,2.9,4.4,1.3,0.3,2.7,2.1,22.3)
(2011,174,Danny Granger,SF,27,IND,79,79,35.0,6.8,15.9,.425,2.0,5.2,.386,4.8,10.8,.443,.487,5.0,5.9,.848,1.1,4.3,5.4,2.6,1.1,0.8,2.6,2.7,20.5)
(2011,178,Willie Green,SG,29,NOH,77,13,21.7,3.5,7.9,.443,0.7,2.0,.348,2.8,5.9,.476,.488,1.0,1.3,.780,0.3,1.8,2.1,1.0,0.5,0.2,0.9,1.9,8.7)
(2011,181,Blake Griffin,PF,21,LAC,82,82,38.0,8.5,16.8,.506,0.1,0.3,.292,8.4,16.5,.510,.508,5.4,8.5,.642,3.3,8.8,12.1,3.8,0.8,0.5,2.7,3.1,22.5)
(2011,185,Luke Harangody,PF,23,TOT,49,0,13.1,1.6,4.2,.383,0.3,1.3,.242,1.3,2.9,.450,.422,0.4,0.5,.731,0.8,2.1,2.9,0.6,0.3,0.3,0.3,1.6,3.9)
(2011,189,Manny Harris,SG,21,CLE,54,15,17.3,2.0,5.4,.374,0.6,1.7,.370,1.4,3.6,.376,.433,1.3,1.7,.763,0.7,1.9,2.6,1.6,0.6,0.1,1.2,1.2,5.9)
(2011,193,Chuck Hayes,C,27,HOU,74,63,28.1,3.3,6.3,.527,0.0,0.0,.000,3.3,6.2,.529,.527,1.3,1.9,.662,3.0,5.1,8.1,2.7,1.1,0.7,1.2,2.7,7.9)
(2011,197,Luther Head,PG,28,SAC,36,14,16.3,1.9,4.6,.415,0.7,1.8,.391,1.2,2.8,.430,.491,1.1,1.4,.780,0.4,1.2,1.7,1.9,0.3,0.3,0.9,1.2,5.6)
(2011,Rk,Player,Pos,Age,Tm,G,GS,MP,FG,FGA,FG%,3P,3PA,3P,2P,2PA,2P,eFG%,FT,FTA,FT%,ORB,DRB,TRB,AST,STL,BLK,TOV,PF,PTS)
(2011,204,Grant Hill,SF,38,PHO,80,80,30.1,5.0,10.3,.484,0.6,1.4,.395,4.4,8.9,.498,.511,2.7,3.2,.829,1.0,3.3,4.2,2.5,0.8,0.4,1.7,2.3,13.2)
(2011,208,Ryan Hollins,C,26,CLE,70,16,16.9,1.9,3.1,.598,0.0,0.0,,1.9,3.1,.598,.598,1.6,2.3,.681,1.0,1.7,2.7,0.4,0.3,0.6,1.0,2.8,5.3)
(2011,212,Josh Howard,SF,30,WAS,18,10,22.7,3.2,9.0,.358,0.4,1.6,.241,2.8,7.4,.383,.380,1.6,2.6,.617,1.0,3.1,4.1,1.3,0.7,0.3,1.1,1.9,8.4)
(2011,216,Serge Ibaka,PF,21,OKC,82,44,27.0,4.1,7.5,.543,0.0,0.0,.000,4.1,7.5,.544,.543,1.7,2.2,.750,2.6,5.0,7.6,0.3,0.4,2.4,0.9,3.3,9.9)
(2011,220,Ersan Ilyasova,PF,23,MIL,60,34,25.1,3.7,8.5,.436,0.6,2.0,.298,3.1,6.4,.479,.471,1.6,1.7,.894,1.8,4.3,6.1,0.9,0.9,0.4,1.1,2.7,9.5)
(2011,223,Darnell Jackson,PF,25,SAC,59,2,8.2,1.3,2.7,.487,0.1,0.2,.273,1.3,2.5,.503,.497,0.5,0.8,.612,0.8,0.8,1.6,0.2,0.2,0.1,0.4,1.0,3.2)
(2011,228,Othyus Jeffers,SG,25,TOT,17,1,18.9,1.8,3.8,.477,0.1,0.2,.250,1.8,3.6,.492,.485,1.8,2.7,.652,1.5,2.5,3.9,1.2,1.0,0.0,0.8,1.9,5.5)
(2011,232,Brandon Jennings,PG,21,MIL,63,61,34.4,5.7,14.7,.390,1.6,4.8,.323,4.2,9.9,.422,.443,3.2,3.9,.809,0.7,3.0,3.7,4.8,1.5,0.3,2.3,2.1,16.2)
(2011,236,Armon Johnson,PG,21,POR,38,0,7.3,1.2,2.7,.455,0.1,0.3,.417,1.1,2.3,.461,.480,0.3,0.6,.591,0.3,0.7,0.9,1.2,0.1,0.0,1.0,0.8,2.9)
(2011,240,Trey Johnson,SG,26,TOT,8,0,11.8,1.5,4.1,.364,0.1,0.4,.333,1.4,3.8,.367,.379,1.1,1.3,.900,0.3,0.6,0.9,1.4,0.1,0.1,0.6,1.5,4.3)
(2011,243,Dominique Jones,PG,22,DAL,18,0,7.5,0.8,2.5,.311,0.0,0.2,.000,0.8,2.3,.341,.311,0.8,0.9,.824,0.3,1.1,1.4,1.1,0.3,0.2,0.6,0.4,2.3)
(2011,247,Chris Kaman,C,28,LAC,32,15,26.2,5.5,11.8,.471,0.0,0.0,,5.5,11.8,.471,.471,1.3,1.8,.754,1.6,5.4,7.0,1.4,0.5,1.5,1.8,2.3,12.4)
(2011,251,Linas Kleiza,SF,26,TOR,39,23,26.5,4.6,10.4,.438,1.0,3.4,.298,3.6,7.1,.505,.486,1.1,1.7,.631,0.9,3.6,4.5,1.0,0.5,0.2,1.7,2.5,11.2)
(2011,255,Carl Landry,PF,27,TOT,76,26,26.4,4.5,9.0,.502,0.0,0.1,.000,4.5,9.0,.505,.502,2.8,3.8,.740,2.2,2.4,4.6,0.8,0.5,0.4,1.4,2.6,11.9)
(2011,259,Courtney Lee,SG,25,HOU,81,1,21.3,3.1,7.1,.439,0.9,2.1,.408,2.2,5.0,.453,.501,1.2,1.5,.792,0.6,2.0,2.6,1.2,0.7,0.2,0.8,1.3,8.3)
(2011,262,Jeremy Lin,PG,22,GSW,29,0,9.8,1.0,2.5,.389,0.0,0.2,.200,0.9,2.3,.403,.396,0.7,0.9,.760,0.4,0.8,1.2,1.4,1.1,0.3,0.6,1.1,2.6)
(2011,266,Kevin Love,PF,22,MIN,73,73,35.8,6.6,14.1,.470,1.2,2.9,.417,5.4,11.2,.483,.513,5.8,6.8,.850,4.5,10.7,15.2,2.5,0.6,0.4,2.1,2.0,20.2)
(2011,270,Jamaal Magloire,C,32,MIA,18,0,8.8,0.7,1.2,.591,0.0,0.0,,0.7,1.2,.591,.591,0.5,1.0,.500,0.9,2.4,3.4,0.2,0.2,0.1,0.3,1.4,1.9)
(2011,274,Cartier Martin,SF,26,WAS,52,1,10.4,1.4,3.5,.390,0.8,1.9,.394,0.6,1.6,.386,.497,0.5,0.8,.700,0.4,1.0,1.4,0.3,0.3,0.1,0.3,1.0,4.0)
(2011,278,Wesley Matthews,SG,24,POR,82,69,33.6,5.4,11.9,.449,1.9,4.6,.407,3.5,7.3,.476,.528,3.2,3.8,.844,0.6,2.6,3.1,2.0,1.2,0.1,1.7,2.4,15.9)
(2011,281,O.J. Mayo,SG,23,MEM,71,17,26.3,4.3,10.5,.407,1.4,3.7,.364,2.9,6.8,.431,.471,1.4,1.8,.756,0.5,1.9,2.4,2.0,1.0,0.4,1.4,1.8,11.3)
(2011,285,Tracy McGrady,SG,31,DET,72,39,23.4,3.2,7.1,.442,0.4,1.2,.341,2.7,5.9,.462,.471,1.3,1.8,.698,0.7,2.8,3.5,3.5,0.9,0.5,1.4,1.4,8.0)
(2011,289,Pops Mensah-Bonsu,PF,27,NOH,7,0,5.0,0.1,0.4,.333,0.0,0.0,,0.1,0.4,.333,.333,0.0,0.0,,0.4,1.1,1.6,0.3,0.0,0.0,0.3,1.6,0.3)
(2011,293,Brad Miller,C,34,HOU,60,5,16.9,2.2,4.9,.446,0.7,1.8,.374,1.5,3.2,.487,.514,1.3,1.6,.830,0.7,3.0,3.7,2.4,0.5,0.4,0.9,1.6,6.4)
(2011,297,Yao Ming,C,30,HOU,5,5,18.2,3.6,7.4,.486,0.0,0.0,,3.6,7.4,.486,.486,3.0,3.2,.938,1.4,4.0,5.4,0.8,0.0,1.6,1.4,2.6,10.2)
(2011,Rk,Player,Pos,Age,Tm,G,GS,MP,FG,FGA,FG%,3P,3PA,3P,2P,2PA,2P,eFG%,FT,FTA,FT%,ORB,DRB,TRB,AST,STL,BLK,TOV,PF,PTS)
(2011,304,Troy Murphy,PF,30,TOT,35,4,13.3,1.2,3.3,.368,0.1,0.9,.152,1.1,2.3,.457,.390,0.6,0.9,.667,0.6,2.6,3.2,0.7,0.4,0.1,0.6,1.3,3.1)
(2011,308,Gary Neal,SG,26,SAS,80,1,21.1,3.6,7.9,.451,1.6,3.9,.419,2.0,4.1,.481,.553,1.1,1.3,.808,0.3,2.2,2.5,1.2,0.3,0.1,1.0,1.9,9.8)
(2011,312,Steve Novak,SF,27,TOT,30,0,7.2,1.2,2.2,.522,0.9,1.5,.565,0.3,0.7,.429,.716,0.3,0.3,1.000,0.1,0.8,0.9,0.1,0.0,0.2,0.1,0.5,3.5)
(2011,316,Fabricio Oberto,C,35,POR,5,0,9.0,0.6,1.0,.600,0.0,0.0,,0.6,1.0,.600,.600,0.2,0.4,.500,0.6,0.8,1.4,0.0,0.0,0.0,0.6,2.0,1.4)
(2011,320,Travis Outlaw,SF,26,NJN,82,55,28.8,3.3,8.9,.375,0.9,3.1,.302,2.4,5.8,.413,.427,1.6,2.1,.772,0.7,3.3,4.0,1.0,0.4,0.4,0.9,1.8,9.2)
(2011,323,Anthony Parker,SF,35,CLE,72,65,29.0,3.1,7.7,.399,1.2,3.2,.379,1.9,4.5,.412,.476,1.0,1.3,.779,0.5,2.6,3.0,3.0,0.9,0.1,1.1,1.5,8.3)
(2011,327,Sasha Pavlovic,SF-SG,27,TOT,31,7,11.7,0.9,2.3,.403,0.4,1.0,.387,0.5,1.3,.415,.486,0.2,0.3,.600,0.0,1.0,1.0,0.5,0.3,0.2,0.4,1.1,2.5)
(2011,331,Johan Petro,C,25,NJN,77,1,11.6,1.7,3.8,.445,0.0,0.1,.000,1.7,3.7,.451,.445,0.2,0.4,.536,0.8,1.9,2.8,0.6,0.4,0.4,0.6,2.3,3.5)
(2011,335,Quincy Pondexter,SF,22,NOH,66,6,11.1,1.1,2.7,.406,0.3,0.8,.360,0.8,2.0,.423,.456,0.4,0.5,.706,0.3,1.0,1.3,0.4,0.3,0.2,0.2,1.0,2.8)
(2011,339,A.J. Price,PG,24,IND,50,0,15.9,2.3,6.4,.356,0.8,3.0,.275,1.5,3.4,.427,.420,1.1,1.6,.667,0.3,1.1,1.4,2.2,0.6,0.0,1.1,1.2,6.5)
(2011,342,Joel Przybilla,C,31,TOT,36,9,14.4,0.7,1.2,.568,0.0,0.0,,0.7,1.2,.568,.568,0.4,0.8,.519,1.0,3.0,4.0,0.4,0.1,0.4,0.8,2.2,1.8)
(2011,346,Zach Randolph,PF,29,MEM,75,74,36.3,8.0,15.8,.503,0.1,0.6,.186,7.9,15.3,.515,.507,4.0,5.3,.758,4.3,7.8,12.2,2.2,0.8,0.3,2.0,2.3,20.1)
(2011,350,J.J. Redick,SG,26,ORL,59,5,25.6,3.3,7.6,.441,1.5,3.7,.397,1.9,3.9,.482,.538,1.9,2.2,.875,0.1,1.8,1.9,1.7,0.5,0.1,0.9,1.4,10.1)
(2011,354,Nate Robinson,PG,26,TOT,59,11,17.2,2.5,6.4,.399,1.1,3.4,.325,1.4,3.0,.483,.485,0.6,0.7,.818,0.3,1.3,1.5,1.9,0.5,0.1,1.2,1.9,6.8)
(2011,358,Brandon Roy,SG,26,POR,47,23,27.9,4.4,11.1,.400,0.8,2.4,.333,3.6,8.7,.418,.436,2.5,2.9,.848,0.6,2.0,2.6,2.7,0.8,0.3,1.2,1.6,12.2)
(2011,361,Samardo Samuels,PF,22,CLE,37,10,18.9,3.0,6.5,.456,0.0,0.1,.000,3.0,6.4,.462,.456,1.8,3.0,.618,2.0,2.2,4.3,0.5,0.4,0.5,1.4,2.4,7.8)
(2011,365,Thabo Sefolosha,SG,26,OKC,79,79,25.9,2.0,4.2,.471,0.4,1.3,.275,1.6,2.9,.558,.514,0.7,1.0,.747,0.8,3.6,4.4,1.4,1.2,0.5,0.7,2.2,5.1)
(2011,369,Garret Siler,C,24,PHO,21,0,4.8,0.8,1.5,.548,0.0,0.0,,0.8,1.5,.548,.548,0.5,1.0,.500,0.8,0.6,1.3,0.1,0.0,0.2,0.5,1.0,2.1)
(2011,373,Ish Smith,PG,22,TOT,43,3,10.3,1.0,2.7,.374,0.1,0.2,.300,0.9,2.4,.381,.387,0.3,0.5,.571,0.2,0.9,1.1,1.8,0.4,0.0,0.8,0.9,2.3)
(2011,377,Josh Smith,PF,25,ATL,77,77,34.4,6.5,13.5,.477,0.7,2.0,.331,5.8,11.5,.503,.502,3.0,4.1,.725,1.7,6.8,8.5,3.3,1.3,1.6,2.6,2.8,16.5)
(2011,Rk,Player,Pos,Age,Tm,G,GS,MP,FG,FGA,FG%,3P,3PA,3P,2P,2PA,2P,eFG%,FT,FTA,FT%,ORB,DRB,TRB,AST,STL,BLK,TOV,PF,PTS)
(2011,384,Peja Stojakovic,SF,33,TOT,33,13,18.7,3.0,6.9,.441,1.7,4.1,.419,1.3,2.8,.473,.566,0.7,0.8,.920,0.4,1.8,2.3,0.9,0.4,0.1,0.5,0.7,8.5)
(2011,388,Pape Sy,SF,22,ATL,3,0,7.0,0.7,2.0,.333,0.0,0.3,.000,0.7,1.7,.400,.333,1.0,1.0,1.000,0.7,0.3,1.0,0.7,0.3,0.0,1.0,0.3,2.3)
(2011,392,Garrett Temple,PG-SG,24,TOT,24,0,9.6,0.8,2.8,.294,0.4,1.5,.270,0.4,1.3,.323,.368,0.3,0.7,.412,0.0,0.9,1.0,1.3,0.5,0.3,1.0,1.0,2.4)
(2011,396,Kurt Thomas,PF,38,CHI,52,37,22.7,1.8,3.6,.511,0.0,0.0,1.000,1.8,3.6,.508,.513,0.4,0.6,.625,1.4,4.3,5.8,1.2,0.6,0.8,0.8,3.2,4.1)
(2011,400,Marcus Thornton,SG,23,TOT,73,23,24.3,4.8,11.1,.434,1.2,3.3,.367,3.6,7.8,.462,.488,2.0,2.5,.788,0.8,2.7,3.5,1.8,0.9,0.1,1.3,1.5,12.8)
(2011,403,Hedo Turkoglu,SF-PF,31,TOT,81,72,31.4,4.0,8.9,.446,1.6,3.8,.410,2.4,5.1,.473,.534,1.3,1.9,.679,0.6,3.8,4.4,4.2,0.9,0.4,1.6,3.0,10.8)
(2011,407,Beno Udrih,PG,28,SAC,79,64,34.6,5.2,10.4,.500,0.8,2.3,.357,4.4,8.1,.540,.539,2.5,2.9,.864,0.5,2.8,3.4,4.9,1.2,0.1,1.8,2.3,13.7)
(2011,411,Charlie Villanueva,PF,26,DET,76,11,21.9,4.1,9.3,.442,1.6,4.3,.387,2.5,5.1,.488,.530,1.2,1.5,.767,0.7,3.2,3.9,0.6,0.6,0.6,0.9,2.3,11.1)
(2011,415,Henry Walker,SG,23,NYK,61,1,12.9,1.7,3.9,.441,1.0,2.5,.386,0.7,1.4,.542,.566,0.5,0.7,.705,0.3,1.7,2.0,0.6,0.3,0.1,0.6,1.3,4.9)
(2011,419,Luke Walton,SF,30,LAL,54,0,9.0,0.7,2.1,.328,0.1,0.6,.235,0.6,1.5,.366,.362,0.1,0.2,.700,0.2,1.1,1.2,1.1,0.2,0.1,0.6,0.7,1.7)
(2011,422,C.J. Watson,PG,26,CHI,82,1,13.3,1.8,4.8,.371,0.5,1.4,.393,1.2,3.4,.362,.426,0.8,1.1,.742,0.2,1.0,1.1,2.3,0.7,0.1,0.9,1.0,4.9)
(2011,426,Sonny Weems,SF,24,TOR,59,28,23.9,3.9,8.7,.444,0.3,1.0,.279,3.6,7.7,.467,.461,1.2,1.6,.766,0.7,1.9,2.6,1.8,0.6,0.0,1.5,1.5,9.2)
(2011,430,Russell Westbrook,PG,22,OKC,82,82,34.7,7.5,17.0,.442,0.4,1.3,.330,7.1,15.7,.451,.454,6.5,7.7,.842,1.5,3.1,4.6,8.2,1.9,0.4,3.9,2.5,21.9)
(2011,434,Damien Wilkins,SF,31,ATL,52,0,13.0,1.3,2.6,.504,0.0,0.2,.200,1.3,2.4,.528,.511,0.8,1.1,.714,0.4,1.3,1.7,0.8,0.5,0.2,0.4,1.4,3.5)
(2011,438,Louis Williams,SG,24,PHI,75,0,23.3,4.3,10.6,.406,1.2,3.4,.348,3.1,7.2,.434,.462,3.9,4.7,.823,0.4,1.6,2.0,3.4,0.6,0.2,1.4,1.7,13.7)
(2011,441,Reggie Williams,SF,24,GSW,80,9,20.3,3.4,7.2,.469,1.3,3.0,.423,2.1,4.1,.502,.558,1.3,1.7,.746,0.6,2.1,2.7,1.5,0.4,0.0,0.7,1.6,9.2)
(2011,445,Metta World Peace,SF,31,LAL,82,82,29.4,3.2,8.0,.397,1.0,2.8,.356,2.2,5.2,.419,.460,1.1,1.7,.676,1.2,2.0,3.3,2.1,1.5,0.4,1.1,2.2,8.5)
(2011,449,Julian Wright,SF,23,TOR,52,6,14.7,1.6,3.1,.513,0.0,0.2,.200,1.5,2.9,.533,.519,0.4,0.8,.512,0.9,1.4,2.3,1.1,0.8,0.4,0.8,0.9,3.6)
