(2011,Rk,Player,Pos,Age,Tm,G,GS,MP,FG,FGA,FG%,3P,3PA,3P,2P,2PA,2P,eFG%,FT,FTA,FT%,ORB,DRB,TRB,AST,STL,BLK,TOV,PF,PTS)
(2011,4,Alexis Ajinca,C,22,TOT,34,2,10.0,1.7,3.9,.444,0.4,1.0,.353,1.4,2.9,.475,.489,0.4,0.5,.722,0.5,1.8,2.3,0.3,0.3,0.6,0.5,2.1,4.2)
(2011,8,Malik Allen,PF,32,ORL,18,0,9.9,0.6,1.7,.355,0.0,0.0,,0.6,1.7,.355,.355,0.1,0.1,.500,0.7,1.1,1.8,0.2,0.1,0.2,0.2,1.7,1.3)
(2011,12,Louis Amundson,PF,28,GSW,46,7,15.0,1.8,4.0,.454,0.0,0.0,,1.8,4.0,.454,.454,0.7,1.9,.391,1.8,2.3,4.0,0.4,0.3,0.7,0.5,1.9,4.3)
(2011,16,Ryan Anderson,PF,22,ORL,64,14,22.3,3.5,8.2,.430,2.1,5.3,.393,1.4,2.9,.500,.558,1.5,1.8,.812,2.0,3.5,5.5,0.8,0.5,0.6,0.8,2.1,10.6)
(2011,20,Trevor Ariza,SF,25,NOH,75,75,34.7,4.0,10.2,.398,1.1,3.6,.303,2.9,6.5,.450,.451,1.8,2.6,.701,0.8,4.6,5.4,2.2,1.6,0.4,1.6,2.4,11.0)
(2011,23,Darrell Arthur,PF,22,MEM,80,9,20.1,3.9,7.8,.497,0.0,0.1,.000,3.9,7.7,.502,.497,1.4,1.7,.813,1.4,2.8,4.3,0.7,0.7,0.8,1.1,2.9,9.1)
(2011,27,Renaldo Balkman,SF,26,TOT,8,0,7.8,0.8,1.6,.462,0.1,0.3,.500,0.6,1.4,.455,.500,0.4,0.5,.750,0.3,0.6,0.9,0.3,0.5,0.3,0.1,1.9,2.0)
(2011,31,Andrea Bargnani,C,25,TOR,66,66,35.7,8.0,17.8,.448,1.2,3.4,.345,6.8,14.4,.472,.480,4.3,5.3,.820,1.1,4.1,5.2,1.8,0.5,0.7,2.3,2.4,21.4)
(2011,35,Tony Battie,C,34,PHI,38,0,9.9,1.2,2.5,.469,0.1,0.1,.667,1.1,2.4,.462,.479,0.2,0.4,.571,0.4,2.2,2.6,0.3,0.1,0.4,0.3,1.6,2.6)
(2011,39,Michael Beasley,SF,22,MIN,73,73,32.3,7.7,17.1,.450,0.8,2.2,.366,6.9,14.8,.463,.474,3.0,4.0,.753,1.6,4.0,5.6,2.2,0.7,0.7,2.7,3.0,19.2)
(2011,42,Charlie Bell,SG,31,GSW,19,0,9.0,0.6,2.3,.279,0.3,1.1,.286,0.3,1.2,.273,.349,0.1,0.2,.500,0.3,0.6,0.9,0.7,0.3,0.1,0.3,0.7,1.7)
(2011,46,Chauncey Billups,PG,34,TOT,72,72,32.1,4.7,11.0,.427,2.0,5.0,.402,2.7,6.0,.448,.519,5.3,5.8,.916,0.3,2.3,2.6,5.4,1.0,0.2,2.5,2.0,16.8)
(2011,50,Eric Bledsoe,PG,21,LAC,81,25,22.7,2.5,6.0,.424,0.4,1.4,.276,2.1,4.6,.470,.457,1.2,1.6,.744,0.8,1.9,2.8,3.6,1.1,0.3,2.4,1.6,6.7)
(2011,54,Trevor Booker,PF,23,WAS,65,14,16.4,2.1,3.9,.549,0.0,0.0,.000,2.1,3.9,.552,.549,1.0,1.6,.673,1.5,2.4,3.9,0.5,0.4,0.6,0.6,1.8,5.3)
(2011,58,Craig Brackins,PF,23,PHI,3,0,11.0,1.3,5.3,.250,0.0,1.7,.000,1.3,3.7,.364,.250,0.0,0.0,,0.7,0.7,1.3,0.3,0.3,0.0,0.0,1.0,2.7)
(2011,61,Corey Brewer,SF-SG,24,TOT,69,24,21.9,2.8,7.1,.395,0.4,1.6,.268,2.4,5.4,.434,.426,2.0,2.8,.708,0.8,1.7,2.5,1.3,1.4,0.2,1.3,2.3,8.0)
(2011,65,Derrick Brown,SF,23,TOT,49,1,11.8,1.5,2.7,.565,0.1,0.2,.500,1.4,2.5,.570,.584,0.7,1.2,.533,0.8,1.2,2.0,0.7,0.4,0.2,0.7,1.2,3.8)
(2011,69,Chase Budinger,SF,22,HOU,78,22,22.3,3.6,8.4,.425,1.1,3.5,.325,2.4,4.9,.497,.493,1.5,1.8,.855,0.7,2.9,3.6,1.6,0.5,0.2,0.9,1.5,9.8)
(2011,73,Will Bynum,PG,28,DET,61,5,18.4,3.0,6.7,.448,0.3,0.8,.320,2.7,5.8,.466,.468,1.7,2.0,.836,0.2,1.0,1.2,3.2,0.9,0.1,1.4,1.9,7.9)
(2011,77,Brian Cardinal,SF,33,DAL,56,4,11.0,0.8,1.8,.430,0.8,1.6,.483,0.0,0.2,.077,.640,0.3,0.3,.944,0.2,0.9,1.1,0.7,0.4,0.1,0.3,1.5,2.6)
(2011,Rk,Player,Pos,Age,Tm,G,GS,MP,FG,FGA,FG%,3P,3PA,3P,2P,2PA,2P,eFG%,FT,FTA,FT%,ORB,DRB,TRB,AST,STL,BLK,TOV,PF,PTS)
(2011,84,Mario Chalmers,PG,24,MIA,70,28,22.6,2.2,5.5,.399,1.2,3.3,.359,1.0,2.2,.459,.506,0.8,0.9,.871,0.2,1.9,2.1,2.5,1.1,0.1,1.3,2.3,6.4)
(2011,88,Earl Clark,SF,23,TOT,42,0,11.0,1.6,3.8,.430,0.0,0.1,.000,1.6,3.6,.444,.430,0.6,1.1,.574,0.9,1.5,2.4,0.2,0.2,0.4,0.7,1.1,3.9)
(2011,92,Darren Collison,PG,23,IND,79,79,29.9,5.0,11.0,.457,0.5,1.6,.331,4.5,9.4,.479,.481,2.6,2.9,.871,0.5,2.3,2.8,5.1,1.1,0.2,2.5,1.4,13.2)
(2011,96,Daequan Cook,SG,23,OKC,43,0,13.9,1.8,4.2,.436,1.5,3.6,.422,0.3,0.6,.519,.616,0.4,0.5,.800,0.2,1.5,1.7,0.5,0.3,0.0,0.4,1.2,5.6)
(2011,100,Jordan Crawford,SG,22,TOT,42,18,24.5,4.6,11.9,.384,0.8,3.0,.258,3.8,8.9,.427,.417,1.7,2.0,.869,0.7,1.8,2.5,2.8,0.9,0.1,2.0,1.5,11.7)
(2011,103,Samuel Dalembert,C,29,SAC,80,46,24.2,3.4,7.1,.473,0.0,0.0,.000,3.4,7.1,.474,.473,1.4,1.9,.730,2.7,5.6,8.2,0.8,0.5,1.5,1.7,2.8,8.1)
(2011,107,Baron Davis,PG,31,TOT,58,44,28.4,5.0,11.9,.417,1.4,4.1,.339,3.6,7.8,.458,.475,1.7,2.3,.771,0.6,2.1,2.7,6.7,1.3,0.5,2.5,2.5,13.1)
(2011,111,Carlos Delfino,SF,28,MIL,49,40,32.4,4.1,10.5,.390,2.1,5.8,.370,1.9,4.7,.415,.492,1.2,1.5,.800,0.5,3.6,4.1,2.3,1.6,0.2,1.2,1.5,11.5)
(2011,115,Ike Diogu,PF,27,LAC,36,0,13.1,2.3,4.1,.561,0.0,0.0,,2.3,4.1,.561,.561,1.1,1.7,.661,1.1,2.1,3.2,0.1,0.1,0.1,0.6,2.0,5.8)
(2011,119,Toney Douglas,SG,24,NYK,81,9,24.3,3.9,9.3,.416,1.8,4.7,.373,2.1,4.6,.460,.511,1.0,1.3,.794,0.8,2.2,3.0,3.0,1.1,0.0,1.1,2.2,10.6)
(2011,122,Goran Dragic,PG,24,TOT,70,5,17.6,2.7,6.3,.435,0.8,2.2,.361,1.9,4.1,.476,.499,1.2,1.9,.624,0.5,1.5,2.0,2.9,0.7,0.1,1.7,1.8,7.5)
(2011,126,Mike Dunleavy,SG,30,IND,61,44,27.6,3.9,8.5,.462,1.7,4.2,.402,2.3,4.4,.519,.560,1.6,2.0,.800,0.5,4.1,4.5,1.7,0.7,0.5,1.1,1.8,11.2)
(2011,130,Wayne Ellington,SG,23,MIN,62,8,19.0,2.6,6.4,.403,0.8,2.0,.397,1.8,4.5,.406,.463,0.7,0.9,.792,0.4,1.3,1.7,1.2,0.5,0.0,0.9,1.4,6.6)
(2011,134,Semih Erden,C,24,TOT,41,8,14.5,1.5,2.7,.559,0.0,0.0,,1.5,2.7,.559,.559,1.0,1.5,.650,0.9,2.0,2.9,0.5,0.4,0.6,0.8,2.5,4.0)
(2011,138,Tyreke Evans,SG,21,SAC,57,53,37.0,6.7,16.4,.409,0.8,2.6,.291,5.9,13.8,.432,.432,3.6,4.7,.771,0.8,4.0,4.8,5.6,1.5,0.5,3.2,2.5,17.8)
(2011,141,Jordan Farmar,PG,24,NJN,73,18,24.6,3.5,8.9,.392,1.5,4.2,.359,2.0,4.8,.421,.475,1.1,1.4,.820,0.3,2.0,2.4,5.0,0.8,0.1,1.9,1.8,9.6)
(2011,145,Kyrylo Fesenko,C,24,UTA,53,1,8.6,0.8,1.9,.440,0.0,0.0,.000,0.8,1.9,.444,.440,0.3,0.9,.391,0.6,1.4,2.0,0.3,0.1,0.3,0.5,1.7,2.0)
(2011,149,Gary Forbes,SF,25,DEN,63,11,12.6,2.0,4.3,.454,0.3,0.9,.328,1.7,3.4,.488,.489,0.9,1.4,.678,0.4,1.4,1.8,0.8,0.4,0.1,0.7,1.2,5.2)
(2011,153,Channing Frye,PF,27,PHO,77,64,33.0,4.6,10.8,.432,2.2,5.7,.390,2.4,5.1,.479,.535,1.2,1.4,.832,0.8,5.8,6.7,1.2,0.6,1.0,0.9,3.5,12.7)
(2011,157,Francisco Garcia,SF,29,SAC,58,34,23.9,3.6,8.2,.436,1.4,3.9,.362,2.2,4.3,.502,.521,1.1,1.3,.855,0.4,1.9,2.3,1.2,0.9,0.8,0.8,2.2,9.7)
(2011,Rk,Player,Pos,Age,Tm,G,GS,MP,FG,FGA,FG%,3P,3PA,3P,2P,2PA,2P,eFG%,FT,FTA,FT%,ORB,DRB,TRB,AST,STL,BLK,TOV,PF,PTS)
(2011,164,Daniel Gibson,SG,24,CLE,67,15,27.8,3.9,9.9,.400,1.8,4.4,.403,2.2,5.5,.398,.489,2.0,2.4,.822,0.4,2.3,2.6,3.0,0.7,0.3,1.2,2.3,11.6)
(2011,168,Drew Gooden,PF,29,MIL,35,18,24.6,4.5,10.3,.431,0.1,0.6,.150,4.4,9.8,.447,.435,2.3,2.9,.794,2.1,4.7,6.8,1.3,0.6,0.5,1.3,2.8,11.3)
(2011,172,Joey Graham,SF,28,CLE,39,8,15.0,2.1,4.6,.458,0.2,0.8,.300,1.9,3.8,.490,.483,0.7,0.9,.806,0.2,1.9,2.2,0.5,0.2,0.2,0.7,1.9,5.2)
(2011,176,Danny Green,SG,23,SAS,8,0,11.5,2.1,4.4,.486,0.9,2.4,.368,1.3,2.0,.625,.586,0.0,0.0,,0.4,1.5,1.9,0.3,0.3,0.1,0.6,0.9,5.1)
(2011,180,Orien Greene,SG,28,NJN,3,0,1.7,0.3,0.7,.500,0.0,0.0,,0.3,0.7,.500,.500,0.3,0.7,.500,0.0,0.0,0.0,0.3,0.3,0.0,0.0,0.0,1.0)
(2011,183,Richard Hamilton,SG,32,DET,55,39,27.2,5.2,12.2,.429,1.0,2.6,.382,4.2,9.6,.442,.470,2.7,3.1,.849,0.4,1.9,2.3,3.1,0.7,0.1,1.6,1.7,14.1)
(2011,187,Al Harrington,PF,30,DEN,73,3,22.8,3.8,9.2,.416,1.6,4.5,.357,2.2,4.8,.473,.503,1.2,1.6,.735,1.0,3.5,4.5,1.4,0.5,0.1,1.5,2.8,10.5)
(2011,191,Udonis Haslem,PF,30,MIA,13,0,26.5,3.4,6.6,.512,0.0,0.0,,3.4,6.6,.512,.512,1.2,1.5,.800,2.2,5.9,8.2,0.5,0.5,0.2,1.1,3.0,8.0)
(2011,195,Lazar Hayward,SF,24,MIN,42,0,10.0,1.3,3.7,.357,0.4,1.4,.283,0.9,2.2,.404,.412,0.8,1.0,.786,0.5,1.1,1.7,0.7,0.3,0.2,0.5,1.0,3.8)
(2011,199,Xavier Henry,SG,19,MEM,38,16,13.9,1.7,4.2,.406,0.1,0.4,.118,1.7,3.8,.441,.413,0.9,1.4,.635,0.2,0.7,1.0,0.5,0.3,0.1,0.3,1.3,4.3)
(2011,202,Nene Hilario,C,28,DEN,75,75,30.5,5.4,8.7,.615,0.0,0.1,.200,5.3,8.7,.618,.615,3.8,5.4,.711,1.9,5.7,7.6,2.0,1.1,1.0,1.8,3.2,14.5)
(2011,206,Kirk Hinrich,SG-PG,30,TOT,72,51,30.0,3.9,8.7,.446,1.0,2.6,.399,2.8,6.0,.467,.506,1.5,1.8,.841,0.3,2.2,2.5,4.0,1.0,0.2,1.7,2.6,10.2)
(2011,210,Eddie House,SG,32,MIA,56,1,17.5,2.3,5.7,.399,1.2,3.1,.389,1.1,2.6,.411,.505,0.7,0.7,.950,0.2,1.5,1.6,1.1,0.6,0.1,0.5,1.2,6.5)
(2011,214,Lester Hudson,PG,26,WAS,11,0,6.6,0.5,2.2,.250,0.4,1.4,.267,0.2,0.8,.222,.333,0.2,0.4,.500,0.1,0.4,0.5,1.5,0.4,0.1,0.6,0.9,1.6)
(2011,218,Zydrunas Ilgauskas,C,35,MIA,72,51,15.9,2.3,4.4,.508,0.0,0.0,.000,2.3,4.4,.509,.508,0.5,0.6,.783,1.5,2.5,4.0,0.4,0.3,0.8,0.7,2.6,5.0)
(2011,221,Royal Ivey,SG,29,OKC,25,0,6.2,0.6,1.5,.421,0.3,0.6,.438,0.4,0.9,.409,.513,0.1,0.1,1.000,0.1,0.6,0.6,0.3,0.2,0.0,0.2,0.7,1.6)
(2011,225,Damion James,SF,23,NJN,25,9,16.1,1.8,4.1,.447,0.0,0.1,.000,1.8,4.0,.460,.447,0.7,1.1,.643,0.7,2.7,3.4,0.8,0.6,0.5,1.0,1.4,4.4)
(2011,230,Richard Jefferson,SF,30,SAS,81,81,30.4,3.8,7.9,.474,1.7,3.8,.440,2.1,4.1,.504,.579,1.8,2.4,.759,0.7,3.2,3.8,1.3,0.5,0.4,1.1,2.0,11.0)
(2011,234,Yi Jianlian,PF,23,WAS,63,11,17.7,2.3,5.5,.418,0.0,0.2,.231,2.3,5.3,.425,.422,1.0,1.4,.681,1.3,2.7,3.9,0.4,0.4,0.5,0.8,1.8,5.6)
(2011,238,James Johnson,SF,23,TOT,38,25,21.6,2.8,6.2,.456,0.2,0.9,.235,2.6,5.3,.493,.473,1.2,1.9,.662,1.0,2.8,3.7,2.3,0.9,1.0,1.7,2.5,7.1)
(2011,241,Wesley Johnson,SG,23,MIN,79,63,26.2,3.4,8.6,.397,1.3,3.7,.356,2.1,5.0,.427,.473,0.8,1.2,.696,0.6,2.4,3.0,1.9,0.7,0.7,1.2,2.1,9.0)
(2011,245,Solomon Jones,C,26,IND,39,0,13.5,1.3,3.1,.405,0.0,0.0,.000,1.3,3.1,.408,.405,1.1,1.6,.661,1.2,1.7,2.9,0.8,0.3,0.6,0.9,2.4,3.6)
(2011,249,Jason Kidd,PG,37,DAL,80,80,33.2,2.7,7.5,.361,1.7,4.9,.340,1.0,2.6,.400,.472,0.8,1.0,.870,0.4,4.0,4.4,8.2,1.7,0.4,2.2,1.5,7.9)
(2011,253,Kosta Koufos,C,21,TOT,50,2,8.7,1.4,3.0,.453,0.0,0.0,.000,1.4,3.0,.459,.453,0.5,0.9,.558,1.1,1.5,2.6,0.1,0.2,0.5,0.6,1.2,3.2)
(2011,257,Gani Lawal,PF,22,PHO,1,0,2.0,0.0,0.0,,0.0,0.0,,0.0,0.0,,,0.0,0.0,,0.0,0.0,0.0,0.0,0.0,0.0,0.0,1.0,0.0)
(2011,Rk,Player,Pos,Age,Tm,G,GS,MP,FG,FGA,FG%,3P,3PA,3P,2P,2PA,2P,eFG%,FT,FTA,FT%,ORB,DRB,TRB,AST,STL,BLK,TOV,PF,PTS)
(2011,264,Brook Lopez,C,22,NJN,82,82,35.2,7.9,16.0,.492,0.0,0.0,.000,7.9,16.0,.492,.492,4.7,6.0,.787,2.4,3.5,6.0,1.6,0.6,1.5,2.1,2.9,20.4)
(2011,268,John Lucas,PG,28,CHI,2,0,5.0,0.5,1.5,.333,0.0,0.5,.000,0.5,1.0,.500,.333,0.0,1.0,.000,0.0,0.0,0.0,0.5,0.0,0.0,0.0,0.0,1.0)
(2011,272,Shawn Marion,SF,32,DAL,80,27,28.2,5.4,10.4,.520,0.1,0.4,.152,5.4,10.0,.536,.523,1.6,2.1,.768,2.1,4.8,6.9,1.4,0.9,0.6,1.6,1.8,12.5)
(2011,276,Kevin Martin,SG,27,HOU,80,80,32.5,6.9,15.8,.436,2.2,5.7,.383,4.7,10.1,.467,.506,7.4,8.4,.888,0.4,2.9,3.2,2.5,1.0,0.2,2.3,1.9,23.5)
(2011,280,Eric Maynor,PG,23,OKC,82,0,14.6,1.6,4.1,.402,0.5,1.2,.385,1.2,2.9,.409,.458,0.5,0.7,.729,0.3,1.2,1.5,2.9,0.4,0.1,0.9,1.2,4.2)
(2011,283,Antonio McDyess,PF,36,SAS,73,16,19.0,2.3,4.7,.491,0.0,0.0,.000,2.3,4.7,.493,.491,0.7,1.1,.675,1.7,3.7,5.4,1.2,0.5,0.5,1.0,2.2,5.3)
(2011,287,Josh McRoberts,PF,23,IND,72,51,22.2,2.9,5.4,.547,0.3,0.8,.383,2.6,4.5,.577,.576,1.2,1.7,.739,1.5,3.8,5.3,2.1,0.7,0.8,1.3,2.3,7.4)
(2011,291,Darko Milicic,C,25,MIN,69,69,24.4,3.9,8.4,.469,0.0,0.0,,3.9,8.4,.469,.469,0.9,1.7,.557,1.9,3.3,5.2,1.5,0.8,2.0,2.2,3.3,8.8)
(2011,295,Patrick Mills,PG,22,POR,64,0,12.2,2.1,5.1,.412,0.7,2.1,.353,1.4,3.0,.451,.483,0.6,0.7,.766,0.3,0.5,0.8,1.7,0.4,0.0,1.0,1.0,5.5)
(2011,299,Greg Monroe,C,20,DET,80,48,27.8,3.8,6.9,.551,0.0,0.0,.000,3.8,6.9,.552,.551,1.8,2.9,.622,3.1,4.4,7.5,1.3,1.2,0.6,1.0,2.5,9.4)
(2011,302,Timofey Mozgov,C,24,TOT,45,14,11.6,1.4,3.0,.474,0.0,0.0,,1.4,3.0,.474,.474,0.8,1.2,.712,1.0,1.7,2.7,0.3,0.3,0.6,0.8,1.9,3.6)
(2011,306,Eduardo Najera,PF,34,CHA,31,0,12.0,0.8,2.3,.361,0.4,1.1,.324,0.5,1.2,.395,.438,0.2,0.4,.545,0.5,1.0,1.4,0.6,0.4,0.2,0.4,1.7,2.2)
(2011,310,Joakim Noah,C,25,CHI,48,48,32.8,4.4,8.4,.525,0.0,0.0,.000,4.4,8.4,.526,.525,2.9,3.9,.739,3.8,6.6,10.4,2.2,1.0,1.5,1.9,3.3,11.7)
(2011,314,Jermaine O'Neal,C,32,BOS,24,10,18.0,2.1,4.5,.459,0.0,0.0,.000,2.1,4.5,.463,.459,1.2,1.8,.674,1.0,2.6,3.7,0.5,0.1,1.3,1.1,2.7,5.4)
(2011,318,Emeka Okafor,C,28,NOH,72,72,31.8,4.2,7.3,.573,0.0,0.0,.000,4.2,7.3,.574,.573,2.0,3.6,.562,3.2,6.3,9.5,0.6,0.6,1.8,1.7,3.2,10.3)
(2011,321,Larry Owens,SF,28,TOT,12,0,11.9,1.3,2.7,.469,0.5,1.1,.462,0.8,1.6,.474,.563,0.3,0.8,.444,0.1,1.2,1.3,0.7,0.8,0.4,0.4,1.5,3.3)
(2011,325,Patrick Patterson,PF,21,HOU,52,6,16.7,2.9,5.1,.558,0.0,0.0,.000,2.9,5.1,.562,.558,0.6,0.8,.714,1.7,2.2,3.8,0.8,0.3,0.7,0.6,1.5,6.3)
(2011,329,Kendrick Perkins,C,26,TOT,29,24,25.6,2.3,4.5,.515,0.0,0.0,,2.3,4.5,.515,.515,1.4,2.5,.556,2.1,5.9,8.0,0.9,0.3,0.9,1.9,3.1,6.0)
(2011,333,Mickael Pietrus,SG-SF,28,TOT,57,4,19.4,2.5,6.4,.392,1.5,4.1,.360,1.0,2.3,.450,.508,0.7,1.0,.684,0.3,1.9,2.2,0.6,0.5,0.4,0.7,1.8,7.2)
(2011,337,Leon Powe,C-PF,27,TOT,30,3,10.9,2.0,4.0,.496,0.0,0.1,.000,2.0,3.9,.504,.496,1.3,2.4,.556,0.8,1.3,2.1,0.2,0.3,0.1,0.4,1.5,5.3)
(2011,Rk,Player,Pos,Age,Tm,G,GS,MP,FG,FGA,FG%,3P,3PA,3P,2P,2PA,2P,eFG%,FT,FTA,FT%,ORB,DRB,TRB,AST,STL,BLK,TOV,PF,PTS)
(2011,344,Vladimir Radmanovic,PF,30,GSW,74,6,15.8,1.9,4.3,.431,0.9,2.3,.405,0.9,2.0,.462,.541,0.4,0.5,.882,0.9,2.0,2.9,1.1,0.6,0.6,0.8,2.1,5.1)
(2011,348,Andy Rautins,SG,24,NYK,5,0,4.8,0.6,1.4,.429,0.2,0.8,.250,0.4,0.6,.667,.500,0.2,0.4,.500,0.0,0.2,0.2,0.6,0.2,0.0,1.4,0.0,1.6)
(2011,352,Quentin Richardson,SF,30,ORL,57,19,16.8,1.5,4.5,.341,0.7,2.6,.288,0.8,1.9,.413,.424,0.6,0.8,.750,0.7,2.4,3.1,0.7,0.4,0.1,0.6,1.3,4.4)
(2011,356,Derrick Rose,PG,22,CHI,81,81,37.4,8.8,19.7,.445,1.6,4.8,.332,7.2,15.0,.481,.485,5.9,6.9,.858,1.0,3.1,4.1,7.7,1.0,0.6,3.4,1.7,25.0)
(2011,360,John Salmons,SG,31,MIL,73,70,35.0,5.1,12.3,.415,1.1,3.0,.379,4.0,9.3,.427,.462,2.7,3.3,.813,0.4,3.3,3.6,3.5,1.0,0.4,1.9,2.2,14.0)
(2011,363,Brian Scalabrine,PF,32,CHI,18,0,4.9,0.6,1.1,.526,0.0,0.3,.000,0.6,0.8,.714,.526,0.0,0.0,,0.1,0.4,0.4,0.3,0.2,0.2,0.3,1.0,1.1)
(2011,367,Ramon Sessions,PG,24,CLE,81,38,26.3,4.5,9.6,.466,0.0,0.2,.200,4.4,9.4,.472,.468,4.3,5.2,.823,0.6,2.6,3.1,5.2,0.7,0.1,2.2,1.1,13.3)
(2011,371,Brian Skinner,C,34,MIL,2,0,3.0,0.0,0.0,,0.0,0.0,,0.0,0.0,,,0.0,0.0,,0.0,0.0,0.0,0.0,0.0,0.0,0.0,0.0,0.0)
(2011,375,Jason Smith,C,24,NOH,77,6,14.3,1.8,4.0,.443,0.0,0.0,.000,1.8,4.0,.446,.443,0.8,0.9,.843,1.2,2.0,3.1,0.5,0.3,0.4,0.7,1.9,4.3)
(2011,379,Marreese Speights,C,23,PHI,64,1,11.5,2.3,4.5,.495,0.0,0.1,.250,2.2,4.5,.498,.497,0.9,1.1,.753,1.0,2.3,3.3,0.5,0.1,0.3,0.6,1.9,5.4)
(2011,382,Lance Stephenson,SG,20,IND,12,0,9.6,1.1,3.3,.333,0.0,0.4,.000,1.1,2.8,.382,.333,0.9,1.2,.786,0.1,1.4,1.5,1.8,0.3,0.0,1.3,1.2,3.1)
(2011,386,Rodney Stuckey,PG,24,DET,70,54,31.2,5.2,11.8,.439,0.4,1.3,.289,4.8,10.5,.457,.455,4.7,5.4,.866,1.0,2.1,3.1,5.2,1.1,0.1,2.2,2.5,15.5)
(2011,390,Jeff Teague,PG,22,ATL,70,7,13.8,1.9,4.3,.438,0.3,0.7,.375,1.6,3.7,.449,.467,1.1,1.4,.794,0.2,1.3,1.5,2.0,0.6,0.4,0.9,1.2,5.2)
(2011,394,Hasheem Thabeet,C,23,TOT,47,0,7.9,0.4,0.9,.425,0.0,0.0,,0.4,0.9,.425,.425,0.4,0.7,.543,0.5,1.1,1.6,0.1,0.2,0.3,0.4,1.6,1.1)
(2011,398,Jason Thompson,PF,24,SAC,75,39,23.3,3.6,7.1,.507,0.0,0.0,.000,3.6,7.1,.510,.507,1.6,2.7,.605,1.9,4.1,6.1,1.2,0.4,0.6,1.3,2.8,8.8)
(2011,401,Anthony Tolliver,SF,25,MIN,65,4,21.0,2.2,4.8,.450,0.7,1.8,.409,1.4,3.0,.475,.526,1.6,2.0,.802,1.4,3.1,4.5,1.3,0.4,0.4,0.8,2.2,6.7)
(2011,405,Ekpe Udoh,C,23,GSW,58,18,17.8,1.7,3.8,.437,0.0,0.0,,1.7,3.8,.437,.437,0.7,1.1,.656,1.4,1.7,3.1,0.7,0.4,1.5,0.8,2.5,4.1)
(2011,409,Anderson Varejao,C,28,CLE,31,31,32.1,3.7,7.0,.528,0.0,0.1,.000,3.7,6.9,.533,.528,1.7,2.6,.667,3.2,6.5,9.7,1.5,0.9,1.2,1.3,2.8,9.1)
(2011,413,Dwyane Wade,SG,29,MIA,76,76,37.1,9.1,18.2,.500,0.8,2.7,.306,8.3,15.5,.534,.523,6.5,8.6,.758,1.6,4.8,6.4,4.6,1.5,1.1,3.1,2.6,25.5)
(2011,417,Ben Wallace,C,36,DET,54,49,22.9,1.2,2.8,.450,0.0,0.0,.500,1.2,2.7,.449,.453,0.4,1.1,.333,2.4,4.1,6.5,1.3,1.0,1.0,0.8,1.5,2.9)
(2011,Rk,Player,Pos,Age,Tm,G,GS,MP,FG,FGA,FG%,3P,3PA,3P,2P,2PA,2P,eFG%,FT,FTA,FT%,ORB,DRB,TRB,AST,STL,BLK,TOV,PF,PTS)
(2011,424,Kyle Weaver,SG,24,UTA,5,0,13.8,1.8,5.0,.360,0.6,1.4,.429,1.2,3.6,.333,.420,1.4,1.6,.875,0.4,1.6,2.0,1.4,0.4,0.4,1.4,0.6,5.6)
(2011,428,Delonte West,PG,27,BOS,24,2,18.9,2.3,5.0,.458,0.5,1.4,.364,1.8,3.6,.494,.508,0.5,0.6,.867,0.3,1.3,1.5,2.7,0.8,0.4,1.3,1.2,5.6)
(2011,432,Hassan Whiteside,C,21,SAC,1,0,2.0,0.0,0.0,,0.0,0.0,,0.0,0.0,,,0.0,0.0,,0.0,0.0,0.0,0.0,0.0,0.0,0.0,2.0,0.0)
(2011,436,Jason Williams,PG,35,TOT,27,0,10.9,0.8,2.5,.328,0.4,1.4,.263,0.4,1.1,.414,.403,0.0,0.0,,0.1,1.0,1.1,1.9,0.4,0.0,0.7,0.3,2.0)
(2011,440,Mo Williams,PG,28,TOT,58,56,30.8,5.0,12.6,.399,1.4,4.2,.324,3.7,8.4,.436,.453,2.6,3.1,.853,0.4,2.3,2.6,6.6,0.9,0.2,2.9,2.6,14.0)
(2011,443,Shelden Williams,PF,27,TOT,59,38,15.4,1.7,3.7,.468,0.0,0.0,,1.7,3.7,.468,.468,1.0,1.3,.773,1.6,3.1,4.6,0.5,0.4,0.4,0.7,2.1,4.5)
(2011,447,Brandan Wright,PF,23,TOT,37,2,10.2,1.6,3.2,.513,0.0,0.0,,1.6,3.2,.513,.513,0.6,0.8,.677,0.8,1.6,2.4,0.3,0.3,0.5,0.4,0.9,3.8)
(2011,451,Sam Young,SF,25,MEM,78,46,20.2,3.0,6.3,.472,0.2,0.6,.340,2.8,5.7,.486,.489,1.1,1.5,.767,0.5,1.9,2.4,0.9,0.9,0.3,0.8,1.5,7.3)
