(2011,1,Jeff Adrien,PF,24,GSW,23,0,8.5,1.0,2.3,.426,0.0,0.0,,1.0,2.3,.426,.426,0.5,0.8,.579,1.0,1.5,2.5,0.4,0.2,0.2,0.4,1.2,2.5)
(2011,5,Solomon Alabi,C,22,TOR,12,0,4.9,0.3,1.3,.200,0.0,0.0,,0.3,1.3,.200,.200,0.0,0.2,.000,0.6,0.6,1.2,0.2,0.2,0.2,0.3,0.4,0.5)
(2011,9,Ray Allen,SG,35,BOS,80,80,36.1,6.0,12.2,.491,2.1,4.7,.444,3.9,7.5,.520,.577,2.4,2.7,.881,0.6,2.8,3.4,2.7,1.0,0.2,1.5,1.8,16.5)
(2011,13,Chris Andersen,C,32,DEN,45,0,16.3,1.8,3.0,.599,0.0,0.0,.000,1.8,3.0,.603,.599,1.9,3.0,.637,1.7,3.2,4.9,0.4,0.5,1.3,0.6,1.8,5.6)
(2011,17,Carmelo Anthony,SF,26,TOT,77,77,35.7,8.9,19.5,.455,1.2,3.3,.378,7.6,16.3,.470,.487,6.6,7.9,.838,1.5,5.8,7.3,2.9,0.9,0.6,2.7,2.9,25.6)
(2011,Rk,Player,Pos,Age,Tm,G,GS,MP,FG,FGA,FG%,3P,3PA,3P,2P,2PA,2P,eFG%,FT,FTA,FT%,ORB,DRB,TRB,AST,STL,BLK,TOV,PF,PTS)
(2011,24,Omer Asik,C,24,CHI,82,0,12.1,1.0,1.7,.553,0.0,0.0,,1.0,1.7,.553,.553,0.9,1.8,.503,1.4,2.4,3.7,0.4,0.2,0.7,0.8,1.9,2.8)
(2011,28,Marcus Banks,PG,29,TOR,3,0,7.3,0.0,0.7,.000,0.0,0.0,,0.0,0.7,.000,.000,2.0,2.7,.750,0.0,0.3,0.3,1.0,0.3,0.0,0.7,1.3,2.0)
(2011,32,Matt Barnes,SF,30,LAL,53,0,19.2,2.5,5.3,.470,0.6,2.0,.318,1.8,3.2,.564,.530,1.1,1.5,.779,1.4,2.9,4.3,1.3,0.7,0.4,1.1,2.4,6.7)
(2011,36,Shane Battier,SF,32,TOT,82,59,29.0,2.8,6.2,.450,1.2,3.3,.382,1.5,3.0,.525,.550,0.8,1.1,.688,1.1,3.5,4.5,2.3,0.8,1.0,1.0,1.9,7.6)
(2011,40,Rodrigue Beaubois,PG,22,DAL,28,26,17.7,3.4,8.0,.422,0.9,3.0,.301,2.5,5.0,.493,.478,0.8,1.1,.767,0.3,1.6,1.9,2.3,0.7,0.3,1.7,2.7,8.4)
(2011,43,Raja Bell,SG,34,UTA,68,63,30.8,2.8,6.9,.409,1.0,2.8,.352,1.8,4.0,.449,.482,1.3,1.5,.892,0.5,2.1,2.6,1.7,0.8,0.2,0.9,2.5,8.0)
(2011,47,DeJuan Blair,PF,21,SAS,81,65,21.4,3.6,7.2,.501,0.0,0.0,.000,3.6,7.2,.503,.501,1.1,1.7,.657,2.7,4.3,7.0,1.0,1.2,0.5,1.4,2.6,8.3)
(2011,51,Keith Bogans,SG,30,CHI,82,82,17.8,1.5,3.7,.404,1.1,2.9,.380,0.4,0.9,.486,.550,0.3,0.4,.656,0.2,1.6,1.8,1.2,0.5,0.1,0.5,1.4,4.4)
(2011,55,Carlos Boozer,C,29,CHI,59,59,31.9,7.3,14.3,.510,0.0,0.0,,7.3,14.3,.510,.510,2.9,4.1,.701,2.2,7.4,9.6,2.5,0.8,0.3,2.5,3.2,17.5)
(2011,59,Avery Bradley,PG,20,BOS,31,0,5.2,0.7,2.2,.343,0.0,0.2,.000,0.7,2.0,.371,.343,0.2,0.4,.500,0.1,0.4,0.5,0.4,0.3,0.0,0.5,0.6,1.7)
(2011,62,Ronnie Brewer,SG,25,CHI,81,1,22.0,2.5,5.3,.480,0.1,0.3,.222,2.5,4.9,.498,.487,1.1,1.6,.654,0.7,2.6,3.2,1.7,1.3,0.3,0.7,1.0,6.2)
(2011,66,Kwame Brown,C,28,CHA,66,50,26.0,2.9,5.7,.517,0.0,0.0,,2.9,5.7,.517,.517,2.1,3.5,.589,2.2,4.6,6.8,0.7,0.4,0.6,1.0,2.6,7.9)
(2011,70,Caron Butler,SF,30,DAL,29,29,29.9,5.9,13.0,.450,1.0,2.2,.431,4.9,10.8,.454,.487,2.3,3.0,.773,0.8,3.3,4.1,1.6,1.0,0.3,1.7,2.0,15.0)
(2011,74,Jose Calderon,PG,29,TOR,68,55,30.9,3.9,8.8,.440,0.8,2.3,.365,3.0,6.5,.466,.487,1.3,1.5,.854,0.4,2.5,3.0,8.9,1.2,0.1,2.2,2.1,9.8)
(2011,78,Rodney Carney,SF,26,TOT,27,1,12.4,1.7,4.1,.418,0.6,1.4,.447,1.1,2.7,.403,.495,0.7,1.0,.667,0.5,1.3,1.8,0.4,0.4,0.2,0.6,1.2,4.7)
(2011,81,Anthony Carter,PG,35,TOT,33,0,14.0,1.4,3.2,.425,0.4,1.2,.300,1.0,2.0,.500,.481,0.2,0.2,1.000,0.2,1.3,1.5,2.1,0.8,0.2,1.2,1.5,3.3)
(2011,85,Tyson Chandler,C,28,DAL,74,74,27.8,3.6,5.5,.654,0.0,0.0,,3.6,5.5,.654,.654,2.9,4.0,.732,2.8,6.6,9.4,0.4,0.5,1.1,1.2,3.2,10.1)
(2011,89,Jarron Collins,C,32,TOT,28,0,6.5,0.2,0.8,.286,0.0,0.0,,0.2,0.8,.286,.286,0.3,0.4,.700,0.5,0.4,0.9,0.1,0.1,0.0,0.3,1.0,0.7)
(2011,93,Nick Collison,C,30,OKC,71,2,21.5,1.9,3.4,.566,0.0,0.0,,1.9,3.4,.566,.566,0.8,1.0,.753,1.7,2.8,4.5,1.0,0.6,0.4,0.8,3.0,4.6)
(2011,97,Marcus Cousin,C,24,UTA,4,0,4.5,0.5,0.8,.667,0.0,0.0,,0.5,0.8,.667,.667,0.0,0.0,,0.0,0.8,0.8,0.0,0.0,0.3,0.3,0.3,1.0)
(2011,Rk,Player,Pos,Age,Tm,G,GS,MP,FG,FGA,FG%,3P,3PA,3P,2P,2PA,2P,eFG%,FT,FTA,FT%,ORB,DRB,TRB,AST,STL,BLK,TOV,PF,PTS)
(2011,104,Erick Dampier,C,35,MIA,51,22,16.0,1.0,1.7,.584,0.0,0.0,.000,1.0,1.7,.591,.584,0.5,0.9,.545,1.0,2.4,3.5,0.4,0.3,0.9,0.6,1.6,2.5)
(2011,108,Ed Davis,PF,21,TOR,65,17,24.6,3.3,5.7,.576,0.0,0.0,,3.3,5.7,.576,.576,1.1,2.0,.555,2.6,4.5,7.1,0.6,0.6,1.0,0.7,2.8,7.7)
(2011,112,Luol Deng,SF,25,CHI,82,82,39.1,6.5,14.1,.460,1.4,4.1,.345,5.1,10.0,.506,.510,3.1,4.1,.753,1.4,4.4,5.8,2.8,1.0,0.6,1.9,2.0,17.4)
(2011,116,DeSagana Diop,C,29,CHA,16,0,11.3,0.5,1.5,.333,0.0,0.0,,0.5,1.5,.333,.333,0.3,0.7,.364,0.8,1.8,2.5,0.4,0.3,0.9,0.7,1.6,1.3)
(2011,120,Chris Douglas-Roberts,SF,24,MIL,44,12,20.1,2.7,6.2,.429,0.3,1.0,.326,2.3,5.2,.449,.456,1.7,2.0,.831,0.2,1.8,2.0,1.1,0.7,0.3,0.8,1.7,7.3)
(2011,123,Jared Dudley,SF,25,PHO,82,15,26.1,3.7,7.7,.477,1.3,3.1,.415,2.4,4.6,.519,.560,2.0,2.7,.743,1.4,2.5,3.9,1.3,1.1,0.2,0.9,1.7,10.6)
(2011,127,Ronald Dupree,SF,30,TOR,3,0,4.3,0.3,1.3,.250,0.0,0.3,.000,0.3,1.0,.333,.250,0.0,0.0,,0.0,1.0,1.0,0.3,0.0,0.0,0.0,0.7,0.7)
(2011,131,Monta Ellis,SG,25,GSW,80,80,40.3,9.1,20.1,.451,1.7,4.7,.361,7.4,15.4,.478,.493,4.3,5.4,.789,0.6,3.0,3.5,5.6,2.1,0.3,3.2,2.5,24.1)
(2011,135,Jeremy Evans,SF,23,UTA,49,3,9.4,1.6,2.3,.661,0.0,0.0,.000,1.6,2.3,.667,.661,0.5,0.8,.703,0.7,1.2,2.0,0.5,0.3,0.3,0.4,1.0,3.6)
(2011,139,Patrick Ewing,SF,26,NOH,7,0,2.7,0.0,0.7,.000,0.0,0.3,.000,0.0,0.4,.000,.000,0.4,0.6,.750,0.1,0.1,0.3,0.3,0.0,0.1,0.1,0.1,0.4)
(2011,142,Derrick Favors,PF,19,TOT,78,27,19.7,2.8,5.3,.517,0.0,0.0,,2.8,5.3,.517,.517,1.3,2.2,.595,2.2,3.1,5.3,0.5,0.4,0.9,1.0,3.2,6.8)
(2011,146,Landry Fields,SG,22,NYK,82,81,31.0,3.6,7.3,.497,1.0,2.7,.393,2.6,4.7,.556,.568,1.4,1.8,.769,1.3,5.1,6.4,1.9,1.0,0.2,1.3,1.4,9.7)
(2011,150,T.J. Ford,PG,27,IND,41,3,18.9,2.2,5.8,.386,0.1,0.8,.188,2.1,5.0,.417,.398,0.9,1.2,.729,0.4,1.6,2.0,3.4,0.9,0.2,1.5,1.7,5.4)
(2011,154,Dan Gadzuric,C-PF,32,TOT,42,9,11.0,1.3,3.1,.419,0.0,0.0,.000,1.3,3.0,.422,.419,0.2,0.6,.370,1.7,1.5,3.2,0.3,0.3,0.7,0.7,2.2,2.8)
(2011,158,Kevin Garnett,PF,34,BOS,71,71,31.3,6.1,11.6,.528,0.0,0.1,.200,6.1,11.5,.530,.529,2.6,3.1,.862,1.2,7.7,8.9,2.4,1.3,0.8,1.6,2.1,14.9)
(2011,161,Rudy Gay,SF,24,MEM,54,54,39.9,7.6,16.1,.471,1.1,2.7,.396,6.5,13.4,.486,.503,3.6,4.5,.805,1.5,4.7,6.2,2.8,1.7,1.1,2.5,2.4,19.8)
(2011,165,Taj Gibson,PF,25,CHI,80,19,21.8,2.9,6.3,.466,0.0,0.1,.125,2.9,6.2,.472,.467,1.3,1.9,.676,2.0,3.7,5.7,0.7,0.5,1.3,0.9,2.5,7.1)
(2011,169,Ben Gordon,SG,27,DET,82,27,26.0,4.1,9.4,.440,1.3,3.2,.402,2.8,6.1,.460,.510,1.7,2.0,.850,0.5,1.9,2.4,2.1,0.6,0.2,1.7,2.2,11.2)
(2011,173,Stephen Graham,SG,28,NJN,59,28,16.3,1.4,3.4,.405,0.1,0.4,.238,1.3,3.0,.425,.418,0.5,0.6,.816,0.3,1.8,2.1,0.7,0.2,0.0,0.6,1.8,3.4)
(2011,177,Jeff Green,PF-SF,24,TOT,75,51,32.4,4.9,10.9,.449,0.9,2.8,.303,4.1,8.1,.499,.488,2.6,3.3,.811,1.0,3.8,4.8,1.4,0.7,0.5,1.3,2.8,13.3)
(2011,Rk,Player,Pos,Age,Tm,G,GS,MP,FG,FGA,FG%,3P,3PA,3P,2P,2PA,2P,eFG%,FT,FTA,FT%,ORB,DRB,TRB,AST,STL,BLK,TOV,PF,PTS)
(2011,184,Tyler Hansbrough,PF,25,IND,70,29,21.9,4.1,8.8,.465,0.0,0.0,.000,4.1,8.7,.466,.465,2.8,3.6,.779,2.1,3.2,5.2,0.6,0.5,0.2,1.1,2.3,11.0)
(2011,188,Devin Harris,PG,27,TOT,71,70,31.7,4.8,11.5,.422,0.8,2.5,.322,4.0,8.9,.450,.458,4.7,5.7,.833,0.2,2.1,2.4,7.1,1.0,0.1,2.9,2.3,15.2)
(2011,192,Spencer Hawes,C,22,PHI,81,81,21.2,3.3,7.0,.465,0.1,0.5,.243,3.1,6.6,.480,.473,0.6,1.1,.534,1.6,4.1,5.7,1.5,0.4,0.9,1.2,2.5,7.2)
(2011,196,Brendan Haywood,C,31,DAL,72,8,18.5,1.8,3.1,.574,0.0,0.0,.000,1.8,3.1,.577,.574,0.9,2.5,.362,1.8,3.4,5.2,0.3,0.2,1.0,0.7,2.0,4.4)
(2011,200,Roy Hibbert,C,24,IND,81,80,27.7,5.1,11.0,.461,0.0,0.0,.000,5.1,10.9,.463,.461,2.5,3.4,.745,2.2,5.3,7.5,2.0,0.4,1.8,2.3,3.2,12.7)
(2011,203,George Hill,PG,24,SAS,76,5,28.3,3.8,8.3,.453,1.0,2.7,.377,2.8,5.6,.490,.514,3.1,3.6,.863,0.3,2.3,2.6,2.5,0.9,0.3,1.3,2.0,11.6)
(2011,207,Jrue Holiday,PG,20,PHI,82,82,35.4,5.4,12.2,.446,1.0,2.7,.365,4.5,9.5,.470,.487,2.1,2.5,.823,0.8,3.2,4.0,6.5,1.5,0.4,2.7,2.5,14.0)
(2011,211,Dwight Howard,C,25,ORL,78,78,37.6,7.9,13.4,.593,0.0,0.1,.000,7.9,13.3,.597,.593,7.0,11.7,.596,4.0,10.1,14.1,1.4,1.4,2.4,3.6,3.3,22.9)
(2011,215,Kris Humphries,PF,25,NJN,74,44,27.9,4.1,7.9,.527,0.0,0.0,.000,4.1,7.9,.527,.527,1.7,2.6,.665,3.0,7.4,10.4,1.1,0.4,1.1,1.4,2.3,10.0)
(2011,219,Didier Ilunga-Mbenga,C,30,NOH,41,0,8.0,0.6,1.2,.469,0.0,0.0,,0.6,1.2,.469,.469,0.3,0.4,.722,0.9,1.2,2.1,0.1,0.1,0.7,0.5,1.3,1.4)
(2011,222,Jarrett Jack,SG-PG,27,TOT,83,15,20.7,3.1,7.7,.408,0.4,1.3,.306,2.7,6.4,.429,.434,2.2,2.6,.850,0.2,1.8,2.1,2.9,0.7,0.1,1.3,1.2,8.9)
(2011,226,LeBron James,SF,26,MIA,79,79,38.8,9.6,18.8,.510,1.2,3.5,.330,8.4,15.3,.552,.541,6.4,8.4,.759,1.0,6.5,7.5,7.0,1.6,0.6,3.6,2.1,26.7)
(2011,227,Antawn Jamison,PF,34,CLE,56,38,32.9,6.7,15.6,.427,1.6,4.7,.346,5.1,10.9,.462,.479,3.1,4.2,.731,1.5,5.2,6.7,1.7,0.9,0.5,1.4,2.4,18.0)
(2011,231,Jared Jeffries,PF,29,TOT,42,9,14.3,0.7,2.0,.349,0.0,0.2,.222,0.7,1.8,.364,.360,0.3,0.7,.414,1.5,1.3,2.8,0.9,0.7,0.4,0.5,1.8,1.8)
(2011,235,Amir Johnson,PF,23,TOR,72,54,25.7,3.9,6.9,.568,0.0,0.0,.000,3.9,6.9,.569,.568,1.8,2.2,.788,2.6,3.8,6.4,1.1,0.7,1.2,1.0,3.7,9.6)
(2011,239,Joe Johnson,SG,29,ATL,72,72,35.5,7.1,16.1,.443,1.2,4.2,.297,5.9,12.0,.494,.481,2.7,3.4,.802,0.8,3.2,4.0,4.7,0.7,0.1,2.0,1.8,18.2)
(2011,242,Dahntay Jones,SG,30,IND,45,2,13.1,2.2,4.8,.467,0.3,0.9,.359,1.9,3.9,.491,.500,1.5,2.0,.767,0.1,1.4,1.4,0.7,0.4,0.2,0.7,1.6,6.3)
(2011,246,DeAndre Jordan,C,22,LAC,80,66,25.6,2.9,4.3,.686,0.0,0.0,.000,2.9,4.3,.688,.686,1.2,2.7,.452,2.6,4.6,7.2,0.5,0.5,1.8,1.3,3.2,7.1)
(2011,250,Andrei Kirilenko,SF,29,UTA,64,62,31.2,4.0,8.5,.467,0.6,1.5,.367,3.4,6.9,.489,.500,3.3,4.2,.770,1.6,3.5,5.1,3.0,1.3,1.2,1.8,1.8,11.7)
(2011,254,Nenad Krstic,C,27,TOT,71,67,22.1,3.3,6.4,.511,0.0,0.0,,3.3,6.4,.511,.511,1.6,2.1,.774,1.7,3.0,4.7,0.4,0.4,0.4,0.8,2.6,8.1)
(2011,258,Ty Lawson,PG,23,DEN,80,31,26.3,4.3,8.6,.503,0.9,2.1,.404,3.5,6.5,.536,.553,2.2,2.8,.764,0.8,1.8,2.6,4.7,1.0,0.1,1.7,1.7,11.7)
(2011,261,Rashard Lewis,SF-PF,31,TOT,57,52,32.0,4.4,10.2,.433,1.5,4.3,.357,2.9,5.9,.488,.508,1.4,1.7,.802,1.2,3.8,5.1,1.6,0.9,0.5,1.5,2.8,11.7)
(2011,265,Robin Lopez,C,22,PHO,67,56,14.8,2.7,5.3,.501,0.0,0.0,,2.7,5.3,.501,.501,1.1,1.5,.740,1.2,2.0,3.2,0.1,0.3,0.7,0.7,2.1,6.4)
(2011,269,Corey Maggette,SF,31,MIL,67,18,20.9,3.8,8.3,.453,0.4,1.2,.359,3.4,7.2,.468,.478,4.0,4.9,.834,0.7,2.9,3.6,1.3,0.3,0.1,1.9,2.6,12.0)
(2011,273,Sean Marks,C,35,POR,29,0,7.2,0.7,1.5,.432,0.1,0.1,1.000,0.6,1.4,.405,.455,0.2,0.3,.625,0.6,0.8,1.4,0.1,0.1,0.2,0.4,1.5,1.6)
(2011,277,Roger Mason,SG,30,NYK,26,0,12.3,1.0,3.0,.338,0.6,1.7,.364,0.4,1.3,.303,.442,0.3,0.4,.700,0.2,1.5,1.7,0.8,0.2,0.1,0.2,1.0,2.9)
(2011,Rk,Player,Pos,Age,Tm,G,GS,MP,FG,FGA,FG%,3P,3PA,3P,2P,2PA,2P,eFG%,FT,FTA,FT%,ORB,DRB,TRB,AST,STL,BLK,TOV,PF,PTS)
(2011,284,JaVale McGee,C,23,WAS,79,75,27.8,4.2,7.6,.550,0.0,0.0,.000,4.2,7.6,.552,.550,1.7,2.9,.583,2.8,5.2,8.0,0.5,0.5,2.4,1.3,2.9,10.1)
(2011,288,Jodie Meeks,SG,23,PHI,74,64,27.9,3.3,7.7,.425,1.9,4.7,.397,1.4,3.0,.468,.546,2.1,2.3,.894,0.3,2.0,2.3,1.1,0.9,0.1,0.8,1.3,10.5)
(2011,292,Andre Miller,PG,34,POR,81,81,32.7,4.8,10.4,.460,0.0,0.5,.108,4.7,10.0,.476,.462,3.1,3.6,.853,1.2,2.5,3.7,7.0,1.4,0.1,2.4,2.1,12.7)
(2011,296,Paul Millsap,PF,25,UTA,76,76,34.3,6.9,13.0,.531,0.1,0.3,.391,6.8,12.7,.535,.536,3.4,4.4,.757,2.2,5.5,7.6,2.5,1.4,0.9,1.9,3.6,17.3)
(2011,300,Jamario Moon,SF,30,TOT,59,20,17.7,1.7,4.2,.407,0.6,2.1,.309,1.1,2.1,.504,.484,0.3,0.3,.882,0.4,2.4,2.8,0.9,0.5,0.6,0.4,1.1,4.3)
(2011,303,Byron Mullens,PF,21,OKC,13,0,6.5,0.7,2.2,.321,0.0,0.0,,0.7,2.2,.321,.321,0.5,1.1,.500,0.5,1.4,1.8,0.0,0.2,0.2,0.6,0.8,1.9)
(2011,307,Steve Nash,PG,36,PHO,75,75,33.3,5.3,10.8,.492,1.1,2.7,.395,4.2,8.1,.525,.542,3.0,3.3,.912,0.5,2.9,3.5,11.4,0.6,0.1,3.5,1.2,14.7)
(2011,311,Andres Nocioni,SF,31,PHI,54,17,17.2,2.2,5.1,.426,0.8,2.2,.356,1.4,2.9,.478,.502,0.9,1.1,.803,0.4,2.8,3.1,0.8,0.3,0.3,0.9,1.9,6.1)
(2011,315,Shaquille O'Neal,C,38,BOS,37,36,20.3,3.6,5.4,.667,0.0,0.0,,3.6,5.4,.667,.667,2.0,3.5,.557,1.3,3.5,4.8,0.7,0.4,1.1,1.5,3.2,9.2)
(2011,319,Mehmet Okur,C,31,UTA,13,0,12.9,1.7,4.8,.355,0.4,1.2,.313,1.3,3.5,.370,.395,1.2,1.5,.750,0.7,1.6,2.3,1.5,0.3,0.3,0.5,1.4,4.9)
(2011,322,Zaza Pachulia,C,26,ATL,79,7,15.7,1.4,2.9,.461,0.0,0.0,,1.4,2.9,.461,.461,1.7,2.3,.754,1.5,2.7,4.2,0.7,0.4,0.3,0.9,2.3,4.4)
(2011,326,Chris Paul,PG,25,NOH,80,80,36.0,5.4,11.6,.463,0.9,2.3,.388,4.5,9.3,.482,.502,4.2,4.8,.878,0.5,3.6,4.1,9.8,2.4,0.1,2.2,2.5,15.9)
(2011,330,Morris Peterson,SG,33,OKC,4,0,5.8,0.5,1.3,.400,0.0,0.3,.000,0.5,1.0,.500,.400,0.0,0.0,,0.0,0.8,0.8,0.3,0.0,0.0,0.0,1.3,1.0)
(2011,334,Dexter Pittman,C,22,MIA,2,0,5.5,0.5,1.5,.333,0.0,0.0,,0.5,1.5,.333,.333,0.0,0.0,,0.5,1.0,1.5,0.0,0.0,0.0,1.0,1.0,1.0)
(2011,338,Josh Powell,PF,28,ATL,54,0,12.1,1.7,3.9,.452,0.0,0.0,.000,1.7,3.8,.454,.452,0.7,0.8,.800,0.9,1.6,2.5,0.4,0.1,0.1,1.0,1.4,4.1)
(2011,341,Tayshaun Prince,SF,30,DET,78,78,32.8,6.1,12.8,.473,0.4,1.3,.347,5.6,11.6,.486,.490,1.5,2.2,.702,1.0,3.2,4.2,2.8,0.4,0.5,1.1,1.2,14.1)
(2011,345,Anthony Randolph,C-PF,21,TOT,40,3,14.8,3.1,6.6,.466,0.0,0.1,.250,3.1,6.5,.469,.468,1.5,2.2,.674,1.1,2.9,4.0,0.8,0.6,0.6,1.3,1.6,7.6)
(2011,349,Michael Redd,SG,31,MIL,10,0,13.4,1.8,4.5,.400,0.4,1.7,.235,1.4,2.8,.500,.444,0.4,0.4,1.000,0.0,0.8,0.8,1.2,0.2,0.1,0.4,0.4,4.4)
(2011,353,Luke Ridnour,PG,29,MIN,71,66,30.4,4.5,9.6,.468,1.1,2.6,.440,3.4,7.0,.479,.528,1.7,1.9,.883,0.5,2.3,2.8,5.4,1.3,0.1,2.2,2.1,11.8)
(2011,357,Quinton Ross,SF,29,NJN,36,4,9.8,0.7,1.6,.441,0.0,0.1,.000,0.7,1.6,.464,.441,0.1,0.4,.357,0.3,0.6,0.8,0.3,0.1,0.2,0.2,1.1,1.6)
(2011,Rk,Player,Pos,Age,Tm,G,GS,MP,FG,FGA,FG%,3P,3PA,3P,2P,2PA,2P,eFG%,FT,FTA,FT%,ORB,DRB,TRB,AST,STL,BLK,TOV,PF,PTS)
(2011,364,Luis Scola,PF,30,HOU,74,74,32.6,7.7,15.3,.504,0.0,0.0,.000,7.7,15.2,.505,.504,2.9,3.9,.738,2.0,6.2,8.2,2.5,0.6,0.6,2.0,3.1,18.3)
(2011,368,Mustafa Shakur,PG,26,WAS,22,0,7.2,1.0,2.7,.356,0.0,0.5,.100,0.9,2.2,.408,.364,0.4,0.7,.533,0.3,0.7,1.0,1.1,0.2,0.1,0.8,0.7,2.3)
(2011,372,Craig Smith,PF,27,LAC,48,0,12.2,2.2,3.9,.553,0.0,0.1,.000,2.2,3.8,.568,.553,1.0,1.4,.735,0.9,1.5,2.4,0.6,0.3,0.1,0.7,1.8,5.4)
(2011,376,Joe Smith,PF,35,TOT,16,3,4.3,0.2,1.0,.188,0.0,0.0,,0.2,1.0,.188,.188,0.1,0.1,1.000,0.2,1.1,1.3,0.3,0.0,0.3,0.3,0.8,0.5)
(2011,380,Tiago Splitter,C,26,SAS,60,6,12.3,1.7,3.2,.529,0.0,0.0,.000,1.7,3.2,.532,.529,1.3,2.3,.543,1.2,2.2,3.4,0.4,0.5,0.3,0.5,1.5,4.6)
(2011,383,DeShawn Stevenson,SG,29,DAL,72,54,16.1,1.8,4.6,.388,1.3,3.5,.378,0.5,1.1,.420,.530,0.5,0.6,.767,0.3,1.2,1.5,1.1,0.3,0.1,0.6,1.0,5.3)
(2011,387,DaJuan Summers,SF,23,DET,22,1,9.0,1.3,3.1,.406,0.4,1.0,.429,0.9,2.2,.396,.471,0.4,0.9,.450,0.1,0.5,0.5,0.1,0.1,0.0,0.6,1.0,3.4)
(2011,391,Sebastian Telfair,PG,25,MIN,37,8,19.2,2.6,6.5,.402,0.8,2.1,.359,1.9,4.4,.423,.461,1.2,1.6,.733,0.5,1.0,1.5,3.0,0.7,0.1,1.7,1.7,7.2)
(2011,395,Etan Thomas,C,32,ATL,13,0,6.3,0.8,1.6,.476,0.0,0.0,,0.8,1.6,.476,.476,0.9,1.2,.800,0.5,1.3,1.8,0.2,0.1,0.3,0.4,0.8,2.5)
(2011,399,Al Thornton,SF-PF,27,TOT,71,23,19.5,2.9,6.1,.476,0.1,0.4,.154,2.8,5.7,.496,.480,1.5,2.0,.775,0.8,2.2,3.0,0.9,0.5,0.2,0.9,2.0,7.4)
(2011,402,Ronny Turiaf,C,28,NYK,64,21,17.8,1.6,2.5,.632,0.0,0.0,,1.6,2.5,.632,.632,1.0,1.5,.622,1.0,2.2,3.2,1.4,0.5,1.1,0.6,2.5,4.2)
(2011,406,Ime Udoka,SF,33,SAS,20,0,6.5,0.3,1.1,.238,0.0,0.4,.000,0.3,0.7,.385,.238,0.2,0.4,.500,0.3,0.7,1.0,0.7,0.4,0.1,0.3,0.7,0.7)
(2011,410,Greivis Vasquez,SG,24,MEM,70,1,12.3,1.4,3.3,.408,0.4,1.2,.291,1.0,2.1,.476,.461,0.5,0.6,.773,0.2,0.9,1.0,2.2,0.3,0.1,1.0,1.2,3.6)
(2011,414,Von Wafer,SG,25,BOS,58,2,9.5,1.2,2.7,.421,0.3,1.2,.269,0.8,1.6,.533,.478,0.6,0.7,.842,0.1,0.7,0.8,0.6,0.3,0.1,0.3,0.7,3.2)
(2011,418,Gerald Wallace,SF-PF,28,TOT,71,63,37.9,5.4,12.0,.454,0.9,2.6,.333,4.6,9.4,.487,.490,3.9,5.3,.746,1.6,6.5,8.0,2.4,1.5,0.9,2.1,2.6,15.7)
(2011,421,Hakim Warrick,PF,28,PHO,80,6,17.7,2.9,5.6,.511,0.0,0.1,.091,2.8,5.4,.522,.512,2.7,3.7,.721,1.1,2.6,3.7,0.9,0.4,0.1,1.0,1.3,8.4)
(2011,425,Martell Webster,SF,24,MIN,46,1,23.8,3.3,7.4,.447,1.2,2.9,.417,2.1,4.5,.466,.528,2.0,2.7,.770,0.8,2.4,3.2,1.2,0.6,0.2,1.3,2.2,9.8)
(2011,429,Mario West,SG,26,NJN,6,3,19.3,1.5,3.5,.429,0.2,0.7,.250,1.3,2.8,.471,.452,0.5,0.8,.600,0.3,1.5,1.8,1.7,1.2,0.0,0.3,2.2,3.7)
(2011,433,Chris Wilcox,PF,28,DET,57,29,17.5,3.3,5.6,.581,0.0,0.0,.000,3.3,5.6,.583,.581,0.9,1.6,.562,1.7,3.1,4.8,0.8,0.5,0.3,0.8,2.5,7.4)
(2011,437,Jawad Williams,SF,27,CLE,26,1,15.0,1.6,4.8,.325,0.5,1.7,.289,1.1,3.1,.346,.377,0.3,0.5,.750,0.3,1.6,1.8,0.8,0.3,0.1,0.6,1.3,4.0)
(2011,Rk,Player,Pos,Age,Tm,G,GS,MP,FG,FGA,FG%,3P,3PA,3P,2P,2PA,2P,eFG%,FT,FTA,FT%,ORB,DRB,TRB,AST,STL,BLK,TOV,PF,PTS)
(2011,444,Terrence Williams,SG,23,TOT,21,0,13.8,2.0,5.5,.374,0.3,1.0,.273,1.8,4.4,.398,.400,0.7,1.0,.667,0.2,2.2,2.4,1.8,0.4,0.0,1.6,1.2,5.0)
(2011,448,Dorell Wright,SF,25,GSW,82,82,38.4,5.9,14.0,.423,2.4,6.3,.376,3.5,7.7,.462,.508,2.2,2.8,.789,1.1,4.2,5.3,3.0,1.5,0.8,1.6,2.1,16.4)
(2011,452,Thaddeus Young,PF,22,PHI,82,1,26.0,5.6,10.3,.541,0.1,0.3,.273,5.5,10.1,.548,.544,1.5,2.1,.707,1.9,3.4,5.3,1.0,1.1,0.3,1.2,2.1,12.7)
