(2011,3,Maurice Ager,SG,26,MIN,4,0,7.3,1.5,2.8,.545,0.8,1.0,.750,0.8,1.8,.429,.682,0.0,0.0,,0.0,0.5,0.5,0.3,0.3,0.0,1.0,1.0,3.8)
(2011,7,LaMarcus Aldridge,PF,25,POR,81,81,39.6,8.7,17.5,.500,0.0,0.3,.174,8.7,17.2,.505,.501,4.3,5.5,.791,3.4,5.3,8.8,2.1,1.0,1.2,1.9,2.7,21.8)
(2011,11,Al-Farouq Aminu,SF,20,LAC,81,14,17.9,2.0,5.0,.394,0.6,1.8,.315,1.4,3.2,.437,.450,1.1,1.5,.773,0.9,2.4,3.3,0.7,0.7,0.3,1.3,1.5,5.6)
(2011,15,James Anderson,SF,21,SAS,26,2,11.0,1.2,3.1,.383,0.7,1.8,.391,0.5,1.3,.371,.494,0.5,0.7,.778,0.1,0.8,0.9,0.7,0.1,0.2,0.5,0.9,3.6)
(2011,19,Gilbert Arenas,PG,29,TOT,70,16,25.7,3.8,10.5,.366,1.4,4.7,.297,2.5,5.8,.423,.433,1.7,2.2,.784,0.3,2.4,2.7,3.9,1.1,0.3,2.5,2.7,10.8)
(2011,22,Carlos Arroyo,PG,31,TOT,64,43,18.5,1.9,4.3,.440,0.5,1.1,.449,1.4,3.2,.436,.496,0.6,0.7,.830,0.3,1.3,1.6,2.0,0.3,0.0,0.9,1.1,4.8)
(2011,26,Luke Babbitt,SF,21,POR,24,0,5.7,0.6,2.3,.273,0.1,0.7,.188,0.5,1.6,.308,.300,0.1,0.4,.333,0.3,1.0,1.3,0.3,0.1,0.1,0.3,0.6,1.5)
(2011,30,Jose Barea,PG,26,DAL,81,2,20.6,3.5,8.0,.439,0.8,2.3,.349,2.7,5.7,.476,.490,1.6,1.9,.847,0.4,1.6,2.0,3.9,0.4,0.0,1.7,1.7,9.5)
(2011,34,Brandon Bass,PF,25,ORL,76,51,26.1,4.4,8.5,.515,0.0,0.0,.000,4.4,8.5,.516,.515,2.5,3.1,.815,1.8,3.8,5.6,0.8,0.4,0.7,1.3,2.1,11.2)
(2011,38,Jerryd Bayless,PG,22,TOT,71,14,21.1,3.1,7.3,.422,0.7,2.1,.336,2.4,5.2,.456,.469,2.3,2.9,.806,0.4,2.0,2.3,3.7,0.5,0.1,1.8,2.1,9.2)
(2011,41,Marco Belinelli,SG,24,NOH,80,69,24.5,3.8,8.6,.437,1.7,4.1,.414,2.1,4.6,.458,.534,1.2,1.6,.784,0.2,1.7,1.9,1.2,0.5,0.1,1.0,1.8,10.5)
(2011,45,Andris Biedrins,C,24,GSW,59,55,23.7,2.4,4.5,.534,0.0,0.0,,2.4,4.5,.534,.534,0.2,0.5,.323,2.5,4.8,7.2,1.0,0.9,0.9,1.0,3.4,5.0)
(2011,49,Andray Blatche,PF,24,WAS,64,63,33.9,6.7,15.0,.445,0.1,0.3,.222,6.6,14.7,.449,.447,3.4,4.4,.777,2.9,5.4,8.2,2.3,1.5,0.8,2.7,2.8,16.8)
(2011,53,Matt Bonner,PF,30,SAS,66,1,21.7,2.6,5.6,.464,1.6,3.5,.457,1.0,2.1,.475,.605,0.5,0.7,.744,0.9,2.7,3.6,0.9,0.4,0.3,0.4,1.7,7.3)
(2011,57,Earl Boykins,PG,34,MIL,57,0,15.1,2.7,6.2,.443,0.5,1.2,.380,2.3,4.9,.459,.482,1.2,1.4,.841,0.3,0.7,1.0,2.5,0.7,0.1,0.9,0.8,7.2)
(2011,Rk,Player,Pos,Age,Tm,G,GS,MP,FG,FGA,FG%,3P,3PA,3P,2P,2PA,2P,eFG%,FT,FTA,FT%,ORB,DRB,TRB,AST,STL,BLK,TOV,PF,PTS)
(2011,64,Aaron Brooks,PG,26,TOT,59,12,21.8,3.7,9.9,.375,1.2,4.0,.297,2.5,5.9,.427,.434,2.1,2.4,.886,0.3,1.0,1.3,3.9,0.6,0.1,1.7,1.9,10.7)
(2011,68,Kobe Bryant,SG,32,LAL,82,82,33.9,9.0,20.0,.451,1.4,4.3,.323,7.6,15.6,.487,.487,5.9,7.1,.828,1.0,4.1,5.1,4.7,1.2,0.1,3.0,2.1,25.3)
(2011,72,Andrew Bynum,C,23,LAL,54,47,27.8,4.4,7.6,.574,0.0,0.0,,4.4,7.6,.574,.574,2.6,3.9,.660,3.1,6.3,9.4,1.4,0.4,2.0,1.4,2.6,11.3)
(2011,76,Derrick Caracter,C,22,LAL,41,0,5.2,0.8,1.6,.485,0.0,0.0,,0.8,1.6,.485,.485,0.4,0.6,.739,0.5,0.6,1.0,0.2,0.1,0.2,0.5,1.1,2.0)
(2011,80,Matt Carroll,SG,30,CHA,54,1,10.8,1.6,3.7,.447,0.3,0.9,.370,1.3,2.8,.471,.490,0.7,1.0,.769,0.2,1.0,1.3,0.4,0.3,0.1,0.4,0.8,4.4)
(2011,83,Omri Casspi,SF,22,SAC,71,27,24.0,3.2,7.7,.412,1.3,3.5,.372,1.9,4.2,.445,.496,1.0,1.4,.673,1.0,3.3,4.3,1.0,0.8,0.2,1.0,1.6,8.6)
(2011,87,Josh Childress,SG,27,PHO,54,3,16.6,2.2,4.0,.565,0.0,0.3,.063,2.2,3.7,.606,.568,0.5,1.1,.492,1.3,1.6,2.9,0.8,0.6,0.4,0.8,1.3,5.0)
(2011,91,Sherron Collins,PG,23,CHA,20,0,3.3,0.4,1.3,.280,0.1,0.5,.200,0.3,0.8,.333,.320,0.1,0.1,1.000,0.0,0.3,0.3,0.4,0.1,0.0,0.2,0.1,0.9)
(2011,95,Brian Cook,PF,30,LAC,40,0,11.2,1.8,4.3,.424,0.9,2.0,.430,1.0,2.3,.418,.524,0.4,0.6,.625,0.5,1.9,2.4,0.4,0.3,0.3,0.6,1.9,4.8)
(2011,99,Jamal Crawford,SG,30,ATL,76,0,30.2,4.8,11.5,.421,1.6,4.6,.341,3.3,6.9,.474,.489,2.9,3.4,.854,0.3,1.4,1.7,3.2,0.8,0.2,1.9,1.3,14.2)
(2011,102,Stephen Curry,PG,22,GSW,74,74,33.6,6.8,14.2,.480,2.0,4.6,.442,4.8,9.6,.498,.551,2.9,3.1,.934,0.7,3.2,3.9,5.8,1.5,0.3,3.1,3.1,18.6)
(2011,106,Marquis Daniels,SF,30,BOS,49,0,19.1,2.3,4.7,.491,0.1,0.4,.190,2.2,4.3,.521,.500,0.8,1.2,.684,0.5,1.8,2.3,1.3,0.8,0.4,0.8,1.3,5.5)
(2011,110,Austin Daye,SF,22,DET,72,16,20.1,2.7,6.5,.410,1.0,2.4,.401,1.7,4.2,.415,.483,1.1,1.5,.759,0.9,2.9,3.8,1.1,0.5,0.5,0.8,2.3,7.5)
(2011,114,Boris Diaw,PF,28,CHA,82,82,33.9,4.6,9.4,.492,1.0,2.8,.345,3.7,6.7,.553,.543,1.0,1.5,.683,1.3,3.8,5.0,4.1,0.9,0.6,2.0,2.3,11.3)
(2011,118,Joey Dorsey,C,27,TOR,43,9,12.1,1.2,2.3,.525,0.0,0.0,,1.2,2.3,.525,.525,0.7,1.5,.477,1.8,2.6,4.4,0.6,0.6,0.4,0.9,1.8,3.1)
(2011,121,Zabian Dowdell,PG,26,PHO,24,0,12.2,2.1,5.2,.408,0.1,0.4,.300,2.0,4.8,.417,.420,0.7,0.7,.941,0.2,0.6,0.8,2.1,0.8,0.1,1.2,1.3,5.0)
(2011,125,Tim Duncan,C,34,SAS,76,76,28.4,5.5,11.0,.500,0.0,0.1,.000,5.5,11.0,.502,.500,2.4,3.4,.716,2.2,6.7,8.9,2.7,0.7,1.9,1.6,1.6,13.4)
(2011,129,Devin Ebanks,SG,21,LAL,20,0,5.9,1.1,2.6,.412,0.1,0.3,.400,1.0,2.3,.413,.431,0.9,1.2,.783,0.8,0.6,1.4,0.1,0.2,0.3,0.3,0.4,3.1)
(2011,133,Melvin Ely,C,32,DEN,30,2,12.2,0.9,1.7,.549,0.0,0.0,,0.9,1.7,.549,.549,0.4,0.7,.619,0.9,1.6,2.5,0.5,0.1,0.4,0.5,1.7,2.3)
(2011,137,Reggie Evans,PF,30,TOR,30,18,26.6,1.4,3.4,.408,0.0,0.0,.000,1.4,3.4,.412,.408,1.6,2.9,.545,4.0,7.5,11.5,1.3,1.0,0.2,1.3,3.0,4.4)
(2011,Rk,Player,Pos,Age,Tm,G,GS,MP,FG,FGA,FG%,3P,3PA,3P,2P,2PA,2P,eFG%,FT,FTA,FT%,ORB,DRB,TRB,AST,STL,BLK,TOV,PF,PTS)
(2011,144,Rudy Fernandez,SG,25,POR,78,3,23.3,2.7,7.4,.370,1.5,4.6,.321,1.2,2.7,.453,.471,1.6,1.9,.863,0.5,1.7,2.2,2.5,1.1,0.2,1.1,1.7,8.6)
(2011,148,Jonny Flynn,PG,21,MIN,53,8,18.5,2.0,5.6,.365,0.6,1.9,.310,1.5,3.7,.393,.417,0.6,0.8,.762,0.2,1.2,1.5,3.4,0.6,0.1,2.1,1.1,5.3)
(2011,152,Randy Foye,SG,27,LAC,63,24,24.6,3.3,8.4,.388,1.1,3.4,.327,2.1,5.0,.430,.455,2.1,2.4,.893,0.2,1.4,1.6,2.7,0.7,0.3,1.5,1.9,9.8)
(2011,156,Danilo Gallinari,PF-SF,22,TOT,62,60,33.9,4.3,10.3,.414,1.7,4.7,.352,2.6,5.6,.467,.495,5.4,6.3,.862,1.0,4.0,4.9,1.7,0.8,0.4,1.3,2.3,15.6)
(2011,160,Pau Gasol,C,30,LAL,82,82,37.0,7.2,13.7,.529,0.0,0.0,.333,7.2,13.6,.530,.530,4.3,5.2,.823,3.3,6.9,10.2,3.3,0.6,1.6,1.7,2.5,18.8)
(2011,163,Paul George,SG,20,IND,61,19,20.7,2.9,6.5,.453,0.7,2.3,.297,2.3,4.2,.537,.505,1.3,1.7,.762,0.6,3.1,3.7,1.1,1.0,0.4,1.1,2.1,7.8)
(2011,167,Ryan Gomes,SF,28,LAC,76,62,27.6,2.7,6.6,.410,0.9,2.8,.341,1.8,3.9,.459,.481,0.8,1.1,.718,0.8,2.5,3.3,1.6,0.8,0.2,0.7,2.1,7.2)
(2011,171,Marcin Gortat,C,26,TOT,80,14,25.4,4.2,7.5,.561,0.0,0.1,.250,4.2,7.5,.563,.561,1.8,2.4,.725,1.9,6.0,7.9,0.9,0.5,1.1,1.0,2.4,10.2)
(2011,175,Aaron Gray,C,26,NOH,41,6,13.0,1.4,2.4,.566,0.0,0.0,,1.4,2.4,.566,.566,0.4,0.8,.500,1.4,2.7,4.2,0.4,0.3,0.3,0.8,2.3,3.1)
(2011,179,Donte Greene,SF,22,SAC,69,21,16.3,2.3,5.6,.404,0.7,2.2,.292,1.6,3.4,.478,.462,0.6,0.9,.662,0.7,1.4,2.1,0.7,0.5,0.3,0.9,1.3,5.8)
(2011,182,Hamed Haddadi,C,25,MEM,31,0,5.4,1.0,1.9,.517,0.0,0.0,.000,1.0,1.8,.526,.517,0.5,0.7,.652,0.8,1.4,2.2,0.2,0.1,0.4,0.4,0.9,2.4)
(2011,186,James Harden,SG,21,OKC,82,5,26.7,3.6,8.3,.436,1.4,4.0,.349,2.3,4.4,.514,.518,3.5,4.2,.843,0.5,2.6,3.1,2.1,1.1,0.3,1.3,2.5,12.2)
(2011,190,Mike Harris,PF,27,HOU,4,0,4.0,0.8,1.5,.500,0.0,0.0,,0.8,1.5,.500,.500,0.5,1.0,.500,0.5,0.8,1.3,0.3,0.0,0.3,0.3,0.5,2.0)
(2011,194,Gordon Hayward,SF,20,UTA,72,17,16.9,2.0,4.1,.485,0.5,1.0,.473,1.5,3.0,.489,.544,1.0,1.3,.711,0.6,1.4,1.9,1.1,0.4,0.3,1.0,1.5,5.4)
(2011,198,Gerald Henderson,SG,23,CHA,68,30,24.4,3.8,8.4,.454,0.1,0.5,.194,3.7,7.9,.472,.461,1.9,2.4,.785,0.7,2.3,3.0,1.5,0.7,0.5,0.9,1.7,9.6)
(2011,201,J.J. Hickson,C,22,CLE,80,66,28.2,5.4,11.7,.458,0.0,0.1,.000,5.4,11.6,.461,.458,3.1,4.6,.673,2.7,6.0,8.7,1.1,0.6,0.7,2.2,2.7,13.8)
(2011,205,Jordan Hill,C,23,HOU,72,11,15.6,2.4,4.9,.491,0.0,0.0,.000,2.4,4.9,.494,.491,0.8,1.2,.706,1.8,2.5,4.3,0.4,0.2,0.7,0.9,2.2,5.6)
(2011,209,Al Horford,C,24,ATL,77,77,35.1,6.7,12.0,.557,0.0,0.1,.500,6.6,11.9,.557,.558,1.9,2.4,.798,2.4,7.0,9.3,3.5,0.8,1.0,1.5,2.5,15.3)
(2011,213,Juwan Howard,PF,37,MIA,57,0,10.4,1.0,2.2,.440,0.0,0.0,,1.0,2.2,.440,.440,0.5,0.6,.829,0.6,1.5,2.1,0.4,0.2,0.1,0.4,1.1,2.4)
(2011,217,Andre Iguodala,SF,27,PHI,67,67,36.9,5.0,11.3,.445,0.9,2.7,.337,4.1,8.6,.479,.486,3.1,4.5,.693,0.9,4.9,5.8,6.3,1.5,0.6,2.1,1.6,14.1)
(2011,Rk,Player,Pos,Age,Tm,G,GS,MP,FG,FGA,FG%,3P,3PA,3P,2P,2PA,2P,eFG%,FT,FTA,FT%,ORB,DRB,TRB,AST,STL,BLK,TOV,PF,PTS)
(2011,224,Stephen Jackson,SG,32,CHA,67,67,35.9,6.5,15.8,.411,1.8,5.4,.337,4.7,10.4,.449,.468,3.7,4.6,.816,0.8,3.7,4.5,3.6,1.2,0.4,3.1,2.4,18.5)
(2011,229,Al Jefferson,C,26,UTA,82,82,35.9,8.0,16.1,.496,0.0,0.0,,8.0,16.1,.496,.496,2.7,3.5,.761,2.9,6.8,9.7,1.8,0.6,1.9,1.3,2.9,18.6)
(2011,233,Eugene Jeter,PG,27,SAC,62,1,13.8,1.7,4.2,.409,0.1,0.5,.200,1.6,3.7,.437,.421,0.6,0.7,.902,0.1,1.0,1.1,2.6,0.5,0.0,0.8,0.9,4.1)
(2011,237,Chris Johnson,C,25,TOT,14,1,9.9,0.6,1.5,.429,0.0,0.0,,0.6,1.5,.429,.429,1.1,1.4,.750,0.9,1.4,2.3,0.2,0.2,0.6,0.7,1.5,2.4)
(2011,Rk,Player,Pos,Age,Tm,G,GS,MP,FG,FGA,FG%,3P,3PA,3P,2P,2PA,2P,eFG%,FT,FTA,FT%,ORB,DRB,TRB,AST,STL,BLK,TOV,PF,PTS)
(2011,244,James Jones,SF,30,MIA,81,8,19.1,1.8,4.3,.422,1.5,3.5,.429,0.3,0.7,.390,.600,0.7,0.9,.833,0.3,1.7,2.0,0.5,0.4,0.2,0.3,1.6,5.9)
(2011,248,Jason Kapono,SF,29,PHI,24,2,4.7,0.3,1.2,.250,0.0,0.3,.125,0.3,0.8,.300,.268,0.0,0.1,.500,0.1,0.3,0.5,0.2,0.1,0.0,0.1,0.2,0.7)
(2011,252,Kyle Korver,SG,29,CHI,82,0,20.1,3.0,6.8,.434,1.5,3.5,.415,1.5,3.3,.455,.542,0.9,1.1,.885,0.1,1.7,1.8,1.5,0.4,0.2,0.7,1.9,8.3)
(2011,256,Acie Law,PG,26,TOT,51,0,14.2,1.6,3.6,.435,0.1,0.7,.167,1.5,2.9,.500,.452,0.9,1.3,.734,0.2,1.0,1.2,1.6,0.6,0.0,0.8,1.2,4.2)
(2011,260,David Lee,PF,27,GSW,73,73,36.1,6.8,13.4,.507,0.0,0.0,.333,6.8,13.4,.508,.508,2.9,3.7,.787,3.0,6.8,9.8,3.2,1.0,0.4,2.3,2.9,16.5)
(2011,263,Shaun Livingston,PG,25,CHA,73,0,17.3,2.5,5.4,.466,0.0,0.1,.250,2.5,5.4,.468,.467,1.5,1.7,.864,0.4,1.6,2.0,2.2,0.6,0.4,1.2,1.5,6.6)
(2011,267,Kyle Lowry,PG,24,HOU,75,71,34.2,4.6,10.8,.426,1.7,4.6,.376,2.9,6.2,.464,.506,2.6,3.3,.765,1.2,2.9,4.1,6.7,1.4,0.3,2.1,2.8,13.5)
(2011,271,Ian Mahinmi,C,24,DAL,56,0,8.7,1.0,1.8,.561,0.0,0.0,.000,1.0,1.7,.573,.561,1.1,1.5,.768,0.8,1.4,2.1,0.1,0.3,0.3,0.4,1.9,3.1)
(2011,275,Kenyon Martin,PF,33,DEN,48,48,25.7,3.9,7.5,.511,0.0,0.2,.222,3.8,7.4,.518,.514,0.9,1.5,.583,1.4,4.8,6.2,2.3,0.9,0.7,1.2,2.8,8.6)
(2011,279,Jason Maxiell,PF,27,DET,57,14,16.3,1.6,3.3,.492,0.0,0.0,,1.6,3.3,.492,.492,0.9,1.7,.515,1.2,1.9,3.0,0.3,0.4,0.4,0.8,1.6,4.2)
(2011,282,Luc Mbah a Moute,PF,24,MIL,79,52,26.5,2.5,5.4,.463,0.0,0.1,.000,2.5,5.3,.470,.463,1.7,2.4,.707,2.1,3.2,5.3,0.9,0.9,0.4,1.0,2.3,6.7)
(2011,286,Dominic McGuire,SF,25,CHA,52,8,14.6,1.4,3.5,.396,0.0,0.0,.000,1.4,3.5,.400,.396,0.6,0.8,.769,1.2,2.6,3.8,0.8,0.2,0.6,0.5,1.8,3.3)
(2011,290,C.J. Miles,SF,23,UTA,78,19,25.2,4.7,11.5,.407,1.4,4.3,.322,3.3,7.2,.459,.468,2.0,2.5,.811,0.7,2.6,3.3,1.7,0.9,0.5,1.2,2.8,12.8)
(2011,294,Mike Miller,SG,30,MIA,41,2,20.4,2.0,4.9,.401,1.0,2.9,.364,0.9,2.0,.452,.507,0.6,0.8,.676,0.9,3.6,4.5,1.2,0.5,0.0,1.0,2.1,5.6)
(2011,298,Nazr Mohammed,C,33,TOT,75,37,17.1,3.1,6.0,.522,0.0,0.0,.000,3.1,6.0,.523,.522,0.9,1.5,.598,1.9,3.0,4.9,0.3,0.4,0.7,0.9,2.5,7.1)
(2011,301,Anthony Morrow,SG,25,NJN,58,47,32.0,4.8,10.7,.450,1.9,4.5,.423,2.9,6.2,.469,.539,1.7,1.8,.897,0.6,2.3,3.0,1.2,0.3,0.1,0.9,2.3,13.2)
(2011,305,Hamady N'Diaye,C,24,WAS,16,0,5.0,0.3,0.3,.800,0.0,0.0,,0.3,0.3,.800,.800,0.4,0.8,.500,0.1,0.3,0.4,0.0,0.1,0.3,0.2,1.1,0.9)
(2011,309,Jameer Nelson,PG,28,ORL,76,76,30.5,4.9,11.0,.446,1.6,3.9,.401,3.4,7.1,.471,.517,1.7,2.1,.802,0.5,2.5,3.0,6.0,1.0,0.0,2.6,2.8,13.1)
(2011,313,Dirk Nowitzki,PF,32,DAL,73,73,34.3,8.4,16.2,.517,0.9,2.3,.393,7.5,13.8,.538,.545,5.4,6.1,.892,0.7,6.3,7.0,2.6,0.5,0.6,1.9,2.4,23.0)
(2011,317,Lamar Odom,PF,31,LAL,82,35,32.2,5.8,10.9,.530,0.8,2.2,.382,4.9,8.7,.566,.568,2.0,3.0,.675,2.1,6.5,8.7,3.0,0.6,0.7,1.7,2.4,14.4)
(2011,Rk,Player,Pos,Age,Tm,G,GS,MP,FG,FGA,FG%,3P,3PA,3P,2P,2PA,2P,eFG%,FT,FTA,FT%,ORB,DRB,TRB,AST,STL,BLK,TOV,PF,PTS)
(2011,324,Tony Parker,PG,28,SAS,78,78,32.4,7.1,13.7,.519,0.3,0.9,.357,6.8,12.8,.531,.531,3.0,3.9,.769,0.4,2.7,3.1,6.6,1.2,0.0,2.6,1.7,17.5)
(2011,328,Nikola Pekovic,C,25,MIN,65,11,13.6,2.1,4.0,.517,0.0,0.0,,2.1,4.0,.517,.517,1.3,1.8,.763,1.4,1.6,3.0,0.4,0.3,0.5,1.4,2.8,5.5)
(2011,332,Paul Pierce,SF,33,BOS,80,80,34.7,6.3,12.8,.497,1.4,3.7,.374,5.0,9.1,.547,.551,4.8,5.6,.860,0.4,5.0,5.4,3.3,1.0,0.6,2.1,2.9,18.9)
(2011,336,James Posey,SF,34,IND,49,0,17.1,1.7,4.9,.336,1.4,4.3,.316,0.3,0.6,.483,.475,0.2,0.3,.733,0.2,2.8,3.0,0.7,0.5,0.1,0.5,2.1,4.9)
(2011,340,Ronnie Price,SG,27,UTA,59,0,12.2,1.3,3.6,.352,0.3,1.2,.290,0.9,2.4,.383,.400,0.5,0.7,.744,0.4,0.7,1.0,0.9,0.7,0.1,0.9,1.8,3.3)
(2011,343,Chris Quinn,PG,27,SAS,41,0,7.1,0.8,2.2,.363,0.3,0.9,.297,0.5,1.3,.407,.423,0.1,0.2,.500,0.1,0.5,0.6,1.0,0.1,0.0,0.3,0.7,2.0)
(2011,347,Theo Ratliff,C,37,LAL,10,0,7.1,0.1,0.6,.167,0.0,0.0,,0.1,0.6,.167,.167,0.0,0.2,.000,0.6,0.7,1.3,0.3,0.2,0.5,0.3,0.7,0.2)
(2011,351,Jason Richardson,SG,30,TOT,80,80,33.9,5.9,13.2,.447,2.4,6.0,.395,3.5,7.2,.490,.536,1.5,2.0,.730,0.8,3.3,4.1,1.8,1.2,0.2,1.2,2.0,15.6)
(2011,355,Rajon Rondo,PG,24,BOS,68,68,37.2,4.7,9.9,.475,0.1,0.6,.233,4.5,9.2,.491,.482,1.1,1.9,.568,1.3,3.1,4.4,11.2,2.3,0.2,3.4,1.8,10.6)
(2011,359,Brandon Rush,SG,25,IND,67,21,26.2,3.2,7.7,.421,1.4,3.3,.417,1.9,4.4,.425,.512,1.2,1.6,.755,0.5,2.7,3.2,0.9,0.6,0.5,1.0,1.6,9.1)
(2011,362,Larry Sanders,C,22,MIL,60,12,14.5,1.9,4.5,.433,0.0,0.0,,1.9,4.5,.433,.433,0.5,0.8,.560,1.0,2.0,3.0,0.3,0.4,1.2,0.6,2.0,4.3)
(2011,366,Kevin Seraphin,PF,21,WAS,58,1,10.9,1.1,2.5,.449,0.0,0.0,,1.1,2.5,.449,.449,0.4,0.5,.710,1.4,1.2,2.6,0.2,0.3,0.5,0.7,2.2,2.7)
(2011,370,Bobby Simmons,SF,30,SAS,2,0,8.0,0.0,1.5,.000,0.0,1.5,.000,0.0,0.0,,.000,0.0,0.0,,0.0,0.0,0.0,1.0,0.0,0.0,0.0,1.0,0.0)
(2011,374,J.R. Smith,SF,25,DEN,79,6,24.9,4.3,9.9,.435,1.6,4.0,.390,2.7,5.9,.466,.514,2.1,2.8,.738,0.6,3.5,4.1,2.2,1.2,0.2,1.3,2.2,12.3)
(2011,378,Darius Songaila,C,32,PHI,10,0,7.1,0.7,1.5,.467,0.0,0.0,,0.7,1.5,.467,.467,0.2,0.4,.500,0.2,0.8,1.0,0.2,0.0,0.0,0.4,1.6,1.6)
(2011,381,Jerry Stackhouse,SG,36,MIA,7,1,7.1,0.4,1.7,.250,0.1,0.6,.250,0.3,1.1,.250,.292,0.7,1.0,.714,0.1,0.9,1.0,0.4,0.0,0.3,0.3,0.4,1.7)
(2011,385,Amar'e Stoudemire,C,28,NYK,78,78,36.8,9.5,19.0,.502,0.1,0.3,.435,9.4,18.7,.503,.505,6.1,7.7,.792,2.5,5.6,8.2,2.6,0.9,1.9,3.2,3.5,25.3)
(2011,389,Jermaine Taylor,SG,24,TOT,34,8,14.2,2.8,5.8,.480,0.4,1.3,.311,2.4,4.4,.530,.515,0.6,0.8,.750,0.8,1.1,1.8,0.9,0.4,0.1,1.4,1.1,6.6)
(2011,393,Jason Terry,SG,33,DAL,82,10,31.3,6.0,13.3,.451,1.5,4.3,.362,4.5,9.0,.493,.509,2.2,2.6,.850,0.3,1.6,1.9,4.1,1.1,0.2,2.0,1.7,15.8)
(2011,397,Tyrus Thomas,C,24,CHA,41,2,21.0,3.8,8.1,.471,0.0,0.1,.000,3.8,8.0,.476,.471,2.6,3.3,.787,1.6,3.9,5.5,0.7,0.7,1.6,1.6,2.8,10.2)
(2011,Rk,Player,Pos,Age,Tm,G,GS,MP,FG,FGA,FG%,3P,3PA,3P,2P,2PA,2P,eFG%,FT,FTA,FT%,ORB,DRB,TRB,AST,STL,BLK,TOV,PF,PTS)
(2011,404,Evan Turner,SG,22,PHI,78,14,23.0,2.9,6.8,.425,0.2,0.6,.318,2.7,6.2,.435,.439,1.3,1.6,.808,0.5,3.4,3.9,2.0,0.6,0.2,1.0,1.8,7.2)
(2011,408,Ben Uzoh,PG,22,NJN,42,0,10.4,1.5,3.4,.424,0.1,0.2,.375,1.4,3.2,.426,.434,0.8,1.3,.589,0.7,0.7,1.5,1.6,0.3,0.2,0.6,0.7,3.8)
(2011,412,Sasha Vujacic,SG,26,TOT,67,17,24.6,3.6,8.9,.402,1.4,3.9,.370,2.1,5.0,.426,.483,1.2,1.4,.844,0.4,2.3,2.8,2.0,0.8,0.1,1.0,2.0,9.8)
(2011,416,John Wall,PG,20,WAS,69,64,37.8,5.8,14.1,.409,0.5,1.7,.296,5.3,12.4,.425,.427,4.4,5.7,.766,0.5,4.1,4.6,8.3,1.8,0.5,3.8,2.5,16.4)
(2011,420,Willie Warren,PG,21,LAC,19,0,7.1,0.7,1.8,.371,0.3,0.8,.333,0.4,1.1,.400,.443,0.3,0.4,.750,0.1,0.6,0.6,1.4,0.3,0.0,0.4,0.8,1.9)
(2011,423,Earl Watson,PG,31,UTA,80,13,19.6,1.6,3.8,.410,0.5,1.3,.336,1.1,2.5,.450,.469,0.7,1.0,.671,0.7,1.6,2.3,3.5,0.8,0.2,1.5,1.8,4.3)
(2011,427,David West,PF,30,NOH,70,70,35.0,7.5,14.9,.508,0.0,0.1,.222,7.5,14.7,.510,.509,3.8,4.7,.807,2.2,5.3,7.6,2.3,1.0,0.9,2.0,2.9,18.9)
(2011,431,D.J. White,C-PF,24,TOT,47,0,14.6,2.4,4.7,.507,0.0,0.0,.000,2.4,4.6,.512,.507,1.0,1.4,.719,0.9,2.4,3.4,0.4,0.3,0.4,0.3,1.6,5.7)
(2011,435,Deron Williams,PG,26,TOT,65,65,37.9,6.6,15.0,.439,1.6,4.9,.331,5.0,10.1,.491,.493,5.4,6.3,.845,0.6,3.4,4.0,10.3,1.2,0.2,3.5,2.9,20.1)
(2011,439,Marvin Williams,SF,24,ATL,65,52,28.7,3.8,8.3,.458,0.6,1.7,.336,3.2,6.6,.489,.493,2.3,2.7,.845,1.0,3.8,4.8,1.4,0.5,0.4,1.0,1.6,10.4)
(2011,442,Shawne Williams,PF,24,NYK,64,11,20.7,2.6,6.0,.426,1.3,3.3,.401,1.2,2.7,.457,.536,0.6,0.8,.837,0.9,2.8,3.7,0.7,0.6,0.8,0.7,2.6,7.1)
(2011,446,Antoine Wright,SG,26,SAC,7,0,4.4,0.1,1.1,.125,0.0,0.6,.000,0.1,0.6,.250,.125,0.0,0.0,,0.3,0.1,0.4,0.0,0.1,0.0,0.1,0.4,0.3)
(2011,450,Nick Young,SG,25,WAS,64,40,31.8,6.4,14.6,.441,1.6,4.2,.387,4.8,10.4,.462,.497,2.9,3.6,.816,0.4,2.3,2.7,1.2,0.7,0.3,1.4,2.3,17.4)
