(1981,3,Alvan Adams,C,26,PHO,75,,27.4,6.1,11.6,.526,0.0,0.0,,6.1,11.6,.526,.526,2.7,3.5,.768,2.1,5.2,7.3,4.6,1.4,0.9,3.0,3.0,14.9)
(1981,7,James Bailey,PF,23,SEA,82,,31.0,5.4,10.8,.499,0.0,0.0,.500,5.4,10.8,.499,.500,3.1,4.4,.709,2.3,5.1,7.4,1.2,0.9,1.7,2.7,4.0,14.0)
(1981,11,Mel Bennett,PF,26,UTA,28,,11.2,0.9,2.1,.433,0.0,0.1,.000,0.9,2.1,.448,.433,1.9,2.9,.654,1.2,2.1,3.3,0.5,0.1,0.4,1.1,2.0,3.8)
(1981,15,Otis Birdsong,SG,25,KCK,71,,36.5,10.0,18.4,.544,0.1,0.5,.286,9.9,17.9,.551,.547,4.5,6.4,.697,1.7,2.0,3.6,3.3,1.3,0.3,2.4,2.4,24.6)
(1981,19,Dudley Bradley,SG,23,IND,82,,22.8,3.2,6.8,.474,0.0,0.2,.125,3.2,6.6,.484,.476,1.5,2.2,.702,0.9,1.5,2.4,2.3,2.3,0.5,1.5,2.9,8.0)
(1981,22,Ron Brewer,SG,25,TOT,75,,19.4,3.7,8.4,.436,0.0,0.1,.143,3.7,8.3,.439,.437,1.2,1.5,.798,0.5,0.7,1.1,2.0,0.8,0.5,1.2,1.3,8.6)
(1981,26,Michael Brooks,SF,22,SDC,82,,30.2,6.0,12.4,.479,0.0,0.1,.000,6.0,12.3,.482,.479,2.8,3.9,.706,2.6,2.8,5.4,2.5,1.2,0.4,2.0,2.9,14.7)
(1981,30,Joe Bryant,PF,26,SDC,82,,28.8,4.6,9.6,.479,0.0,0.2,.133,4.6,9.5,.486,.480,2.4,3.0,.791,1.8,3.6,5.4,2.3,0.9,0.4,2.1,3.2,11.6)
(1981,34,Marty Byrnes,SF,24,DAL,72,,18.9,3.0,6.3,.479,0.1,0.3,.450,2.9,6.0,.480,.489,1.7,2.2,.764,1.0,1.4,2.5,1.6,0.4,0.2,0.8,1.8,7.8)
(1981,38,M.L. Carr,SF,30,BOS,41,7,16.0,2.4,5.3,.449,0.0,0.3,.071,2.3,4.9,.475,.451,1.3,1.6,.791,0.6,1.4,2.0,1.4,0.7,0.4,1.1,1.8,6.0)
(1981,41,Reggie Carter,SG,23,NYK,60,,8.9,1.0,3.0,.330,0.0,0.1,.000,1.0,2.9,.335,.330,0.9,1.2,.739,0.5,0.7,1.2,1.3,0.4,0.0,0.6,1.1,2.8)
(1981,45,Phil Chenier,SG,30,GSW,9,,9.1,1.2,3.7,.333,0.1,0.3,.333,1.1,3.3,.333,.348,0.7,0.7,1.000,0.1,0.8,0.9,0.8,0.0,0.0,0.4,1.1,3.2)
(1981,49,Doug Collins,SG,29,PHI,12,,27.4,5.2,10.5,.492,0.0,0.0,,5.2,10.5,.492,.492,2.0,2.4,.828,0.5,1.9,2.4,3.5,0.6,0.3,1.8,1.9,12.3)
(1981,53,Wayne Cooper,C,24,UTA,71,,20.0,3.0,6.6,.452,0.0,0.0,.333,3.0,6.6,.453,.453,0.9,1.3,.689,2.3,3.9,6.2,0.7,0.3,0.7,1.1,3.1,6.9)
(1981,57,Pat Cummings,C,24,MIL,74,,14.6,3.4,6.2,.539,0.0,0.0,.000,3.4,6.2,.541,.539,1.3,1.9,.707,1.3,2.6,3.9,0.8,0.4,0.3,1.5,2.6,8.0)
(1981,Rk,Player,Pos,Age,Tm,G,GS,MP,FG,FGA,FG%,3P,3PA,3P%,2P,2PA,2P%,eFG%,FT,FTA,FT%,ORB,DRB,TRB,AST,STL,BLK,TOV,PF,PTS)
(1981,64,Ron Davis,SF,26,SDC,64,,12.8,2.2,4.9,.443,0.0,0.1,.250,2.1,4.8,.448,.446,1.5,2.5,.595,0.7,1.1,1.9,0.7,0.6,0.2,1.0,1.5,5.8)
(1981,68,Coby Dietrick,C,32,CHI,82,,15.2,1.8,3.9,.456,0.0,0.1,.333,1.8,3.8,.459,.459,0.9,1.4,.694,1.0,2.3,3.2,1.4,0.6,0.6,1.1,2.1,4.5)
(1981,72,John Drew,SF,26,ATL,67,,31.0,7.5,16.4,.456,0.0,0.1,.000,7.5,16.3,.459,.456,6.8,8.6,.787,2.2,3.6,5.7,1.2,1.5,0.2,2.9,3.9,21.7)
(1981,76,Mike Dunleavy,SG,26,HOU,74,,21.7,4.2,8.5,.491,0.0,0.2,.063,4.2,8.3,.502,.491,2.1,2.5,.839,0.4,1.2,1.6,3.6,0.9,0.0,1.9,2.2,10.5)
(1981,80,Bob Elliott,C,25,NJN,73,,18.1,2.9,5.7,.511,0.0,0.0,.500,2.9,5.7,.511,.512,1.7,2.8,.599,1.4,2.2,3.6,1.8,0.5,0.2,1.6,2.4,7.5)
(1981,83,Julius Erving*,SF,30,PHI,82,,35.0,9.7,18.6,.521,0.0,0.2,.222,9.6,18.4,.525,.522,5.1,6.5,.787,3.0,5.0,8.0,4.4,2.1,1.8,3.2,2.8,24.6)
(1981,87,Don Ford,SF,28,CLE,64,,15.6,1.6,3.5,.446,0.0,0.0,.000,1.6,3.5,.452,.446,0.3,0.4,.917,1.2,1.4,2.6,1.3,0.2,0.2,0.8,1.6,3.5)
(1981,91,Mike Gale,PG,30,TOT,77,,14.4,2.0,4.0,.508,0.0,0.1,.286,2.0,3.9,.513,.511,0.7,0.9,.809,0.2,1.1,1.3,2.2,1.2,0.1,1.0,1.5,4.8)
(1981,95,Artis Gilmore*,C,31,CHI,82,,34.5,6.7,10.0,.670,0.0,0.0,,6.7,10.0,.670,.670,4.6,6.5,.705,2.7,7.4,10.1,2.1,0.6,2.4,2.9,3.6,17.9)
(1981,99,Rickey Green,PG,26,UTA,47,,27.8,3.7,7.8,.481,0.0,0.0,.000,3.7,7.8,.482,.481,1.5,2.1,.722,0.6,1.8,2.5,5.0,1.6,0.0,1.8,2.6,9.0)
(1981,102,Paul Griffin,PF,27,SAS,82,,23.5,2.0,4.0,.511,0.0,0.0,,2.0,4.0,.511,.511,2.1,3.1,.672,2.2,3.9,6.2,3.0,0.9,0.5,1.6,2.5,6.1)
(1981,106,Roy Hamilton,PG,23,POR,1,,5.0,1.0,3.0,.333,0.0,0.0,,1.0,3.0,.333,.333,1.0,2.0,.500,2.0,1.0,3.0,0.0,0.0,0.0,1.0,1.0,3.0)
(1981,110,Mike Harper,PF,23,POR,55,,8.4,1.0,2.5,.412,0.0,0.1,.000,1.0,2.4,.421,.412,0.7,1.5,.435,0.5,1.2,1.7,0.3,0.4,0.4,0.6,1.3,2.7)
(1981,114,Gar Heard,PF,32,SDC,78,,20.9,1.9,5.1,.376,0.0,0.1,.000,1.9,5.0,.383,.376,1.0,1.3,.782,1.5,2.9,4.5,1.6,1.3,0.9,1.0,2.5,4.8)
(1981,118,Kenny Higgs,PG,26,DEN,72,,23.5,2.9,6.6,.441,0.1,0.5,.118,2.8,6.1,.466,.445,1.9,2.4,.814,0.3,1.7,2.0,5.7,1.4,0.1,2.3,3.4,7.8)
(1981,121,Brad Holland,SG,24,LAL,41,,7.2,1.1,2.7,.423,0.0,0.1,.333,1.1,2.6,.426,.428,0.9,1.2,.714,0.2,0.5,0.7,0.6,0.5,0.0,0.8,1.1,3.2)
(1981,125,Kim Hughes,C,28,TOT,53,,9.2,0.5,1.3,.386,0.0,0.0,,0.5,1.3,.386,.386,0.0,0.0,.500,0.9,1.5,2.4,0.7,0.5,0.7,0.8,2.0,1.0)
(1981,129,Abdul Jeelani,SF,26,DAL,66,,16.8,2.8,6.7,.425,0.0,0.0,.000,2.8,6.7,.426,.425,2.7,3.3,.814,1.3,2.2,3.5,1.0,0.7,0.5,1.3,1.9,8.4)
(1981,133,George Johnson,C,32,SAS,82,,23.6,2.0,4.2,.473,0.0,0.0,,2.0,4.2,.473,.473,1.0,1.3,.734,2.6,4.7,7.3,1.1,0.6,3.4,1.3,3.3,5.0)
(1981,137,Magic Johnson*,SG,21,LAL,37,,37.1,8.4,15.9,.532,0.1,0.5,.176,8.4,15.4,.542,.534,4.6,6.1,.760,2.7,5.9,8.6,8.6,3.4,0.7,3.9,2.7,21.6)
(1981,Rk,Player,Pos,Age,Tm,G,GS,MP,FG,FGA,FG%,3P,3PA,3P%,2P,2PA,2P%,eFG%,FT,FTA,FT%,ORB,DRB,TRB,AST,STL,BLK,TOV,PF,PTS)
(1981,144,Caldwell Jones,C,30,PHI,81,,32.6,2.7,6.0,.449,0.0,0.0,,2.7,6.0,.449,.449,1.8,2.4,.767,2.5,7.6,10.0,1.5,0.7,1.7,2.1,3.3,7.2)
(1981,148,Eddie Jordan,PG,26,TOT,74,,16.6,2.0,4.8,.426,0.1,0.3,.273,1.9,4.5,.436,.435,1.2,1.7,.685,0.4,0.9,1.3,3.3,1.3,0.1,1.9,2.2,5.3)
(1981,152,Rich Kelley,C,27,PHO,81,,20.8,2.4,4.8,.506,0.0,0.0,.000,2.4,4.8,.509,.506,2.2,2.9,.758,1.6,3.8,5.4,3.5,1.0,0.8,2.6,2.6,7.0)
(1981,156,Bernard King*,SF,24,GSW,81,,36.0,9.0,15.4,.588,0.0,0.1,.333,9.0,15.3,.589,.588,3.8,5.4,.703,2.2,4.6,6.8,3.5,0.9,0.4,3.3,3.8,21.9)
(1981,160,Wayne Kreklow,SG,24,BOS,25,0,4.0,0.4,1.9,.234,0.0,0.2,.250,0.4,1.7,.233,.245,0.3,0.4,.700,0.1,0.4,0.5,0.4,0.1,0.0,0.4,0.8,1.2)
(1981,163,Sam Lacey,C,32,KCK,82,,27.2,2.9,6.5,.442,0.0,0.1,.200,2.9,6.5,.444,.443,1.1,1.4,.786,1.6,5.5,7.1,4.9,1.2,1.5,2.2,3.7,6.9)
(1981,167,Mark Landsberger,PF,25,LAL,69,,15.7,2.4,4.7,.502,0.0,0.0,.000,2.4,4.7,.503,.502,0.9,1.7,.534,2.2,3.3,5.5,0.4,0.3,0.1,0.9,2.0,5.7)
(1981,171,Ron Lee,PG,28,DET,82,,22.3,1.4,3.9,.350,0.0,0.2,.154,1.4,3.8,.358,.353,1.4,1.9,.724,0.8,1.9,2.7,4.4,2.0,0.4,2.1,3.2,4.2)
(1981,175,John Lucas,PG,27,GSW,66,,29.1,3.4,7.7,.439,0.1,0.4,.167,3.3,7.3,.452,.443,1.6,2.2,.738,0.5,1.8,2.3,7.0,1.3,0.0,2.8,2.1,8.4)
(1981,179,Rick Mahorn,PF,22,WSB,52,,13.4,2.1,4.2,.507,0.0,0.0,,2.1,4.2,.507,.507,0.5,0.8,.675,1.3,2.8,4.1,0.5,0.4,0.8,0.7,2.6,4.8)
(1981,182,Cedric Maxwell,SF,25,BOS,81,81,33.7,5.4,9.3,.588,0.0,0.0,.000,5.4,9.2,.589,.588,4.3,5.6,.782,2.7,3.7,6.5,2.7,1.0,0.8,2.2,3.2,15.2)
(1981,186,Andre McCarter,PG,27,WSB,43,,10.4,1.2,3.1,.378,0.0,0.2,.250,1.1,3.0,.386,.385,0.4,0.6,.750,0.4,0.5,0.9,1.7,0.3,0.0,0.6,0.8,2.8)
(1981,190,Kevin McHale*,PF,23,BOS,82,1,20.1,4.3,8.1,.533,0.0,0.0,.000,4.3,8.1,.535,.533,1.3,1.9,.679,1.9,2.5,4.4,0.7,0.3,1.8,1.3,3.2,10.0)
(1981,194,Joe Meriweather,C,27,KCK,74,,20.5,2.8,5.6,.496,0.0,0.0,,2.8,5.6,.496,.496,2.0,2.9,.695,1.7,3.6,5.3,1.0,0.4,1.1,1.7,3.0,7.6)
(1981,198,Paul Mokeski,C,24,DET,80,,22.7,2.8,5.7,.489,0.0,0.0,.000,2.8,5.7,.490,.489,1.5,2.5,.600,1.8,3.5,5.2,1.7,0.5,0.9,2.0,3.3,7.1)
(1981,201,Lowes Moore,PG,23,NJN,71,,19.8,3.0,6.7,.444,0.1,0.4,.148,2.9,6.4,.461,.448,1.0,1.3,.750,0.6,1.8,2.4,3.2,0.9,0.2,1.5,2.5,7.0)
(1981,205,Kenny Natt,SG,22,IND,19,,7.8,1.3,4.1,.325,0.1,0.4,.250,1.2,3.6,.333,.338,0.4,0.6,.636,0.5,0.3,0.8,0.5,0.3,0.1,0.5,0.9,3.1)
(1981,209,Norm Nixon,PG,25,LAL,79,,37.5,7.3,15.3,.476,0.0,0.2,.167,7.3,15.2,.479,.477,2.5,3.2,.778,0.8,2.1,2.9,8.8,1.8,0.1,3.6,2.9,17.1)
(1981,213,Louis Orr,SF,22,IND,82,,21.8,4.2,8.6,.491,0.0,0.1,.000,4.2,8.6,.495,.491,2.0,2.5,.807,2.1,2.3,4.4,1.6,0.7,0.3,1.5,1.9,10.5)
(1981,217,Myles Patrick,SF,26,LAL,3,,3.0,0.7,1.7,.400,0.0,0.0,,0.7,1.7,.400,.400,0.3,0.7,.500,0.3,0.3,0.7,0.3,0.0,0.0,0.3,1.0,1.7)
(1981,Rk,Player,Pos,Age,Tm,G,GS,MP,FG,FGA,FG%,3P,3PA,3P%,2P,2PA,2P%,eFG%,FT,FTA,FT%,ORB,DRB,TRB,AST,STL,BLK,TOV,PF,PTS)
(1981,224,Kevin Porter,PG,30,WSB,81,,31.8,5.5,10.6,.519,0.0,0.1,.250,5.5,10.5,.523,.521,2.4,3.0,.773,0.4,1.1,1.5,9.1,1.4,0.1,3.1,3.2,13.4)
(1981,228,Clifford Ray,C,32,GSW,66,,12.7,1.0,2.3,.421,0.0,0.0,,1.0,2.3,.421,.421,0.4,0.9,.468,1.1,2.2,3.3,0.8,0.4,0.2,1.1,2.9,2.4)
(1981,232,Kevin Restani,SF,29,SAS,64,,15.6,3.0,5.8,.520,0.0,0.1,.375,3.0,5.6,.524,.524,1.0,1.4,.705,1.1,1.6,2.7,1.3,0.3,0.2,1.1,1.6,7.0)
(1981,236,Rick Robey,C,25,BOS,82,4,19.1,3.6,6.7,.545,0.0,0.0,.000,3.6,6.7,.546,.545,1.8,3.1,.574,1.6,3.1,4.8,1.5,0.5,0.2,1.7,2.5,9.0)
(1981,240,Bill Robinzine,PF,28,TOT,78,,25.8,5.0,10.6,.475,0.0,0.1,.167,5.0,10.5,.477,.475,2.8,3.6,.776,2.2,4.7,6.8,1.5,1.0,0.1,2.4,3.5,12.9)
(1981,243,Tree Rollins,C,25,ATL,40,,26.1,2.9,5.3,.552,0.0,0.0,.000,2.9,5.2,.555,.552,1.2,1.4,.807,2.6,4.6,7.2,0.9,0.7,2.9,1.4,3.8,7.0)
(1981,247,Frankie Sanders,SF,24,KCK,23,,8.1,1.5,3.3,.442,0.0,0.0,,1.5,3.3,.442,.442,0.9,1.0,.909,0.3,0.7,0.9,0.7,0.7,0.0,0.9,0.9,3.8)
(1981,251,Lonnie Shelton,PF,25,SEA,14,,31.4,5.2,12.4,.420,0.0,0.0,,5.2,12.4,.420,.420,2.6,3.9,.655,2.2,3.4,5.6,2.5,1.6,0.2,2.9,3.4,13.0)
(1981,255,Jack Sikma,C,25,SEA,82,,35.6,7.3,16.0,.454,0.0,0.1,.000,7.3,15.9,.456,.454,4.1,5.0,.823,2.2,8.1,10.4,3.0,1.0,1.1,2.5,3.4,18.7)
(1981,259,Randy Smith,SG,32,CLE,82,,26.8,5.9,12.7,.466,0.0,0.3,.036,5.9,12.4,.478,.466,2.7,3.3,.815,0.6,1.8,2.4,4.4,1.4,0.2,2.4,1.6,14.6)
(1981,262,Jim Spanarkel,SF,23,DAL,82,,28.3,4.9,10.6,.467,0.0,0.1,.100,4.9,10.4,.471,.467,4.6,5.2,.887,1.7,1.9,3.6,2.8,1.4,0.2,2.1,2.8,14.4)
(1981,266,Carlos Terry,SG,24,WSB,26,,19.4,3.1,6.2,.500,0.0,0.2,.000,3.1,5.9,.519,.500,1.1,1.6,.667,1.7,2.8,4.5,2.7,1.0,0.5,2.2,2.6,7.2)
(1981,270,Rudy Tomjanovich,PF,32,HOU,52,,24.3,5.1,10.8,.467,0.2,1.0,.235,4.8,9.8,.490,.478,1.3,1.6,.793,1.5,2.5,4.0,1.6,0.4,0.1,1.1,2.3,11.6)
(1981,274,Ronnie Valentine,SF,23,DEN,24,,5.1,1.5,4.1,.378,0.0,0.1,.500,1.5,4.0,.375,.383,0.4,0.8,.474,0.4,0.8,1.3,0.3,0.3,0.2,0.7,1.0,3.5)
(1981,278,Foots Walker,PG,29,NJN,41,,28.6,1.8,4.1,.426,0.0,0.2,.222,1.7,3.9,.438,.432,2.1,2.7,.793,0.5,2.0,2.5,6.2,1.3,0.0,2.1,2.6,5.7)
(1981,281,Kermit Washington,PF,29,POR,73,,29.0,4.5,7.8,.569,0.0,0.0,.000,4.5,7.8,.570,.569,2.5,3.9,.628,3.2,6.2,9.4,2.0,1.2,1.2,2.0,3.5,11.4)
(1981,285,Paul Westphal,SG,30,SEA,36,,29.9,6.1,13.9,.442,0.2,0.7,.240,6.0,13.2,.453,.448,4.3,5.1,.832,0.3,1.6,1.9,4.1,1.3,0.4,2.2,1.9,16.7)
(1981,289,Hawkeye Whitney,SG,23,KCK,47,,16.6,3.2,6.5,.487,0.0,0.1,.333,3.1,6.4,.490,.490,1.1,1.4,.769,0.6,1.6,2.3,1.4,1.0,0.1,1.0,2.1,7.4)
(1981,293,Jamaal Wilkes*,SF,27,LAL,81,,37.4,9.7,18.5,.526,0.0,0.2,.077,9.7,18.3,.530,.526,3.1,4.1,.758,1.8,3.6,5.4,2.9,1.5,0.4,2.6,2.8,22.6)
(1981,297,Ray Williams,PG,26,NYK,79,,34.7,7.8,16.9,.461,0.2,0.9,.235,7.6,16.0,.474,.467,3.9,4.8,.817,1.5,2.5,4.1,5.5,2.3,0.5,3.0,3.4,19.7)
(1981,Rk,Player,Pos,Age,Tm,G,GS,MP,FG,FGA,FG%,3P,3PA,3P%,2P,2PA,2P%,eFG%,FT,FTA,FT%,ORB,DRB,TRB,AST,STL,BLK,TOV,PF,PTS)
(1981,304,Larry Wright,PG,26,DET,45,,22.2,3.1,6.7,.462,0.0,0.2,.286,3.1,6.6,.466,.465,1.2,1.5,.803,0.6,1.4,2.0,3.4,0.9,0.2,1.6,2.5,7.4)
