(1981,Rk,Player,Pos,Age,Tm,G,GS,MP,FG,FGA,FG%,3P,3PA,3P%,2P,2PA,2P%,eFG%,FT,FTA,FT%,ORB,DRB,TRB,AST,STL,BLK,TOV,PF,PTS)
(1981,4,Darrell Allums,PF,22,DAL,22,,12.5,1.0,3.0,.343,0.0,0.0,.000,1.0,3.0,.348,.343,0.6,1.0,.591,0.9,2.1,3.0,1.1,0.2,0.4,1.0,2.3,2.7)
(1981,8,Greg Ballard,SF,26,WSB,82,,31.8,6.7,14.5,.463,0.1,0.4,.219,6.6,14.1,.470,.466,2.0,2.4,.847,2.0,5.0,7.1,2.4,1.4,0.5,1.4,2.4,15.5)
(1981,12,Kent Benson,C,26,DET,59,,33.2,6.2,13.1,.473,0.0,0.1,.000,6.2,13.0,.475,.473,3.3,4.3,.772,2.1,4.7,6.8,2.9,1.2,1.1,3.2,3.1,15.7)
(1981,16,Norman Black,SG,23,DET,3,,9.3,1.0,3.3,.300,0.0,0.0,,1.0,3.3,.300,.300,0.7,2.7,.250,0.0,0.7,0.7,0.7,0.3,0.0,0.3,0.7,2.7)
(1981,20,Mike Bratz,PG,25,CLE,80,,32.4,4.0,10.2,.390,0.7,2.1,.337,3.3,8.1,.404,.425,1.3,1.7,.811,0.8,1.7,2.5,5.7,1.7,0.2,2.0,2.4,10.0)
(1981,23,Junior Bridgeman,SF,27,MIL,77,,28.8,7.0,14.3,.487,0.0,0.3,.143,6.9,14.0,.494,.489,2.8,3.1,.884,1.0,2.7,3.8,3.0,1.1,0.4,1.9,2.4,16.8)
(1981,27,Fred Brown,SG,32,SEA,78,,25.5,6.5,13.3,.488,0.3,0.8,.359,6.2,12.4,.496,.499,2.2,2.7,.832,0.7,1.6,2.2,3.0,1.1,0.2,1.7,1.8,15.5)
(1981,31,Quinn Buckner,PG,26,MIL,82,,29.1,5.7,11.7,.493,0.0,0.1,.167,5.7,11.6,.495,.493,1.8,2.5,.734,1.1,2.6,3.6,4.7,2.4,0.0,2.9,3.3,13.3)
(1981,35,Mack Calvin,PG,33,CLE,21,,6.1,0.6,1.9,.333,0.0,0.2,.200,0.6,1.6,.353,.346,1.2,1.7,.714,0.1,0.5,0.6,1.3,0.2,0.0,0.8,0.6,2.5)
(1981,39,Joe Barry Carroll,C,22,GSW,82,,35.6,7.5,15.3,.491,0.0,0.0,.000,7.5,15.3,.492,.491,3.8,5.4,.716,3.3,5.9,9.3,1.4,0.6,1.5,3.0,3.8,18.9)
(1981,42,Bill Cartwright,C,23,NYK,82,,35.7,7.5,13.6,.554,0.0,0.0,.000,7.5,13.6,.554,.554,5.0,6.3,.788,2.0,5.5,7.5,1.4,0.6,1.0,2.4,3.2,20.1)
(1981,46,Jim Chones,PF,31,LAL,82,,31.2,4.6,9.2,.503,0.0,0.0,.000,4.6,9.1,.506,.503,1.5,2.4,.653,2.2,5.8,8.0,1.9,0.5,1.2,1.9,4.0,10.8)
(1981,50,Darwin Cook,SG,22,NJN,81,,24.4,4.7,10.1,.468,0.1,0.3,.240,4.7,9.8,.475,.471,1.6,2.2,.733,1.2,1.7,2.9,3.7,1.7,0.4,2.2,2.4,11.2)
(1981,54,Dave Corzine,C,24,SAS,82,,23.9,4.5,9.1,.490,0.0,0.0,.000,4.5,9.1,.492,.490,1.5,2.1,.714,2.8,5.0,7.8,1.4,0.5,1.2,1.6,2.6,10.5)
(1981,58,Earl Cureton,C,23,PHI,52,,10.2,1.8,3.9,.454,0.0,0.0,.000,1.8,3.9,.456,.454,0.6,1.2,.516,1.0,2.0,3.0,0.5,0.4,0.4,0.6,1.3,4.2)
(1981,61,Brad Davis,PG,25,DAL,56,,30.1,4.1,7.3,.561,0.1,0.3,.176,4.1,7.0,.578,.565,2.9,3.6,.799,0.5,2.2,2.7,6.9,0.9,0.2,2.2,2.8,11.2)
(1981,65,Walter Davis,SG,26,PHO,78,,28.0,7.6,14.1,.539,0.1,0.2,.412,7.5,13.9,.541,.542,2.7,3.2,.836,0.8,1.8,2.6,3.9,1.2,0.2,2.8,2.5,18.0)
(1981,69,James Donaldson,C,23,SEA,68,,14.4,1.9,3.5,.542,0.0,0.0,,1.9,3.5,.542,.542,1.5,2.5,.594,1.6,3.0,4.5,0.6,0.1,1.1,1.0,1.2,5.3)
(1981,73,Larry Drew,PG,22,DET,76,,20.8,2.6,6.4,.407,0.1,0.2,.235,2.5,6.1,.413,.411,1.4,1.8,.797,0.3,1.3,1.6,3.3,1.2,0.1,2.2,1.6,6.6)
(1981,77,T.R. Dunn,SG,25,DEN,82,,17.4,1.8,4.3,.412,0.0,0.0,.000,1.8,4.3,.415,.412,1.0,1.5,.653,1.6,2.0,3.7,1.0,0.8,0.4,0.7,1.7,4.5)
(1981,Rk,Player,Pos,Age,Tm,G,GS,MP,FG,FGA,FG%,3P,3PA,3P%,2P,2PA,2P%,eFG%,FT,FTA,FT%,ORB,DRB,TRB,AST,STL,BLK,TOV,PF,PTS)
(1981,84,Mike Evans,PG,25,MIL,71,,12.8,1.9,4.1,.460,0.0,0.2,.143,1.9,3.9,.477,.464,0.7,0.9,.781,0.3,0.9,1.2,2.4,0.5,0.1,1.0,1.6,4.5)
(1981,88,Phil Ford,PG,24,KCK,66,,34.7,6.4,13.4,.478,0.2,0.5,.306,6.3,12.9,.485,.484,4.5,5.4,.831,0.4,1.5,1.9,8.8,1.5,0.1,3.7,2.9,17.5)
(1981,92,Calvin Garrett,SF,24,HOU,70,,23.4,2.7,5.9,.453,0.0,0.0,.333,2.7,5.9,.454,.454,0.7,0.9,.806,1.2,2.6,3.8,1.9,0.7,0.1,1.3,2.4,6.1)
(1981,96,Mike Glenn,PG,25,NYK,82,,18.4,3.5,6.2,.558,0.0,0.1,.364,3.4,6.1,.562,.562,1.2,1.3,.891,0.3,0.7,1.1,1.3,0.9,0.1,0.8,1.5,8.2)
(1981,100,Dave Greenwood,PF,23,CHI,82,,33.0,5.9,12.1,.486,0.0,0.0,.000,5.9,12.0,.487,.486,2.6,3.5,.748,3.0,5.9,8.8,2.7,0.9,1.5,2.3,3.4,14.4)
(1981,103,Darrell Griffith,SG,22,UTA,81,,35.4,8.8,19.1,.464,0.1,0.6,.192,8.7,18.4,.473,.467,2.8,4.0,.716,1.0,2.6,3.6,2.4,1.3,0.5,2.9,2.7,20.6)
(1981,107,Bill Hanzlik,SF,23,SEA,74,,17.0,1.9,3.9,.478,0.0,0.1,.200,1.9,3.8,.482,.479,1.6,2.0,.793,0.9,1.2,2.1,1.5,0.8,0.3,1.1,2.3,5.4)
(1981,111,Joe Hassett,SG,25,TOT,41,,17.4,3.5,8.3,.421,1.3,3.8,.340,2.2,4.5,.489,.499,0.4,0.5,.810,0.6,1.1,1.7,1.8,0.3,0.0,0.5,1.6,8.7)
(1981,115,Gerald Henderson,PG,25,BOS,82,10,19.6,3.2,7.1,.451,0.0,0.2,.063,3.2,6.9,.462,.452,1.4,1.9,.720,0.5,1.1,1.6,2.6,1.0,0.1,2.0,2.2,7.8)
(1981,119,Johnny High,PG,23,PHO,81,,21.6,3.0,7.1,.427,0.0,0.3,.083,3.0,6.8,.442,.429,2.3,3.3,.693,1.1,1.7,2.8,2.5,1.6,0.3,2.3,3.1,8.4)
(1981,122,Lionel Hollins,PG,27,PHI,82,,26.3,4.0,8.5,.470,0.0,0.2,.133,4.0,8.3,.477,.471,1.5,2.1,.731,0.6,1.8,2.3,4.3,1.3,0.2,2.5,2.5,9.5)
(1981,126,Geoff Huston,PG,23,TOT,81,,30.0,5.7,11.6,.489,0.0,0.1,.200,5.7,11.6,.491,.490,1.9,2.6,.708,0.6,1.1,1.7,4.9,0.7,0.1,2.2,1.8,13.2)
(1981,130,Clemon Johnson,C,24,IND,81,,20.3,2.9,5.8,.504,0.0,0.0,.000,2.9,5.7,.505,.504,1.4,2.3,.593,2.1,3.6,5.8,1.8,0.5,1.5,1.5,2.3,7.2)
(1981,134,George Johnson,PF,24,IND,43,,21.6,4.2,9.2,.462,0.0,0.1,.000,4.2,9.0,.468,.462,2.2,2.8,.762,2.3,4.2,6.5,2.0,1.1,0.5,2.0,2.8,10.6)
(1981,138,Marques Johnson,SF,24,MIL,76,,33.4,8.4,15.2,.552,0.0,0.1,.000,8.4,15.1,.556,.552,3.5,5.0,.706,3.0,3.9,6.8,4.6,1.5,0.5,2.5,2.6,20.3)
(1981,141,Reggie Johnson,PF,23,SAS,79,,21.7,4.3,8.6,.499,0.0,0.0,.000,4.3,8.6,.499,.499,1.6,2.4,.663,1.7,2.9,4.5,1.0,0.6,0.6,1.6,3.6,10.2)
(1981,145,Dwight Jones,PF,28,CHI,81,,19.4,3.0,6.3,.483,0.0,0.0,,3.0,6.3,.483,.483,1.5,2.0,.776,1.6,3.4,5.0,1.2,0.5,0.4,1.6,2.5,7.6)
(1981,149,Walter Jordan,SF,24,CLE,30,,6.9,1.0,2.5,.387,0.0,0.0,,1.0,2.5,.387,.387,0.3,0.6,.588,0.8,0.6,1.4,0.4,0.4,0.2,0.6,1.2,2.3)
(1981,153,Greg Kelser,SF,23,DET,25,,26.2,4.8,11.4,.421,0.0,0.1,.000,4.8,11.3,.424,.421,2.7,4.2,.642,2.1,2.7,4.8,1.8,1.4,1.2,3.1,3.6,12.3)
(1981,157,Reggie King,PF,23,KCK,81,,33.9,5.8,10.7,.544,0.0,0.0,,5.8,10.7,.544,.544,3.3,4.8,.684,2.9,6.8,9.7,1.5,1.3,0.5,2.0,2.8,14.9)
(1981,Rk,Player,Pos,Age,Tm,G,GS,MP,FG,FGA,FG%,3P,3PA,3P%,2P,2PA,2P%,eFG%,FT,FTA,FT%,ORB,DRB,TRB,AST,STL,BLK,TOV,PF,PTS)
(1981,164,Tom LaGarde,C,25,DAL,82,,32.6,5.1,10.8,.470,0.0,0.0,,5.1,10.8,.470,.470,3.5,5.4,.649,2.2,6.0,8.1,2.9,0.4,0.5,2.5,3.6,13.7)
(1981,168,Bob Lanier*,C,32,MIL,67,,26.2,5.6,10.7,.525,0.0,0.0,1.000,5.6,10.7,.524,.526,3.1,4.1,.751,1.9,4.3,6.2,2.7,1.1,1.2,2.1,2.7,14.3)
(1981,172,Ronnie Lester,PG,22,CHI,8,,10.4,1.3,3.0,.417,0.0,0.0,,1.3,3.0,.417,.417,1.3,1.4,.909,0.4,0.4,0.8,0.9,0.3,0.0,1.1,0.6,3.8)
(1981,176,Maurice Lucas,PF,28,NJN,68,,31.8,5.9,12.3,.484,0.0,0.0,.000,5.9,12.3,.485,.484,2.8,3.7,.752,2.3,6.2,8.5,2.5,0.8,0.9,2.6,3.8,14.7)
(1981,180,Moses Malone*,C,25,HOU,80,,40.6,10.1,19.3,.522,0.0,0.0,.333,10.1,19.3,.522,.522,7.6,10.1,.757,5.9,8.8,14.8,1.8,1.0,1.9,3.9,2.8,27.8)
(1981,183,Scott May,SF,26,CHI,63,,12.9,2.6,5.4,.488,0.0,0.0,,2.6,5.4,.488,.488,1.8,2.4,.758,1.0,1.5,2.5,1.0,0.6,0.1,1.1,1.3,7.0)
(1981,187,Keith McCord,SG,23,WSB,2,,4.5,1.0,2.0,.500,0.0,0.0,,1.0,2.0,.500,.500,0.0,0.0,,0.5,0.5,1.0,0.5,0.0,0.0,1.0,0.0,2.0)
(1981,191,Billy McKinney,PG,25,TOT,84,,25.8,3.9,7.7,.507,0.0,0.1,.167,3.9,7.5,.513,.509,1.9,2.2,.862,0.4,1.8,2.2,4.3,1.2,0.1,1.9,2.8,9.7)
(1981,195,Dick Miller,SF,22,TOT,8,,6.6,0.5,1.1,.444,0.0,0.1,.000,0.5,1.0,.500,.444,0.0,0.0,,0.3,0.6,0.9,0.6,0.5,0.0,1.0,0.6,1.0)
(1981,199,Sidney Moncrief,SG,23,MIL,80,,30.2,5.0,9.2,.541,0.0,0.1,.222,5.0,9.1,.545,.543,4.0,5.0,.804,2.3,2.8,5.1,3.3,1.1,0.5,1.8,2.0,14.0)
(1981,202,Calvin Murphy*,PG,32,HOU,76,,26.5,6.9,14.1,.492,0.1,0.2,.235,6.9,13.9,.496,.493,2.7,2.8,.958,0.4,0.7,1.1,2.9,1.5,0.1,1.7,2.8,16.7)
(1981,206,Mike Newlin,SG,32,NJN,79,,36.8,8.0,16.1,.497,0.1,0.4,.333,7.9,15.7,.501,.501,5.2,5.9,.888,1.0,1.8,2.8,3.8,1.1,0.1,3.1,3.0,21.4)
(1981,210,Mike O'Koren,SF,22,NJN,79,,31.3,4.6,9.5,.486,0.1,0.2,.278,4.6,9.3,.491,.489,1.7,2.7,.637,2.3,3.8,6.1,3.2,1.1,0.3,1.8,3.1,11.0)
(1981,214,Tom Owens,PF,31,POR,79,,23.3,4.1,8.0,.511,0.0,0.1,.000,4.1,7.9,.514,.511,2.4,3.2,.764,2.1,3.7,5.8,1.8,0.5,0.6,1.6,3.5,10.6)
(1981,218,Billy Paultz,PF,32,HOU,81,,20.5,3.2,6.4,.507,0.0,0.0,.000,3.2,6.3,.510,.507,0.9,1.9,.490,1.4,3.5,4.8,1.3,0.3,0.9,1.1,2.2,7.4)
(1981,221,Roger Phegley,SG,24,CLE,82,,27.7,5.8,11.8,.491,0.1,0.3,.286,5.7,11.4,.497,.495,2.7,3.3,.839,1.1,1.9,3.0,2.2,0.8,0.2,2.0,3.2,14.4)
(1981,225,Tony Price,SG,24,SDC,5,,5.8,0.4,1.4,.286,0.0,0.0,,0.4,1.4,.286,.286,0.0,0.0,,0.0,0.0,0.0,0.6,0.4,0.2,0.4,0.6,0.8)
(1981,229,James Ray,PF,23,DEN,18,,8.2,0.8,2.7,.306,0.0,0.1,.000,0.8,2.7,.313,.306,0.4,0.6,.700,0.7,1.3,2.1,0.6,0.2,0.2,0.7,1.7,2.1)
(1981,233,Clint Richardson,SG,24,PHI,77,,17.1,2.9,6.0,.489,0.0,0.0,.000,2.9,6.0,.490,.489,1.1,1.4,.778,1.1,1.2,2.3,2.0,0.5,0.1,1.4,1.3,7.0)
(1981,237,Cliff Robinson,PF,20,NJN,63,,28.9,8.3,17.0,.491,0.0,0.0,1.000,8.3,17.0,.490,.491,2.8,3.9,.718,1.9,5.7,7.6,1.7,0.9,0.8,2.9,3.4,19.5)
(1981,Rk,Player,Pos,Age,Tm,G,GS,MP,FG,FGA,FG%,3P,3PA,3P%,2P,2PA,2P%,eFG%,FT,FTA,FT%,ORB,DRB,TRB,AST,STL,BLK,TOV,PF,PTS)
(1981,244,Lorenzo Romar,PG,22,GSW,53,,13.7,1.6,4.0,.412,0.0,0.1,.333,1.6,3.9,.415,.417,0.8,1.2,.683,0.2,0.9,1.1,2.6,0.5,0.1,1.0,1.2,4.1)
(1981,248,DeWayne Scales,PF,22,NYK,44,,11.0,2.1,5.1,.418,0.0,0.1,.167,2.1,5.0,.425,.420,0.6,0.9,.667,1.1,1.9,3.0,0.2,0.3,0.1,0.7,1.2,4.9)
(1981,252,Purvis Short,SF,23,GSW,79,,29.2,6.9,14.6,.475,0.0,0.2,.176,6.9,14.4,.479,.476,2.1,2.6,.820,1.9,3.0,4.9,3.2,1.0,0.2,1.8,3.1,16.1)
(1981,256,James Silas,PG,31,SAS,75,,27.4,6.3,13.3,.477,0.0,0.0,.000,6.3,13.3,.478,.477,5.0,5.9,.850,0.6,2.5,3.1,3.8,0.7,0.2,2.1,1.7,17.7)
(1981,260,Robert Smith,PG,25,CLE,1,,20.0,2.0,5.0,.400,0.0,0.0,,2.0,5.0,.400,.400,4.0,4.0,1.000,1.0,2.0,3.0,3.0,0.0,0.0,3.0,6.0,8.0)
(1981,263,Rory Sparrow,PG,22,NJN,15,,14.1,1.5,4.2,.349,0.0,0.0,,1.5,4.2,.349,.349,0.8,1.1,.750,0.5,0.7,1.2,2.1,0.9,0.2,1.2,1.0,3.7)
(1981,267,Reggie Theus,SG,23,CHI,82,,34.4,6.6,13.4,.495,0.2,1.1,.200,6.4,12.3,.521,.503,5.4,6.7,.809,1.5,2.0,3.5,5.2,1.5,0.2,3.2,3.1,18.9)
(1981,271,Andrew Toney,SG,23,PHI,75,,23.6,5.3,10.7,.495,0.1,0.4,.310,5.2,10.4,.502,.501,2.1,3.0,.712,0.4,1.5,1.9,3.6,0.8,0.1,2.9,3.1,12.9)
(1981,275,Jan Van Breda Kolff,SF,29,NJN,78,,18.3,1.3,3.1,.408,0.0,0.1,.250,1.3,3.0,.414,.412,1.3,1.5,.838,0.6,2.0,2.6,1.7,0.5,0.6,1.4,2.7,3.8)
(1981,279,Wally Walker,SF,26,SEA,82,,21.9,3.5,7.6,.463,0.0,0.0,.000,3.5,7.6,.465,.463,1.3,2.1,.645,1.3,2.6,3.8,1.5,0.6,0.2,1.4,2.0,8.4)
(1981,282,Richard Washington,PF,25,TOT,80,,22.7,4.3,9.3,.455,0.0,0.0,.500,4.2,9.3,.455,.456,1.5,2.0,.748,2.0,3.7,5.7,1.6,0.6,0.8,1.6,3.5,10.0)
(1981,286,Jo Jo White*,PG,34,KCK,13,,18.2,2.8,6.3,.439,0.0,0.0,,2.8,6.3,.439,.439,0.8,1.4,.611,0.2,1.4,1.6,2.8,0.8,0.1,1.4,1.6,6.4)
(1981,290,Sidney Wicks,PF,31,SDC,49,,22.1,2.6,5.8,.437,0.0,0.0,.000,2.6,5.8,.439,.437,1.6,3.1,.507,1.6,2.9,4.6,2.3,0.8,0.8,1.9,3.4,6.7)
(1981,294,James Wilkes,SF,22,CHI,48,,11.3,1.8,3.8,.462,0.0,0.0,.000,1.8,3.8,.464,.462,0.6,0.9,.690,0.8,1.3,2.0,0.6,0.5,0.3,0.7,1.8,4.1)
(1981,298,Sly Williams,PF,23,NYK,67,,29.5,5.2,10.6,.493,0.0,0.1,.250,5.2,10.4,.496,.494,2.8,4.0,.690,2.4,3.8,6.2,2.7,1.7,0.3,2.1,3.0,13.2)
(1981,301,Brian Winters,SG,28,MIL,69,,25.7,4.8,10.1,.475,0.3,0.7,.353,4.5,9.4,.485,.488,1.7,2.0,.869,0.5,1.6,2.0,3.3,1.0,0.1,2.0,2.7,11.6)
