(1981,1,Kareem Abdul-Jabbar*,C,33,LAL,80,,37.2,10.5,18.2,.574,0.0,0.0,.000,10.5,18.2,.574,.574,5.3,6.9,.766,2.5,7.8,10.3,3.4,0.7,2.9,3.1,3.1,26.2)
(1981,5,Tiny Archibald*,PG,32,BOS,80,72,35.3,4.8,9.6,.499,0.0,0.1,.000,4.8,9.5,.505,.499,4.3,5.2,.816,0.5,1.8,2.2,7.7,0.9,0.2,3.3,2.5,13.8)
(1981,9,Mike Bantom,SF,29,IND,76,,31.3,5.7,11.6,.489,0.0,0.1,.000,5.7,11.5,.492,.489,2.6,3.7,.708,2.0,3.6,5.6,3.2,1.1,1.1,2.6,3.7,14.0)
(1981,13,Henry Bibby,PG,31,SDC,73,,15.2,1.6,4.2,.386,0.4,1.3,.337,1.2,2.9,.408,.438,0.9,1.3,.684,0.3,0.7,1.0,2.7,0.6,0.0,1.0,1.2,4.6)
(1981,17,Ron Boone,SG,34,UTA,52,,22.0,3.1,7.1,.431,0.2,0.8,.282,2.9,6.4,.449,.446,1.4,1.8,.798,0.3,1.3,1.6,3.1,0.6,0.2,2.1,2.4,7.8)
(1981,Rk,Player,Pos,Age,Tm,G,GS,MP,FG,FGA,FG%,3P,3PA,3P%,2P,2PA,2P%,eFG%,FT,FTA,FT%,ORB,DRB,TRB,AST,STL,BLK,TOV,PF,PTS)
(1981,24,Allan Bristow,SF,29,UTA,82,,24.4,3.3,7.5,.444,0.1,0.2,.278,3.2,7.2,.449,.448,2.0,2.4,.838,1.3,4.0,5.2,4.7,0.8,0.0,2.1,2.3,8.7)
(1981,28,Lewis Brown,C,25,WSB,2,,2.5,0.0,1.5,.000,0.0,0.0,,0.0,1.5,.000,.000,1.0,2.5,.400,0.5,0.5,1.0,0.0,0.0,0.0,0.5,1.0,1.0)
(1981,32,Tom Burleson,C,28,ATL,31,,11.7,1.3,3.2,.414,0.0,0.0,,1.3,3.2,.414,.414,0.6,1.3,.488,1.4,1.6,3.0,0.4,0.3,0.6,0.8,2.4,3.3)
(1981,36,Austin Carr,SG,32,TOT,47,,14.0,1.9,5.0,.372,0.0,0.1,.000,1.9,4.8,.383,.372,0.7,1.1,.630,0.5,0.8,1.3,1.2,0.3,0.0,0.9,1.1,4.4)
(1981,40,Butch Carter,SF,22,LAL,54,,12.4,2.1,4.6,.462,0.1,0.2,.300,2.1,4.4,.468,.468,1.3,1.8,.737,0.6,0.6,1.2,1.0,0.4,0.0,0.9,1.8,5.6)
(1981,43,Harvey Catchings,PF,29,MIL,77,,21.2,1.7,3.9,.447,0.0,0.0,,1.7,3.9,.447,.447,0.8,1.2,.641,2.0,4.1,6.1,1.3,0.4,2.4,1.4,3.7,4.2)
(1981,47,Art Collins,SG,26,ATL,29,,13.6,1.2,3.4,.354,0.0,0.1,.000,1.2,3.3,.361,.354,0.8,1.2,.667,0.7,0.8,1.4,0.9,0.4,0.0,1.1,1.2,3.2)
(1981,51,Jeff Cook,SF,24,PHO,79,,27.7,3.6,7.8,.464,0.0,0.1,.000,3.6,7.7,.468,.464,1.3,2.0,.645,2.2,3.8,5.9,2.5,1.0,0.7,1.8,3.0,8.5)
(1981,55,Charlie Criss,PG,32,ATL,66,,25.9,3.3,7.3,.454,0.0,0.3,.048,3.3,7.0,.472,.455,2.8,3.2,.864,0.4,1.1,1.5,4.3,0.9,0.0,2.0,1.3,9.5)
(1981,59,Bob Dandridge,SF,33,WSB,23,,23.7,4.4,10.3,.426,0.0,0.0,.000,4.4,10.3,.428,.426,1.2,1.7,.718,0.8,2.8,3.6,2.6,0.7,0.4,1.4,2.3,10.0)
(1981,62,Johnny Davis,PG,25,IND,76,,33.4,5.6,12.1,.465,0.1,0.4,.121,5.6,11.6,.477,.467,3.1,3.9,.796,0.7,1.5,2.2,6.3,1.3,0.2,2.2,2.4,14.4)
(1981,66,Darryl Dawkins,C,24,PHI,76,,27.5,5.6,9.2,.607,0.0,0.0,,5.6,9.2,.607,.607,2.9,4.0,.720,1.4,5.8,7.2,1.4,0.5,1.5,2.9,4.2,14.0)
(1981,70,Jacky Dorsey,SF,26,SEA,29,,8.7,0.7,2.4,.286,0.0,0.0,,0.7,2.4,.286,.286,0.4,0.9,.520,0.8,2.2,3.0,0.3,0.3,0.0,0.5,1.6,1.8)
(1981,74,Ralph Drollinger,C,26,DAL,6,,11.2,1.2,2.3,.500,0.0,0.0,,1.2,2.3,.500,.500,0.2,0.7,.250,0.8,2.3,3.2,2.3,0.2,0.3,2.2,2.7,2.5)
(1981,78,John Duren,PG,22,UTA,40,,11.5,0.8,2.5,.327,0.0,0.0,.000,0.8,2.5,.330,.327,0.1,0.2,.556,0.2,0.7,0.9,1.4,0.5,0.1,0.9,1.4,1.8)
(1981,81,Len Elmore,C,28,MIL,72,,12.8,1.1,2.9,.358,0.0,0.0,,1.1,2.9,.358,.358,0.8,1.0,.720,0.9,1.9,2.9,1.0,0.5,0.7,0.6,2.5,2.9)
(1981,85,Eric Fernsten,C,27,BOS,45,0,6.2,0.8,1.8,.481,0.0,0.0,,0.8,1.8,.481,.481,0.4,0.7,.667,0.6,0.7,1.4,0.2,0.1,0.2,0.4,0.6,2.1)
(1981,89,World B. Free,SG,27,GSW,65,,36.5,7.9,17.8,.446,0.1,0.5,.161,7.9,17.3,.454,.448,8.1,10.0,.814,0.7,1.7,2.4,5.6,1.3,0.2,3.0,2.8,24.1)
(1981,93,Gus Gerard,SF,27,TOT,27,,9.3,1.5,4.1,.369,0.0,0.1,.000,1.5,4.0,.383,.369,1.0,1.5,.675,1.1,1.4,2.5,0.6,0.4,0.3,0.6,1.5,4.0)
(1981,97,Mike Gminski,C,21,NJN,56,,28.2,5.2,12.3,.423,0.0,0.0,.000,5.2,12.3,.424,.423,2.8,3.6,.767,2.4,5.0,7.5,1.3,1.0,1.8,2.3,2.3,13.2)
(1981,Rk,Player,Pos,Age,Tm,G,GS,MP,FG,FGA,FG%,3P,3PA,3P%,2P,2PA,2P%,eFG%,FT,FTA,FT%,ORB,DRB,TRB,AST,STL,BLK,TOV,PF,PTS)
(1981,104,Bob Gross,SF,27,POR,82,,23.6,3.1,5.8,.528,0.0,0.1,.000,3.1,5.7,.538,.528,1.6,1.9,.849,1.5,2.5,4.0,3.1,1.1,0.8,1.8,2.9,7.8)
(1981,108,Alan Hardy,SG,23,LAL,22,,5.0,1.0,2.7,.373,0.0,0.0,,1.0,2.7,.373,.373,0.3,0.5,.700,0.4,0.5,0.9,0.1,0.0,0.4,0.5,0.6,2.3)
(1981,112,Steve Hawes,C,30,ATL,74,,31.2,4.5,8.6,.523,0.0,0.1,.250,4.5,8.6,.524,.524,3.0,3.8,.799,2.2,5.4,7.6,2.3,1.0,0.4,2.2,3.9,12.0)
(1981,116,Tom Henderson,SG,29,HOU,66,,21.4,2.1,5.0,.413,0.0,0.0,.000,2.1,5.0,.416,.413,1.2,1.4,.821,0.5,1.1,1.6,4.7,0.8,0.1,1.4,1.7,5.3)
(1981,120,Armond Hill,PG,27,TOT,75,,23.2,1.6,4.5,.349,0.0,0.1,.000,1.6,4.4,.357,.349,1.9,2.3,.820,0.5,1.6,2.1,3.9,0.9,0.1,1.7,2.8,5.0)
(1981,123,Cedrick Hordges,PF,24,DEN,68,,23.5,3.3,7.1,.460,0.0,0.0,.000,3.3,7.0,.463,.460,1.9,2.7,.699,1.8,5.0,6.7,1.5,0.5,0.3,1.8,3.3,8.4)
(1981,127,Dan Issel*,C,32,DEN,80,,33.0,7.7,15.3,.503,0.0,0.2,.167,7.7,15.1,.507,.504,6.5,8.6,.759,2.9,5.6,8.5,2.0,1.0,0.7,1.6,3.1,21.9)
(1981,131,Dennis Johnson*,PG,26,PHO,79,,33.1,6.7,15.4,.436,0.1,0.6,.216,6.6,14.8,.446,.441,5.2,6.3,.820,2.0,2.6,4.6,3.7,1.7,0.8,2.6,3.1,18.8)
(1981,135,John Johnson,SF,33,SEA,80,,29.1,4.7,10.8,.431,0.0,0.0,.000,4.7,10.8,.431,.431,2.2,2.7,.808,1.7,2.8,4.5,3.9,0.7,0.3,2.9,2.5,11.5)
(1981,139,Mickey Johnson,PF,28,MIL,82,,25.8,4.6,10.3,.448,0.0,0.2,.167,4.6,10.1,.454,.450,3.2,4.0,.789,2.2,4.4,6.6,3.5,1.1,0.9,2.8,3.1,12.5)
(1981,142,Vinnie Johnson,PG,24,SEA,81,,28.5,5.2,9.7,.534,0.0,0.1,.200,5.2,9.6,.536,.534,2.6,3.3,.793,2.4,2.1,4.5,4.2,1.0,0.2,2.7,2.4,13.0)
(1981,146,Edgar Jones,PF,24,NJN,60,,15.8,3.2,6.0,.529,0.0,0.1,.000,3.2,5.9,.535,.529,2.4,3.6,.670,1.5,2.9,4.4,0.7,0.6,1.4,1.7,3.1,8.7)
(1981,150,Jeff Judkins,SF,24,UTA,62,,10.7,1.5,3.5,.426,0.1,0.5,.321,1.3,3.0,.441,.447,0.7,0.8,.882,0.5,1.0,1.5,1.0,0.3,0.0,0.5,1.4,3.8)
(1981,154,Larry Kenon,SF,28,CHI,77,,28.1,5.9,12.3,.480,0.0,0.0,,5.9,12.3,.480,.480,2.3,3.2,.735,2.3,2.8,5.2,1.6,1.0,0.2,2.1,2.1,14.1)
(1981,158,Billy Knight,SG,28,IND,82,,29.1,6.7,12.5,.533,0.0,0.2,.158,6.6,12.3,.540,.534,4.2,5.0,.832,2.3,2.7,5.0,1.9,1.0,0.1,2.2,1.9,17.5)
(1981,161,Kevin Kunnert,C,29,POR,55,,15.3,1.8,3.9,.468,0.0,0.0,,1.8,3.9,.468,.468,0.8,1.0,.778,1.8,3.4,5.2,1.2,0.3,0.6,0.9,2.6,4.4)
(1981,165,Bill Laimbeer,C,23,CLE,81,,30.4,4.2,8.3,.503,0.0,0.0,,4.2,8.3,.503,.503,1.4,1.9,.765,3.3,5.3,8.6,2.7,0.7,1.0,1.6,4.1,9.8)
(1981,169,Edmund Lawrence,C,28,DET,3,,6.3,1.7,2.7,.625,0.0,0.0,,1.7,2.7,.625,.625,0.7,1.3,.500,0.7,0.7,1.3,0.3,0.3,0.0,0.3,2.0,4.0)
(1981,173,Scott Lloyd,C,28,DAL,72,,30.4,3.4,7.6,.448,0.0,0.0,.000,3.4,7.6,.450,.448,2.0,2.8,.717,2.2,4.1,6.3,2.2,0.5,0.3,2.0,3.7,8.8)
(1981,177,Ollie Mack,SG,23,TOT,65,,25.9,4.3,9.3,.460,0.0,0.1,.000,4.3,9.2,.467,.460,1.2,1.9,.640,1.4,2.1,3.5,2.5,0.9,0.1,1.1,1.8,9.8)
(1981,Rk,Player,Pos,Age,Tm,G,GS,MP,FG,FGA,FG%,3P,3PA,3P%,2P,2PA,2P%,eFG%,FT,FTA,FT%,ORB,DRB,TRB,AST,STL,BLK,TOV,PF,PTS)
(1981,184,Bill Mayfield,SF,23,GSW,7,,7.7,1.1,2.6,.444,0.0,0.0,,1.1,2.6,.444,.444,0.1,0.3,.500,1.0,0.3,1.3,0.1,0.0,0.1,0.4,1.1,2.4)
(1981,188,Jim McElroy,PG,27,ATL,54,,12.6,1.4,3.7,.386,0.0,0.1,.125,1.4,3.6,.397,.389,0.9,1.1,.814,0.2,0.7,0.9,1.6,0.4,0.2,1.5,1.1,3.8)
(1981,192,Tom McMillen,C,28,ATL,79,,19.8,3.2,6.6,.487,0.0,0.1,.167,3.2,6.5,.491,.488,1.0,1.4,.741,1.2,2.5,3.7,0.9,0.3,0.3,1.0,2.1,7.4)
(1981,196,Mike Mitchell,SF,25,CLE,82,,39.0,10.4,21.8,.476,0.0,0.1,.444,10.4,21.7,.476,.477,3.7,4.7,.784,2.6,3.5,6.1,1.7,0.8,0.6,2.1,2.4,24.5)
(1981,200,Johnny Moore,PG,22,SAS,82,,19.2,3.0,6.3,.479,0.0,0.2,.053,3.0,6.1,.495,.480,1.3,2.1,.610,0.7,1.7,2.4,4.5,1.5,0.3,1.9,2.2,7.4)
(1981,203,Swen Nater,C,31,SDC,82,,34.3,6.3,11.4,.553,0.0,0.0,,6.3,11.4,.553,.553,3.0,3.7,.795,3.6,8.8,12.4,2.4,0.6,0.6,2.6,3.6,15.6)
(1981,207,Carl Nicks,PG,22,TOT,67,,16.6,2.6,5.4,.479,0.0,0.1,.000,2.6,5.3,.485,.479,1.1,1.9,.563,0.6,1.1,1.6,2.2,0.9,0.0,1.7,2.1,6.2)
(1981,211,Mark Olberding,SF,24,SAS,82,,29.4,4.2,8.4,.508,0.0,0.1,.143,4.2,8.3,.512,.509,3.8,4.6,.829,1.8,4.0,5.7,3.4,0.9,0.4,2.5,3.7,12.3)
(1981,215,Robert Parish*,C,27,BOS,82,78,28.0,7.7,14.2,.545,0.0,0.0,.000,7.7,14.2,.545,.545,3.4,4.8,.710,3.0,6.5,9.5,1.8,1.0,2.6,2.3,3.8,18.9)
(1981,219,Jim Paxson,SG,23,POR,79,,34.2,7.4,13.8,.536,0.0,0.4,.067,7.4,13.4,.549,.537,2.3,3.1,.734,0.9,1.7,2.7,3.8,1.8,0.1,1.7,2.2,17.1)
(1981,222,Stan Pietkiewicz,SG,24,TOT,42,,11.0,1.4,3.3,.413,0.5,1.1,.396,0.9,2.1,.422,.482,0.3,0.3,.786,0.3,0.7,1.0,1.8,0.4,0.0,0.5,0.7,3.4)
(1981,226,Wally Rank,SF,22,SDC,25,,6.1,0.8,2.3,.368,0.0,0.0,,0.8,2.3,.368,.368,0.5,1.1,.464,0.7,0.5,1.2,0.7,0.3,0.0,1.0,1.3,2.2)
(1981,230,Billy Reid,SG,23,GSW,59,,10.1,1.4,3.1,.454,0.0,0.1,.000,1.4,3.1,.467,.454,0.4,0.7,.564,0.5,0.6,1.0,1.2,0.6,0.1,1.3,1.9,3.2)
(1981,234,Micheal Ray Richardson,SG,25,NYK,79,,40.2,6.6,14.1,.469,0.3,1.3,.225,6.3,12.8,.493,.479,2.8,4.3,.663,2.2,4.7,6.9,7.9,2.9,0.4,3.8,3.3,16.4)
(1981,238,Truck Robinson,PF,29,PHO,82,,37.7,7.9,15.6,.505,0.0,0.0,,7.9,15.6,.505,.505,3.0,4.8,.629,2.6,7.0,9.6,2.5,0.8,0.5,3.0,2.7,18.8)
(1981,241,Dave Robisch,C,31,TOT,84,,25.2,3.9,8.8,.446,0.0,0.0,,3.9,8.8,.446,.446,2.4,2.9,.810,1.9,4.1,5.9,2.1,0.4,0.4,1.0,2.1,10.2)
(1981,245,Dan Roundfield,PF,27,ATL,63,,33.8,6.8,12.8,.527,0.0,0.0,.000,6.8,12.8,.528,.527,4.1,5.6,.721,3.7,6.4,10.1,2.6,1.2,1.9,2.8,4.1,17.6)
(1981,249,Alvin Scott,SF,25,PHO,82,,17.4,2.1,4.2,.497,0.0,0.1,.167,2.1,4.2,.503,.499,1.2,1.5,.764,1.2,2.0,3.3,1.4,0.7,0.9,0.9,1.5,5.4)
(1981,253,John Shumate,PF,28,TOT,24,,22.0,2.3,5.5,.427,0.0,0.0,,2.3,5.5,.427,.427,2.3,3.2,.724,1.4,2.3,3.7,1.0,0.9,0.4,1.8,2.0,7.0)
(1981,257,Larry Smith,PF,23,GSW,82,,31.4,3.7,7.2,.512,0.0,0.0,,3.7,7.2,.512,.512,2.2,3.7,.588,5.3,6.8,12.1,1.1,0.9,0.8,1.8,3.9,9.6)
(1981,Rk,Player,Pos,Age,Tm,G,GS,MP,FG,FGA,FG%,3P,3PA,3P%,2P,2PA,2P%,eFG%,FT,FTA,FT%,ORB,DRB,TRB,AST,STL,BLK,TOV,PF,PTS)
(1981,264,John Stroud,SF,23,HOU,9,,9.8,1.2,3.8,.324,0.0,0.0,,1.2,3.8,.324,.324,0.3,0.4,.750,0.8,0.7,1.4,1.0,0.1,0.0,0.4,0.8,2.8)
(1981,268,David Thompson*,SG,26,DEN,77,,34.0,9.5,18.8,.506,0.1,0.5,.256,9.4,18.3,.513,.509,6.4,8.0,.795,1.4,2.3,3.7,3.0,0.7,0.8,3.2,3.0,25.5)
(1981,272,Terry Tyler,SF,24,DET,82,,31.1,5.8,10.9,.532,0.0,0.1,.000,5.8,10.8,.537,.532,1.8,3.0,.592,2.4,4.5,6.9,1.7,1.4,2.2,2.0,2.6,13.4)
(1981,276,Kiki Vandeweghe,SF,22,DEN,51,,27.0,4.5,10.5,.426,0.0,0.1,.000,4.5,10.4,.432,.426,2.5,3.1,.818,1.7,3.6,5.3,1.8,0.6,0.5,1.7,2.3,11.5)
(1981,280,Lloyd Walton,PG,27,KCK,61,,13.5,1.5,3.6,.413,0.0,0.0,.000,1.5,3.6,.415,.413,0.4,0.5,.788,0.2,0.6,0.8,3.4,0.5,0.0,1.3,0.7,3.4)
(1981,283,Marvin Webster,C,28,NYK,82,,20.8,1.9,4.2,.466,0.0,0.0,.250,1.9,4.1,.469,.468,1.3,2.0,.638,2.0,3.7,5.7,0.9,0.3,1.2,1.3,2.3,5.2)
(1981,287,Rudy White,SG,27,TOT,16,,13.0,1.4,4.1,.354,0.0,0.1,.000,1.4,4.0,.359,.354,0.9,1.0,.938,0.1,0.6,0.7,1.3,0.6,0.1,0.8,1.4,3.8)
(1981,291,Michael Wiley,PF,23,SAS,33,,8.2,2.3,4.2,.551,0.0,0.1,.000,2.3,4.1,.559,.551,1.1,1.5,.750,0.7,1.3,1.9,0.3,0.2,0.2,0.8,1.2,5.7)
(1981,295,Jeff Wilkins,C,25,UTA,56,,18.9,2.1,4.6,.450,0.0,0.0,,2.1,4.6,.450,.450,0.5,0.7,.675,1.1,3.8,4.9,0.7,0.6,0.8,1.1,3.0,4.7)
(1981,299,John Williamson,SG,29,WSB,9,,12.4,2.0,6.2,.321,0.1,0.7,.167,1.9,5.6,.340,.330,0.6,0.7,.833,0.0,0.8,0.8,1.9,0.4,0.1,1.3,1.4,4.7)
(1981,302,Mike Woodson,SG,22,NYK,81,,11.7,2.0,4.6,.442,0.0,0.1,.200,2.0,4.5,.446,.444,0.6,0.8,.766,0.4,0.8,1.2,0.9,0.4,0.1,0.7,1.2,4.7)
