(1981,2,Tom Abernethy,SF,26,TOT,39,,7.6,0.6,1.5,.424,0.0,0.0,.000,0.6,1.5,.431,.424,0.3,0.6,.591,0.5,0.7,1.2,0.5,0.2,0.1,0.2,0.9,1.6)
(1981,6,Dennis Awtrey,C,32,SEA,47,,12.9,0.9,2.0,.473,0.0,0.0,,0.9,2.0,.473,.473,0.3,0.4,.700,0.7,1.6,2.3,1.1,0.3,0.2,0.7,1.8,2.2)
(1981,10,Billy Ray Bates,SG,24,POR,77,,20.3,5.7,11.7,.487,0.2,0.7,.259,5.5,11.0,.501,.494,2.2,2.6,.854,0.9,1.1,2.0,2.5,1.1,0.1,1.9,1.6,13.8)
(1981,14,Larry Bird*,PF,24,BOS,82,82,39.5,8.8,18.3,.478,0.2,0.9,.270,8.5,17.4,.489,.485,3.5,4.0,.863,2.3,8.6,10.9,5.5,2.0,0.8,3.5,2.9,21.2)
(1981,18,Winford Boynes,SG,23,DAL,44,,17.2,2.8,7.1,.387,0.0,0.0,,2.8,7.1,.387,.387,1.0,1.3,.818,0.5,1.2,1.7,0.8,0.5,0.4,1.6,1.8,6.5)
(1981,21,Jim Brewer,PF,29,LAL,78,,14.2,1.3,2.5,.513,0.0,0.0,.000,1.3,2.5,.518,.513,0.2,0.5,.375,1.6,2.0,3.6,0.7,0.6,0.7,0.6,2.0,2.8)
(1981,25,Dave Britton,PG,22,WSB,2,,4.5,1.0,1.5,.667,0.0,0.0,,1.0,1.5,.667,.667,0.0,0.0,,0.0,1.0,1.0,1.5,0.5,0.0,1.0,1.0,2.0)
(1981,29,Rickey Brown,C,22,GSW,45,,12.9,1.8,3.6,.512,0.0,0.0,,1.8,3.6,.512,.512,0.4,0.5,.762,1.2,2.5,3.7,0.5,0.2,0.3,0.7,2.3,4.0)
(1981,33,Don Buse,SG,30,IND,58,,18.9,2.0,4.9,.397,0.3,1.0,.328,1.6,3.9,.415,.430,0.9,1.1,.769,0.3,1.1,1.4,2.4,1.3,0.1,0.7,1.1,5.1)
(1981,37,Kenny Carr,PF,25,CLE,81,,32.3,5.8,11.3,.511,0.0,0.0,.000,5.8,11.3,.513,.511,3.6,5.0,.714,3.2,7.1,10.3,2.4,0.9,0.5,2.9,3.7,15.2)
(1981,Rk,Player,Pos,Age,Tm,G,GS,MP,FG,FGA,FG%,3P,3PA,3P%,2P,2PA,2P%,eFG%,FT,FTA,FT%,ORB,DRB,TRB,AST,STL,BLK,TOV,PF,PTS)
(1981,44,Maurice Cheeks,PG,24,PHI,81,,29.8,3.8,7.2,.534,0.0,0.1,.375,3.8,7.1,.536,.536,1.7,2.2,.787,0.8,2.2,3.0,6.9,2.4,0.5,2.1,2.9,9.4)
(1981,48,Don Collins,SF,22,TOT,81,,22.8,4.4,10.0,.444,0.0,0.1,.000,4.4,9.9,.447,.444,2.6,3.4,.776,1.6,1.7,3.3,2.3,1.3,0.3,2.1,3.2,11.5)
(1981,52,Michael Cooper,SG,24,LAL,81,,32.4,4.0,8.1,.491,0.0,0.2,.211,3.9,7.8,.499,.494,1.4,1.8,.785,1.5,2.7,4.1,4.1,1.6,1.0,2.0,3.1,9.4)
(1981,56,Geoff Crompton,C,25,POR,6,,5.5,0.7,1.3,.500,0.0,0.0,,0.7,1.3,.500,.500,0.2,0.8,.200,1.2,1.8,3.0,0.3,0.0,0.3,0.8,0.7,1.5)
(1981,60,Adrian Dantley*,SF,24,UTA,80,,42.7,11.4,20.3,.559,0.0,0.1,.286,11.3,20.3,.560,.559,7.9,9.8,.806,2.4,4.0,6.4,4.0,1.4,0.2,3.5,3.1,30.7)
(1981,63,Monti Davis,PF,22,TOT,2,,5.0,0.5,2.5,.200,0.0,0.0,,0.5,2.5,.200,.200,0.5,2.5,.200,1.0,1.0,2.0,0.0,0.0,0.5,0.0,0.0,1.5)
(1981,67,Larry Demic,PF,23,NYK,76,,12.7,1.7,3.3,.504,0.0,0.0,.000,1.7,3.3,.508,.504,0.8,1.2,.630,1.5,1.7,3.2,0.4,0.2,0.2,0.8,2.0,4.1)
(1981,71,Leon Douglas,C,26,KCK,79,,17.2,2.3,4.1,.573,0.0,0.0,.000,2.3,4.1,.578,.573,1.3,2.4,.548,1.9,3.0,4.9,0.9,0.3,0.5,1.1,3.2,6.0)
(1981,75,Terry Duerod,SG-SF,24,TOT,50,0,9.0,2.1,4.7,.444,0.2,0.3,.500,1.9,4.4,.440,.462,0.6,0.8,.756,0.3,0.5,0.9,0.7,0.3,0.1,0.7,0.5,4.9)
(1981,79,James Edwards,C,25,IND,81,,29.3,6.3,12.4,.509,0.0,0.0,.000,6.3,12.4,.510,.509,3.0,4.3,.703,2.4,4.7,7.0,2.6,0.4,1.6,2.0,3.8,15.6)
(1981,82,Alex English*,SF,27,DEN,81,,38.2,9.5,19.2,.494,0.0,0.1,.600,9.4,19.1,.494,.495,4.8,5.7,.850,3.4,4.6,8.0,3.6,1.3,1.2,3.0,3.1,23.8)
(1981,86,Chris Ford,SG,32,BOS,82,75,33.2,3.8,8.6,.444,0.4,1.3,.330,3.4,7.3,.465,.470,0.8,1.1,.736,0.9,1.1,2.0,3.6,1.2,0.3,1.5,2.6,8.9)
(1981,90,Tony Fuller,SG,22,DET,15,,16.5,1.6,4.4,.364,0.0,0.1,.000,1.6,4.3,.369,.364,0.8,1.1,.750,0.9,1.9,2.8,1.9,0.7,0.1,1.5,1.7,4.0)
(1981,94,George Gervin*,SG,28,SAS,82,,33.7,10.4,21.1,.492,0.1,0.4,.257,10.3,20.7,.496,.494,6.2,7.6,.826,1.5,3.6,5.1,3.2,1.1,0.7,3.1,2.6,27.1)
(1981,98,Glen Gondrezick,PF,25,DEN,73,,14.8,2.1,4.5,.471,0.0,0.0,.000,2.1,4.5,.474,.471,1.5,1.9,.818,1.9,2.3,4.2,1.1,1.2,0.3,0.9,2.5,5.8)
(1981,101,Kevin Grevey,SG,27,WSB,75,,34.9,6.7,14.7,.453,0.6,1.8,.331,6.1,12.9,.471,.474,3.3,3.9,.841,0.9,2.0,2.9,4.0,0.9,0.2,1.9,2.1,17.2)
(1981,105,Ernie Grunfeld,SF,25,KCK,79,,20.1,3.3,6.2,.535,0.0,0.0,,3.3,6.2,.535,.535,0.9,1.3,.743,0.4,2.2,2.6,2.6,0.8,0.2,1.1,2.0,7.5)
(1981,109,James Hardy,PF,24,UTA,23,,22.1,2.3,4.8,.468,0.0,0.0,,2.3,4.8,.468,.468,0.5,0.9,.550,1.7,4.1,5.8,1.6,0.9,0.9,1.0,2.5,5.0)
(1981,113,Elvin Hayes*,PF,35,WSB,81,,36.2,7.2,16.0,.451,0.0,0.1,.000,7.2,15.9,.454,.451,3.3,5.4,.617,2.9,6.8,9.7,1.2,0.8,2.1,2.3,3.7,17.8)
(1981,117,Keith Herron,SG,24,DET,80,,28.4,5.4,11.9,.453,0.0,0.1,.182,5.4,11.8,.456,.454,2.9,3.3,.854,1.2,1.4,2.6,1.9,1.1,0.3,1.9,1.9,13.7)
(1981,Rk,Player,Pos,Age,Tm,G,GS,MP,FG,FGA,FG%,3P,3PA,3P%,2P,2PA,2P%,eFG%,FT,FTA,FT%,ORB,DRB,TRB,AST,STL,BLK,TOV,PF,PTS)
(1981,124,Phil Hubbard,PF,24,DET,80,,28.6,5.4,11.0,.492,0.0,0.0,.333,5.4,11.0,.493,.493,3.7,5.3,.690,3.0,4.4,7.3,1.9,1.0,0.3,2.9,4.0,14.5)
(1981,128,Tony Jackson,PG,23,LAL,2,,7.0,0.5,1.5,.333,0.0,0.0,,0.5,1.5,.333,.333,0.0,0.0,,0.0,1.0,1.0,1.0,1.0,0.0,0.0,0.5,1.0)
(1981,132,Eddie Johnson,SG,25,ATL,75,,35.9,7.6,15.1,.504,0.1,0.3,.300,7.6,14.9,.508,.507,3.7,4.7,.784,0.8,1.6,2.4,5.4,1.7,0.1,2.6,2.5,19.1)
(1981,136,Lee Johnson,PF,23,TOT,12,,7.5,0.6,2.1,.280,0.0,0.0,,0.6,2.1,.280,.280,0.3,0.4,.600,0.5,1.3,1.8,0.1,0.0,0.4,0.6,1.5,1.4)
(1981,140,Ollie Johnson,SF,31,PHI,40,,9.3,2.2,4.0,.551,0.0,0.2,.167,2.2,3.8,.566,.554,0.7,0.8,.871,0.2,1.2,1.4,0.8,0.5,0.1,0.6,1.1,5.1)
(1981,143,Bobby Jones,PF,29,PHI,81,,25.3,5.0,9.3,.539,0.0,0.0,.000,5.0,9.3,.541,.539,3.5,4.3,.813,1.8,3.6,5.4,2.8,1.2,0.9,1.8,2.8,13.5)
(1981,147,Major Jones,PF,27,HOU,68,,14.8,1.7,3.7,.464,0.0,0.0,.000,1.7,3.7,.466,.464,0.9,1.5,.634,1.4,2.0,3.4,0.6,0.3,0.3,0.8,1.6,4.4)
(1981,151,Clarence Kea,PF,21,DAL,16,,12.4,2.3,5.1,.457,0.0,0.1,.000,2.3,5.0,.463,.457,2.7,3.9,.694,1.8,2.4,4.2,0.3,0.4,0.1,1.0,2.8,7.3)
(1981,155,Chad Kinch,SG,22,TOT,41,,8.6,1.3,3.4,.369,0.0,0.0,,1.3,3.4,.369,.369,0.3,0.4,.778,0.2,0.6,0.8,1.1,0.3,0.1,0.7,0.8,2.9)
(1981,159,Joel Kramer,PF,25,PHO,82,,13.0,1.7,3.1,.527,0.0,0.0,.000,1.7,3.1,.529,.527,0.8,1.1,.692,0.9,1.9,2.8,1.1,0.4,0.2,0.8,1.6,4.1)
(1981,162,Mitch Kupchak,PF,26,WSB,82,,23.6,4.8,9.1,.525,0.0,0.0,.000,4.8,9.1,.525,.525,2.9,4.1,.706,2.4,4.5,6.9,0.8,0.4,0.3,2.0,2.4,12.5)
(1981,166,John Lambert,PF,28,TOT,46,,10.5,1.5,3.6,.412,0.0,0.0,.000,1.5,3.5,.417,.412,0.4,0.5,.783,0.6,1.4,2.0,0.6,0.3,0.1,0.4,1.7,3.3)
(1981,170,Allen Leavell,PG,23,HOU,79,,21.3,3.3,6.9,.471,0.0,0.2,.118,3.2,6.7,.482,.473,1.6,1.9,.832,0.4,1.3,1.7,4.9,1.2,0.2,2.4,2.0,8.1)
(1981,174,John Long,SG,24,DET,59,,29.7,7.5,16.2,.461,0.0,0.2,.182,7.4,16.0,.464,.462,2.7,3.1,.870,1.6,1.7,3.3,1.8,1.6,0.4,2.6,2.8,17.7)
(1981,178,Kyle Macy,PG,23,PHO,82,,17.9,3.3,6.5,.511,0.1,0.6,.235,3.2,5.9,.541,.523,1.3,1.5,.899,0.5,1.1,1.6,2.0,0.9,0.1,1.2,1.5,8.1)
(1981,181,Wes Matthews,PG,21,TOT,79,,28.7,4.9,9.9,.494,0.1,0.3,.238,4.8,9.6,.501,.497,2.6,3.2,.802,0.6,1.2,1.8,5.2,1.4,0.2,3.3,3.1,12.4)
(1981,185,Bob McAdoo*,PF,29,TOT,16,,20.1,4.3,9.8,.433,0.0,0.1,.000,4.3,9.8,.436,.433,1.8,2.6,.707,1.1,3.1,4.2,1.9,1.1,0.8,2.0,2.4,10.3)
(1981,189,George McGinnis,PF,30,IND,69,,26.7,5.0,11.1,.453,0.0,0.1,.000,5.0,11.0,.457,.453,3.0,5.6,.538,2.4,5.3,7.7,3.0,1.4,0.4,3.2,3.5,13.1)
(1981,193,John Mengelt,SG,31,GSW,2,,5.5,0.0,2.0,.000,0.0,0.0,,0.0,2.0,.000,.000,0.0,0.0,,0.0,0.0,0.0,1.0,0.0,0.0,0.0,0.0,0.0)
(1981,197,Steve Mix,SF,33,PHI,72,,18.4,4.0,8.0,.501,0.0,0.0,.000,4.0,7.9,.503,.501,2.8,3.3,.833,1.5,2.2,3.7,1.6,0.8,0.3,1.2,1.5,10.8)
(1981,Rk,Player,Pos,Age,Tm,G,GS,MP,FG,FGA,FG%,3P,3PA,3P%,2P,2PA,2P%,eFG%,FT,FTA,FT%,ORB,DRB,TRB,AST,STL,BLK,TOV,PF,PTS)
(1981,204,Calvin Natt,SF,24,POR,74,,28.5,5.3,10.7,.497,0.1,0.1,.500,5.3,10.6,.497,.500,2.7,3.8,.707,2.0,3.8,5.8,2.1,1.0,0.2,2.2,2.5,13.4)
(1981,208,Mike Niles,SF,25,PHO,44,,5.3,1.1,3.1,.348,0.0,0.1,.500,1.0,3.0,.343,.355,0.4,0.8,.459,0.6,0.7,1.3,0.3,0.2,0.0,0.6,0.9,2.6)
(1981,212,Jawann Oldham,C,23,DEN,4,,5.3,0.5,1.5,.333,0.0,0.0,,0.5,1.5,.333,.333,0.0,0.0,,0.8,0.5,1.3,0.0,0.0,0.5,0.5,0.8,1.0)
(1981,216,Sonny Parker,SG,25,GSW,73,,18.0,2.6,5.3,.492,0.0,0.0,,2.6,5.3,.492,.492,1.3,1.8,.734,1.4,1.3,2.7,1.5,0.9,0.2,1.2,1.5,6.5)
(1981,220,Sam Pellom,PF,29,ATL,77,,19.1,2.4,4.9,.489,0.0,0.0,.000,2.4,4.9,.491,.489,1.1,1.5,.698,1.6,3.0,4.6,0.6,0.6,1.2,1.3,3.0,5.9)
(1981,223,Ben Poquette,PF,25,UTA,82,,34.2,4.0,7.5,.528,0.0,0.1,.500,3.9,7.4,.528,.530,1.5,2.0,.778,2.0,5.7,7.7,2.0,0.8,2.1,1.5,4.2,9.5)
(1981,227,Kelvin Ransey,PG,22,POR,80,,30.4,6.6,14.5,.452,0.0,0.4,.097,6.5,14.1,.462,.453,2.1,2.7,.749,0.5,1.9,2.4,6.9,1.1,0.1,2.9,2.5,15.2)
(1981,231,Robert Reid,SF,25,HOU,82,,36.1,6.5,13.6,.482,0.0,0.0,.000,6.5,13.5,.483,.482,2.8,3.7,.756,2.0,5.1,7.1,4.2,2.0,0.8,2.4,4.0,15.9)
(1981,235,Anthony Roberts,SF,25,WSB,26,,13.5,2.1,5.5,.375,0.0,0.0,,2.1,5.5,.375,.375,0.7,1.1,.655,0.7,1.9,2.6,0.8,0.4,0.0,1.1,2.0,4.9)
(1981,239,Wayne Robinson,PF,22,DET,81,,19.7,2.9,6.3,.460,0.0,0.1,.000,2.9,6.2,.465,.460,2.2,3.0,.729,1.4,2.2,3.6,1.4,0.6,0.3,1.8,2.3,7.9)
(1981,242,John Roche,PG,31,DEN,26,,23.5,3.2,6.9,.458,0.3,1.0,.333,2.8,5.8,.480,.483,2.2,3.0,.753,0.2,1.2,1.4,5.4,0.7,0.3,2.0,1.7,8.9)
(1981,246,Campy Russell,SF,29,NYK,79,,36.3,6.4,13.9,.464,0.1,0.3,.308,6.3,13.5,.468,.468,3.4,4.3,.781,1.4,3.1,4.5,3.3,1.3,0.1,2.7,3.1,16.4)
(1981,250,Craig Shelton,SF,23,ATL,55,,10.7,1.8,4.0,.457,0.0,0.0,.000,1.8,4.0,.459,.457,0.6,1.1,.603,1.1,1.4,2.5,0.5,0.3,0.1,1.1,2.3,4.3)
(1981,254,Jerry Sichting,PG,24,IND,47,,9.6,0.7,2.0,.358,0.0,0.1,.000,0.7,1.9,.378,.358,0.5,0.7,.781,0.2,0.7,0.9,1.5,0.5,0.0,0.6,0.8,2.0)
(1981,258,Phil Smith,SG,28,SDC,76,,31.3,6.8,13.9,.491,0.1,0.2,.222,6.8,13.7,.496,.493,3.1,4.1,.757,0.6,1.4,2.1,4.9,1.1,0.2,2.3,3.0,16.8)
(1981,261,Ricky Sobers,PG,28,CHI,71,,25.4,5.0,10.8,.462,0.2,0.9,.258,4.8,9.9,.481,.473,3.3,3.5,.935,0.6,1.4,2.0,4.0,1.4,0.2,2.9,3.2,13.5)
(1981,265,Brian Taylor,PG,29,SDC,80,,28.9,3.9,7.4,.525,0.6,1.4,.383,3.3,6.0,.559,.562,1.8,2.3,.789,0.7,1.2,1.9,5.5,1.5,0.3,1.4,2.7,10.1)
(1981,269,Mychal Thompson,C,26,POR,79,,35.3,7.2,14.6,.494,0.0,0.0,.000,7.2,14.6,.495,.494,2.6,4.1,.641,2.8,5.9,8.7,3.6,0.8,2.2,3.1,3.3,17.0)
(1981,273,Wes Unseld*,C,34,WSB,63,,32.3,3.6,6.8,.524,0.0,0.1,.500,3.5,6.7,.525,.527,0.9,1.4,.640,3.3,7.4,10.7,2.7,0.8,0.6,1.5,2.7,8.0)
(1981,277,Brett Vroman,C,25,UTA,11,,8.5,0.9,2.5,.370,0.0,0.1,.000,0.9,2.4,.385,.370,1.3,1.7,.737,0.6,1.6,2.3,0.8,0.5,0.5,0.8,2.4,3.1)
(1981,Rk,Player,Pos,Age,Tm,G,GS,MP,FG,FGA,FG%,3P,3PA,3P%,2P,2PA,2P%,eFG%,FT,FTA,FT%,ORB,DRB,TRB,AST,STL,BLK,TOV,PF,PTS)
(1981,284,Scott Wedman,SF,28,KCK,81,,35.8,8.5,17.7,.477,0.3,1.0,.325,8.1,16.8,.485,.485,1.7,2.5,.686,1.6,3.8,5.3,2.8,1.2,0.6,2.0,3.6,19.0)
(1981,288,Jerome Whitehead,C,24,TOT,48,,14.3,1.7,3.8,.461,0.0,0.0,.000,1.7,3.7,.464,.461,0.6,1.2,.500,1.2,3.3,4.5,0.5,0.4,0.2,1.2,2.5,4.0)
(1981,292,Bob Wilkerson,SG,26,CHI,80,,28.0,4.1,8.9,.462,0.0,0.1,.100,4.1,8.8,.467,.462,1.7,2.0,.840,1.1,2.5,3.5,3.4,1.3,0.3,2.2,2.1,10.0)
(1981,296,Freeman Williams,SG,24,SDC,82,,24.1,7.8,16.8,.465,0.6,1.7,.340,7.2,15.1,.479,.482,3.1,3.6,.852,0.9,0.7,1.6,2.0,1.1,0.1,2.0,1.9,19.3)
(1981,300,Bill Willoughby,SF,23,HOU,55,,20.8,2.7,5.2,.523,0.0,0.0,,2.7,5.2,.523,.523,0.9,1.2,.766,1.3,2.8,4.1,1.2,0.3,0.6,1.3,1.9,6.3)
(1981,303,Sam Worthen,PG,23,CHI,64,,14.8,1.5,3.0,.495,0.0,0.1,.000,1.5,2.9,.505,.495,0.7,0.9,.750,0.3,1.5,1.8,1.8,0.9,0.1,1.4,1.8,3.7)
