(2002,2,Shareef Abdur-Rahim,PF,25,ATL,77,77,38.7,7.8,16.8,.461,0.3,0.9,.300,7.5,15.9,.470,.469,5.4,6.8,.801,2.6,6.5,9.0,3.1,1.3,1.1,3.2,2.8,21.2)
(2002,6,Ray Allen,SG,26,MIL,69,67,36.6,7.7,16.6,.462,3.3,7.7,.434,4.4,9.0,.485,.561,3.1,3.6,.873,1.2,3.3,4.5,3.9,1.3,0.3,2.3,2.3,21.8)
(2002,10,Derek Anderson,SG,27,POR,70,27,26.6,3.5,8.7,.404,1.2,3.3,.373,2.3,5.5,.422,.473,2.5,3.0,.856,0.7,2.0,2.7,3.1,1.0,0.1,1.2,1.6,10.8)
(2002,14,Greg Anthony,PG,34,TOT,60,38,25.2,3.1,7.9,.385,0.8,2.7,.294,2.3,5.2,.433,.436,1.0,1.5,.659,0.4,1.8,2.2,4.7,1.3,0.1,1.6,1.9,7.9)
(2002,18,Carlos Arroyo,PG,22,TOT,37,1,10.0,1.3,3.0,.441,0.0,0.1,.000,1.3,2.9,.450,.441,0.4,0.5,.722,0.3,0.8,1.1,1.9,0.3,0.0,0.6,0.8,3.0)
(2002,21,Isaac Austin,C,32,MEM,21,8,14.6,1.7,4.4,.391,0.0,0.1,.000,1.7,4.2,.404,.391,0.2,0.2,1.000,0.5,2.9,3.4,0.6,0.4,0.2,0.5,1.7,3.6)
(2002,25,Erick Barkley,PG,23,POR,19,4,12.0,1.3,3.6,.353,0.1,0.4,.143,1.2,3.2,.377,.360,0.5,0.5,.900,0.3,0.7,0.9,1.8,0.9,0.1,0.6,1.5,3.1)
(2002,29,Mengke Bateer,C,26,DEN,27,10,15.1,2.0,4.9,.402,0.1,0.4,.333,1.8,4.4,.408,.417,1.1,1.4,.784,1.2,2.4,3.6,0.8,0.4,0.2,1.2,3.5,5.1)
(2002,33,Raja Bell,SG,25,PHI,74,12,12.0,1.4,3.2,.429,0.2,0.6,.273,1.2,2.6,.464,.454,0.5,0.6,.750,0.4,1.1,1.5,1.0,0.3,0.1,0.6,1.5,3.4)
(2002,37,Chauncey Billups,PG,25,MIN,82,54,28.7,4.2,10.0,.423,1.5,3.8,.394,2.7,6.2,.441,.498,2.5,2.9,.885,0.4,2.3,2.8,5.5,0.8,0.2,1.7,2.1,12.5)
(2002,Rk,Player,Pos,Age,Tm,G,GS,MP,FG,FGA,FG%,3P,3PA,3P,2P,2PA,2P,eFG%,FT,FTA,FT%,ORB,DRB,TRB,AST,STL,BLK,TOV,PF,PTS)
(2002,44,Bruce Bowen,SF,30,SAS,59,59,28.8,2.6,6.7,.389,0.9,2.5,.378,1.7,4.2,.396,.460,0.8,1.6,.479,0.7,2.0,2.7,1.5,1.1,0.4,1.1,2.0,7.0)
(2002,48,Michael Bradley,PF,22,TOR,26,0,4.5,0.5,1.0,.520,0.0,0.1,.000,0.5,0.9,.565,.520,0.2,0.3,.500,0.3,0.7,0.9,0.1,0.0,0.2,0.2,0.4,1.2)
(2002,52,Jamison Brewer,SG,21,IND,13,0,3.3,0.2,0.4,.400,0.0,0.1,.000,0.2,0.3,.500,.400,0.0,0.0,,0.2,0.5,0.6,0.7,0.2,0.0,0.2,0.2,0.3)
(2002,56,Dee Brown,PG,33,ORL,7,0,9.3,0.4,2.9,.150,0.1,1.7,.083,0.3,1.1,.250,.175,0.0,0.0,,0.0,1.3,1.3,0.3,0.4,0.1,0.6,0.6,1.0)
(2002,60,P.J. Brown,C,32,CHH,80,80,32.0,3.1,6.6,.474,0.0,0.0,,3.1,6.6,.474,.474,2.1,2.5,.858,3.4,6.4,9.8,1.3,0.7,1.0,1.1,2.8,8.4)
(2002,63,Rick Brunson,PG,29,POR,59,2,8.8,0.8,1.9,.398,0.1,0.2,.545,0.7,1.7,.382,.425,0.5,0.7,.707,0.4,0.8,1.2,1.9,0.4,0.0,0.8,0.9,2.1)
(2002,67,Jud Buechler,SF,33,TOT,66,2,10.4,0.7,1.8,.373,0.3,0.9,.350,0.3,0.9,.397,.462,0.0,0.1,.500,0.4,1.3,1.8,0.5,0.3,0.1,0.2,0.8,1.7)
(2002,71,Jason Caffey,PF,28,MIL,23,0,12.3,1.6,3.1,.500,0.0,0.0,.000,1.6,3.1,.507,.500,1.2,1.9,.628,1.0,1.1,2.2,0.5,0.2,0.2,0.8,1.7,4.3)
(2002,75,Anthony Carter,PG,26,MIA,46,18,22.8,1.9,5.7,.342,0.0,0.4,.053,1.9,5.2,.365,.344,0.4,0.8,.528,0.4,2.1,2.5,4.7,1.1,0.1,1.6,1.8,4.3)
(2002,79,Tyson Chandler,C,19,CHI,71,31,19.6,2.1,4.3,.497,0.0,0.0,,2.1,4.3,.497,.497,1.9,3.1,.604,1.6,3.2,4.8,0.8,0.4,1.3,1.4,2.5,6.1)
(2002,82,Doug Christie,SG,31,SAC,81,81,34.5,4.2,9.1,.460,1.1,3.2,.352,3.1,5.9,.518,.521,2.5,3.0,.851,0.9,3.7,4.6,4.2,2.0,0.3,2.0,2.6,12.0)
(2002,86,Derrick Coleman,PF,34,PHI,58,58,35.9,5.7,12.7,.450,0.5,1.4,.337,5.2,11.2,.465,.469,3.2,3.9,.815,2.9,5.9,8.8,1.7,0.7,0.9,2.1,2.7,15.1)
(2002,90,Jason Collins,C,23,NJN,77,9,18.3,1.5,3.6,.421,0.0,0.0,.500,1.5,3.6,.420,.423,1.5,2.1,.701,1.7,2.2,3.9,1.1,0.4,0.6,0.9,2.2,4.5)
(2002,94,Austin Croshere,PF,26,IND,76,1,16.9,2.4,5.9,.413,0.6,1.9,.338,1.8,4.0,.449,.468,1.3,1.5,.851,1.0,2.9,3.9,1.0,0.3,0.4,0.9,1.4,6.8)
(2002,98,Eddy Curry,C,19,CHI,72,31,16.0,2.6,5.2,.501,0.0,0.0,,2.6,5.2,.501,.501,1.5,2.2,.656,1.5,2.2,3.8,0.3,0.2,0.7,1.0,2.4,6.7)
(2002,101,Erick Dampier,C,26,GSW,73,46,23.8,2.9,6.6,.435,0.0,0.0,,2.9,6.6,.435,.435,1.9,2.9,.645,2.3,3.0,5.3,1.2,0.2,2.3,2.1,3.2,7.6)
(2002,105,Dale Davis,C,32,POR,78,77,31.4,3.8,7.4,.510,0.0,0.0,,3.8,7.4,.510,.510,1.9,2.7,.708,3.4,5.5,8.8,1.2,0.8,1.1,0.8,2.5,9.5)
(2002,109,Andrew DeClercq,C,28,ORL,61,14,10.4,1.1,2.4,.450,0.0,0.0,,1.1,2.4,.450,.450,0.5,0.8,.560,1.2,1.5,2.7,0.4,0.4,0.4,0.6,2.1,2.7)
(2002,113,Michael Dickerson,SG,26,MEM,4,4,31.0,3.8,12.0,.313,2.0,5.3,.381,1.8,6.8,.259,.396,1.3,1.5,.833,0.8,2.3,3.0,2.3,0.8,0.3,2.0,3.0,10.8)
(2002,117,Keyon Dooling,PG,21,LAC,14,0,11.1,1.6,4.1,.386,0.3,1.0,.286,1.3,3.1,.419,.421,0.7,0.9,.833,0.0,0.2,0.2,0.9,0.3,0.2,0.7,1.4,4.1)
(2002,Rk,Player,Pos,Age,Tm,G,GS,MP,FG,FGA,FG%,3P,3PA,3P,2P,2PA,2P,eFG%,FT,FTA,FT%,ORB,DRB,TRB,AST,STL,BLK,TOV,PF,PTS)
(2002,124,LaPhonso Ellis,SF,31,MIA,66,14,25.5,2.9,6.8,.418,0.6,1.9,.306,2.3,5.0,.460,.460,0.8,1.3,.631,1.6,2.7,4.3,0.8,0.5,0.6,1.1,3.0,7.1)
(2002,128,Danny Ferry,SF,35,SAS,50,2,16.0,1.5,3.5,.429,0.9,2.0,.434,0.7,1.6,.423,.551,0.7,0.7,.944,0.3,1.5,1.8,1.0,0.3,0.2,0.4,1.4,4.6)
(2002,132,Isaac Fontaine,SG,26,MEM,6,0,12.5,0.5,2.3,.214,0.2,0.8,.200,0.3,1.5,.222,.250,0.7,1.0,.667,0.0,0.8,0.8,0.7,0.0,0.0,0.7,1.0,1.8)
(2002,136,Greg Foster,PF,33,MIL,6,0,4.0,0.3,1.5,.222,0.0,0.7,.000,0.3,0.8,.400,.222,0.5,0.7,.750,0.0,1.3,1.3,0.2,0.0,0.0,0.0,0.7,1.2)
(2002,140,Rick Fox,SF,32,LAL,82,82,27.9,3.1,7.4,.421,0.8,2.5,.313,2.3,4.8,.479,.475,0.9,1.0,.824,1.1,3.6,4.7,3.5,0.8,0.3,1.6,3.0,7.9)
(2002,143,Lawrence Funderburke,PF,31,SAC,56,1,12.9,2.1,4.4,.469,0.0,0.1,.000,2.1,4.3,.475,.469,0.6,1.0,.607,1.4,2.2,3.5,0.6,0.2,0.3,0.6,1.2,4.7)
(2002,147,Pau Gasol,C,21,MEM,82,79,36.7,6.7,13.0,.518,0.0,0.1,.200,6.7,12.9,.519,.518,4.1,5.8,.709,2.9,6.0,8.9,2.7,0.5,2.1,2.7,2.4,17.6)
(2002,151,Eddie Gill,PG,23,MEM,23,5,16.7,1.7,4.0,.424,0.3,1.0,.318,1.4,3.0,.457,.462,1.3,1.7,.795,0.3,0.9,1.2,2.1,0.5,0.1,1.5,1.7,5.0)
(2002,155,Brian Grant,PF,29,MIA,72,72,31.3,4.0,8.5,.469,0.0,0.0,.000,4.0,8.4,.470,.469,1.4,1.7,.849,2.3,5.7,8.0,1.9,0.7,0.4,1.7,3.3,9.3)
(2002,159,Tom Gugliotta,PF,32,PHO,44,40,25.7,2.9,6.8,.422,0.1,0.2,.333,2.8,6.6,.425,.427,0.6,0.8,.757,1.3,3.7,5.0,1.8,0.9,0.7,1.4,2.6,6.5)
(2002,162,Richard Hamilton,SG,23,WAS,63,57,35.0,7.5,17.2,.435,0.3,0.7,.381,7.2,16.5,.438,.443,4.8,5.3,.890,1.2,2.3,3.4,2.7,0.6,0.2,2.1,2.2,20.0)
(2002,166,Tim Hardaway,PG,35,TOT,68,16,23.5,3.3,9.1,.365,1.8,5.2,.347,1.5,3.9,.387,.464,1.1,1.4,.794,0.2,1.6,1.8,4.1,0.8,0.1,1.6,1.6,9.6)
(2002,170,Lucious Harris,SG,31,NJN,74,0,21.0,3.4,7.3,.464,0.6,1.6,.373,2.8,5.7,.489,.505,1.8,2.1,.842,0.7,2.1,2.8,1.6,0.7,0.1,0.8,1.3,9.1)
(2002,174,Trenton Hassell,SG,22,CHI,78,47,28.7,3.4,8.1,.425,0.8,2.1,.364,2.7,5.9,.447,.473,1.1,1.5,.763,0.8,2.4,3.3,2.2,0.7,0.6,1.3,2.4,8.7)
(2002,178,Cedric Henderson,SF,26,GSW,12,0,5.8,1.3,2.6,.484,0.2,0.3,.500,1.1,2.3,.481,.516,0.3,0.6,.571,0.1,0.2,0.3,0.3,0.5,0.2,0.7,0.3,3.0)
(2002,181,Fred Hoiberg,SG,29,CHI,79,8,17.8,1.5,3.7,.416,0.3,1.2,.261,1.2,2.5,.487,.457,1.0,1.2,.840,0.2,2.4,2.7,1.7,0.8,0.1,0.4,1.1,4.4)
(2002,185,Juwan Howard,PF,28,TOT,81,72,32.5,5.7,12.4,.460,0.0,0.0,.000,5.7,12.4,.461,.460,3.2,4.2,.761,2.8,4.8,7.6,2.1,0.6,0.6,1.9,3.3,14.6)
(2002,189,Steven Hunter,C,20,ORL,53,21,9.7,1.3,2.8,.456,0.0,0.0,,1.3,2.8,.456,.456,1.0,1.8,.585,0.8,1.1,1.8,0.1,0.1,0.8,0.3,1.5,3.6)
(2002,193,Jaren Jackson,SG,34,ORL,9,0,16.0,1.7,4.1,.405,0.8,2.2,.350,0.9,1.9,.471,.500,0.2,0.4,.500,0.1,1.8,1.9,0.9,0.6,0.0,0.9,1.4,4.3)
(2002,197,Mark Jackson,PG,36,NYK,82,82,28.9,3.2,7.2,.439,1.0,2.4,.405,2.2,4.8,.456,.506,1.1,1.3,.791,0.7,3.1,3.8,7.4,0.9,0.0,1.8,2.0,8.4)
(2002,Rk,Player,Pos,Age,Tm,G,GS,MP,FG,FGA,FG%,3P,3PA,3P,2P,2PA,2P,eFG%,FT,FTA,FT%,ORB,DRB,TRB,AST,STL,BLK,TOV,PF,PTS)
(2002,204,Richard Jefferson,SF,21,NJN,79,9,24.3,3.4,7.5,.457,0.2,0.7,.232,3.3,6.8,.480,.468,2.4,3.4,.713,1.1,2.6,3.7,1.8,0.8,0.6,1.4,2.7,9.4)
(2002,208,Ervin Johnson,C,34,MIL,81,9,20.5,1.1,2.4,.461,0.0,0.0,.000,1.1,2.4,.464,.461,0.4,0.8,.455,1.8,4.0,5.8,0.3,0.5,1.0,0.6,2.7,2.6)
(2002,212,Eddie Jones,SG,30,MIA,81,81,39.0,6.4,14.8,.432,1.8,4.7,.390,4.5,10.1,.451,.494,3.7,4.4,.837,0.8,3.9,4.7,3.2,1.4,1.0,1.8,3.2,18.3)
(2002,216,Shawn Kemp,PF,32,POR,75,5,16.4,2.3,5.4,.430,0.0,0.1,.000,2.3,5.4,.434,.430,1.4,1.7,.794,1.2,2.6,3.8,0.7,0.6,0.4,1.1,2.5,6.1)
(2002,220,Kerry Kittles,SG,27,NJN,82,82,31.7,5.3,11.5,.466,1.2,3.0,.405,4.1,8.5,.487,.518,1.6,2.1,.744,0.8,2.5,3.4,2.6,1.6,0.4,1.3,1.3,13.4)
(2002,223,Toni Kukoc,SF,33,ATL,59,9,25.3,3.6,8.5,.419,0.9,2.9,.310,2.7,5.6,.474,.471,1.8,2.6,.712,0.7,3.0,3.7,3.6,0.8,0.3,1.9,1.5,9.9)
(2002,227,Dan Langhi,SF,24,HOU,34,8,12.8,1.4,3.7,.392,0.0,0.1,.250,1.4,3.6,.397,.396,0.2,0.3,.727,0.6,1.3,2.0,0.4,0.2,0.1,0.3,0.7,3.1)
(2002,231,Rashard Lewis,SF,22,SEA,71,70,36.4,6.4,13.7,.468,1.7,4.5,.389,4.7,9.2,.506,.531,2.3,2.8,.810,2.0,5.1,7.0,1.7,1.5,0.6,1.4,2.5,16.8)
(2002,235,Felipe Lopez,SG,27,MIN,67,0,8.7,0.9,2.3,.378,0.2,0.5,.424,0.7,1.8,.366,.423,0.6,0.8,.673,0.4,0.8,1.2,0.6,0.3,0.0,0.5,1.1,2.5)
(2002,239,Sam Mack,SF,31,MIA,12,1,13.3,1.2,4.1,.286,0.6,2.3,.250,0.6,1.8,.333,.357,0.4,0.6,.714,0.2,1.0,1.2,0.3,0.4,0.1,0.6,1.4,3.3)
(2002,242,Jamaal Magloire,C,23,CHH,82,8,18.9,2.8,5.0,.551,0.0,0.0,.000,2.8,5.0,.552,.551,3.0,4.1,.730,1.9,3.8,5.6,0.4,0.3,1.0,1.4,2.5,8.5)
(2002,246,Stephon Marbury,PG,24,PHO,82,80,38.9,7.6,17.2,.442,0.9,3.0,.286,6.8,14.2,.476,.467,4.3,5.5,.781,0.9,2.3,3.2,8.1,0.9,0.2,3.5,2.3,20.4)
(2002,250,Donyell Marshall,SF,28,UTA,58,42,30.2,5.9,11.4,.519,0.2,0.7,.310,5.7,10.7,.533,.529,2.8,3.9,.708,2.7,4.9,7.6,1.7,0.9,1.2,2.1,2.6,14.8)
(2002,254,Anthony Mason,PF,35,MIL,82,82,38.3,3.9,7.6,.505,0.0,0.0,1.000,3.8,7.6,.504,.506,1.9,2.7,.697,1.5,6.4,7.9,4.2,0.7,0.3,1.6,2.3,9.6)
(2002,258,Amal McCaskill,C,28,SAS,27,0,5.7,0.7,1.8,.408,0.0,0.0,,0.7,1.8,.408,.408,0.4,1.0,.462,0.6,0.7,1.3,0.1,0.2,0.4,0.5,0.9,1.9)
(2002,261,Antonio McDyess,PF,27,DEN,10,10,23.6,4.3,7.5,.573,0.0,0.0,,4.3,7.5,.573,.573,2.7,3.3,.818,1.8,3.7,5.5,1.8,1.0,0.8,2.0,2.0,11.3)
(2002,265,Aaron McKie,SG,29,PHI,48,16,30.6,4.6,10.2,.449,1.1,2.7,.398,3.5,7.5,.467,.501,2.0,2.5,.787,0.5,3.5,4.0,3.7,1.2,0.3,1.9,1.5,12.2)
(2002,269,Darius Miles,SF,20,LAC,82,6,27.2,3.8,7.8,.481,0.0,0.2,.158,3.7,7.6,.491,.484,1.9,3.1,.620,1.3,4.2,5.5,2.2,0.9,1.3,2.0,2.2,9.5)
(2002,273,Reggie Miller*,SG,36,IND,79,79,36.6,5.2,11.6,.453,2.3,5.6,.406,3.0,5.9,.498,.552,3.7,4.1,.911,0.3,2.5,2.8,3.2,1.1,0.1,1.5,1.8,16.5)
(2002,277,Nazr Mohammed,C,24,ATL,82,73,26.4,4.0,8.7,.461,0.0,0.0,.000,4.0,8.7,.462,.461,1.7,2.7,.617,3.0,5.0,7.9,0.4,0.8,0.7,1.4,3.1,9.7)
(2002,Rk,Player,Pos,Age,Tm,G,GS,MP,FG,FGA,FG%,3P,3PA,3P,2P,2PA,2P,eFG%,FT,FTA,FT%,ORB,DRB,TRB,AST,STL,BLK,TOV,PF,PTS)
(2002,284,Troy Murphy,PF,21,GSW,82,4,17.7,2.2,5.2,.421,0.0,0.1,.333,2.1,5.0,.423,.424,1.5,1.9,.776,1.2,2.7,3.9,0.9,0.4,0.3,1.0,2.6,5.9)
(2002,288,Mamadou N'Diaye,C,26,TOR,5,0,9.2,1.2,2.0,.600,0.0,0.0,,1.2,2.0,.600,.600,1.6,2.0,.800,1.2,1.0,2.2,0.0,0.0,0.4,0.2,1.2,4.0)
(2002,292,Tyrone Nesby,SF,26,WAS,70,9,21.4,2.6,6.0,.435,0.2,0.7,.277,2.4,5.3,.455,.450,0.9,1.3,.688,1.5,3.0,4.5,1.3,0.9,0.3,0.7,2.3,6.3)
(2002,296,Moochie Norris,PG,28,HOU,82,26,27.4,3.1,7.7,.398,0.4,1.6,.269,2.6,6.1,.433,.426,1.5,2.1,.751,0.9,2.1,3.0,4.9,1.0,0.0,1.9,1.6,8.1)
(2002,300,Charles Oakley,PF,38,CHI,57,36,24.3,1.7,4.6,.369,0.0,0.1,.167,1.7,4.5,.374,.371,0.4,0.5,.750,1.3,4.8,6.0,2.0,0.9,0.2,1.5,3.1,3.8)
(2002,303,Dean Oliver,PG,23,GSW,20,0,7.0,0.9,2.3,.370,0.1,0.7,.154,0.8,1.7,.455,.391,0.3,0.5,.667,0.0,0.4,0.4,1.1,0.2,0.0,0.6,0.8,2.1)
(2002,307,Bo Outlaw,PF,30,TOT,83,36,23.2,2.0,3.6,.555,0.0,0.0,.500,2.0,3.6,.556,.557,0.5,1.2,.422,1.8,2.6,4.4,1.5,0.8,1.1,1.2,2.5,4.5)
(2002,311,Scott Padgett,PF,25,UTA,75,1,17.3,2.5,5.3,.476,0.7,1.5,.434,1.9,3.8,.493,.538,1.0,1.4,.735,1.5,2.3,3.8,1.1,0.6,0.2,0.9,1.9,6.7)
(2002,315,Ruben Patterson,SF,26,POR,75,13,23.5,4.3,8.3,.515,0.1,0.5,.250,4.1,7.8,.532,.523,2.6,3.7,.701,2.1,1.9,4.0,1.4,1.1,0.5,1.5,1.9,11.2)
(2002,319,Elliot Perry,PG,32,MEM,2,0,24.0,2.5,5.0,.500,0.0,0.0,,2.5,5.0,.500,.500,0.5,1.0,.500,0.0,2.0,2.0,3.5,1.5,0.0,3.5,3.0,5.5)
(2002,322,Eric Piatkowski,SG,31,LAC,71,64,24.2,2.9,6.6,.439,1.6,3.4,.466,1.4,3.3,.412,.557,1.4,1.6,.894,0.6,2.0,2.6,1.6,0.6,0.2,0.9,1.5,8.8)
(2002,326,Mark Pope,PF,29,MIL,45,12,9.5,0.8,2.0,.396,0.1,0.6,.160,0.7,1.5,.485,.418,0.2,0.5,.524,0.4,1.2,1.6,0.4,0.2,0.2,0.3,1.0,1.9)
(2002,330,Vitaly Potapenko,C,26,BOS,79,9,17.0,1.7,3.8,.455,0.0,0.0,,1.7,3.8,.455,.455,1.1,1.5,.742,2.1,2.3,4.4,0.4,0.5,0.2,0.8,2.2,4.6)
(2002,334,Zach Randolph,PF,20,POR,41,0,5.8,1.2,2.6,.449,0.0,0.0,,1.2,2.6,.449,.449,0.4,0.7,.667,0.8,0.9,1.7,0.3,0.2,0.1,0.4,0.7,2.8)
(2002,338,Michael Redd,SG,22,MIL,67,8,21.1,4.4,9.1,.483,1.3,3.0,.444,3.1,6.1,.501,.555,1.4,1.7,.791,1.1,2.2,3.3,1.4,0.6,0.1,0.9,1.4,11.4)
(2002,341,Jason Richardson,SG,21,GSW,80,75,32.9,5.8,13.6,.426,1.0,3.1,.333,4.8,10.6,.453,.463,1.8,2.6,.671,1.6,2.7,4.3,3.0,1.3,0.4,2.0,2.4,14.4)
(2002,345,Isaiah Rider,SG,30,DEN,10,1,17.3,3.7,8.1,.457,0.6,1.5,.400,3.1,6.6,.470,.494,1.3,1.7,.765,1.0,2.3,3.3,1.2,0.3,0.2,1.4,1.1,9.3)
(2002,349,Glenn Robinson,SF,29,MIL,66,63,35.5,8.1,17.4,.467,0.9,2.7,.326,7.2,14.7,.493,.493,3.6,4.3,.837,1.1,5.1,6.2,2.5,1.5,0.6,2.6,2.6,20.7)
(2002,353,Sean Rooks,C,32,LAC,61,2,11.9,1.3,3.2,.418,0.0,0.0,,1.3,3.2,.418,.418,0.3,0.5,.724,0.5,1.5,2.0,0.4,0.2,0.3,0.3,1.9,3.0)
(2002,357,Bryon Russell,SG,31,UTA,66,40,30.3,3.4,8.8,.380,1.2,3.4,.341,2.2,5.4,.405,.446,1.7,2.1,.821,1.2,3.3,4.5,2.1,1.0,0.3,1.7,3.1,9.6)
(2002,Rk,Player,Pos,Age,Tm,G,GS,MP,FG,FGA,FG%,3P,3PA,3P,2P,2PA,2P,eFG%,FT,FTA,FT%,ORB,DRB,TRB,AST,STL,BLK,TOV,PF,PTS)
(2002,364,Brian Shaw,PG,35,LAL,58,0,10.9,1.1,3.0,.353,0.5,1.5,.330,0.6,1.5,.376,.436,0.3,0.4,.692,0.3,1.6,1.9,1.5,0.4,0.1,0.6,0.7,2.9)
(2002,368,Reggie Slater,PF,31,TOT,8,0,5.9,0.9,1.9,.467,0.0,0.0,,0.9,1.9,.467,.467,0.9,1.3,.700,0.6,0.5,1.1,0.1,0.1,0.1,0.1,0.4,2.6)
(2002,372,Leon Smith,C,21,ATL,14,0,7.1,0.7,1.9,.385,0.0,0.0,,0.7,1.9,.385,.385,0.8,1.2,.647,0.7,1.5,2.2,0.2,0.4,0.1,0.2,0.9,2.2)
(2002,376,Felton Spencer,C,34,NYK,32,8,7.8,0.2,0.8,.231,0.0,0.0,,0.2,0.8,.231,.231,0.5,1.0,.515,0.5,1.1,1.6,0.1,0.2,0.3,0.4,2.3,0.9)
(2002,380,Vladimir Stepania,C,25,MIA,67,4,13.2,1.7,3.7,.470,0.0,0.0,.500,1.7,3.7,.470,.472,0.7,1.6,.481,1.5,2.5,4.0,0.2,0.4,0.7,0.8,1.5,4.3)
(2002,383,Bryant Stith,SG,31,CLE,50,5,13.3,1.4,3.8,.372,0.5,1.4,.353,0.9,2.4,.383,.436,0.9,1.0,.846,0.4,1.3,1.7,0.8,0.6,0.1,0.6,0.8,4.2)
(2002,387,Erick Strickland,PG,28,BOS,79,4,20.8,2.4,6.2,.389,1.2,3.1,.385,1.2,3.1,.394,.487,1.7,2.0,.845,0.3,2.4,2.7,2.3,0.7,0.0,1.2,1.8,7.7)
(2002,391,Bob Sura,PG,28,GSW,78,5,22.8,3.2,7.6,.424,0.5,1.7,.316,2.7,5.9,.455,.459,3.0,4.2,.720,1.1,2.1,3.3,3.5,1.1,0.2,1.7,2.1,10.0)
(2002,395,Etan Thomas,C,23,WAS,47,0,13.1,1.7,3.2,.536,0.0,0.0,,1.7,3.2,.536,.536,0.9,1.6,.554,1.2,2.7,3.9,0.1,0.4,0.7,0.6,1.6,4.3)
(2002,399,Jamaal Tinsley,PG,23,IND,80,78,30.5,3.6,9.5,.380,0.5,2.2,.240,3.1,7.3,.422,.408,1.6,2.3,.704,1.0,2.8,3.7,8.1,1.7,0.5,3.4,3.1,9.4)
(2002,402,Gary Trent,PF,27,MIN,64,10,17.8,3.0,6.0,.507,0.0,0.0,.000,3.0,5.9,.509,.507,1.4,2.3,.639,1.6,2.6,4.2,0.9,0.3,0.4,0.9,2.5,7.5)
(2002,406,Nick Van Exel,PG-SG,30,TOT,72,46,34.7,7.0,17.0,.409,1.7,4.9,.340,5.3,12.2,.436,.457,2.8,3.5,.801,0.4,3.1,3.5,6.6,0.6,0.2,2.2,1.4,18.4)
(2002,410,Jake Voskuhl,C,24,PHO,59,34,15.3,1.8,3.3,.554,0.0,0.0,,1.8,3.3,.554,.554,1.4,1.8,.752,1.7,2.5,4.2,0.3,0.2,0.4,0.8,2.4,5.0)
(2002,414,Gerald Wallace,SF,19,SAC,54,1,8.0,1.4,3.2,.429,0.0,0.1,.000,1.4,3.1,.446,.429,0.4,0.9,.500,0.9,0.7,1.6,0.5,0.4,0.1,0.4,0.9,3.2)
(2002,418,Earl Watson,PG,22,SEA,64,0,15.1,1.5,3.3,.453,0.3,0.7,.364,1.3,2.6,.476,.491,0.4,0.6,.639,0.5,0.8,1.3,2.0,0.9,0.1,0.8,1.5,3.6)
(2002,421,Bonzi Wells,SG,25,POR,74,69,31.7,6.6,14.0,.469,0.9,2.3,.384,5.7,11.7,.486,.500,2.9,3.9,.741,1.6,4.4,6.0,2.8,1.5,0.3,2.6,2.8,17.0)
(2002,425,Chris Whitney,PG,30,WAS,82,81,26.5,3.3,8.0,.418,1.6,3.9,.406,1.7,4.1,.429,.518,1.9,2.1,.880,0.1,1.7,1.9,3.8,0.9,0.1,1.0,2.2,10.2)
(2002,429,Jason Williams,PG,26,MEM,65,65,34.4,5.8,15.2,.382,2.0,6.6,.295,3.8,8.5,.449,.446,1.2,1.6,.792,0.3,2.7,3.0,8.0,1.7,0.1,3.3,1.6,14.8)
(2002,433,Shammond Williams,SG,26,SEA,50,2,12.1,1.6,3.9,.420,0.6,1.5,.373,1.1,2.4,.449,.492,0.6,0.8,.795,0.3,0.9,1.3,1.7,0.4,0.0,0.7,0.7,4.4)
(2002,437,Loren Woods,C,23,MIN,60,0,8.6,0.6,1.6,.344,0.0,0.0,.000,0.6,1.6,.351,.344,0.7,1.0,.733,0.8,1.3,2.0,0.4,0.3,0.6,0.6,1.0,1.8)
