(2002,Rk,Player,Pos,Age,Tm,G,GS,MP,FG,FGA,FG%,3P,3PA,3P,2P,2PA,2P,eFG%,FT,FTA,FT%,ORB,DRB,TRB,AST,STL,BLK,TOV,PF,PTS)
(2002,4,Victor Alexander,C,32,DET,15,0,6.5,1.2,3.4,.353,0.0,0.1,.000,1.2,3.3,.367,.353,0.3,0.5,.500,0.5,1.5,1.9,0.4,0.0,0.1,0.3,0.4,2.7)
(2002,8,John Amaechi,PF,31,UTA,54,0,10.9,1.0,3.1,.325,0.0,0.0,,1.0,3.1,.325,.325,1.2,1.9,.638,1.0,1.1,2.0,0.5,0.1,0.2,1.0,1.2,3.2)
(2002,12,Nick Anderson,SG,34,MEM,15,0,14.6,1.4,5.1,.276,0.9,3.2,.271,0.5,1.9,.286,.362,0.3,0.6,.556,0.1,2.1,2.2,0.9,0.4,0.4,0.9,1.1,4.0)
(2002,16,Brandon Armstrong,SG,21,NJN,35,0,5.6,0.8,2.4,.318,0.1,0.5,.294,0.6,1.9,.324,.347,0.1,0.3,.500,0.3,0.2,0.5,0.2,0.2,0.0,0.2,0.7,1.8)
(2002,20,Stacey Augmon,SG,33,CHH,77,3,17.1,1.8,4.3,.427,0.0,0.0,.000,1.8,4.2,.431,.427,1.0,1.3,.762,0.8,2.2,2.9,1.3,0.7,0.2,0.7,1.5,4.6)
(2002,23,Dalibor Bagaric,C,21,CHI,50,0,12.8,1.4,3.6,.404,0.0,0.0,.000,1.4,3.5,.407,.404,0.8,1.4,.586,1.1,2.1,3.2,0.5,0.3,0.5,0.9,2.2,3.7)
(2002,27,Brent Barry,SG,30,SEA,81,81,37.5,5.0,9.8,.508,2.0,4.8,.424,2.9,5.0,.588,.611,2.4,2.9,.846,0.7,4.7,5.4,5.3,1.8,0.5,2.0,2.2,14.4)
(2002,31,Shane Battier,SF,23,MEM,78,78,39.7,5.3,12.3,.429,1.3,3.5,.373,4.0,8.8,.451,.482,2.5,3.6,.700,2.3,3.1,5.4,2.8,1.6,1.0,2.0,2.8,14.4)
(2002,35,Travis Best,PG,29,TOT,74,21,23.6,3.1,7.0,.440,0.3,0.8,.356,2.8,6.2,.451,.460,1.4,1.6,.897,0.3,1.8,2.0,4.4,1.2,0.1,1.3,2.3,7.9)
(2002,39,Corie Blount,PF,33,PHI,72,21,19.8,1.6,3.5,.458,0.0,0.0,.000,1.6,3.5,.460,.458,0.4,0.6,.644,2.1,3.0,5.1,0.6,0.7,0.4,0.7,2.4,3.6)
(2002,42,Ruben Boumtje-Boumtje,C,23,POR,33,1,7.4,0.4,1.0,.406,0.0,0.0,,0.4,1.0,.406,.406,0.4,0.8,.520,0.6,1.0,1.7,0.1,0.1,0.5,0.4,1.2,1.2)
(2002,46,Ira Bowman,SG,28,PHI,3,0,9.7,1.7,2.3,.714,0.0,0.3,.000,1.7,2.0,.833,.714,0.0,0.0,,0.0,0.3,0.3,0.3,0.7,0.0,0.0,1.0,3.3)
(2002,50,Elton Brand,PF,22,LAC,80,80,37.8,6.7,12.6,.527,0.0,0.0,,6.7,12.6,.527,.527,4.9,6.6,.742,5.0,6.6,11.6,2.4,1.0,2.0,2.2,3.2,18.2)
(2002,54,Chucky Brown,SF,33,SAC,18,0,5.1,0.6,1.5,.370,0.0,0.0,,0.6,1.5,.370,.370,0.1,0.1,.500,0.6,1.3,1.8,0.3,0.1,0.2,0.3,0.7,1.2)
(2002,58,Kedrick Brown,SF,20,BOS,29,5,8.4,0.8,2.4,.329,0.2,0.9,.185,0.6,1.5,.419,.364,0.4,0.7,.600,0.4,1.3,1.7,0.5,0.6,0.2,0.2,0.6,2.2)
(2002,61,Randy Brown,PG,33,BOS,1,0,6.0,0.0,1.0,.000,0.0,0.0,,0.0,1.0,.000,.000,0.0,0.0,,0.0,0.0,0.0,2.0,0.0,1.0,0.0,1.0,0.0)
(2002,65,Mark Bryant,PF,36,SAS,30,3,6.9,0.8,1.8,.455,0.0,0.0,,0.8,1.8,.455,.455,0.2,0.3,.750,0.8,0.6,1.5,0.3,0.2,0.1,0.2,1.3,1.9)
(2002,69,Matt Bullard,PF,34,CHH,31,0,11.3,1.3,3.7,.339,0.5,1.8,.281,0.7,1.9,.397,.409,0.4,0.4,.917,0.3,1.2,1.5,0.5,0.1,0.1,0.4,0.9,3.4)
(2002,73,Elden Campbell,PF,33,CHH,77,74,28.0,5.0,10.3,.484,0.0,0.0,.000,5.0,10.3,.485,.484,4.0,5.0,.797,1.7,5.2,6.9,1.3,0.8,1.8,1.8,3.4,13.9)
(2002,77,Sam Cassell,PG,32,MIL,74,73,35.2,7.5,16.2,.463,1.0,2.8,.348,6.5,13.4,.486,.492,3.8,4.4,.860,0.7,3.5,4.2,6.7,1.2,0.2,2.4,2.8,19.7)
(2002,Rk,Player,Pos,Age,Tm,G,GS,MP,FG,FGA,FG%,3P,3PA,3P,2P,2PA,2P,eFG%,FT,FTA,FT%,ORB,DRB,TRB,AST,STL,BLK,TOV,PF,PTS)
(2002,84,Speedy Claxton,PG,23,PHI,67,18,22.8,2.7,6.7,.400,0.1,0.5,.121,2.6,6.3,.422,.405,1.7,2.0,.838,0.7,1.7,2.4,3.0,1.4,0.1,1.4,2.2,7.2)
(2002,88,Jason Collier,C,24,HOU,25,2,14.6,1.6,3.8,.432,0.0,0.0,.000,1.6,3.8,.436,.432,1.0,1.3,.750,1.2,2.0,3.3,0.4,0.2,0.2,0.5,1.6,4.2)
(2002,92,Jamal Crawford,PG,21,CHI,23,6,20.9,3.9,8.1,.476,1.1,2.5,.448,2.7,5.6,.488,.545,0.4,0.6,.769,0.2,1.3,1.5,2.4,0.8,0.2,1.4,0.8,9.3)
(2002,96,Vonteego Cummings,PG,25,PHI,58,1,8.6,1.3,3.2,.417,0.2,0.8,.261,1.1,2.4,.468,.449,0.4,0.6,.750,0.2,0.7,0.9,1.0,0.3,0.1,0.6,0.9,3.3)
(2002,100,Samuel Dalembert,C,20,PHI,34,0,5.2,0.6,1.5,.440,0.0,0.0,,0.6,1.5,.440,.440,0.2,0.5,.389,0.7,1.3,2.0,0.1,0.2,0.4,0.4,0.9,1.5)
(2002,103,Antonio Davis,PF,33,TOR,77,77,38.7,5.3,12.5,.426,0.0,0.0,.000,5.3,12.5,.426,.426,3.8,4.6,.818,3.3,6.3,9.6,2.0,0.7,1.1,2.1,2.9,14.5)
(2002,107,Hubert Davis,SG,31,WAS,51,17,24.1,2.9,6.4,.448,1.1,2.5,.452,1.7,3.9,.445,.535,0.3,0.4,.762,0.1,1.4,1.5,2.1,0.5,0.1,0.9,1.1,7.2)
(2002,111,Tony Delk,SG,28,TOT,63,17,23.0,3.6,9.3,.384,1.1,3.4,.313,2.5,5.9,.425,.441,1.2,1.5,.804,0.9,2.3,3.2,2.1,0.8,0.2,0.9,1.6,9.5)
(2002,115,Vlade Divac,C,33,SAC,80,80,30.3,4.2,9.0,.472,0.0,0.2,.231,4.2,8.8,.477,.474,2.6,4.3,.615,2.6,5.8,8.4,3.7,1.0,1.2,2.0,2.9,11.1)
(2002,119,Predrag Drobnjak,C,26,SEA,64,12,18.3,3.0,6.5,.461,0.0,0.0,.000,3.0,6.4,.464,.461,0.9,1.1,.753,1.2,2.3,3.4,0.8,0.3,0.5,0.8,1.7,6.8)
(2002,122,Howard Eisley,PG,29,NYK,39,0,15.6,1.5,4.5,.337,0.4,1.5,.241,1.2,3.0,.385,.377,1.0,1.3,.796,0.2,1.0,1.3,2.6,0.6,0.1,1.4,1.4,4.4)
(2002,126,Maurice Evans,SG,23,MIN,10,0,4.5,0.9,1.9,.474,0.0,0.3,.000,0.9,1.6,.563,.474,0.3,0.4,.750,0.3,0.1,0.4,0.4,0.0,0.0,0.2,0.9,2.1)
(2002,130,Derek Fisher,PG,27,LAL,70,35,28.2,3.9,9.5,.411,2.1,5.0,.413,1.9,4.5,.410,.520,1.3,1.6,.847,0.2,1.9,2.1,2.6,0.9,0.1,0.9,1.7,11.2)
(2002,134,Joseph Forte,SG,20,BOS,8,0,4.9,0.1,1.5,.083,0.0,0.4,.000,0.1,1.1,.111,.083,0.5,0.5,1.000,0.1,0.6,0.8,0.8,0.3,0.0,0.4,0.1,0.8)
(2002,138,Antonis Fotsis,PF,20,MEM,28,1,11.4,1.5,3.7,.404,0.3,0.8,.304,1.3,2.9,.432,.438,0.6,0.7,.850,0.9,1.3,2.2,0.4,0.3,0.4,0.8,0.8,3.9)
(2002,141,Adonal Foyle,C,26,GSW,79,36,18.8,2.2,4.9,.444,0.0,0.0,,2.2,4.9,.444,.444,0.5,1.2,.398,1.9,3.0,4.9,0.5,0.5,2.1,1.0,2.3,4.8)
(2002,145,Dean Garrett,C,35,TOT,34,0,5.4,0.5,1.6,.327,0.0,0.0,,0.5,1.6,.327,.327,0.0,0.1,.000,0.5,1.2,1.7,0.1,0.2,0.3,0.3,0.9,1.1)
(2002,149,Matt Geiger,C,32,PHI,4,0,9.0,0.3,2.0,.125,0.0,0.0,,0.3,2.0,.125,.125,0.3,0.5,.500,0.8,0.8,1.5,0.0,0.0,0.5,0.5,0.5,0.8)
(2002,153,Dion Glover,SG,23,ATL,55,25,21.0,3.5,8.3,.421,0.5,1.7,.330,2.9,6.6,.444,.454,1.4,1.9,.757,0.7,2.4,3.1,1.5,0.8,0.3,1.4,1.6,8.9)
(2002,157,Adrian Griffin,SG,27,DAL,58,34,23.8,3.1,6.2,.499,0.3,0.9,.296,2.8,5.3,.534,.521,0.7,0.8,.837,1.2,2.8,3.9,1.8,1.3,0.2,0.7,2.4,7.2)
(2002,Rk,Player,Pos,Age,Tm,G,GS,MP,FG,FGA,FG%,3P,3PA,3P,2P,2PA,2P,eFG%,FT,FTA,FT%,ORB,DRB,TRB,AST,STL,BLK,TOV,PF,PTS)
(2002,164,Zendon Hamilton,PF,26,DEN,54,15,15.7,1.9,4.5,.420,0.0,0.0,,1.9,4.5,.420,.420,2.2,3.4,.652,2.0,2.6,4.7,0.3,0.4,0.3,1.1,1.9,6.0)
(2002,168,Al Harrington,PF,21,IND,44,1,29.8,5.2,11.0,.475,0.0,0.1,.333,5.2,10.9,.476,.476,2.6,3.3,.799,2.2,4.1,6.3,1.2,0.9,0.5,1.8,3.8,13.1)
(2002,172,Antonio Harvey,PF,31,SEA,5,3,9.4,0.8,2.4,.333,0.0,0.0,,0.8,2.4,.333,.333,0.2,0.4,.500,1.0,0.8,1.8,1.0,0.2,0.6,0.6,1.6,1.8)
(2002,176,Brendan Haywood,C,22,WAS,62,2,20.4,1.8,3.6,.493,0.0,0.0,,1.8,3.6,.493,.493,1.6,2.6,.606,2.3,2.9,5.2,0.5,0.3,1.5,0.8,2.5,5.1)
(2002,180,Tyrone Hill,PF,33,CLE,26,26,31.2,2.7,7.0,.390,0.0,0.0,.000,2.7,7.0,.392,.390,2.6,4.0,.650,3.0,7.5,10.5,0.9,0.7,0.5,1.8,3.9,8.0)
(2002,183,Eddie House,PG,23,MIA,64,3,19.2,3.3,8.2,.399,0.8,2.5,.344,2.4,5.7,.422,.450,0.7,0.8,.857,0.3,1.5,1.7,1.9,0.7,0.1,1.3,1.5,8.0)
(2002,187,Larry Hughes,SG,23,GSW,73,56,28.1,4.7,11.1,.423,0.2,1.3,.194,4.5,9.8,.453,.435,2.6,3.5,.737,1.1,2.2,3.4,4.3,1.5,0.3,2.3,2.1,12.3)
(2002,191,Allen Iverson,SG,26,PHI,60,59,43.7,11.1,27.8,.398,1.3,4.5,.291,9.8,23.4,.419,.422,7.9,9.8,.812,0.7,3.8,4.5,5.5,2.8,0.2,4.0,1.7,31.4)
(2002,195,Jim Jackson,SF,31,MIA,55,19,33.2,4.3,9.8,.442,0.7,1.5,.469,3.6,8.3,.438,.478,1.4,1.6,.862,1.0,4.3,5.3,2.5,0.8,0.3,1.9,2.6,10.7)
(2002,199,Jerome James,C,26,SEA,56,40,16.9,2.4,4.9,.491,0.0,0.0,,2.4,4.9,.491,.491,0.5,1.1,.500,1.6,2.6,4.1,0.4,0.4,1.5,1.3,3.1,5.3)
(2002,202,Antawn Jamison,SF,25,GSW,82,82,37.0,7.5,16.8,.447,0.8,2.6,.324,6.7,14.2,.469,.471,3.9,5.4,.734,2.6,4.2,6.8,2.0,0.9,0.5,2.0,2.3,19.7)
(2002,206,Avery Johnson,PG,36,TOT,68,13,19.9,3.0,6.4,.479,0.0,0.1,.000,3.0,6.3,.485,.479,1.8,2.4,.742,0.2,0.8,1.0,4.2,0.6,0.1,1.1,1.3,7.9)
(2002,210,Alvin Jones,PF,23,PHI,23,2,5.5,0.3,0.9,.400,0.0,0.0,,0.3,0.9,.400,.400,0.4,0.9,.500,0.6,1.0,1.6,0.1,0.1,0.4,0.5,1.5,1.1)
(2002,214,Popeye Jones,PF,31,WAS,79,40,24.3,2.8,6.4,.437,0.1,0.1,.364,2.8,6.3,.439,.441,1.3,1.6,.815,2.9,4.4,7.3,1.6,0.6,0.2,1.1,2.6,7.0)
(2002,218,Jason Kidd,PG,28,NJN,82,82,37.3,5.4,13.9,.391,1.4,4.4,.321,4.0,9.4,.424,.442,2.5,3.0,.814,1.6,5.7,7.3,9.9,2.1,0.2,3.5,1.7,14.7)
(2002,221,Brevin Knight,PG,26,MEM,53,11,21.7,2.7,6.3,.422,0.0,0.2,.250,2.6,6.2,.426,.425,1.6,2.2,.757,0.2,1.8,2.1,5.7,1.5,0.1,2.1,2.5,7.0)
(2002,225,Raef LaFrentz,C,25,TOT,78,76,31.5,5.4,11.8,.458,1.3,3.4,.388,4.1,8.4,.486,.514,1.3,1.9,.695,2.3,5.2,7.4,1.1,0.7,2.7,1.2,3.6,13.5)
(2002,229,Voshon Lenard,SG,28,DEN,71,19,23.5,4.4,10.8,.410,1.3,3.4,.371,3.2,7.5,.427,.467,1.3,1.7,.783,0.5,2.0,2.6,1.8,0.8,0.4,1.3,1.5,11.5)
(2002,233,Art Long,PF,29,SEA,63,27,15.7,1.9,3.9,.492,0.0,0.0,,1.9,3.9,.492,.492,0.7,1.3,.529,1.7,2.3,4.0,0.7,0.3,0.4,1.0,2.9,4.5)
(2002,237,George Lynch,SF,31,CHH,45,18,19.8,1.6,4.4,.369,0.0,0.1,.167,1.6,4.3,.375,.371,0.6,0.9,.625,1.6,2.6,4.1,1.2,0.9,0.3,0.9,1.7,3.8)
(2002,Rk,Player,Pos,Age,Tm,G,GS,MP,FG,FGA,FG%,3P,3PA,3P,2P,2PA,2P,eFG%,FT,FTA,FT%,ORB,DRB,TRB,AST,STL,BLK,TOV,PF,PTS)
(2002,244,Karl Malone*,PF,38,UTA,80,80,38.0,7.9,17.5,.454,0.1,0.3,.360,7.8,17.2,.456,.457,6.4,8.0,.797,1.8,6.8,8.6,4.3,1.9,0.7,3.3,2.9,22.4)
(2002,248,Sean Marks,C,26,MIA,21,6,15.2,1.8,4.2,.432,0.0,0.0,,1.8,4.2,.432,.432,1.0,1.6,.588,0.9,2.7,3.6,0.4,0.2,0.5,0.9,1.9,4.6)
(2002,252,Kenyon Martin,PF,24,NJN,73,73,34.3,6.1,13.2,.463,0.2,0.9,.224,5.9,12.3,.480,.470,2.5,3.7,.678,1.5,3.8,5.3,2.6,1.2,1.7,2.4,3.6,14.9)
(2002,256,Tony Massenburg,PF,34,MEM,73,31,17.1,2.2,4.8,.456,0.0,0.0,1.000,2.2,4.8,.454,.457,1.2,1.6,.718,1.4,3.1,4.4,0.4,0.4,0.4,0.9,2.4,5.5)
(2002,260,Jelani McCoy,C,24,LAL,21,0,5.0,0.6,1.0,.571,0.0,0.0,,0.6,1.0,.571,.571,0.1,0.4,.250,0.4,0.8,1.2,0.3,0.0,0.2,0.4,0.7,1.2)
(2002,263,Jeff McInnis,PG,27,LAC,81,80,37.4,5.7,13.8,.413,0.9,2.9,.321,4.8,11.0,.437,.446,2.3,2.7,.836,0.6,2.1,2.6,6.2,0.8,0.1,1.8,2.5,14.6)
(2002,267,Ron Mercer,SG,25,TOT,53,41,32.4,5.9,14.8,.397,0.3,1.2,.290,5.5,13.6,.406,.408,1.8,2.2,.798,0.9,2.4,3.4,2.4,0.6,0.2,1.7,2.0,13.9)
(2002,271,Brad Miller,C,25,TOT,76,75,29.8,4.8,9.6,.499,0.0,0.1,.429,4.8,9.6,.500,.501,3.9,5.0,.775,3.3,4.9,8.2,2.0,1.0,0.5,1.5,3.2,13.6)
(2002,275,Sam Mitchell,SF,38,MIN,74,10,9.8,1.3,3.1,.432,0.1,0.5,.286,1.2,2.6,.458,.454,0.5,0.7,.776,0.2,0.9,1.1,0.6,0.2,0.1,0.4,1.1,3.3)
(2002,279,Eric Montross,C,30,TOR,49,24,13.4,1.1,2.7,.402,0.0,0.0,.000,1.1,2.7,.405,.402,0.2,0.6,.323,0.7,2.1,2.9,0.3,0.2,0.5,0.5,1.9,2.4)
(2002,282,Hanno Mottola,C,25,ATL,82,14,16.7,2.1,4.7,.440,0.0,0.2,.077,2.0,4.5,.453,.441,0.7,0.9,.750,1.0,2.3,3.3,0.6,0.2,0.2,0.9,2.1,4.8)
(2002,286,Tracy Murray,SF,30,TOR,40,3,11.8,2.1,5.2,.411,1.0,2.6,.385,1.1,2.6,.437,.507,0.4,0.5,.810,0.5,0.9,1.3,0.5,0.3,0.2,0.6,1.0,5.7)
(2002,290,Eduardo Najera,PF,25,DAL,62,11,21.9,2.4,4.8,.500,0.0,0.0,.000,2.4,4.8,.503,.500,1.6,2.4,.676,2.4,3.1,5.5,0.6,0.9,0.5,0.6,2.5,6.5)
(2002,294,Ira Newble,SF,27,ATL,42,35,30.3,3.1,6.3,.498,0.0,0.2,.143,3.1,6.1,.508,.500,1.8,2.1,.852,1.9,3.4,5.3,1.1,0.9,0.5,1.2,2.8,8.0)
(2002,298,Jermaine O'Neal,PF,23,IND,72,72,37.6,7.5,15.7,.479,0.0,0.2,.071,7.5,15.5,.484,.480,3.9,5.7,.688,2.6,7.9,10.5,1.6,0.6,2.3,2.4,3.7,19.0)
(2002,301,Lamar Odom,SF,22,LAC,29,25,34.4,5.2,12.4,.419,0.6,2.9,.190,4.7,9.5,.489,.442,2.1,3.2,.656,1.1,5.0,6.1,5.9,0.8,1.2,3.3,3.1,13.1)
(2002,305,Michael Olowokandi,C,26,LAC,80,79,32.1,4.8,11.1,.433,0.0,0.0,,4.8,11.1,.433,.433,1.5,2.4,.622,2.1,6.8,8.9,1.1,0.7,1.8,2.2,2.7,11.1)
(2002,309,Olumide Oyedeji,C,20,SEA,36,1,6.1,0.6,1.1,.537,0.0,0.0,,0.6,1.1,.537,.537,0.3,0.5,.611,0.8,1.4,2.2,0.1,0.1,0.1,0.4,1.0,1.5)
(2002,313,Tony Parker,PG,19,SAS,77,72,29.4,3.5,8.3,.419,0.8,2.5,.323,2.7,5.8,.460,.467,1.4,2.1,.675,0.4,2.1,2.6,4.3,1.2,0.1,2.0,2.2,9.2)
(2002,317,Anthony Peeler,SG,32,MIN,82,0,25.1,3.5,8.3,.421,1.4,3.5,.392,2.2,4.9,.441,.502,0.6,0.7,.862,0.5,2.1,2.5,2.2,0.7,0.1,0.9,1.7,9.0)
(2002,Rk,Player,Pos,Age,Tm,G,GS,MP,FG,FGA,FG%,3P,3PA,3P,2P,2PA,2P,eFG%,FT,FTA,FT%,ORB,DRB,TRB,AST,STL,BLK,TOV,PF,PTS)
(2002,324,Scottie Pippen*,SF,36,POR,62,60,32.2,4.0,9.7,.411,0.9,2.9,.305,3.1,6.8,.455,.456,1.8,2.4,.774,1.2,3.9,5.2,5.9,1.6,0.6,2.8,2.6,10.6)
(2002,328,James Posey,SF,25,DEN,73,63,30.7,3.8,10.1,.376,0.9,3.2,.283,2.9,6.8,.421,.422,2.2,2.8,.793,1.5,4.4,5.9,2.5,1.6,0.5,1.7,3.1,10.7)
(2002,332,Joel Przybilla,C,22,MIL,71,62,15.9,1.1,2.0,.535,0.0,0.0,.000,1.1,2.0,.539,.535,0.5,1.3,.422,1.1,2.9,4.0,0.3,0.3,1.7,0.6,2.8,2.7)
(2002,336,Zeljko Rebraca,C,29,DET,74,4,15.9,2.6,5.1,.505,0.0,0.0,,2.6,5.1,.505,.505,1.8,2.4,.771,1.1,2.8,3.9,0.5,0.4,1.0,1.1,2.6,6.9)
(2002,340,Glen Rice,SF,34,HOU,20,20,30.3,3.3,8.4,.389,0.9,3.2,.281,2.4,5.2,.456,.443,1.2,1.5,.800,0.3,2.1,2.4,1.6,0.6,0.2,1.2,1.7,8.6)
(2002,343,Quentin Richardson,SG,21,LAC,81,0,26.6,4.9,11.4,.432,1.6,4.3,.381,3.3,7.1,.463,.504,1.8,2.3,.765,1.4,2.7,4.1,1.6,1.0,0.3,1.3,1.8,13.3)
(2002,347,David Robinson*,C,36,SAS,78,78,29.5,4.4,8.6,.507,0.0,0.0,,4.4,8.6,.507,.507,3.4,5.1,.681,2.4,5.8,8.3,1.2,1.1,1.8,1.3,2.5,12.2)
(2002,351,Carlos Rogers,C,30,IND,22,1,7.6,1.1,2.0,.558,0.0,0.3,.167,1.0,1.7,.622,.570,0.5,0.9,.526,0.6,1.1,1.7,0.1,0.2,0.3,0.2,0.8,2.7)
(2002,355,Malik Rose,PF,27,SAS,82,1,21.0,3.6,7.7,.463,0.0,0.1,.083,3.6,7.6,.470,.464,2.3,3.1,.720,2.1,3.9,6.0,0.7,0.9,0.5,1.7,2.5,9.4)
(2002,359,Jeryl Sasser,SG,22,ORL,7,0,5.1,0.4,2.0,.214,0.0,0.0,,0.4,2.0,.214,.214,0.6,0.7,.800,0.4,0.6,1.0,0.3,0.4,0.0,0.3,0.4,1.4)
(2002,362,Shawnelle Scott,C,29,DEN,21,10,12.0,1.8,3.6,.493,0.0,0.0,,1.8,3.6,.493,.493,0.4,1.0,.400,2.5,2.4,4.9,0.4,0.1,0.3,0.7,2.3,3.9)
(2002,366,Dickey Simpkins,PF,29,ATL,1,0,3.0,0.0,0.0,,0.0,0.0,,0.0,0.0,,,0.0,0.0,,0.0,0.0,0.0,1.0,0.0,0.0,0.0,0.0,0.0)
(2002,370,Jabari Smith,C,24,TOT,23,0,7.9,1.1,2.7,.413,0.0,0.1,.000,1.1,2.6,.433,.413,0.9,1.4,.656,0.3,0.9,1.2,0.5,0.3,0.3,0.2,1.3,3.2)
(2002,374,Eric Snow,PG,28,PHI,61,61,36.5,4.5,10.2,.442,0.0,0.4,.111,4.5,9.8,.457,.445,3.0,3.7,.806,0.5,3.0,3.5,6.6,1.6,0.1,2.3,2.7,12.1)
(2002,378,Jerry Stackhouse,SF,27,DET,76,76,35.3,6.9,17.4,.397,1.1,3.9,.287,5.8,13.4,.430,.430,6.5,7.6,.858,1.0,3.1,4.1,5.3,1.0,0.5,3.5,2.1,21.4)
(2002,381,DeShawn Stevenson,SG,20,UTA,67,23,16.9,2.1,5.5,.385,0.0,0.4,.080,2.1,5.2,.408,.388,0.6,0.8,.698,0.7,1.3,2.0,1.7,0.4,0.4,1.0,1.2,4.9)
(2002,385,Peja Stojakovic,SF,24,SAC,71,71,37.3,7.7,15.9,.484,1.8,4.4,.416,5.9,11.5,.510,.541,4.0,4.5,.876,1.0,4.2,5.3,2.5,1.1,0.2,2.0,1.7,21.2)
(2002,389,Rod Strickland,PG,35,MIA,76,64,30.2,4.2,9.4,.443,0.1,0.3,.308,4.1,9.1,.448,.448,2.0,2.6,.766,0.6,2.4,3.1,6.1,1.1,0.1,2.1,1.5,10.4)
(2002,393,Wally Szczerbiak,SF,24,MIN,82,82,38.0,7.4,14.6,.508,1.1,2.3,.455,6.4,12.3,.517,.544,2.8,3.3,.831,1.5,3.3,4.8,3.1,0.8,0.3,2.2,2.3,18.7)
(2002,397,Kurt Thomas,C,29,NYK,82,82,33.8,5.6,11.4,.494,0.0,0.1,.167,5.6,11.4,.496,.494,2.6,3.2,.815,2.6,6.5,9.1,1.1,0.9,1.0,1.9,4.2,13.9)
(2002,Rk,Player,Pos,Age,Tm,G,GS,MP,FG,FGA,FG%,3P,3PA,3P,2P,2PA,2P,eFG%,FT,FTA,FT%,ORB,DRB,TRB,AST,STL,BLK,TOV,PF,PTS)
(2002,404,Jake Tsakalidis,C,22,PHO,67,47,23.6,2.8,6.0,.475,0.0,0.0,.000,2.8,6.0,.476,.475,1.7,2.4,.698,1.9,3.6,5.6,0.3,0.3,1.0,1.2,2.9,7.3)
(2002,408,Ratko Varda,C,22,DET,1,0,6.0,2.0,3.0,.667,0.0,0.0,,2.0,3.0,.667,.667,1.0,1.0,1.000,0.0,1.0,1.0,0.0,0.0,0.0,1.0,3.0,5.0)
(2002,412,Samaki Walker,PF,25,LAL,69,63,24.0,2.7,5.3,.512,0.0,0.0,,2.7,5.3,.512,.512,1.2,1.9,.667,1.9,5.1,7.0,0.9,0.4,1.3,0.8,2.5,6.7)
(2002,416,Rasheed Wallace,PF,27,POR,79,79,37.5,7.6,16.3,.469,1.4,4.0,.360,6.2,12.3,.504,.513,2.5,3.5,.734,1.7,6.4,8.2,1.9,1.3,1.3,1.7,2.7,19.3)
(2002,420,Chris Webber,PF,28,SAC,54,54,38.4,9.9,19.9,.495,0.1,0.4,.263,9.8,19.6,.499,.497,4.7,6.3,.749,2.8,7.3,10.1,4.8,1.7,1.4,2.9,3.4,24.5)
(2002,423,Jahidi White,C,25,WAS,71,69,19.0,2.1,3.9,.538,0.0,0.0,,2.1,3.9,.538,.538,1.2,2.2,.539,2.2,4.0,6.3,0.2,0.4,1.1,0.9,2.3,5.4)
(2002,427,Alvin Williams,PG,27,TOR,82,82,35.7,4.9,11.8,.415,0.8,2.4,.321,4.2,9.5,.438,.447,1.3,1.7,.736,0.7,2.7,3.4,5.7,1.6,0.3,1.8,2.3,11.8)
(2002,431,Monty Williams,SF,30,ORL,68,19,18.9,2.9,5.3,.547,0.0,0.1,.000,2.9,5.3,.553,.547,1.3,2.0,.657,1.2,2.3,3.5,1.4,0.7,0.3,1.3,2.0,7.1)
(2002,435,Corliss Williamson,SF,28,DET,78,7,21.8,5.3,10.3,.510,0.0,0.1,.200,5.3,10.3,.512,.511,3.1,3.8,.805,1.5,2.6,4.1,1.2,0.6,0.3,1.8,2.9,13.6)
(2002,439,Lorenzen Wright,C,26,MEM,43,33,29.1,5.2,11.3,.459,0.0,0.0,.000,5.2,11.3,.461,.459,1.6,2.9,.569,3.0,6.4,9.4,1.0,0.7,0.5,1.7,2.9,12.0)
