(2002,3,Courtney Alexander,SG,24,WAS,56,28,23.7,4.0,8.5,.470,0.1,0.3,.278,3.9,8.1,.478,.476,1.8,2.2,.810,0.8,1.9,2.6,1.5,0.6,0.1,1.1,2.0,9.8)
(2002,7,Rafer Alston,PG,25,MIL,50,7,12.0,1.3,3.8,.346,0.5,1.4,.380,0.8,2.4,.325,.416,0.4,0.6,.621,0.2,1.2,1.4,2.9,0.6,0.0,0.8,0.8,3.5)
(2002,11,Kenny Anderson,PG,31,BOS,76,76,32.0,4.1,9.4,.436,0.1,0.4,.273,4.0,9.0,.444,.442,1.3,1.7,.742,0.8,2.9,3.6,5.3,1.9,0.1,1.6,2.8,9.6)
(2002,15,Gilbert Arenas,PG,20,GSW,47,30,24.6,3.7,8.2,.453,0.8,2.4,.345,2.9,5.8,.498,.504,2.6,3.4,.775,0.9,1.9,2.8,3.7,1.5,0.2,2.1,2.4,10.9)
(2002,19,Chucky Atkins,PG,27,DET,79,62,28.9,4.7,10.0,.466,1.7,4.3,.411,2.9,5.7,.507,.553,1.1,1.5,.692,0.4,1.6,2.0,3.3,0.9,0.1,1.6,2.2,12.1)
(2002,22,William Avery,PG,22,MIN,28,0,9.2,0.9,3.2,.289,0.2,1.3,.171,0.7,2.0,.364,.322,0.5,0.7,.684,0.1,0.7,0.9,1.3,0.3,0.0,0.7,0.6,2.5)
(2002,26,Dana Barros,PG,34,DET,29,20,20.1,2.6,6.6,.385,0.8,2.4,.338,1.7,4.2,.413,.448,0.7,0.9,.778,0.0,1.9,2.0,2.7,0.5,0.1,1.1,1.3,6.7)
(2002,30,Tony Battie,C,25,BOS,74,73,24.6,2.9,5.3,.541,0.0,0.0,.000,2.9,5.2,.544,.541,1.2,1.8,.677,2.5,4.0,6.5,0.5,0.8,0.9,0.7,3.0,6.9)
(2002,34,Jonathan Bender,SF,21,IND,78,17,21.1,2.5,5.9,.430,0.6,1.6,.360,2.0,4.3,.457,.479,1.8,2.3,.773,0.8,2.3,3.1,0.8,0.2,0.6,1.2,1.9,7.4)
(2002,38,Mookie Blaylock,PG,34,GSW,35,0,17.1,1.4,4.2,.342,0.4,1.2,.357,1.0,3.0,.337,.394,0.1,0.2,.500,0.2,1.3,1.5,3.3,0.7,0.1,1.1,0.6,3.4)
(2002,41,Calvin Booth,C,25,SEA,15,15,18.6,2.3,5.5,.427,0.0,0.0,,2.3,5.5,.427,.427,1.5,1.6,.958,1.3,2.3,3.6,1.1,0.4,0.9,1.1,3.1,6.2)
(2002,45,Ryan Bowen,SF,26,DEN,75,21,22.5,2.0,4.1,.479,0.0,0.2,.083,1.9,3.9,.495,.480,0.9,1.2,.750,1.8,2.2,4.0,0.7,1.0,0.5,0.5,2.3,4.9)
(2002,49,Shawn Bradley,C,29,DAL,53,16,14.3,1.5,3.1,.479,0.0,0.0,.000,1.5,3.1,.481,.479,1.1,1.2,.922,1.0,2.3,3.3,0.4,0.5,1.2,0.5,2.4,4.1)
(2002,53,Primoz Brezec,C,22,IND,22,4,7.3,0.6,1.3,.483,0.0,0.0,,0.6,1.3,.483,.483,0.7,1.1,.600,0.7,0.5,1.3,0.3,0.0,0.3,0.3,1.3,2.0)
(2002,57,Ernest Brown,C,22,MIA,3,0,7.0,0.3,2.0,.167,0.0,0.0,,0.3,2.0,.167,.167,0.3,1.3,.250,0.3,1.7,2.0,0.0,0.0,0.3,1.0,1.3,1.0)
(2002,Rk,Player,Pos,Age,Tm,G,GS,MP,FG,FGA,FG%,3P,3PA,3P,2P,2PA,2P,eFG%,FT,FTA,FT%,ORB,DRB,TRB,AST,STL,BLK,TOV,PF,PTS)
(2002,64,Kobe Bryant,SG,23,LAL,80,80,38.3,9.4,20.0,.469,0.4,1.7,.250,9.0,18.3,.489,.479,6.1,7.4,.829,1.4,4.1,5.5,5.5,1.5,0.4,2.8,2.9,25.2)
(2002,68,Rodney Buford,SG,24,MEM,63,21,28.1,4.1,9.4,.435,0.3,1.1,.243,3.8,8.3,.461,.449,0.9,1.3,.725,0.8,3.5,4.3,1.1,0.7,0.2,1.0,1.7,9.4)
(2002,72,Marcus Camby,C,27,NYK,29,29,34.7,4.5,10.0,.448,0.0,0.0,.000,4.5,10.0,.450,.448,2.1,3.4,.626,3.1,8.0,11.1,1.1,1.2,1.7,1.4,3.7,11.1)
(2002,76,Vince Carter,SG,25,TOR,60,60,39.8,9.3,21.8,.428,2.0,5.2,.387,7.3,16.6,.441,.474,4.1,5.1,.798,2.3,2.9,5.2,4.0,1.6,0.7,2.6,3.2,24.7)
(2002,80,Calbert Cheaney,SG,30,DEN,68,47,24.0,3.3,6.9,.481,0.0,0.1,.000,3.3,6.8,.485,.481,0.7,1.0,.687,0.8,2.7,3.5,1.6,0.5,0.3,1.0,2.3,7.3)
(2002,83,Keon Clark,C,26,TOR,81,31,27.0,4.7,9.6,.490,0.0,0.1,.000,4.7,9.5,.494,.490,1.9,2.8,.674,2.2,5.2,7.4,1.1,0.7,1.5,1.7,3.2,11.3)
(2002,87,Bimbo Coles,PG,33,CLE,47,1,14.7,1.2,3.1,.384,0.1,0.4,.200,1.1,2.7,.413,.397,0.7,0.8,.892,0.3,0.9,1.2,2.3,0.3,0.1,0.7,1.3,3.2)
(2002,91,Chris Crawford,PF,26,ATL,7,4,18.7,3.0,6.4,.467,0.0,0.1,.000,3.0,6.3,.477,.467,1.6,2.1,.733,1.3,2.3,3.6,0.7,0.3,0.7,1.4,3.0,7.6)
(2002,95,John Crotty,PG,32,UTA,41,0,19.6,2.4,5.1,.471,0.8,1.7,.449,1.6,3.4,.482,.546,1.4,1.6,.864,0.4,1.4,1.8,3.4,0.5,0.0,1.2,1.9,6.9)
(2002,99,Michael Curry,SG,33,DET,82,75,23.3,1.5,3.4,.453,0.1,0.3,.269,1.4,3.0,.472,.466,0.9,1.1,.791,0.2,1.9,2.0,1.5,0.6,0.1,0.7,2.5,4.0)
(2002,102,Antonio Daniels,SG,26,SAS,82,13,26.5,3.3,7.5,.440,0.7,2.4,.291,2.6,5.1,.510,.486,1.9,2.6,.752,0.3,1.9,2.1,2.8,0.6,0.1,0.9,1.3,9.2)
(2002,106,Emanual Davis,PG,33,ATL,28,20,27.6,2.5,7.1,.354,1.0,3.0,.341,1.5,4.0,.363,.427,0.6,0.6,.889,0.7,2.0,2.6,2.4,1.0,0.2,1.9,2.4,6.6)
(2002,110,Vinny Del Negro,PG,35,PHO,2,0,3.0,0.5,2.0,.250,0.0,0.0,,0.5,2.0,.250,.250,0.0,0.0,,0.0,0.0,0.0,1.0,0.0,0.0,0.0,0.0,1.0)
(2002,114,DeSagana Diop,C,20,CLE,18,1,6.1,0.7,1.6,.414,0.0,0.0,,0.7,1.6,.414,.414,0.1,0.3,.200,0.3,0.7,0.9,0.3,0.1,0.6,0.7,1.1,1.4)
(2002,118,Bryce Drew,PG,27,CHH,61,0,12.7,1.3,3.0,.429,0.5,1.2,.425,0.8,1.8,.431,.514,0.4,0.5,.793,0.2,1.0,1.2,1.7,0.5,0.0,0.5,0.8,3.4)
(2002,121,Tim Duncan,PF,25,SAS,82,82,40.6,9.3,18.3,.508,0.0,0.1,.100,9.3,18.2,.511,.508,6.8,8.5,.799,3.3,9.4,12.7,3.7,0.7,2.5,3.2,2.6,25.5)
(2002,125,Evan Eschmeyer,C,26,DAL,31,6,9.6,0.7,1.6,.420,0.0,0.0,,0.7,1.6,.420,.420,0.6,1.1,.606,1.1,2.0,3.2,0.3,0.3,0.3,0.5,1.9,2.0)
(2002,129,Michael Finley,SF,28,DAL,69,69,39.9,8.2,17.8,.463,1.1,3.2,.339,7.1,14.6,.491,.494,3.0,3.6,.837,1.3,3.9,5.2,3.3,0.9,0.4,1.7,2.1,20.6)
(2002,133,Alton Ford,PF,20,PHO,53,0,8.5,1.2,2.2,.517,0.0,0.0,,1.2,2.2,.517,.517,0.8,1.1,.737,0.6,1.4,2.0,0.1,0.1,0.1,0.6,1.9,3.1)
(2002,137,Jeff Foster,C,25,IND,82,48,21.8,2.2,4.8,.449,0.0,0.2,.133,2.1,4.6,.462,.452,1.4,2.2,.610,2.5,4.3,6.8,0.9,0.9,0.5,1.0,2.8,5.7)
(2002,Rk,Player,Pos,Age,Tm,G,GS,MP,FG,FGA,FG%,3P,3PA,3P,2P,2PA,2P,eFG%,FT,FTA,FT%,ORB,DRB,TRB,AST,STL,BLK,TOV,PF,PTS)
(2002,144,Kevin Garnett,PF,25,MIN,81,81,39.2,8.1,17.3,.470,0.5,1.4,.319,7.7,15.9,.484,.484,4.4,5.5,.801,3.0,9.1,12.1,5.2,1.2,1.6,2.8,2.3,21.2)
(2002,148,Chris Gatling,PF,34,MIA,54,1,15.0,2.4,5.4,.447,0.0,0.1,.125,2.4,5.3,.456,.449,1.5,2.2,.701,1.3,2.5,3.8,0.5,0.3,0.2,1.1,2.0,6.4)
(2002,152,Kendall Gill,SG,33,MIA,65,49,21.7,2.5,6.5,.384,0.1,0.7,.136,2.4,5.8,.413,.391,0.6,1.0,.677,0.4,2.4,2.8,1.5,0.7,0.1,0.8,2.2,5.7)
(2002,156,Horace Grant,C,36,ORL,76,76,29.1,3.5,6.8,.513,0.0,0.0,,3.5,6.8,.513,.513,1.1,1.5,.721,2.1,4.2,6.3,1.4,0.8,0.6,0.7,1.6,8.0)
(2002,160,A.J. Guyton,PG,23,CHI,45,6,13.5,2.0,5.4,.361,1.0,2.7,.374,0.9,2.7,.347,.455,0.5,0.6,.815,0.3,0.7,1.0,1.8,0.2,0.2,0.8,0.5,5.4)
(2002,163,Tang Hamilton,SF,23,MIA,9,2,10.9,1.1,2.1,.526,0.0,0.1,.000,1.1,2.0,.556,.526,0.0,0.1,.000,0.7,1.3,2.0,0.6,0.4,0.0,0.2,1.1,2.2)
(2002,167,Matt Harpring,SF,25,PHI,81,81,31.4,4.8,10.3,.461,0.3,0.9,.304,4.5,9.5,.475,.473,2.0,2.7,.743,2.5,4.6,7.1,1.3,0.9,0.1,1.6,2.5,11.8)
(2002,171,Jason Hart,PG,23,SAS,10,0,9.2,1.0,1.9,.526,0.0,0.2,.000,1.0,1.7,.588,.526,0.6,0.6,1.000,0.4,0.9,1.3,1.2,0.7,0.1,0.8,1.6,2.6)
(2002,175,Kirk Haston,PF,22,CHH,15,0,5.1,0.7,2.6,.282,0.0,0.2,.000,0.7,2.4,.306,.282,0.3,0.5,.500,0.3,1.0,1.3,0.3,0.0,0.1,0.2,0.6,1.7)
(2002,179,Grant Hill,SF,29,ORL,14,14,36.6,5.9,13.9,.426,0.0,0.1,.000,5.9,13.8,.430,.426,4.9,5.7,.863,2.1,6.9,8.9,4.6,0.6,0.3,2.6,2.9,16.8)
(2002,182,Robert Horry,PF,31,LAL,81,23,26.4,2.3,5.7,.398,0.9,2.5,.374,1.3,3.2,.416,.480,1.3,1.7,.783,1.6,4.3,5.9,2.9,1.0,1.1,1.1,2.6,6.8)
(2002,186,Troy Hudson,PG,25,ORL,81,4,22.9,4.4,10.1,.434,0.8,2.3,.353,3.6,7.8,.459,.475,2.2,2.5,.876,0.4,1.4,1.8,3.1,0.7,0.1,2.0,1.5,11.7)
(2002,190,Zydrunas Ilgauskas,C,26,CLE,62,23,21.4,3.9,9.1,.425,0.0,0.1,.000,3.9,9.1,.429,.425,3.4,4.5,.754,2.2,3.2,5.4,1.1,0.3,1.4,1.5,3.0,11.1)
(2002,194,Jermaine Jackson,SG,25,TOR,24,0,11.7,0.8,1.8,.476,0.0,0.1,.500,0.8,1.7,.475,.488,0.7,1.0,.667,0.1,1.0,1.1,2.4,0.4,0.0,0.6,1.0,2.4)
(2002,198,Stephen Jackson,SF,23,SAS,23,1,9.9,1.5,4.0,.374,0.4,1.6,.250,1.1,2.4,.455,.423,0.5,0.7,.706,0.1,1.0,1.1,0.5,0.7,0.1,1.0,1.3,3.9)
(2002,201,Tim James,SF,25,PHI,9,0,4.6,0.6,1.4,.385,0.0,0.0,,0.6,1.4,.385,.385,0.2,0.7,.333,0.6,0.2,0.8,0.1,0.0,0.1,0.3,0.6,1.3)
(2002,205,Anthony Johnson,SG,27,NJN,34,0,10.8,1.1,2.6,.411,0.1,0.4,.333,1.0,2.3,.423,.433,0.5,0.7,.640,0.3,0.6,0.9,1.4,0.9,0.0,0.6,0.9,2.8)
(2002,209,Joe Johnson,SG,20,TOT,77,60,24.9,3.3,7.6,.430,0.5,1.7,.292,2.8,5.9,.469,.462,0.5,0.7,.774,1.0,2.4,3.3,2.3,0.8,0.3,0.9,1.5,7.5)
(2002,213,Jumaine Jones,PF,22,CLE,81,36,26.4,3.5,7.9,.448,0.6,2.1,.310,2.9,5.8,.498,.489,0.6,0.8,.662,1.5,4.5,6.0,1.4,0.9,0.6,1.0,2.3,8.3)
(2002,217,Steve Kerr,PG,36,POR,65,0,11.9,1.6,3.3,.470,0.4,1.0,.394,1.2,2.3,.503,.530,0.6,0.6,.975,0.1,0.8,0.9,1.0,0.2,0.0,0.4,0.8,4.1)
(2002,Rk,Player,Pos,Age,Tm,G,GS,MP,FG,FGA,FG%,3P,3PA,3P,2P,2PA,2P,eFG%,FT,FTA,FT%,ORB,DRB,TRB,AST,STL,BLK,TOV,PF,PTS)
(2002,224,Christian Laettner,PF,32,WAS,57,48,25.3,2.9,6.4,.464,0.0,0.2,.200,2.9,6.2,.472,.467,1.2,1.3,.868,1.3,4.0,5.3,2.6,1.1,0.4,1.5,2.3,7.1)
(2002,228,Rusty LaRue,PG,28,UTA,33,0,16.4,2.2,5.6,.395,0.5,1.5,.340,1.7,4.1,.415,.441,0.9,1.1,.857,0.3,1.2,1.5,2.2,0.5,0.2,1.3,1.8,5.8)
(2002,232,Randy Livingston,PG,26,SEA,13,0,13.5,1.2,4.2,.278,0.1,0.6,.125,1.1,3.5,.304,.287,0.8,0.8,.909,0.7,1.2,1.9,2.0,0.7,0.2,0.2,0.8,3.2)
(2002,236,Tyronn Lue,PG,24,WAS,71,0,20.5,3.1,7.3,.427,0.9,2.0,.447,2.2,5.3,.420,.488,0.7,0.9,.762,0.2,1.5,1.7,3.5,0.7,0.0,1.4,1.7,7.8)
(2002,240,Mark Madsen,PF,26,LAL,59,5,11.0,1.1,2.5,.452,0.0,0.0,.000,1.1,2.4,.458,.452,0.6,0.9,.648,1.5,1.2,2.7,0.7,0.3,0.2,0.4,1.8,2.8)
(2002,243,Dan Majerle,SG,36,PHO,65,1,18.2,1.5,4.4,.343,1.2,3.6,.336,0.3,0.8,.370,.479,0.4,0.6,.590,0.4,2.3,2.7,1.4,0.7,0.2,0.5,1.6,4.6)
(2002,247,Shawn Marion,SF,23,PHO,81,81,38.4,8.1,17.2,.469,0.6,1.5,.393,7.5,15.7,.476,.486,2.4,2.8,.845,2.6,7.3,9.9,2.0,1.8,1.1,1.8,2.6,19.1)
(2002,251,Darrick Martin,PG,30,DAL,3,0,7.3,0.0,3.3,.000,0.0,0.7,.000,0.0,2.7,.000,.000,0.3,0.7,.500,0.0,0.3,0.3,1.0,0.7,0.0,0.3,1.3,0.3)
(2002,255,Desmond Mason,SF,24,SEA,75,20,32.3,4.8,10.3,.464,0.2,0.8,.271,4.5,9.5,.480,.475,2.7,3.2,.848,1.2,3.5,4.7,1.4,0.9,0.4,1.4,2.3,12.4)
(2002,259,George McCloud,SF,34,DEN,69,26,26.5,3.0,8.3,.358,0.9,3.2,.270,2.1,5.1,.412,.410,1.9,2.4,.810,1.0,2.7,3.6,3.0,0.8,0.3,2.1,2.5,8.8)
(2002,262,Tracy McGrady,SG,22,ORL,76,76,38.3,9.4,20.9,.451,1.4,3.7,.364,8.1,17.1,.470,.483,5.5,7.3,.748,2.0,5.9,7.9,5.3,1.6,1.0,2.5,1.8,25.6)
(2002,266,Stanislav Medvedenko,C,22,LAL,71,6,10.3,2.0,4.3,.477,0.0,0.1,.000,2.0,4.2,.483,.477,0.6,0.9,.661,1.2,1.0,2.2,0.6,0.4,0.2,0.6,1.7,4.7)
(2002,270,Andre Miller,PG,25,CLE,81,81,37.3,5.9,12.9,.454,0.3,1.1,.253,5.6,11.8,.472,.464,4.5,5.5,.817,1.3,3.3,4.7,10.9,1.6,0.4,3.0,2.8,16.5)
(2002,274,Chris Mills,SF,32,GSW,66,0,18.7,2.7,6.5,.417,0.7,1.9,.378,2.0,4.5,.433,.473,1.3,1.6,.794,0.8,2.1,2.9,1.1,0.5,0.2,0.8,1.8,7.4)
(2002,278,Jerome Moiso,C,23,CHH,15,0,5.1,0.5,1.3,.400,0.0,0.0,,0.5,1.3,.400,.400,0.0,0.0,,0.3,1.4,1.7,0.3,0.2,0.1,0.5,0.8,1.1)
(2002,281,Terence Morris,SF,23,HOU,68,12,16.3,1.6,4.3,.384,0.2,1.1,.192,1.4,3.1,.455,.410,0.3,0.4,.643,1.1,2.0,3.1,0.9,0.3,0.4,0.7,1.1,3.8)
(2002,285,Lamond Murray,SF,28,CLE,71,68,32.6,6.1,13.9,.436,1.4,3.4,.424,4.6,10.5,.440,.487,3.0,3.7,.817,1.1,4.1,5.2,2.2,1.0,0.6,2.0,2.1,16.6)
(2002,289,Lee Nailon,SF,26,CHH,79,41,24.2,4.7,9.7,.483,0.0,0.0,.500,4.7,9.6,.483,.484,1.4,1.9,.747,1.3,2.4,3.7,1.2,0.7,0.2,1.2,2.2,10.8)
(2002,293,Rasho Nesterovic,C,25,MIN,82,82,27.0,4.0,8.0,.493,0.0,0.0,.000,4.0,8.0,.494,.493,0.5,0.9,.549,2.4,4.1,6.5,0.9,0.5,1.3,1.1,3.2,8.4)
(2002,297,Dirk Nowitzki,C,23,DAL,76,76,38.0,7.9,16.6,.477,1.8,4.6,.397,6.1,11.9,.508,.532,5.8,6.8,.853,1.6,8.4,9.9,2.4,1.1,1.0,1.9,2.9,23.4)
(2002,Rk,Player,Pos,Age,Tm,G,GS,MP,FG,FGA,FG%,3P,3PA,3P,2P,2PA,2P,eFG%,FT,FTA,FT%,ORB,DRB,TRB,AST,STL,BLK,TOV,PF,PTS)
(2002,304,Kevin Ollie,PG,29,TOT,81,17,21.3,1.7,4.4,.388,0.0,0.0,.500,1.7,4.3,.387,.390,2.3,2.8,.824,0.3,2.0,2.3,3.6,0.8,0.0,1.3,1.2,5.7)
(2002,308,Doug Overton,PG,32,LAC,18,0,7.2,0.8,2.4,.318,0.4,1.5,.259,0.4,0.9,.412,.398,0.2,0.4,.571,0.1,0.6,0.7,0.7,0.2,0.1,0.7,0.6,2.2)
(2002,312,Milt Palacio,PG-SG,23,TOT,69,1,11.4,1.2,3.1,.383,0.2,0.6,.317,1.0,2.5,.399,.414,0.8,1.1,.730,0.2,0.9,1.1,1.2,0.4,0.1,0.6,0.9,3.3)
(2002,316,Gary Payton*,PG,33,SEA,82,82,40.3,9.0,19.2,.467,0.9,2.9,.314,8.1,16.4,.494,.490,3.3,4.1,.797,1.0,3.9,4.8,9.0,1.6,0.3,2.5,2.2,22.1)
(2002,320,Wesley Person,SG,30,CLE,78,78,35.8,6.0,12.1,.495,1.8,4.1,.444,4.2,8.0,.521,.570,1.3,1.6,.798,0.6,3.1,3.8,2.2,1.0,0.5,0.9,1.2,15.1)
(2002,323,Paul Pierce,SG,24,BOS,82,82,40.3,8.6,19.5,.442,2.6,6.3,.404,6.1,13.1,.461,.508,6.3,7.8,.809,1.0,5.9,6.9,3.2,1.9,1.0,2.9,2.9,26.1)
(2002,327,Terry Porter,PG,38,SAS,72,0,18.0,1.9,4.5,.424,0.8,2.0,.415,1.1,2.5,.430,.516,0.9,1.2,.819,0.2,2.1,2.3,2.8,0.6,0.2,1.2,1.2,5.5)
(2002,331,Brent Price,PG,33,SAC,20,0,4.5,0.5,1.4,.333,0.2,0.8,.267,0.3,0.6,.417,.407,0.5,0.7,.692,0.2,0.2,0.4,0.5,0.2,0.1,0.5,0.7,1.6)
(2002,335,Theo Ratliff,C,28,ATL,3,2,27.3,3.3,6.7,.500,0.0,0.0,,3.3,6.7,.500,.500,2.0,3.7,.545,1.7,3.7,5.3,0.3,0.3,2.7,2.3,2.7,8.7)
(2002,339,Don Reid,PF,28,ORL,68,5,10.5,1.3,2.8,.474,0.0,0.0,,1.3,2.8,.474,.474,0.6,1.0,.647,1.0,1.6,2.6,0.4,0.3,0.6,0.8,2.6,3.3)
(2002,342,Norm Richardson,SG,22,TOT,11,0,6.1,0.9,2.4,.385,0.4,0.7,.500,0.5,1.6,.333,.462,0.5,0.8,.667,0.3,0.5,0.7,0.2,0.0,0.0,0.3,0.5,2.7)
(2002,346,Clifford Robinson,PF,35,DET,80,80,35.7,5.7,13.4,.425,1.4,3.8,.378,4.2,9.6,.443,.478,1.8,2.6,.694,1.0,3.8,4.8,2.5,1.1,1.2,1.9,3.0,14.6)
(2002,350,Larry Robinson,SG,34,NYK,2,0,5.0,0.5,2.0,.250,0.5,1.0,.500,0.0,1.0,.000,.375,0.0,0.0,,0.0,1.0,1.0,0.0,0.0,0.0,0.0,0.5,1.5)
(2002,354,Jalen Rose,SF,29,TOT,83,83,38.0,8.0,17.6,.455,1.1,3.0,.362,6.9,14.6,.474,.485,3.4,4.0,.839,0.5,4.0,4.5,4.3,0.9,0.5,2.4,3.0,20.4)
(2002,358,Daniel Santiago,C,25,PHO,3,0,8.0,1.3,2.7,.500,0.0,0.0,,1.3,2.7,.500,.500,0.0,0.0,,0.0,2.3,2.3,0.7,0.0,0.3,0.7,1.3,2.7)
(2002,361,Brian Scalabrine,PF,23,NJN,28,0,10.4,0.8,2.4,.343,0.1,0.4,.300,0.7,2.0,.351,.366,0.4,0.5,.733,0.4,1.4,1.8,0.8,0.3,0.1,0.9,1.4,2.1)
(2002,365,Bobby Simmons,SF,21,WAS,30,3,11.4,1.4,3.2,.453,0.1,0.5,.286,1.3,2.7,.481,.474,0.7,1.0,.733,0.8,0.9,1.7,0.6,0.4,0.2,0.5,1.0,3.7)
(2002,369,Charles Smith,SG,26,SAS,60,22,19.0,3.0,7.1,.425,0.6,2.2,.267,2.5,5.0,.495,.466,0.7,1.1,.646,0.6,1.7,2.2,1.3,0.9,0.7,1.0,1.9,7.4)
(2002,373,Steve Smith,SG,32,SAS,77,76,28.7,4.0,8.9,.455,1.5,3.2,.472,2.5,5.7,.445,.540,2.1,2.4,.878,0.6,1.9,2.5,2.0,0.7,0.2,1.4,2.1,11.6)
(2002,377,Latrell Sprewell,SF,31,NYK,81,81,41.1,7.1,17.5,.404,1.8,5.0,.360,5.3,12.5,.421,.455,3.5,4.3,.821,0.7,3.0,3.7,3.9,1.2,0.2,2.8,2.0,19.4)
(2002,Rk,Player,Pos,Age,Tm,G,GS,MP,FG,FGA,FG%,3P,3PA,3P,2P,2PA,2P,eFG%,FT,FTA,FT%,ORB,DRB,TRB,AST,STL,BLK,TOV,PF,PTS)
(2002,384,John Stockton*,PG,39,UTA,82,82,31.3,4.9,9.5,.517,0.3,1.0,.321,4.6,8.5,.539,.534,3.4,3.9,.857,0.7,2.5,3.2,8.2,1.9,0.3,2.5,2.5,13.4)
(2002,388,Mark Strickland,SF,31,ATL,46,10,14.2,2.0,4.4,.446,0.0,0.1,.250,2.0,4.3,.450,.449,0.5,1.0,.568,0.9,2.0,2.8,0.4,0.4,0.4,0.6,1.0,4.5)
(2002,392,Stromile Swift,PF,22,MEM,68,14,26.5,4.3,9.0,.480,0.0,0.0,.000,4.3,8.9,.482,.480,3.2,4.5,.711,2.4,4.0,6.3,0.7,0.8,1.7,1.8,2.6,11.8)
(2002,396,Kenny Thomas,PF,24,HOU,72,71,34.5,5.5,11.5,.478,0.0,0.2,.000,5.5,11.3,.487,.478,3.1,4.7,.664,2.2,5.0,7.2,1.9,1.2,0.9,2.0,2.7,14.1)
(2002,400,Oscar Torres,SG,25,HOU,65,13,16.5,2.1,5.2,.396,0.6,1.9,.294,1.5,3.3,.456,.450,1.3,1.6,.781,0.7,1.2,1.9,0.6,0.4,0.1,0.8,1.0,6.0)
(2002,403,Jeff Trepagnier,SG,22,CLE,12,0,6.4,0.6,1.9,.304,0.0,0.1,.000,0.6,1.8,.318,.304,0.3,0.6,.571,0.3,0.8,1.0,1.0,0.7,0.3,0.9,0.7,1.5)
(2002,407,Keith Van Horn,SF,26,NJN,81,81,30.4,5.8,13.4,.433,1.2,3.6,.345,4.6,9.8,.465,.479,1.9,2.4,.800,1.7,5.8,7.5,2.0,0.8,0.5,1.8,2.7,14.8)
(2002,411,Antoine Walker,PF,25,BOS,81,81,42.0,8.2,20.9,.394,2.7,8.0,.344,5.5,12.9,.425,.460,3.0,4.0,.741,1.9,7.0,8.8,5.0,1.5,0.5,3.1,2.9,22.1)
(2002,415,John Wallace,SF,27,PHO,46,0,10.7,2.0,4.7,.435,0.1,0.3,.385,1.9,4.4,.438,.446,0.9,1.0,.870,0.6,1.3,1.8,0.6,0.2,0.2,0.6,1.3,5.0)
(2002,419,Clarence Weatherspoon,PF,31,NYK,56,41,30.9,3.4,8.1,.418,0.0,0.0,,3.4,8.1,.418,.418,2.1,2.6,.795,2.7,5.6,8.2,1.1,0.7,0.9,0.8,2.4,8.8)
(2002,422,David Wesley,SG,31,CHH,67,63,37.1,5.4,13.6,.400,1.3,3.8,.332,4.2,9.8,.427,.447,2.1,2.8,.734,0.7,1.5,2.1,3.5,1.1,0.2,1.8,2.2,14.2)
(2002,426,Aaron Williams,PF,30,NJN,82,13,18.9,2.8,5.4,.526,0.0,0.0,.000,2.8,5.3,.529,.526,1.6,2.3,.699,1.4,2.7,4.1,0.9,0.4,0.9,1.0,2.6,7.2)
(2002,430,Jerome Williams,PF,28,TOR,68,32,24.1,2.8,5.7,.490,0.0,0.0,,2.8,5.7,.490,.490,2.0,3.0,.676,2.4,3.3,5.7,1.1,1.1,0.4,1.0,2.3,7.6)
(2002,434,Walt Williams,SF,31,HOU,48,25,23.3,3.5,8.3,.419,1.6,3.8,.426,1.8,4.4,.413,.518,0.8,1.1,.784,0.8,2.6,3.4,1.4,0.4,0.2,1.1,2.2,9.4)
(2002,438,Metta World Peace,SF,22,TOT,55,50,29.9,4.9,11.6,.423,1.0,3.1,.312,3.9,8.5,.464,.465,2.5,3.7,.667,1.3,3.6,4.9,2.3,2.6,0.7,2.1,3.9,13.2)
