(2002,1,Tariq Abdul-Wahad,SG,27,TOT,24,12,18.4,2.3,6.1,.374,0.0,0.1,.500,2.3,6.0,.372,.378,1.0,1.4,.727,1.7,1.8,3.5,1.0,0.8,0.4,1.1,2.3,5.6)
(2002,5,Malik Allen,PF,23,MIA,12,2,13.4,1.8,4.3,.431,0.0,0.1,.000,1.8,4.2,.440,.431,0.7,0.8,.800,1.3,1.9,3.2,0.4,0.3,0.7,0.2,1.3,4.3)
(2002,9,Chris Andersen,C,23,DEN,24,1,10.9,1.0,3.1,.338,0.0,0.2,.000,1.0,2.9,.357,.338,0.9,1.2,.786,1.6,1.6,3.2,0.3,0.3,1.2,0.5,1.5,3.0)
(2002,13,Shandon Anderson,SG,28,NYK,82,6,19.5,1.8,4.5,.399,0.5,1.7,.277,1.3,2.8,.474,.452,0.9,1.3,.692,0.7,2.3,3.0,0.9,0.6,0.2,1.2,1.6,5.0)
(2002,17,Darrell Armstrong,PG,33,ORL,82,79,33.3,4.2,10.1,.419,1.7,4.9,.349,2.5,5.2,.484,.503,2.2,2.5,.888,1.0,2.9,3.9,5.5,1.9,0.1,2.1,2.0,12.4)
(2002,Rk,Player,Pos,Age,Tm,G,GS,MP,FG,FGA,FG%,3P,3PA,3P,2P,2PA,2P,eFG%,FT,FTA,FT%,ORB,DRB,TRB,AST,STL,BLK,TOV,PF,PTS)
(2002,24,Vin Baker,C,30,SEA,55,41,31.1,5.7,11.8,.485,0.0,0.1,.125,5.7,11.7,.490,.486,2.6,4.1,.633,3.1,3.3,6.4,1.3,0.4,0.7,2.3,3.6,14.1)
(2002,28,Jon Barry,SG,32,DET,82,6,24.2,3.1,6.4,.489,1.5,3.1,.469,1.6,3.2,.508,.604,1.3,1.4,.931,0.5,2.3,2.9,3.3,1.1,0.2,1.4,1.6,9.0)
(2002,32,Charlie Bell,SG,22,TOT,7,0,6.3,0.4,1.6,.273,0.0,0.9,.000,0.4,0.7,.600,.273,0.3,0.3,1.000,0.3,0.4,0.7,0.3,0.0,0.0,0.7,0.4,1.1)
(2002,36,Mike Bibby,PG,23,SAC,80,80,33.2,5.6,12.3,.453,0.6,1.7,.370,4.9,10.6,.466,.479,1.9,2.4,.803,0.5,2.3,2.8,5.0,1.1,0.2,1.7,1.7,13.7)
(2002,40,Mark Blount,C,26,BOS,44,0,9.4,0.7,1.7,.421,0.0,0.0,,0.7,1.7,.421,.421,0.7,0.8,.811,0.6,1.3,1.9,0.2,0.4,0.4,0.5,1.3,2.1)
(2002,43,Cal Bowdler,PF,24,ATL,52,0,11.3,1.2,3.3,.351,0.0,0.1,.200,1.2,3.3,.355,.353,0.8,0.9,.830,0.7,1.4,2.1,0.2,0.3,0.3,0.2,1.2,3.1)
(2002,47,Earl Boykins,PG,25,LAC,68,2,11.2,1.6,4.0,.400,0.2,0.6,.310,1.4,3.4,.416,.424,0.7,0.9,.770,0.4,0.4,0.8,2.1,0.3,0.0,0.6,0.6,4.1)
(2002,51,Terrell Brandon,PG,31,MIN,32,28,30.1,4.8,11.4,.425,0.1,0.7,.174,4.7,10.7,.442,.430,2.6,2.6,.988,0.5,2.4,2.9,8.3,1.6,0.2,1.3,1.5,12.4)
(2002,55,Damone Brown,SF,22,PHI,17,0,3.9,0.5,1.2,.381,0.0,0.1,.000,0.5,1.2,.400,.381,0.4,0.5,.875,0.1,0.1,0.2,0.1,0.1,0.1,0.5,0.6,1.4)
(2002,59,Kwame Brown,PF,19,WAS,57,3,14.3,1.6,4.3,.387,0.0,0.0,.000,1.6,4.2,.388,.387,1.2,1.7,.707,1.1,2.4,3.5,0.8,0.3,0.5,0.8,1.8,4.5)
(2002,62,Tierre Brown,SG,22,HOU,40,1,10.1,1.2,2.9,.426,0.1,0.3,.333,1.1,2.6,.437,.443,0.5,0.7,.750,0.3,0.8,1.1,1.8,0.5,0.1,1.0,0.7,3.1)
(2002,66,Greg Buckner,SG,25,DAL,44,16,20.1,2.4,4.5,.525,0.1,0.4,.313,2.3,4.1,.544,.538,0.9,1.3,.690,1.5,2.4,3.9,1.1,0.7,0.4,0.6,2.8,5.8)
(2002,70,Mitchell Butler,SG,31,POR,11,0,8.2,0.9,2.1,.435,0.1,0.3,.333,0.8,1.8,.450,.457,0.7,1.1,.667,0.5,0.7,1.3,0.5,0.0,0.1,0.5,0.9,2.6)
(2002,74,Brian Cardinal,PF,24,DET,8,0,5.4,0.8,1.6,.462,0.4,0.9,.429,0.4,0.8,.500,.577,0.3,0.3,1.000,0.3,0.5,0.8,0.3,0.1,0.0,0.0,0.6,2.1)
(2002,78,Kelvin Cato,C,27,HOU,75,73,25.6,2.5,4.3,.583,0.0,0.0,.000,2.5,4.3,.585,.583,1.5,2.6,.582,2.3,4.7,7.0,0.4,0.5,1.3,0.7,2.8,6.6)
(2002,81,Chris Childs,PG,34,TOR,69,4,22.8,1.4,4.3,.328,0.5,1.7,.275,0.9,2.6,.364,.383,0.8,1.0,.817,0.3,2.0,2.2,5.1,0.8,0.1,1.8,2.6,4.1)
(2002,85,Mateen Cleaves,PG,24,SAC,32,0,4.8,0.9,2.1,.441,0.1,0.3,.250,0.9,1.9,.467,.456,0.3,0.3,.889,0.0,0.2,0.3,0.8,0.2,0.0,0.8,0.3,2.2)
(2002,89,Jarron Collins,C,23,UTA,70,68,20.6,2.3,4.9,.461,0.0,0.0,.000,2.3,4.9,.462,.461,1.9,2.6,.740,2.0,2.3,4.2,0.8,0.4,0.3,0.8,3.3,6.4)
(2002,93,Joe Crispin,PG,22,TOT,21,0,7.4,1.2,3.2,.382,0.7,1.9,.385,0.5,1.4,.379,.493,0.6,0.6,.923,0.1,0.4,0.5,1.2,0.2,0.0,0.5,0.5,3.8)
(2002,97,Dell Curry,SG,37,TOR,56,4,15.8,2.5,6.2,.406,0.8,2.3,.344,1.7,3.9,.444,.471,0.6,0.7,.892,0.4,1.0,1.4,1.1,0.4,0.1,0.7,0.9,6.4)
(2002,Rk,Player,Pos,Age,Tm,G,GS,MP,FG,FGA,FG%,3P,3PA,3P,2P,2PA,2P,eFG%,FT,FTA,FT%,ORB,DRB,TRB,AST,STL,BLK,TOV,PF,PTS)
(2002,104,Baron Davis,PG,22,CHH,82,82,40.5,6.8,16.4,.417,2.1,5.8,.356,4.7,10.5,.451,.480,2.4,4.1,.580,1.1,3.1,4.3,8.5,2.1,0.6,3.0,2.9,18.1)
(2002,108,Ricky Davis,SF,22,CLE,82,8,23.8,4.6,9.5,.481,0.1,0.4,.314,4.5,9.1,.489,.488,2.4,3.0,.790,0.8,2.2,3.0,2.2,0.8,0.3,1.8,1.8,11.7)
(2002,112,Derrick Dial,SG,26,TOT,32,0,9.3,1.3,3.8,.342,0.0,0.3,.091,1.3,3.4,.367,.346,0.6,0.8,.750,0.4,1.3,1.8,1.1,0.3,0.1,0.5,0.4,3.2)
(2002,116,Michael Doleac,C,24,CLE,42,15,16.8,1.9,4.5,.417,0.0,0.0,,1.9,4.5,.417,.417,0.9,1.1,.826,1.1,2.9,4.0,0.6,0.4,0.3,0.9,2.3,4.6)
(2002,120,Chris Dudley,C,36,POR,43,2,7.6,0.5,1.2,.400,0.0,0.0,.000,0.5,1.1,.417,.400,0.2,0.3,.533,0.6,1.2,1.9,0.3,0.1,0.3,0.3,1.0,1.1)
(2002,123,Obinna Ekezie,PF,26,LAC,29,1,5.2,0.4,1.3,.333,0.0,0.0,,0.4,1.3,.333,.333,1.0,1.4,.700,0.4,0.8,1.2,0.1,0.1,0.2,0.3,0.6,1.9)
(2002,127,Patrick Ewing*,C,39,ORL,65,4,13.9,2.3,5.1,.444,0.0,0.0,.000,2.3,5.1,.446,.444,1.4,2.1,.701,0.9,3.1,4.0,0.5,0.3,0.7,1.0,2.0,6.0)
(2002,131,Marcus Fizer,PF,23,CHI,76,20,25.8,4.9,11.2,.438,0.1,0.5,.171,4.8,10.6,.451,.442,2.5,3.7,.668,1.7,3.9,5.6,1.6,0.6,0.3,1.7,2.4,12.3)
(2002,135,Danny Fortson,PF,25,GSW,77,76,28.8,4.0,9.4,.428,0.0,0.1,.250,4.0,9.3,.429,.429,3.2,4.0,.795,3.8,7.9,11.7,1.6,0.6,0.2,2.1,3.3,11.2)
(2002,139,Tremaine Fowlkes,SF,25,LAC,22,17,15.6,1.1,2.9,.391,0.0,0.0,,1.1,2.9,.391,.391,1.1,1.4,.774,1.5,1.5,2.9,0.8,0.5,0.0,0.6,1.8,3.4)
(2002,142,Steve Francis,PG,24,HOU,57,56,41.1,7.4,17.7,.417,1.2,3.7,.324,6.2,14.0,.442,.451,5.7,7.4,.773,1.8,5.2,7.0,6.4,1.2,0.4,3.9,3.0,21.6)
(2002,146,Pat Garrity,PF,25,ORL,80,43,30.1,4.1,9.6,.426,2.1,5.0,.427,2.0,4.6,.426,.537,0.8,0.9,.836,1.0,3.3,4.2,1.2,0.8,0.4,0.9,2.9,11.1)
(2002,150,Devean George,SF,24,LAL,82,1,21.5,2.6,6.4,.411,0.8,2.2,.371,1.8,4.2,.432,.474,1.0,1.5,.675,1.0,2.7,3.7,1.4,0.9,0.5,0.8,2.3,7.1)
(2002,154,Steve Goodrich,SF,25,NJN,9,0,5.6,0.2,1.1,.200,0.0,0.0,,0.2,1.1,.200,.200,0.1,0.2,.500,0.1,0.4,0.6,0.6,0.1,0.2,0.3,1.1,0.6)
(2002,158,Eddie Griffin,PF,19,HOU,73,24,26.0,3.3,9.1,.366,1.2,3.7,.330,2.1,5.4,.392,.434,0.9,1.2,.744,1.6,4.1,5.7,0.7,0.2,1.8,0.6,1.6,8.8)
(2002,161,Darvin Ham,SF,28,MIL,70,2,17.3,1.7,3.0,.569,0.0,0.1,.143,1.7,2.9,.583,.571,0.9,1.8,.504,1.3,1.6,2.9,1.0,0.4,0.5,1.2,2.5,4.3)
(2002,165,Anfernee Hardaway,SG,30,PHO,80,55,30.8,4.9,11.6,.418,0.3,1.0,.277,4.6,10.6,.432,.430,2.0,2.4,.810,1.2,3.2,4.4,4.1,1.5,0.4,2.4,2.3,12.0)
(2002,169,Othella Harrington,PF,28,NYK,77,4,20.3,3.1,5.8,.527,0.0,0.0,.000,3.1,5.8,.529,.527,1.6,2.2,.709,1.6,2.9,4.5,0.5,0.4,0.5,1.2,3.2,7.7)
(2002,173,Donnell Harvey,PF,21,TOT,47,4,17.9,2.3,4.6,.498,0.0,0.0,,2.3,4.6,.498,.498,1.1,1.9,.600,1.7,3.1,4.8,0.8,0.4,0.5,0.7,2.4,5.7)
(2002,177,Alan Henderson,PF,29,ATL,26,1,16.2,2.3,4.5,.509,0.0,0.0,1.000,2.2,4.4,.504,.513,0.9,1.7,.533,1.2,2.5,3.7,0.4,0.4,0.6,0.8,1.5,5.5)
(2002,Rk,Player,Pos,Age,Tm,G,GS,MP,FG,FGA,FG%,3P,3PA,3P,2P,2PA,2P,eFG%,FT,FTA,FT%,ORB,DRB,TRB,AST,STL,BLK,TOV,PF,PTS)
(2002,184,Allan Houston,SG,30,NYK,77,77,37.8,7.4,16.9,.437,1.8,4.5,.393,5.6,12.4,.452,.489,3.8,4.4,.870,0.5,2.8,3.3,2.5,0.7,0.1,2.2,2.4,20.4)
(2002,188,Lindsey Hunter,PG,31,LAL,82,47,19.7,2.3,6.0,.382,1.0,2.5,.380,1.3,3.4,.383,.462,0.2,0.5,.500,0.2,1.3,1.5,1.6,0.8,0.2,0.7,1.5,5.8)
(2002,192,Bobby Jackson,PG,28,SAC,81,3,21.6,4.1,9.3,.443,1.0,2.7,.361,3.1,6.6,.477,.495,1.8,2.3,.810,1.0,2.1,3.1,2.0,0.9,0.1,1.1,1.8,11.1)
(2002,196,Marc Jackson,C,27,TOT,39,0,12.7,1.5,4.2,.366,0.0,0.0,.000,1.5,4.2,.368,.366,1.7,2.1,.825,1.2,2.1,3.3,0.4,0.3,0.2,0.8,1.8,4.8)
(2002,200,Mike James,PG,26,MIA,15,0,7.9,1.0,2.9,.349,0.5,1.4,.381,0.5,1.5,.318,.442,0.3,0.5,.571,0.1,0.8,0.9,1.3,0.4,0.1,0.9,1.1,2.8)
(2002,203,Harold Jamison,PF,25,LAC,25,2,7.0,0.9,1.7,.512,0.0,0.0,,0.9,1.7,.512,.512,0.4,0.6,.667,1.0,0.6,1.6,0.2,0.2,0.0,0.2,0.9,2.2)
(2002,207,DerMarr Johnson,SF,21,ATL,72,46,24.0,3.0,7.5,.396,1.2,3.4,.360,1.7,4.1,.427,.479,1.2,1.5,.810,0.8,2.6,3.4,1.1,0.9,0.8,1.4,2.3,8.4)
(2002,211,Damon Jones,PG,25,DET,67,0,16.2,1.7,4.2,.401,1.0,2.8,.371,0.7,1.5,.459,.523,0.6,0.9,.729,0.2,1.3,1.5,2.1,0.3,0.0,0.9,1.2,5.1)
(2002,215,Michael Jordan*,SF,38,WAS,60,53,34.9,9.2,22.1,.416,0.2,0.9,.189,9.0,21.2,.426,.420,4.4,5.6,.790,0.8,4.8,5.7,5.2,1.4,0.4,2.7,2.0,22.9)
(2002,219,Andrei Kirilenko,SF,20,UTA,82,40,26.2,3.5,7.7,.450,0.3,1.2,.250,3.2,6.5,.488,.470,3.5,4.5,.768,1.8,3.1,4.9,1.1,1.4,1.9,1.3,1.9,10.7)
(2002,222,Travis Knight,C,27,NYK,49,0,8.8,0.8,2.3,.363,0.0,0.0,,0.8,2.3,.363,.363,0.3,0.4,.762,1.0,1.1,2.1,0.2,0.2,0.2,0.6,1.9,2.0)
(2002,226,Trajan Langdon,SG,25,CLE,44,0,10.8,1.6,4.0,.398,0.6,1.7,.365,1.0,2.3,.422,.474,1.0,1.0,.913,0.3,1.0,1.3,1.4,0.3,0.1,0.9,1.1,4.8)
(2002,230,Quincy Lewis,SG,24,UTA,36,19,13.6,1.8,4.0,.448,0.1,0.5,.167,1.7,3.5,.488,.458,0.4,0.6,.650,0.3,0.9,1.2,1.0,0.6,0.3,0.9,2.5,4.0)
(2002,234,Grant Long,PF,35,MEM,66,56,28.3,2.5,5.8,.426,0.0,0.3,.176,2.4,5.6,.438,.430,1.3,1.9,.699,0.5,3.0,3.5,2.1,1.0,0.2,1.6,1.9,6.3)
(2002,238,Todd MacCulloch,C,26,NJN,62,61,24.2,4.0,7.5,.531,0.0,0.0,,4.0,7.5,.531,.531,1.8,2.6,.671,2.5,3.6,6.1,1.3,0.4,1.4,1.1,2.9,9.7)
(2002,241,Corey Maggette,SG,22,LAC,63,52,25.6,3.7,8.4,.443,0.7,2.2,.331,3.0,6.2,.483,.487,3.2,4.0,.801,0.9,2.8,3.7,1.8,0.7,0.3,1.8,2.5,11.4)
(2002,245,Danny Manning,PF,35,DAL,41,10,13.5,1.7,3.6,.477,0.0,0.2,.143,1.7,3.5,.493,.480,0.5,0.8,.667,0.6,2.0,2.6,0.7,0.5,0.5,0.6,2.0,4.0)
(2002,249,Donny Marshall,SF,29,NJN,20,0,5.9,0.4,1.5,.276,0.1,0.2,.500,0.3,1.3,.240,.310,0.6,0.9,.667,0.4,0.7,1.1,0.3,0.2,0.0,0.1,0.7,1.5)
(2002,253,Jamal Mashburn,SF,29,CHH,40,40,40.0,7.6,18.6,.407,1.0,2.8,.366,6.6,15.8,.415,.435,5.3,6.0,.876,0.8,5.3,6.1,4.3,1.1,0.2,2.8,2.0,21.5)
(2002,257,Walter McCarty,PF,27,BOS,56,0,12.8,1.4,3.2,.444,0.7,1.8,.394,0.7,1.4,.506,.553,0.2,0.3,.684,0.6,1.7,2.3,0.7,0.3,0.1,0.4,1.5,3.8)
(2002,Rk,Player,Pos,Age,Tm,G,GS,MP,FG,FGA,FG%,3P,3PA,3P,2P,2PA,2P,eFG%,FT,FTA,FT%,ORB,DRB,TRB,AST,STL,BLK,TOV,PF,PTS)
(2002,264,Derrick McKey,SF,35,PHI,41,1,19.1,1.3,3.0,.426,0.1,0.3,.417,1.1,2.7,.427,.447,0.2,0.3,.714,1.2,1.9,3.1,1.1,1.0,0.1,0.5,2.2,2.9)
(2002,268,Chris Mihm,C,22,CLE,74,60,22.4,3.0,7.1,.420,0.0,0.1,.429,2.9,7.0,.420,.423,1.7,2.4,.693,1.8,3.5,5.3,0.3,0.2,1.2,1.3,3.5,7.7)
(2002,272,Mike Miller,SF,21,ORL,63,53,33.7,5.6,12.7,.438,1.8,4.8,.383,3.7,7.9,.471,.510,2.2,2.9,.762,0.8,3.6,4.3,3.1,0.7,0.4,1.7,2.3,15.2)
(2002,276,Cuttino Mobley,SG,26,HOU,74,74,42.1,8.0,18.4,.438,2.0,5.1,.395,6.0,13.3,.455,.493,3.6,4.2,.850,0.9,3.2,4.1,2.5,1.5,0.5,2.4,2.6,21.7)
(2002,280,Mikki Moore,C,26,DET,30,0,7.2,1.0,2.0,.475,0.0,0.1,.500,0.9,2.0,.475,.484,0.7,0.9,.769,0.7,1.0,1.8,0.4,0.2,0.3,0.5,1.2,2.6)
(2002,283,Alonzo Mourning*,C,31,MIA,75,74,32.7,6.0,11.5,.516,0.0,0.0,.333,5.9,11.5,.517,.517,3.8,5.7,.657,2.4,6.0,8.4,1.2,0.4,2.5,2.4,3.4,15.7)
(2002,287,Dikembe Mutombo*,C,35,PHI,80,80,36.3,4.0,8.0,.501,0.0,0.0,,4.0,8.0,.501,.501,3.5,4.6,.764,3.2,7.6,10.8,1.0,0.4,2.4,2.0,3.0,11.5)
(2002,291,Steve Nash,PG,27,DAL,82,82,34.6,6.4,13.3,.483,1.9,4.2,.455,4.5,9.1,.495,.554,3.2,3.6,.887,0.6,2.5,3.1,7.7,0.6,0.0,2.8,2.0,17.9)
(2002,295,Johnny Newman,SF,38,DAL,47,17,15.4,1.4,3.1,.453,0.5,1.2,.386,1.0,1.9,.495,.527,0.9,1.2,.724,0.2,0.9,1.0,0.3,0.6,0.1,0.4,1.9,4.2)
(2002,299,Shaquille O'Neal,C,29,LAL,67,66,36.1,10.6,18.3,.579,0.0,0.0,.000,10.6,18.3,.580,.579,5.9,10.7,.555,3.5,7.2,10.7,3.0,0.6,2.0,2.6,3.0,27.2)
(2002,302,Hakeem Olajuwon*,C,39,TOR,61,37,22.6,3.2,6.9,.464,0.0,0.0,.000,3.2,6.8,.466,.464,0.8,1.4,.560,1.6,4.4,6.0,1.1,1.2,1.5,1.6,2.4,7.1)
(2002,306,Greg Ostertag,C,28,UTA,74,14,15.0,1.2,2.7,.453,0.0,0.0,,1.2,2.7,.453,.453,0.9,1.8,.485,1.7,2.5,4.2,0.7,0.2,1.5,0.7,2.1,3.3)
(2002,310,Robert Pack,PG,32,MIN,16,0,15.8,1.6,4.3,.368,0.1,0.3,.250,1.5,4.0,.375,.375,0.7,0.9,.733,0.4,1.0,1.4,3.1,0.8,0.0,1.3,2.0,3.9)
(2002,314,Cherokee Parks,C,29,SAS,42,1,5.6,0.7,2.0,.361,0.0,0.0,,0.7,2.0,.361,.361,0.1,0.2,.375,0.6,0.8,1.4,0.2,0.2,0.2,0.3,0.8,1.5)
(2002,318,Mike Penberthy,PG,27,LAL,3,0,4.0,0.3,0.7,.500,0.0,0.0,,0.3,0.7,.500,.500,1.0,1.3,.750,0.0,0.7,0.7,0.7,0.7,0.0,0.0,0.0,1.7)
(2002,321,Morris Peterson,SF,24,TOR,63,56,31.6,5.3,12.2,.438,1.3,3.7,.364,4.0,8.5,.469,.492,2.0,2.7,.751,1.4,2.1,3.5,2.4,1.2,0.2,1.4,2.8,14.0)
(2002,325,Scot Pollard,C,26,SAC,80,29,23.5,2.5,4.5,.550,0.0,0.0,,2.5,4.5,.550,.550,1.4,2.1,.693,2.4,4.7,7.1,0.7,0.9,1.0,0.9,2.5,6.4)
(2002,329,Lavor Postell,SG,23,NYK,23,0,7.8,1.2,3.7,.333,0.3,1.1,.231,1.0,2.5,.379,.369,1.3,1.8,.756,0.1,0.6,0.7,0.2,0.3,0.0,0.5,0.3,4.0)
(2002,333,Vladimir Radmanovic,PF,21,SEA,61,16,20.2,2.4,5.8,.412,1.1,2.6,.420,1.3,3.2,.406,.506,0.8,1.2,.681,0.7,3.0,3.8,1.3,0.9,0.4,1.2,2.0,6.7)
(2002,337,Eldridge Recasner,PG-SG,34,TOT,6,0,5.5,0.3,1.0,.333,0.0,0.2,.000,0.3,0.8,.400,.333,0.2,0.2,1.000,0.0,0.0,0.0,0.8,0.2,0.0,0.2,0.7,0.8)
(2002,Rk,Player,Pos,Age,Tm,G,GS,MP,FG,FGA,FG%,3P,3PA,3P,2P,2PA,2P,eFG%,FT,FTA,FT%,ORB,DRB,TRB,AST,STL,BLK,TOV,PF,PTS)
(2002,344,Mitch Richmond*,SG,36,LAL,64,2,11.1,1.6,3.9,.405,0.3,1.0,.290,1.3,2.9,.443,.441,0.7,0.7,.955,0.2,1.3,1.5,0.9,0.3,0.1,0.6,1.0,4.1)
(2002,348,Eddie Robinson,SF,25,CHI,29,12,22.5,3.9,8.5,.453,0.1,0.2,.400,3.8,8.3,.455,.457,1.2,1.7,.750,0.8,1.9,2.7,1.3,0.8,0.4,1.2,1.2,9.0)
(2002,352,Rodney Rogers,SF,30,TOT,77,8,24.4,4.6,9.8,.471,1.1,3.1,.374,3.5,6.8,.514,.529,1.5,1.9,.785,1.7,2.8,4.5,1.5,0.9,0.4,1.4,2.9,11.9)
(2002,356,Michael Ruffin,PF,25,PHI,15,0,11.3,0.5,1.7,.269,0.0,0.0,,0.5,1.7,.269,.269,0.1,0.5,.250,1.5,1.9,3.4,0.3,0.3,0.5,0.7,1.5,1.1)
(2002,360,Kenny Satterfield,PG,20,DEN,36,4,15.6,2.0,5.5,.367,0.2,0.8,.259,1.8,4.8,.384,.384,1.0,1.3,.783,0.5,1.0,1.4,3.0,0.9,0.0,1.5,1.2,5.3)
(2002,363,Ansu Sesay,SF,25,SEA,9,0,15.8,2.4,4.9,.500,0.0,0.0,,2.4,4.9,.500,.500,1.6,2.2,.700,0.8,1.4,2.2,0.9,0.3,0.2,0.2,2.0,6.4)
(2002,367,Brian Skinner,PF,25,CLE,65,8,17.0,1.4,2.5,.543,0.0,0.0,,1.4,2.5,.543,.543,0.7,1.2,.608,1.4,2.9,4.3,0.3,0.4,0.9,0.6,2.0,3.4)
(2002,371,Joe Smith,C,26,MIN,72,63,26.7,4.1,8.1,.511,0.0,0.0,.667,4.1,8.0,.510,.513,2.4,2.9,.830,2.1,4.2,6.3,1.1,0.5,0.8,1.2,3.5,10.7)
(2002,375,Will Solomon,SG,23,MEM,62,4,14.1,1.8,5.3,.341,0.7,2.6,.284,1.1,2.7,.396,.411,0.8,1.2,.671,0.2,0.9,1.1,1.5,0.6,0.1,1.0,1.2,5.2)
(2002,379,John Starks,SG,36,UTA,66,1,14.1,1.7,4.7,.368,0.4,1.4,.305,1.3,3.3,.395,.415,0.5,0.6,.805,0.2,0.8,1.0,1.1,0.5,0.0,0.8,1.9,4.4)
(2002,382,Michael Stewart,C,26,TOR,11,0,8.5,0.7,2.1,.348,0.0,0.0,,0.7,2.1,.348,.348,0.5,1.0,.545,1.1,1.2,2.3,0.3,0.4,0.3,0.4,2.0,2.0)
(2002,386,Damon Stoudamire,PG,28,POR,75,71,37.3,4.9,12.2,.402,1.4,3.9,.353,3.5,8.3,.425,.459,2.3,2.6,.888,1.0,2.9,3.9,6.5,0.9,0.1,2.0,2.0,13.5)
(2002,390,Bruno Sundov,C,21,IND,22,0,4.0,0.7,1.8,.400,0.0,0.0,.000,0.7,1.8,.410,.400,0.0,0.1,.000,0.3,0.6,1.0,0.1,0.1,0.1,0.2,0.7,1.5)
(2002,394,Jason Terry,SG,24,ATL,78,78,38.0,6.7,15.6,.430,2.2,5.7,.387,4.5,9.9,.454,.500,3.6,4.4,.835,0.5,2.9,3.5,5.7,1.8,0.2,2.3,2.0,19.3)
(2002,398,Tim Thomas,SF,24,MIL,74,22,26.9,4.3,10.2,.420,1.3,3.9,.326,3.0,6.2,.478,.483,1.9,2.4,.793,0.9,3.2,4.1,1.4,0.9,0.4,1.7,2.7,11.7)
(2002,401,Robert Traylor,PF,24,CHH,61,1,11.1,1.4,3.3,.426,0.0,0.0,1.000,1.4,3.3,.424,.429,0.9,1.4,.631,1.1,2.0,3.1,0.6,0.4,0.6,0.7,2.1,3.7)
(2002,405,Hedo Turkoglu,SF,22,SAC,80,10,24.6,3.6,8.6,.422,0.8,2.1,.368,2.8,6.5,.440,.468,2.1,2.9,.726,0.8,3.8,4.5,2.0,0.7,0.4,1.0,2.3,10.1)
(2002,409,Jacque Vaughn,PG,26,ATL,82,16,22.6,2.5,5.3,.470,0.3,0.7,.444,2.2,4.7,.474,.498,1.3,1.5,.825,0.2,1.8,2.0,4.3,0.8,0.0,1.4,2.2,6.6)
(2002,413,Ben Wallace,C,27,DET,80,80,36.5,3.2,6.0,.531,0.0,0.0,.000,3.2,6.0,.535,.531,1.2,2.9,.423,4.0,9.0,13.0,1.4,1.7,3.5,0.9,2.2,7.6)
(2002,417,Charlie Ward,PG,31,NYK,63,0,16.8,1.8,4.8,.373,0.8,2.6,.323,1.0,2.2,.432,.460,0.7,0.9,.810,0.2,1.8,2.0,3.2,1.1,0.2,1.2,1.6,5.2)
(2002,Rk,Player,Pos,Age,Tm,G,GS,MP,FG,FGA,FG%,3P,3PA,3P,2P,2PA,2P,eFG%,FT,FTA,FT%,ORB,DRB,TRB,AST,STL,BLK,TOV,PF,PTS)
(2002,424,Rodney White,SF,21,DET,16,0,8.1,1.3,3.8,.350,0.1,0.6,.222,1.2,3.2,.373,.367,0.8,0.9,.857,0.1,1.0,1.1,0.8,0.6,0.1,0.9,0.4,3.5)
(2002,428,Eric Williams,SF,29,BOS,74,30,23.6,1.9,5.2,.374,0.3,1.2,.279,1.6,4.0,.401,.405,2.2,3.0,.731,0.8,2.2,3.0,1.5,1.0,0.1,1.3,2.4,6.4)
(2002,432,Scott Williams,PF,33,DEN,41,16,18.0,2.1,5.3,.396,0.0,0.0,.000,2.1,5.2,.400,.396,0.7,1.0,.732,2.0,3.1,5.1,0.3,0.4,0.8,0.9,2.4,4.9)
(2002,436,Kevin Willis,PF,39,HOU,52,5,16.6,2.4,5.5,.440,0.0,0.0,.000,2.4,5.4,.442,.440,1.3,1.7,.747,2.0,3.7,5.8,0.3,0.5,0.4,0.8,1.9,6.1)
(2002,440,Wang Zhizhi,C,24,DAL,55,0,10.9,2.0,4.5,.440,0.9,2.1,.414,1.1,2.4,.462,.536,0.8,1.0,.737,0.3,1.7,2.0,0.4,0.2,0.3,0.5,1.5,5.6)
