(2010,3,LaMarcus Aldridge,PF,24,POR,78,78,37.5,7.4,15.0,.495,0.1,0.2,.313,7.4,14.8,.498,.497,2.9,3.9,.757,2.5,5.6,8.0,2.1,0.9,0.6,1.3,3.0,17.9)
(2010,7,Tony Allen,SG,28,BOS,54,8,16.5,2.4,4.7,.510,0.0,0.1,.000,2.4,4.6,.520,.510,1.3,2.2,.605,1.0,1.7,2.7,1.3,1.1,0.4,1.2,2.0,6.1)
(2010,11,David Andersen,C,29,HOU,63,0,14.1,2.3,5.4,.432,0.4,1.2,.346,1.9,4.2,.458,.472,0.7,1.1,.687,0.9,2.4,3.3,0.7,0.2,0.2,0.6,1.9,5.8)
(2010,15,Joel Anthony,C,27,MIA,80,16,16.5,1.0,2.0,.478,0.0,0.0,,1.0,2.0,.478,.478,0.8,1.2,.717,1.5,1.6,3.1,0.2,0.3,1.4,0.6,2.0,2.7)
(2010,19,Carlos Arroyo,PG,30,MIA,72,35,22.0,2.5,5.2,.475,0.1,0.3,.280,2.4,4.9,.489,.484,1.1,1.3,.844,0.4,1.4,1.8,3.1,0.5,0.1,0.8,1.4,6.1)
(2010,22,D.J. Augustin,PG,22,CHA,80,2,18.4,2.1,5.4,.386,0.9,2.2,.393,1.2,3.2,.381,.467,1.3,1.6,.779,0.1,1.1,1.2,2.4,0.6,0.1,0.9,1.6,6.4)
(2010,26,Marcus Banks,PG,28,TOR,22,0,11.1,1.8,3.3,.534,0.3,1.1,.292,1.5,2.2,.653,.582,1.1,1.3,.828,0.1,0.9,1.0,1.2,0.5,0.1,0.9,1.4,5.0)
(2010,30,Matt Barnes,SF,29,ORL,81,58,25.9,3.3,6.9,.487,0.8,2.6,.319,2.5,4.3,.586,.546,1.3,1.8,.740,1.3,4.2,5.5,1.7,0.7,0.4,1.4,2.3,8.8)
(2010,34,Shane Battier,SG,31,HOU,67,62,32.4,2.7,6.7,.398,1.5,4.2,.362,1.1,2.5,.458,.511,1.1,1.6,.726,1.1,3.6,4.7,2.4,0.8,1.1,1.0,2.1,8.0)
(2010,38,Rodrigue Beaubois,PG,21,DAL,56,16,12.5,2.8,5.3,.518,0.8,2.0,.409,2.0,3.4,.582,.594,0.8,0.9,.808,0.2,1.2,1.4,1.3,0.5,0.2,1.0,1.5,7.1)
(2010,41,Raja Bell,SG,33,TOT,6,5,30.0,4.7,10.2,.459,2.0,4.5,.444,2.7,5.7,.471,.557,0.5,0.5,1.000,0.8,3.0,3.8,2.2,0.7,0.3,0.8,2.5,11.8)
(2010,45,Chauncey Billups,PG,33,DEN,73,73,34.1,5.5,13.2,.418,2.2,5.6,.386,3.4,7.6,.441,.499,6.4,7.0,.910,0.3,2.8,3.1,5.6,1.1,0.1,2.4,2.1,19.5)
(2010,49,Keith Bogans,SF,29,SAS,79,50,19.7,1.5,3.8,.403,0.9,2.5,.357,0.6,1.3,.490,.520,0.5,0.6,.740,0.3,1.9,2.2,1.2,0.6,0.2,0.7,2.0,4.4)
(2010,53,Carlos Boozer,PF,28,UTA,78,78,34.3,7.9,14.1,.562,0.0,0.0,,7.9,14.1,.562,.562,3.7,4.9,.742,2.3,8.9,11.2,3.2,1.1,0.5,2.7,3.5,19.5)
(2010,57,Elton Brand,PF,30,PHI,76,57,30.2,5.4,11.3,.480,0.0,0.0,.000,5.4,11.3,.481,.480,2.3,3.1,.738,2.4,3.7,6.1,1.4,1.1,1.1,1.7,3.1,13.1)
(2010,Rk,Player,Pos,Age,Tm,G,GS,MP,FG,FGA,FG%,3P,3PA,3P,2P,2PA,2P,eFG%,FT,FTA,FT%,ORB,DRB,TRB,AST,STL,BLK,TOV,PF,PTS)
(2010,64,Derrick Brown,SF,22,CHA,57,0,9.4,1.2,2.6,.463,0.0,0.1,.286,1.2,2.5,.471,.469,0.8,1.3,.667,0.5,0.8,1.4,0.3,0.4,0.2,0.3,0.9,3.3)
(2010,68,Kobe Bryant,SG,31,LAL,73,73,38.8,9.8,21.5,.456,1.4,4.1,.329,8.5,17.4,.487,.488,6.0,7.4,.811,1.1,4.3,5.4,5.0,1.5,0.3,3.2,2.6,27.0)
(2010,72,Andrew Bynum,C,22,LAL,65,65,30.4,6.0,10.6,.570,0.0,0.0,.000,6.0,10.6,.571,.570,3.0,4.0,.739,2.7,5.6,8.3,1.0,0.5,1.4,1.8,3.0,15.0)
(2010,76,Brian Cardinal,PF,32,MIN,29,0,9.2,0.5,1.2,.389,0.1,0.3,.333,0.4,0.9,.407,.431,0.6,0.6,.944,0.2,0.8,1.0,0.8,0.3,0.1,0.2,1.9,1.7)
(2010,80,Anthony Carter,PG,34,DEN,54,7,15.9,1.4,3.4,.420,0.3,1.2,.270,1.1,2.2,.500,.467,0.2,0.2,.846,0.3,1.3,1.6,3.0,0.7,0.2,1.1,1.3,3.3)
(2010,83,Mario Chalmers,PG,23,MIA,73,22,24.8,2.5,6.2,.401,1.0,3.2,.318,1.5,3.0,.491,.483,1.1,1.5,.745,0.3,1.5,1.8,3.4,1.2,0.2,1.7,2.4,7.1)
(2010,87,Jarron Collins,C,31,PHO,34,10,7.7,0.4,0.9,.387,0.0,0.0,,0.4,0.9,.387,.387,0.3,0.7,.400,0.6,1.2,1.8,0.2,0.1,0.1,0.3,1.2,1.0)
(2010,91,Nick Collison,C,29,OKC,75,5,20.8,2.4,4.1,.589,0.0,0.1,.250,2.4,4.1,.593,.591,1.0,1.4,.692,2.0,3.1,5.1,0.5,0.5,0.6,0.8,3.1,5.9)
(2010,95,Daequan Cook,SG,22,MIA,45,3,15.4,1.8,5.6,.320,0.9,2.8,.317,0.9,2.8,.323,.399,0.5,0.6,.840,0.2,1.6,1.8,1.0,0.3,0.2,0.5,1.1,5.0)
(2010,99,JamesOn Curry,PG,24,LAC,1,0,0.0,0.0,0.0,,0.0,0.0,,0.0,0.0,,,0.0,0.0,,0.0,0.0,0.0,0.0,0.0,0.0,0.0,0.0,0.0)
(2010,102,Erick Dampier,C,34,DAL,55,47,23.3,2.4,3.9,.624,0.0,0.1,.333,2.4,3.8,.629,.627,1.1,1.8,.604,2.3,4.9,7.3,0.6,0.3,1.4,1.1,2.8,6.0)
(2010,106,Paul Davis,PF,25,WAS,2,0,4.0,1.0,2.0,.500,0.0,0.0,,1.0,2.0,.500,.500,0.5,1.0,.500,0.0,0.0,0.0,1.5,0.0,0.5,0.0,0.0,2.5)
(2010,110,Luol Deng,SF,24,CHI,70,69,37.9,6.8,14.5,.466,0.5,1.2,.386,6.3,13.3,.474,.482,3.6,4.7,.764,1.9,5.4,7.3,2.0,0.9,0.9,1.9,1.8,17.6)
(2010,114,Travis Diener,PG,27,TOT,9,0,5.7,0.2,1.1,.200,0.1,0.8,.143,0.1,0.3,.333,.250,0.1,0.4,.250,0.0,0.3,0.3,0.9,0.4,0.0,0.0,0.2,0.7)
(2010,118,Toney Douglas,PG,23,NYK,56,12,19.4,3.2,7.0,.458,1.2,3.1,.389,2.0,3.9,.514,.545,1.0,1.2,.809,0.7,1.2,1.9,2.0,0.8,0.1,1.0,2.1,8.6)
(2010,121,Jared Dudley,SF,24,PHO,82,1,24.3,2.7,6.0,.459,1.5,3.2,.458,1.3,2.8,.461,.582,1.3,1.7,.754,1.2,2.2,3.4,1.4,1.0,0.2,0.8,2.0,8.2)
(2010,125,Kevin Durant,SF,21,OKC,82,82,39.5,9.7,20.3,.476,1.6,4.3,.365,8.1,16.1,.506,.514,9.2,10.2,.900,1.3,6.3,7.6,2.8,1.4,1.0,3.3,2.1,30.1)
(2010,129,Maurice Evans,SF,31,ATL,79,5,16.7,2.2,5.0,.445,0.7,2.1,.337,1.5,2.8,.527,.518,0.6,0.8,.754,0.7,1.2,1.9,0.6,0.4,0.2,0.3,1.6,5.7)
(2010,133,Raymond Felton,PG,25,CHA,80,80,33.0,4.9,10.6,.459,0.8,2.0,.385,4.1,8.6,.475,.494,1.7,2.2,.763,0.7,2.9,3.6,5.6,1.5,0.3,2.1,2.2,12.1)
(2010,137,Derek Fisher,PG,35,LAL,82,82,27.2,2.6,6.8,.380,1.0,2.7,.348,1.6,4.1,.401,.450,1.4,1.6,.856,0.3,1.8,2.1,2.5,1.1,0.1,1.0,2.5,7.5)
(2010,Rk,Player,Pos,Age,Tm,G,GS,MP,FG,FGA,FG%,3P,3PA,3P,2P,2PA,2P,eFG%,FT,FTA,FT%,ORB,DRB,TRB,AST,STL,BLK,TOV,PF,PTS)
(2010,144,Sundiata Gaines,PG,23,UTA,32,0,6.8,1.2,2.6,.463,0.2,0.8,.269,1.0,1.8,.554,.506,0.7,1.4,.500,0.2,0.7,0.9,1.2,0.4,0.0,0.4,0.5,3.3)
(2010,148,Marc Gasol,C,25,MEM,69,69,35.8,5.5,9.4,.581,0.0,0.0,.000,5.5,9.4,.582,.581,3.7,5.4,.670,3.0,6.3,9.3,2.4,1.0,1.6,2.0,3.7,14.6)
(2010,152,Devean George,SF,32,GSW,45,4,16.9,2.0,4.6,.432,1.1,2.7,.390,0.9,1.8,.494,.549,0.4,0.5,.696,0.5,2.1,2.5,0.7,0.9,0.2,0.3,2.0,5.4)
(2010,156,Trey Gilder,SF,25,MEM,2,0,2.5,0.5,0.5,1.000,0.0,0.0,,0.5,0.5,1.000,1.000,0.0,0.0,,0.0,0.5,0.5,0.0,0.5,0.0,0.0,0.0,1.0)
(2010,160,Ben Gordon,SG,26,DET,62,17,27.9,4.7,11.3,.416,1.2,3.8,.321,3.5,7.5,.465,.470,3.2,3.7,.861,0.4,1.5,1.9,2.7,0.8,0.1,1.9,2.4,13.8)
(2010,163,Joey Graham,SF,27,DEN,63,18,12.0,1.7,3.2,.520,0.0,0.2,.154,1.6,3.0,.545,.525,0.9,1.2,.740,0.6,1.3,2.0,0.3,0.4,0.1,0.7,1.7,4.2)
(2010,167,Danny Green,SG,22,CLE,20,0,5.8,0.8,2.0,.385,0.3,1.1,.273,0.5,0.9,.529,.462,0.2,0.3,.667,0.4,0.5,0.9,0.3,0.3,0.2,0.3,0.5,2.0)
(2010,171,Taylor Griffin,SF,23,PHO,8,0,4.0,0.5,1.3,.400,0.0,0.3,.000,0.5,1.0,.500,.400,0.3,0.5,.500,0.0,0.3,0.3,0.1,0.0,0.3,0.1,0.5,1.3)
(2010,175,Richard Hamilton,SG,31,DET,46,46,33.7,6.4,15.6,.409,0.9,3.0,.297,5.5,12.6,.435,.437,4.4,5.2,.846,0.7,2.0,2.7,4.4,0.7,0.1,2.5,2.5,18.1)
(2010,179,Devin Harris,PG,26,NJN,64,61,34.7,5.6,13.8,.403,0.9,3.4,.276,4.6,10.4,.444,.437,4.8,6.0,.798,0.4,2.8,3.2,6.6,1.2,0.3,2.8,2.8,16.9)
(2010,182,Udonis Haslem,PF,29,MIA,78,0,27.9,4.0,8.1,.494,0.0,0.0,,4.0,8.1,.494,.494,1.9,2.5,.762,2.1,5.9,8.1,0.7,0.4,0.3,1.0,2.2,9.9)
(2010,186,Jarvis Hayes,SF,28,NJN,45,19,23.0,3.1,7.3,.421,1.3,4.0,.335,1.7,3.3,.523,.512,0.3,0.4,.778,0.2,2.2,2.4,0.9,0.6,0.2,0.6,2.0,7.8)
(2010,190,Roy Hibbert,C,23,IND,81,69,25.1,4.8,9.7,.495,0.0,0.1,.500,4.7,9.6,.495,.497,2.1,2.8,.754,2.2,3.5,5.7,2.0,0.4,1.6,1.8,3.5,11.7)
(2010,194,Grant Hill,SF,37,PHO,81,81,30.0,4.1,8.7,.478,0.4,1.0,.438,3.7,7.7,.483,.503,2.5,3.1,.817,0.9,4.6,5.5,2.4,0.7,0.4,1.3,2.0,11.3)
(2010,198,Ryan Hollins,C,25,MIN,73,27,16.8,2.3,4.2,.558,0.0,0.0,.000,2.3,4.1,.560,.558,1.5,2.2,.690,1.1,1.8,2.8,0.7,0.3,0.5,1.3,2.7,6.1)
(2010,201,Dwight Howard,C,24,ORL,82,82,34.7,6.2,10.2,.612,0.0,0.1,.000,6.2,10.1,.617,.612,5.9,10.0,.592,3.5,9.7,13.2,1.8,0.9,2.8,3.3,3.5,18.3)
(2010,205,Larry Hughes,SG,31,TOT,45,16,24.8,3.0,8.6,.355,1.0,3.1,.309,2.1,5.5,.381,.411,2.1,2.5,.832,0.5,2.6,3.2,3.0,1.2,0.3,1.7,1.6,9.1)
(2010,209,Othello Hunter,SF,23,ATL,7,0,4.7,0.6,1.7,.333,0.0,0.0,,0.6,1.7,.333,.333,0.4,0.6,.750,0.9,0.9,1.7,0.0,0.0,0.1,0.4,0.7,1.6)
(2010,213,Zydrunas Ilgauskas,C,34,CLE,64,6,20.9,3.0,6.8,.443,0.2,0.4,.478,2.9,6.5,.441,.455,1.2,1.6,.743,1.8,3.6,5.4,0.8,0.2,0.8,1.0,2.9,7.4)
(2010,217,Royal Ivey,SG,28,TOT,44,0,7.4,0.8,1.9,.422,0.3,0.8,.400,0.5,1.1,.438,.506,0.2,0.3,.750,0.1,0.6,0.8,0.6,0.4,0.0,0.3,0.9,2.1)
(2010,Rk,Player,Pos,Age,Tm,G,GS,MP,FG,FGA,FG%,3P,3PA,3P,2P,2PA,2P,eFG%,FT,FTA,FT%,ORB,DRB,TRB,AST,STL,BLK,TOV,PF,PTS)
(2010,225,Nathan Jawai,C,23,MIN,39,2,10.6,1.3,2.8,.441,0.0,0.0,.000,1.3,2.8,.445,.441,0.7,1.0,.684,1.3,1.4,2.7,0.6,0.3,0.2,0.7,1.5,3.2)
(2010,229,Jared Jeffries,PF-SF,28,TOT,70,37,25.6,2.0,4.5,.439,0.3,1.0,.296,1.7,3.5,.481,.473,1.1,1.7,.625,1.9,2.3,4.1,1.4,0.9,1.0,1.1,2.9,5.3)
(2010,233,Amir Johnson,PF,22,TOR,82,5,17.7,2.5,4.1,.623,0.0,0.0,.000,2.5,4.0,.630,.623,1.2,1.8,.638,1.9,2.9,4.8,0.6,0.5,0.8,0.8,3.1,6.2)
(2010,237,Dahntay Jones,SF,29,IND,76,26,24.9,3.8,8.2,.461,0.1,0.4,.125,3.7,7.8,.479,.464,2.6,3.4,.770,0.6,2.4,3.0,2.0,0.5,0.5,1.7,3.1,10.2)
(2010,Rk,Player,Pos,Age,Tm,G,GS,MP,FG,FGA,FG%,3P,3PA,3P,2P,2PA,2P,eFG%,FT,FTA,FT%,ORB,DRB,TRB,AST,STL,BLK,TOV,PF,PTS)
(2010,244,Coby Karl,SF-SG,26,TOT,7,1,16.1,1.6,4.6,.344,0.3,1.6,.182,1.3,3.0,.429,.375,0.6,0.9,.667,0.6,2.0,2.6,2.1,0.4,0.1,1.4,2.0,4.0)
(2010,248,Kosta Koufos,C,20,UTA,36,0,4.8,0.6,1.3,.468,0.0,0.0,,0.6,1.3,.468,.468,0.3,0.4,.600,0.4,0.8,1.3,0.2,0.1,0.1,0.4,0.7,1.5)
(2010,252,Marcus Landry,SF,24,TOT,18,0,6.2,0.9,2.4,.372,0.5,1.6,.321,0.4,0.8,.467,.477,0.2,0.3,.600,0.3,0.8,1.1,0.0,0.1,0.1,0.3,0.8,2.4)
(2010,256,David Lee,C,26,NYK,81,81,37.3,8.5,15.5,.545,0.0,0.1,.000,8.5,15.4,.549,.545,3.3,4.1,.812,2.8,8.9,11.7,3.6,1.0,0.5,2.3,3.2,20.2)
(2010,260,Robin Lopez,C,21,PHO,51,31,19.3,3.4,5.7,.588,0.0,0.0,,3.4,5.7,.588,.588,1.7,2.5,.704,2.0,2.8,4.9,0.1,0.2,1.0,0.8,2.3,8.4)
(2010,263,Corey Maggette,PF,30,GSW,70,49,29.7,6.5,12.7,.516,0.2,0.7,.260,6.3,11.9,.531,.523,6.6,7.9,.835,1.3,4.0,5.3,2.5,0.7,0.1,2.4,3.3,19.8)
(2010,267,Sean Marks,C,34,NOH,14,0,5.4,0.3,0.6,.500,0.0,0.0,,0.3,0.6,.500,.500,0.1,0.4,.400,1.0,0.6,1.6,0.1,0.0,0.2,0.1,1.2,0.7)
(2010,271,Desmond Mason,SF,32,SAC,5,4,13.2,1.0,2.4,.417,0.0,0.0,,1.0,2.4,.417,.417,0.6,0.8,.750,0.8,1.8,2.6,0.4,0.2,0.2,0.8,1.0,2.6)
(2010,275,Sean May,C,25,SAC,37,4,8.9,1.4,3.0,.459,0.0,0.1,.000,1.4,2.9,.477,.459,0.6,0.9,.656,0.5,1.4,1.9,0.5,0.3,0.2,0.5,1.2,3.3)
(2010,279,Antonio McDyess,PF,35,SAS,77,50,21.0,2.7,5.6,.479,0.0,0.0,.000,2.7,5.5,.481,.479,0.5,0.7,.632,1.9,4.0,5.9,1.1,0.6,0.4,1.0,1.9,5.8)
(2010,282,Dominic McGuire,SF,24,TOT,51,2,6.0,0.4,1.0,.365,0.0,0.0,,0.4,1.0,.365,.365,0.0,0.1,.000,0.5,1.1,1.5,0.2,0.1,0.1,0.3,0.7,0.7)
(2010,286,C.J. Miles,SF,22,UTA,63,28,23.8,3.8,8.9,.429,1.2,3.4,.341,2.7,5.5,.484,.495,1.0,1.5,.695,0.7,2.0,2.7,1.7,0.9,0.3,1.3,3.0,9.9)
(2010,290,Mike Miller,SG,29,WAS,54,50,33.4,4.0,8.0,.501,1.5,3.2,.480,2.5,4.9,.515,.596,1.3,1.6,.824,1.0,5.2,6.2,3.9,0.7,0.2,2.1,2.4,10.9)
(2010,294,Jamario Moon,SF,29,CLE,61,2,17.2,1.9,4.0,.462,0.5,1.6,.320,1.3,2.4,.558,.526,0.6,0.7,.800,0.4,2.7,3.1,0.8,0.6,0.5,0.4,1.1,4.9)
(2010,298,Anthony Morrow,SG,24,GSW,69,37,29.2,4.8,10.2,.468,2.0,4.4,.456,2.7,5.7,.477,.568,1.5,1.7,.886,0.9,2.9,3.8,1.5,0.9,0.2,1.2,2.3,13.0)
(2010,301,Ronald Murray,SG,30,TOT,75,2,22.3,3.6,9.1,.392,0.9,2.9,.312,2.7,6.2,.431,.443,1.9,2.6,.727,0.4,2.1,2.4,1.8,0.6,0.2,1.2,1.7,9.9)
(2010,305,Rasho Nesterovic,C,33,TOR,42,8,9.8,1.9,3.5,.544,0.0,0.0,,1.9,3.5,.544,.544,0.0,0.1,.200,0.9,1.2,2.1,0.6,0.2,0.4,0.4,1.3,3.9)
(2010,309,Dirk Nowitzki,PF,31,DAL,81,80,37.5,8.9,18.5,.481,0.6,1.5,.421,8.3,17.0,.487,.498,6.6,7.2,.915,1.0,6.7,7.7,2.7,0.9,1.0,1.8,2.6,25.0)
(2010,313,Fabricio Oberto,C,34,WAS,57,20,11.4,0.6,1.0,.625,0.0,0.0,,0.6,1.0,.625,.625,0.2,0.3,.765,0.6,1.2,1.8,0.9,0.2,0.2,0.6,2.1,1.5)
(2010,317,Mehmet Okur,C,30,UTA,73,73,29.4,4.9,10.6,.458,1.1,2.9,.385,3.7,7.7,.486,.511,2.7,3.3,.820,1.8,5.2,7.1,1.6,0.5,1.1,1.7,3.1,13.5)
(2010,Rk,Player,Pos,Age,Tm,G,GS,MP,FG,FGA,FG%,3P,3PA,3P,2P,2PA,2P,eFG%,FT,FTA,FT%,ORB,DRB,TRB,AST,STL,BLK,TOV,PF,PTS)
(2010,324,Chris Paul,PG,24,NOH,45,45,38.0,7.0,14.2,.493,1.2,2.8,.409,5.8,11.3,.514,.534,3.6,4.2,.847,0.4,3.8,4.2,10.7,2.1,0.2,2.5,2.6,18.7)
(2010,328,Morris Peterson,SG,32,NOH,46,39,21.2,2.5,6.5,.385,1.3,3.7,.363,1.2,2.8,.415,.488,0.7,1.2,.611,0.4,2.4,2.7,0.9,0.5,0.1,0.6,1.8,7.1)
(2010,332,James Posey,SF,33,NOH,77,2,22.5,1.6,4.5,.365,1.1,3.1,.335,0.6,1.3,.437,.483,0.9,1.0,.825,0.4,3.9,4.3,1.5,0.5,0.2,0.7,2.6,5.2)
(2010,336,Ronnie Price,PG,26,UTA,60,4,13.4,1.6,4.0,.405,0.3,1.1,.286,1.3,3.0,.447,.442,0.7,1.0,.695,0.5,0.8,1.2,2.1,0.7,0.2,0.9,1.8,4.3)
(2010,340,Vladimir Radmanovic,PF,29,TOT,41,20,21.7,2.5,6.7,.377,0.7,2.6,.278,1.8,4.0,.442,.432,0.5,0.7,.741,1.2,3.1,4.3,1.1,0.7,0.2,1.1,2.4,6.2)
(2010,343,Zach Randolph,PF,28,MEM,81,81,37.7,8.0,16.5,.488,0.2,0.6,.288,7.9,15.9,.496,.494,4.5,5.7,.778,4.1,7.7,11.7,1.8,1.0,0.4,2.1,2.8,20.8)
(2010,347,Chris Richard,PF,25,CHI,18,0,12.4,0.8,1.6,.517,0.0,0.0,,0.8,1.6,.517,.517,0.4,0.6,.636,1.1,2.2,3.3,0.4,0.4,0.2,0.8,2.8,2.1)
(2010,351,Nate Robinson,PG,25,TOT,56,2,19.9,3.8,8.8,.436,1.6,4.0,.390,2.3,4.8,.474,.524,0.9,1.2,.746,0.5,1.5,2.0,2.9,0.9,0.1,1.3,2.1,10.1)
(2010,355,Quinton Ross,SF-SG,28,TOT,52,7,10.8,0.8,2.1,.360,0.1,0.4,.190,0.7,1.7,.400,.378,0.2,0.3,.571,0.3,0.6,0.9,0.2,0.3,0.1,0.2,1.3,1.8)
(2010,359,John Salmons,SG,30,TOT,81,56,34.9,5.4,12.2,.441,1.5,3.8,.382,3.9,8.4,.468,.501,3.1,3.8,.830,0.4,2.9,3.3,2.8,1.2,0.3,1.5,2.0,15.4)
(2010,362,Thabo Sefolosha,SG,25,OKC,82,82,28.6,2.4,5.4,.440,0.5,1.6,.313,1.9,3.8,.494,.486,0.7,1.1,.674,0.9,3.8,4.7,1.8,1.2,0.6,1.1,1.9,6.0)
(2010,366,Brian Skinner,PF,33,LAC,16,1,7.7,0.6,1.6,.400,0.0,0.0,,0.6,1.6,.400,.400,0.4,0.5,.750,0.6,1.1,1.7,0.0,0.2,0.3,0.4,1.3,1.6)
(2010,370,Joe Smith,PF,34,ATL,64,1,9.3,1.2,3.0,.399,0.0,0.1,.143,1.2,2.9,.409,.402,0.6,0.8,.813,1.0,1.4,2.5,0.3,0.1,0.3,0.3,1.5,3.0)
(2010,374,Jerry Stackhouse,SG,35,MIL,42,0,20.4,3.1,7.5,.408,1.1,3.1,.346,2.0,4.4,.452,.479,1.3,1.6,.797,0.5,1.9,2.4,1.7,0.5,0.2,1.6,1.3,8.5)
(2010,378,Rodney Stuckey,PG,23,DET,73,67,34.2,6.2,15.2,.405,0.2,1.1,.228,5.9,14.1,.418,.413,4.1,4.9,.833,0.9,2.9,3.8,4.8,1.4,0.2,2.2,2.8,16.6)
(2010,381,Jeff Teague,PG,21,ATL,71,3,10.1,1.3,3.2,.396,0.1,0.5,.219,1.2,2.7,.426,.412,0.6,0.7,.837,0.1,0.9,0.9,1.7,0.5,0.2,0.7,1.2,3.2)
(2010,385,Hasheem Thabeet,C,22,MEM,68,13,13.0,1.1,1.9,.588,0.0,0.0,,1.1,1.9,.588,.588,0.8,1.4,.581,1.3,2.3,3.6,0.2,0.2,1.3,0.6,2.4,3.1)
(2010,389,Tim Thomas,SF,32,DAL,18,1,15.8,2.7,5.9,.462,0.9,2.4,.372,1.8,3.5,.524,.538,1.2,1.3,.875,0.7,1.6,2.3,0.8,0.6,0.1,0.8,1.7,7.5)
(2010,393,Marcus Thornton,SG,22,NOH,73,17,25.6,5.5,12.1,.451,1.6,4.3,.374,3.8,7.8,.493,.517,2.0,2.4,.814,1.0,1.9,2.9,1.6,0.8,0.2,1.0,1.7,14.5)
(2010,397,Ronny Turiaf,C,27,GSW,42,20,20.8,2.0,3.5,.582,0.0,0.0,.000,2.0,3.5,.586,.582,0.9,1.9,.474,1.3,3.3,4.5,2.1,0.5,1.3,1.2,2.3,4.9)
(2010,Rk,Player,Pos,Age,Tm,G,GS,MP,FG,FGA,FG%,3P,3PA,3P,2P,2PA,2P,eFG%,FT,FTA,FT%,ORB,DRB,TRB,AST,STL,BLK,TOV,PF,PTS)
(2010,404,Sasha Vujacic,SG,25,LAL,67,1,8.6,1.0,2.4,.402,0.4,1.2,.309,0.6,1.2,.494,.479,0.4,0.5,.848,0.4,0.8,1.2,0.6,0.3,0.1,0.3,1.0,2.8)
(2010,408,Gerald Wallace,SF,27,CHA,76,76,41.0,6.0,12.4,.484,0.7,1.8,.371,5.3,10.6,.503,.511,5.6,7.2,.776,2.0,8.1,10.0,2.1,1.5,1.1,2.3,2.6,18.2)
(2010,412,C.J. Watson,PG,25,GSW,65,15,27.5,3.8,8.1,.468,0.7,2.2,.310,3.1,5.9,.527,.510,2.0,2.6,.771,0.4,2.2,2.6,2.8,1.6,0.1,1.1,1.9,10.3)
(2010,416,Sonny Weems,SG,23,TOR,69,19,19.8,3.4,6.6,.515,0.0,0.2,.133,3.4,6.4,.528,.517,0.6,0.9,.688,0.6,2.2,2.8,1.5,0.6,0.4,0.9,1.8,7.5)
(2010,420,Russell Westbrook,PG,21,OKC,82,82,34.3,5.9,14.1,.418,0.3,1.3,.221,5.6,12.9,.438,.428,4.0,5.1,.780,1.7,3.1,4.9,8.0,1.3,0.4,3.3,2.5,16.1)
(2010,423,Damien Wilkins,SF,30,MIN,80,31,19.8,2.1,4.8,.433,0.2,0.8,.295,1.8,4.0,.459,.457,1.3,1.6,.798,0.9,2.2,3.1,1.7,0.8,0.3,1.0,1.8,5.6)
(2010,427,Jawad Williams,PG,26,CLE,54,6,13.7,1.5,3.8,.393,0.6,1.7,.323,0.9,2.1,.451,.466,0.6,0.8,.711,0.3,1.2,1.5,0.6,0.2,0.1,0.3,1.4,4.1)
(2010,431,Mo Williams,PG,27,CLE,69,68,34.2,5.5,12.4,.442,2.3,5.4,.429,3.2,7.0,.452,.535,2.6,2.9,.894,0.4,2.6,3.0,5.3,1.0,0.3,2.5,2.5,15.8)
(2010,435,Terrence Williams,SF,22,NJN,78,9,22.6,3.3,8.3,.401,0.4,1.3,.310,2.9,7.1,.417,.425,1.3,1.8,.715,0.6,3.9,4.5,2.9,0.6,0.1,1.6,1.6,8.4)
(2010,439,Julian Wright,SF,22,NOH,68,14,12.8,1.7,3.4,.500,0.0,0.1,.333,1.7,3.3,.504,.504,0.4,0.6,.610,0.9,1.3,2.1,0.6,0.4,0.3,0.6,0.7,3.8)
(2010,442,Thaddeus Young,PF,21,PHI,67,45,32.0,5.7,12.1,.470,0.7,2.1,.348,5.0,10.1,.495,.499,1.7,2.5,.691,1.9,3.3,5.2,1.4,1.2,0.2,1.9,2.0,13.8)
