(2010,1,Arron Afflalo,SG,24,DEN,82,75,27.1,3.3,7.1,.465,1.3,3.0,.434,2.0,4.1,.488,.557,0.9,1.2,.735,0.7,2.4,3.1,1.7,0.6,0.4,0.9,2.7,8.8)
(2010,5,Malik Allen,PF,31,DEN,51,3,8.9,0.9,2.3,.397,0.0,0.1,.167,0.9,2.2,.409,.401,0.2,0.3,.923,0.7,0.9,1.6,0.3,0.2,0.1,0.4,1.3,2.1)
(2010,9,Louis Amundson,PF,27,PHO,79,0,14.8,1.9,3.5,.551,0.0,0.0,.000,1.9,3.5,.553,.551,0.8,1.6,.545,1.6,2.8,4.4,0.4,0.3,0.9,0.7,2.1,4.7)
(2010,13,Ryan Anderson,PF,21,ORL,63,6,14.5,2.7,6.2,.436,1.2,3.3,.370,1.4,2.8,.514,.536,1.1,1.3,.866,1.1,2.1,3.2,0.6,0.4,0.2,0.9,1.3,7.7)
(2010,17,Trevor Ariza,SF,24,HOU,72,71,36.5,5.5,13.9,.394,1.9,5.7,.334,3.6,8.2,.436,.462,2.1,3.2,.649,1.1,4.5,5.6,3.8,1.8,0.6,2.2,2.3,14.9)
(2010,Rk,Player,Pos,Age,Tm,G,GS,MP,FG,FGA,FG%,3P,3PA,3P,2P,2PA,2P,eFG%,FT,FTA,FT%,ORB,DRB,TRB,AST,STL,BLK,TOV,PF,PTS)
(2010,24,Kelenna Azubuike,SF,26,GSW,9,7,25.7,5.3,9.8,.545,1.1,3.0,.370,4.2,6.8,.623,.602,2.1,3.1,.679,1.3,3.2,4.6,1.1,0.6,1.0,0.8,1.8,13.9)
(2010,28,Jose Barea,PG,25,DAL,78,18,19.8,3.0,6.8,.440,0.7,2.0,.357,2.3,4.7,.476,.493,1.0,1.2,.844,0.2,1.7,1.9,3.3,0.4,0.1,1.3,1.5,7.6)
(2010,32,Brandon Bass,PF,24,ORL,50,3,13.0,2.4,4.7,.511,0.0,0.0,,2.4,4.7,.511,.511,1.0,1.3,.825,1.1,1.5,2.5,0.4,0.2,0.5,0.6,1.4,5.8)
(2010,36,Jerryd Bayless,SG,21,POR,74,11,17.6,2.7,6.5,.414,0.4,1.2,.315,2.3,5.3,.437,.444,2.7,3.3,.831,0.2,1.4,1.6,2.3,0.4,0.1,1.3,2.1,8.5)
(2010,40,Charlie Bell,SG,30,MIL,71,39,22.7,2.4,6.2,.381,1.0,2.8,.365,1.4,3.4,.395,.464,0.7,0.9,.716,0.4,1.4,1.9,1.5,0.5,0.2,0.8,1.9,6.5)
(2010,43,Mike Bibby,PG,31,ATL,80,80,27.4,3.4,8.1,.416,1.6,4.1,.389,1.8,4.0,.444,.514,0.9,1.0,.861,0.3,2.1,2.3,3.9,0.8,0.0,1.1,2.0,9.1)
(2010,47,Steve Blake,PG,29,TOT,80,38,27.0,2.7,6.5,.416,1.5,3.7,.395,1.3,2.9,.443,.527,0.5,0.6,.750,0.3,2.1,2.3,4.8,0.7,0.1,1.6,1.5,7.3)
(2010,51,Matt Bonner,PF,29,SAS,65,8,17.9,2.6,5.7,.446,1.4,3.6,.390,1.2,2.2,.539,.567,0.5,0.7,.729,0.8,2.5,3.3,1.0,0.5,0.4,0.6,1.7,7.0)
(2010,55,Ryan Bowen,SF,34,OKC,1,0,8.0,1.0,1.0,1.000,0.0,0.0,,1.0,1.0,1.000,1.000,2.0,2.0,1.000,1.0,1.0,2.0,0.0,1.0,0.0,0.0,2.0,4.0)
(2010,59,Ronnie Brewer,SG,24,TOT,58,53,30.0,3.6,7.4,.487,0.1,0.5,.258,3.5,6.9,.505,.497,1.5,2.3,.639,0.8,2.4,3.2,2.7,1.6,0.3,0.9,1.4,8.8)
(2010,62,Aaron Brooks,PG,25,HOU,82,82,35.6,7.0,16.2,.432,2.5,6.4,.398,4.5,9.8,.454,.511,3.0,3.6,.822,0.7,2.0,2.6,5.3,0.8,0.2,2.8,2.4,19.6)
(2010,66,Kwame Brown,C,27,DET,48,1,13.8,1.3,2.6,.500,0.0,0.0,.000,1.3,2.6,.504,.500,0.7,2.0,.337,1.1,2.6,3.7,0.5,0.3,0.3,0.9,1.9,3.3)
(2010,70,Caron Butler,SF-SG,29,TOT,74,74,37.6,6.1,14.2,.428,0.6,2.0,.290,5.5,12.2,.450,.448,3.6,4.3,.838,1.4,4.8,6.2,2.1,1.6,0.3,2.2,2.6,16.3)
(2010,74,Jose Calderon,PG,28,TOR,68,39,26.7,4.0,8.4,.482,1.0,2.5,.398,3.0,5.8,.519,.542,1.2,1.5,.798,0.3,1.8,2.1,5.9,0.7,0.1,1.5,2.0,10.3)
(2010,78,DeMarre Carroll,SF,23,MEM,71,1,11.2,1.2,3.1,.396,0.0,0.1,.000,1.2,3.0,.407,.396,0.5,0.7,.623,0.7,1.4,2.1,0.5,0.4,0.1,0.3,1.5,2.9)
(2010,81,Vince Carter,SG,33,ORL,75,74,30.8,5.8,13.5,.428,1.6,4.3,.367,4.2,9.2,.456,.486,3.4,4.1,.840,0.4,3.5,3.9,3.1,0.7,0.2,1.4,2.5,16.6)
(2010,85,Wilson Chandler,SG,22,NYK,65,64,35.7,6.3,13.2,.479,0.6,2.3,.267,5.7,10.9,.524,.502,2.0,2.5,.806,1.4,3.9,5.4,2.1,0.7,0.8,1.7,2.8,15.3)
(2010,89,Mardy Collins,SG,25,LAC,43,0,10.9,1.1,3.0,.367,0.1,0.4,.235,1.0,2.6,.387,.383,0.3,0.5,.619,0.3,0.9,1.2,1.0,0.5,0.0,0.7,1.0,2.6)
(2010,93,Will Conroy,PG,27,HOU,5,0,7.2,0.6,2.0,.300,0.0,0.6,.000,0.6,1.4,.429,.300,0.0,0.4,.000,0.0,0.6,0.6,1.4,0.0,0.0,0.8,1.0,1.2)
(2010,97,Dante Cunningham,PF,22,POR,63,2,11.2,1.7,3.4,.495,0.0,0.0,.000,1.7,3.4,.500,.495,0.5,0.8,.646,0.9,1.7,2.5,0.2,0.4,0.3,0.2,1.5,3.9)
(2010,Rk,Player,Pos,Age,Tm,G,GS,MP,FG,FGA,FG%,3P,3PA,3P,2P,2PA,2P,eFG%,FT,FTA,FT%,ORB,DRB,TRB,AST,STL,BLK,TOV,PF,PTS)
(2010,104,Baron Davis,PG,30,LAC,75,73,33.6,5.5,13.5,.406,1.1,3.9,.277,4.4,9.6,.459,.446,3.2,3.9,.821,0.7,2.9,3.5,8.0,1.7,0.6,2.8,2.8,15.3)
(2010,108,Austin Daye,SF,21,DET,69,4,13.3,2.0,4.3,.464,0.4,1.4,.305,1.6,2.9,.540,.514,0.7,0.8,.821,0.5,2.0,2.5,0.5,0.4,0.4,0.7,1.7,5.1)
(2010,112,Boris Diaw,PF,27,CHA,82,82,35.4,4.5,9.4,.483,0.8,2.5,.320,3.7,6.9,.541,.525,1.4,1.8,.769,1.6,3.6,5.2,4.0,0.7,0.7,2.2,2.7,11.3)
(2010,116,Keyon Dooling,PG,29,NJN,53,8,18.3,2.4,6.1,.398,1.1,3.0,.376,1.3,3.2,.419,.489,0.9,1.2,.770,0.2,0.9,1.0,2.5,0.6,0.0,1.1,1.5,6.9)
(2010,120,Goran Dragic,PG,23,PHO,80,2,18.0,2.8,6.1,.452,0.9,2.4,.394,1.9,3.8,.488,.527,1.5,2.0,.736,0.5,1.7,2.1,3.0,0.6,0.1,1.6,1.6,7.9)
(2010,123,Tim Duncan,C,33,SAS,78,77,31.3,7.2,13.9,.518,0.0,0.1,.182,7.2,13.7,.522,.519,3.5,4.8,.725,2.8,7.3,10.1,3.2,0.6,1.5,1.8,1.9,17.9)
(2010,127,Monta Ellis,SG,24,GSW,64,64,41.4,9.9,22.0,.449,1.2,3.6,.338,8.7,18.4,.470,.476,4.6,6.1,.753,0.7,3.3,4.0,5.3,2.2,0.4,3.8,3.0,25.5)
(2010,131,Tyreke Evans,SG,20,SAC,72,72,37.2,7.4,16.2,.458,0.5,2.0,.255,6.9,14.2,.485,.473,4.8,6.5,.748,0.9,4.4,5.3,5.8,1.5,0.4,3.0,2.8,20.1)
(2010,135,Kyrylo Fesenko,C,23,UTA,49,5,8.3,1.1,1.9,.547,0.0,0.0,.000,1.1,1.9,.553,.547,0.5,1.2,.421,0.7,1.2,1.8,0.3,0.1,0.4,0.5,1.6,2.6)
(2010,139,T.J. Ford,PG,26,IND,47,32,25.3,4.0,8.9,.445,0.2,1.1,.160,3.8,7.8,.484,.455,2.2,2.9,.770,0.9,2.3,3.2,3.8,0.9,0.2,1.9,2.2,10.3)
(2010,142,Channing Frye,C,26,PHO,81,41,27.0,3.9,8.7,.451,2.1,4.8,.439,1.8,3.8,.466,.573,1.2,1.5,.810,0.8,4.5,5.3,1.4,0.8,0.9,0.9,3.2,11.2)
(2010,146,Francisco Garcia,SG,28,SAC,25,4,23.0,3.3,7.0,.466,0.9,2.4,.390,2.4,4.7,.504,.531,0.6,0.7,.882,0.4,2.2,2.6,1.8,0.4,0.8,0.8,2.0,8.1)
(2010,150,Rudy Gay,SF,23,MEM,80,80,39.7,7.5,16.1,.466,0.8,2.5,.327,6.7,13.6,.492,.491,3.8,5.0,.753,1.4,4.5,5.9,1.9,1.5,0.8,2.1,2.5,19.6)
(2010,154,Taj Gibson,PF,24,CHI,82,70,26.9,3.8,7.7,.494,0.0,0.0,,3.8,7.7,.494,.494,1.4,2.1,.646,2.8,4.7,7.5,0.9,0.6,1.3,1.4,3.4,9.0)
(2010,158,Ryan Gomes,SF,27,MIN,76,64,29.1,4.3,9.6,.447,1.0,2.6,.372,3.3,7.0,.475,.497,1.4,1.7,.825,1.0,3.6,4.6,1.6,0.8,0.2,1.3,2.0,10.9)
(2010,161,Eric Gordon,SG,21,LAC,62,60,36.0,5.7,12.6,.449,1.9,5.2,.371,3.8,7.5,.503,.525,3.6,4.8,.742,0.4,2.2,2.6,3.0,1.1,0.2,2.3,1.5,16.9)
(2010,165,Danny Granger,SF,26,IND,62,62,36.7,7.9,18.4,.428,2.5,7.1,.361,5.3,11.3,.471,.498,5.9,6.9,.848,1.1,4.4,5.5,2.8,1.5,0.8,2.5,3.0,24.1)
(2010,169,Willie Green,SG,28,PHI,73,18,21.3,3.4,7.4,.457,0.6,1.9,.346,2.8,5.6,.494,.500,1.3,1.6,.833,0.3,1.5,1.8,2.1,0.4,0.2,0.9,1.8,8.7)
(2010,173,Malik Hairston,SG,22,SAS,47,0,6.7,0.9,1.6,.526,0.0,0.2,.182,0.8,1.4,.585,.539,0.4,0.6,.567,0.3,0.8,1.0,0.3,0.1,0.2,0.2,0.6,2.1)
(2010,177,James Harden,SG,20,OKC,76,0,22.9,3.1,7.6,.403,1.2,3.3,.375,1.8,4.3,.424,.484,2.6,3.2,.808,0.6,2.6,3.2,1.8,1.1,0.3,1.4,2.6,9.9)
(2010,Rk,Player,Pos,Age,Tm,G,GS,MP,FG,FGA,FG%,3P,3PA,3P,2P,2PA,2P,eFG%,FT,FTA,FT%,ORB,DRB,TRB,AST,STL,BLK,TOV,PF,PTS)
(2010,184,Spencer Hawes,C,21,SAC,72,59,26.4,4.3,9.3,.468,0.4,1.2,.299,4.0,8.0,.494,.488,1.0,1.5,.689,2.0,4.0,6.1,2.2,0.4,1.2,1.8,2.8,10.0)
(2010,188,Luther Head,SG,27,IND,47,10,17.3,2.9,6.6,.437,0.8,2.2,.352,2.1,4.4,.481,.497,1.0,1.2,.828,0.1,1.6,1.7,1.5,0.4,0.2,1.1,1.1,7.6)
(2010,192,Nene Hilario,C,27,DEN,82,82,33.6,5.1,8.7,.587,0.0,0.0,.000,5.1,8.7,.589,.587,3.6,5.1,.704,2.0,5.6,7.6,2.5,1.4,1.0,1.5,3.4,13.8)
(2010,196,Kirk Hinrich,SG,29,CHI,74,53,33.5,4.2,10.2,.409,1.4,3.8,.371,2.8,6.4,.431,.478,1.1,1.5,.752,0.3,3.2,3.5,4.5,1.1,0.3,1.5,2.8,10.9)
(2010,200,Eddie House,PG-SG,31,TOT,68,0,17.9,2.5,6.7,.380,1.2,3.3,.348,1.4,3.4,.412,.467,0.7,0.8,.923,0.2,1.4,1.6,1.3,0.6,0.1,0.7,1.2,7.0)
(2010,203,Juwan Howard,C,36,POR,73,27,22.4,2.6,5.1,.509,0.0,0.0,.000,2.6,5.1,.511,.509,0.8,1.0,.786,1.5,3.1,4.6,0.8,0.4,0.1,1.0,2.6,6.0)
(2010,207,Chris Hunter,C,25,GSW,60,9,13.1,1.8,3.6,.502,0.0,0.1,.000,1.8,3.6,.512,.502,0.9,1.2,.754,0.9,1.9,2.8,0.6,0.2,0.6,0.5,2.2,4.5)
(2010,211,Serge Ibaka,PF,20,OKC,73,0,18.1,2.8,5.1,.543,0.0,0.0,.500,2.7,5.0,.543,.545,0.8,1.3,.630,1.9,3.5,5.4,0.1,0.3,1.3,0.9,2.7,6.3)
(2010,215,Ersan Ilyasova,PF,22,MIL,81,31,23.4,4.0,9.0,.443,1.0,3.0,.336,3.0,6.0,.496,.499,1.4,2.0,.715,1.9,4.4,6.4,1.0,0.7,0.3,0.9,3.1,10.4)
(2010,219,Cedric Jackson,PG,23,TOT,12,0,6.2,0.5,1.7,.300,0.1,0.5,.167,0.4,1.2,.357,.325,0.6,1.0,.583,0.2,0.5,0.7,1.2,0.3,0.2,0.9,0.6,1.7)
(2010,222,LeBron James,SF,25,CLE,76,76,39.0,10.1,20.1,.503,1.7,5.1,.333,8.4,15.0,.560,.545,7.8,10.2,.767,0.9,6.4,7.3,8.6,1.6,1.0,3.4,1.6,29.7)
(2010,223,Mike James,PG,34,WAS,4,0,11.5,1.5,5.0,.300,0.5,1.5,.333,1.0,3.5,.286,.350,1.0,2.0,.500,0.3,0.5,0.8,1.3,0.8,0.0,1.3,0.8,4.5)
(2010,227,Al Jefferson,C,25,MIN,76,76,32.4,7.4,14.8,.498,0.0,0.1,.000,7.4,14.8,.500,.498,2.4,3.5,.680,2.4,6.9,9.3,1.8,0.8,1.3,1.8,2.7,17.1)
(2010,231,Jonas Jerebko,PF,22,DET,80,73,27.9,3.6,7.5,.481,0.5,1.4,.313,3.2,6.1,.520,.511,1.6,2.2,.710,2.4,3.6,6.0,0.7,1.0,0.4,1.0,2.9,9.3)
(2010,235,James Johnson,PF,22,CHI,65,11,11.6,1.5,3.2,.452,0.2,0.7,.326,1.2,2.5,.488,.488,0.8,1.1,.729,0.5,1.4,2.0,0.7,0.3,0.7,1.0,1.9,3.9)
(2010,239,James Jones,SF,29,MIA,36,6,14.0,1.2,3.3,.361,1.0,2.5,.411,0.2,0.8,.207,.517,0.6,0.8,.821,0.1,1.1,1.3,0.5,0.3,0.1,0.3,1.3,4.1)
(2010,242,Chris Kaman,C,27,LAC,76,76,34.3,7.8,15.8,.490,0.0,0.1,.000,7.8,15.7,.492,.490,3.0,4.0,.749,2.4,6.8,9.3,1.6,0.5,1.2,2.9,2.8,18.5)
(2010,246,Andrei Kirilenko,SF,28,UTA,58,35,29.0,4.2,8.3,.506,0.4,1.5,.292,3.8,6.8,.555,.533,3.0,4.0,.744,1.3,3.2,4.6,2.7,1.4,1.2,1.4,1.8,11.9)
(2010,250,Oliver Lafayette,SG,25,BOS,1,0,22.0,3.0,6.0,.500,1.0,2.0,.500,2.0,4.0,.500,.583,0.0,0.0,,1.0,3.0,4.0,2.0,0.0,0.0,1.0,0.0,7.0)
(2010,254,Ty Lawson,PG,22,DEN,65,8,20.3,3.1,6.0,.515,0.5,1.3,.410,2.6,4.7,.544,.559,1.6,2.2,.757,0.6,1.3,1.9,3.1,0.7,0.0,1.3,1.4,8.3)
(2010,258,Shaun Livingston,PG,24,TOT,36,18,22.1,2.9,5.6,.517,0.0,0.2,.000,2.9,5.4,.533,.517,1.2,1.3,.875,0.4,1.7,2.2,3.6,0.5,0.3,1.6,1.7,6.9)
(2010,261,Kevin Love,PF,21,MIN,60,22,28.6,4.9,10.8,.450,0.6,1.8,.330,4.3,9.0,.474,.478,3.8,4.6,.815,3.8,7.2,11.0,2.3,0.7,0.4,2.0,2.3,14.0)
(2010,265,Ian Mahinmi,C,23,SAS,26,0,6.3,1.3,2.1,.636,0.0,0.0,,1.3,2.1,.636,.636,1.2,1.8,.660,0.5,1.5,2.0,0.1,0.1,0.3,0.6,1.2,3.9)
(2010,269,Kenyon Martin,PF,32,DEN,58,58,34.2,4.9,10.7,.456,0.1,0.5,.276,4.7,10.2,.465,.463,1.6,2.9,.557,2.4,7.0,9.4,1.9,1.2,1.1,1.6,3.2,11.5)
(2010,273,Wesley Matthews,SG,23,UTA,82,48,24.7,3.3,6.9,.483,0.8,2.0,.382,2.6,4.9,.525,.539,2.0,2.4,.829,0.6,1.7,2.3,1.5,0.8,0.2,1.1,1.9,9.4)
(2010,277,O.J. Mayo,SG,22,MEM,82,82,38.0,6.6,14.4,.458,1.7,4.3,.383,5.0,10.1,.490,.516,2.6,3.2,.809,0.7,3.0,3.8,3.0,1.2,0.2,2.1,2.1,17.5)
(2010,Rk,Player,Pos,Age,Tm,G,GS,MP,FG,FGA,FG%,3P,3PA,3P,2P,2PA,2P,eFG%,FT,FTA,FT%,ORB,DRB,TRB,AST,STL,BLK,TOV,PF,PTS)
(2010,284,Jodie Meeks,SG,22,TOT,60,0,12.0,1.7,4.5,.388,0.7,2.2,.318,1.0,2.3,.456,.466,0.5,0.7,.795,0.2,1.5,1.7,0.7,0.3,0.1,0.4,0.9,4.7)
(2010,288,Andre Miller,PG,33,POR,82,66,30.5,4.9,11.1,.445,0.2,1.0,.200,4.7,10.1,.469,.454,3.9,4.8,.821,1.0,2.3,3.2,5.4,1.1,0.1,2.1,2.1,14.0)
(2010,292,Paul Millsap,PF,24,UTA,82,8,27.8,4.7,8.7,.538,0.0,0.1,.111,4.7,8.6,.543,.538,2.2,3.2,.693,2.3,4.5,6.8,1.6,0.8,1.2,1.4,3.5,11.6)
(2010,296,Randolph Morris,PF,24,ATL,28,0,4.4,0.8,1.5,.561,0.0,0.0,,0.8,1.5,.561,.561,0.6,1.0,.593,0.4,1.0,1.4,0.1,0.2,0.1,0.4,1.2,2.2)
(2010,300,Troy Murphy,PF,29,IND,72,69,32.6,5.3,11.3,.472,1.8,4.6,.384,3.6,6.7,.533,.551,2.1,2.7,.798,1.8,8.4,10.2,2.1,1.0,0.5,1.4,2.4,14.6)
(2010,303,Steve Nash,PG,35,PHO,81,81,32.8,6.2,12.2,.507,1.5,3.6,.426,4.6,8.6,.540,.570,2.6,2.8,.938,0.4,2.9,3.3,11.0,0.5,0.1,3.6,1.3,16.5)
(2010,307,Andres Nocioni,SF,30,SAC,75,28,19.7,3.1,7.8,.399,1.3,3.3,.386,1.8,4.5,.408,.480,0.9,1.3,.717,0.4,2.5,3.0,1.0,0.4,0.3,0.9,2.1,8.5)
(2010,311,Jermaine O'Neal,C,31,MIA,70,70,28.4,5.6,10.6,.529,0.0,0.0,.000,5.6,10.6,.530,.529,2.3,3.2,.720,1.8,5.2,6.9,1.3,0.4,1.4,1.8,3.0,13.6)
(2010,315,Lamar Odom,PF,30,LAL,82,38,31.5,4.2,9.0,.463,0.7,2.2,.319,3.5,6.8,.510,.502,1.7,2.5,.693,2.2,7.5,9.8,3.3,0.9,0.7,1.8,2.8,10.8)
(2010,319,Travis Outlaw,SF,25,TOT,34,6,21.5,3.2,8.3,.391,1.2,3.1,.381,2.1,5.2,.398,.463,1.4,1.7,.831,1.0,2.6,3.6,1.0,0.5,0.5,0.9,1.3,9.1)
(2010,322,Anthony Parker,SG,34,CLE,81,81,28.3,2.5,5.9,.434,1.3,3.2,.414,1.2,2.6,.458,.547,0.9,1.2,.789,0.4,2.5,2.9,1.9,0.8,0.2,0.9,1.9,7.3)
(2010,326,Oleksiy Pecherov,C,24,MIN,44,5,10.2,1.8,4.3,.410,0.3,1.2,.269,1.4,3.1,.463,.447,0.7,0.7,.906,0.7,2.1,2.8,0.3,0.2,0.3,0.7,1.3,4.5)
(2010,330,Paul Pierce,SF,32,BOS,71,71,34.0,5.8,12.2,.472,1.5,3.7,.414,4.2,8.5,.497,.535,5.2,6.1,.852,0.5,3.8,4.4,3.1,1.2,0.4,2.3,2.8,18.3)
(2010,334,Josh Powell,PF,27,LAL,63,0,9.2,1.1,3.1,.366,0.1,0.3,.438,1.0,2.8,.360,.384,0.3,0.5,.645,0.7,1.1,1.8,0.6,0.1,0.1,0.5,1.1,2.7)
(2010,338,Joel Przybilla,C,30,POR,30,9,22.7,1.5,2.9,.523,0.0,0.0,,1.5,2.9,.523,.523,1.1,1.7,.647,2.4,5.5,7.9,0.3,0.3,1.4,1.3,3.2,4.1)
(2010,341,Anthony Randolph,C,20,GSW,33,8,22.7,4.2,9.4,.443,0.0,0.2,.200,4.1,9.2,.447,.445,3.3,4.1,.801,2.2,4.3,6.5,1.3,0.8,1.5,1.5,2.8,11.6)
(2010,345,Michael Redd,SG,30,MIL,18,12,27.3,4.2,11.8,.352,1.0,3.3,.300,3.2,8.5,.373,.394,2.6,3.7,.712,0.6,2.4,3.0,2.2,1.1,0.1,0.8,1.3,11.9)
(2010,349,Quentin Richardson,SF,29,MIA,76,75,27.4,3.2,7.4,.431,1.9,4.7,.397,1.3,2.7,.493,.558,0.7,0.9,.732,0.8,4.1,4.9,1.2,0.9,0.2,0.8,2.2,8.9)
(2010,353,Rajon Rondo,PG,23,BOS,81,81,36.6,5.7,11.2,.508,0.2,1.0,.213,5.5,10.2,.536,.517,2.2,3.5,.621,1.2,3.2,4.4,9.8,2.3,0.1,3.0,2.4,13.7)
(2010,357,Brandon Rush,SG,24,IND,82,64,30.4,3.6,8.6,.423,1.5,3.7,.411,2.1,4.9,.433,.511,0.7,1.1,.629,0.5,3.7,4.2,1.4,0.7,0.8,1.1,1.9,9.4)
(2010,Rk,Player,Pos,Age,Tm,G,GS,MP,FG,FGA,FG%,3P,3PA,3P,2P,2PA,2P,eFG%,FT,FTA,FT%,ORB,DRB,TRB,AST,STL,BLK,TOV,PF,PTS)
(2010,364,Bobby Simmons,PF,29,NJN,23,2,17.2,1.8,5.1,.359,0.9,2.7,.317,1.0,2.3,.407,.444,0.8,0.9,.900,0.5,2.3,2.7,0.7,0.7,0.1,0.8,2.3,5.3)
(2010,368,J.R. Smith,SG,24,DEN,75,0,27.8,5.7,13.8,.414,2.1,6.2,.338,3.6,7.5,.477,.491,1.9,2.7,.706,0.4,2.7,3.1,2.4,1.3,0.3,1.9,2.3,15.4)
(2010,372,Darius Songaila,C,31,NOH,75,1,18.8,3.2,6.5,.494,0.0,0.1,.167,3.2,6.4,.498,.495,0.8,1.0,.811,0.8,2.3,3.1,0.9,0.8,0.2,1.1,2.7,7.2)
(2010,376,Peja Stojakovic,SF,32,NOH,62,55,31.4,4.5,11.1,.404,2.1,5.7,.375,2.4,5.4,.435,.500,1.5,1.7,.897,0.6,3.0,3.7,1.5,0.8,0.1,0.9,1.3,12.6)
(2010,380,Jermaine Taylor,SG,23,HOU,31,4,9.8,1.5,3.8,.378,0.2,0.7,.227,1.3,3.1,.412,.399,1.1,1.5,.717,0.7,0.8,1.5,0.5,0.3,0.1,0.6,0.5,4.1)
(2010,383,Garrett Temple,SG,23,TOT,27,4,12.4,1.6,3.7,.436,0.5,1.4,.351,1.1,2.4,.484,.500,1.3,1.9,.700,0.2,0.9,1.1,0.8,0.5,0.2,1.0,1.6,5.0)
(2010,387,Kenny Thomas,PF,32,SAC,26,2,12.0,0.7,1.3,.486,0.0,0.0,,0.7,1.3,.486,.486,0.3,0.5,.583,1.3,2.0,3.3,0.6,0.4,0.4,0.7,1.6,1.6)
(2010,391,Jason Thompson,C,23,SAC,75,58,31.4,4.9,10.5,.472,0.0,0.1,.100,4.9,10.3,.477,.473,2.6,3.7,.715,3.0,5.5,8.5,1.7,0.5,1.0,1.9,3.7,12.5)
(2010,395,Anthony Tolliver,PF,24,TOT,46,29,31.0,4.2,9.8,.430,1.1,3.3,.329,3.1,6.5,.481,.486,2.2,2.9,.769,1.8,5.1,7.0,1.9,0.7,0.7,1.0,2.8,11.7)
(2010,399,Ime Udoka,SG,32,SAC,69,2,13.7,1.3,3.5,.378,0.4,1.3,.286,0.9,2.2,.433,.432,0.6,0.8,.737,0.7,2.0,2.8,0.8,0.5,0.1,0.6,1.2,3.6)
(2010,402,Anderson Varejao,PF,27,CLE,76,7,28.5,3.5,6.1,.572,0.0,0.1,.200,3.5,6.1,.576,.573,1.5,2.3,.663,2.5,5.1,7.6,1.1,0.9,0.9,0.9,2.9,8.6)
(2010,406,Henry Walker,SG-SF,22,TOT,35,13,21.9,3.4,6.6,.517,1.4,3.3,.431,2.0,3.3,.603,.625,1.1,1.4,.796,0.4,2.1,2.5,1.1,0.7,0.1,0.8,2.4,9.4)
(2010,410,Luke Walton,SF,29,LAL,29,0,9.4,1.0,2.9,.357,0.2,0.6,.412,0.8,2.3,.343,.399,0.1,0.1,.500,0.4,0.9,1.3,1.4,0.3,0.0,0.4,0.7,2.4)
(2010,414,Kyle Weaver,SG,23,OKC,12,0,12.0,1.0,2.8,.364,0.6,1.6,.368,0.4,1.2,.357,.470,0.4,0.5,.833,0.1,1.4,1.5,0.9,0.5,0.5,0.3,1.1,3.0)
(2010,418,Delonte West,SG,26,CLE,60,3,25.0,3.2,7.3,.445,0.4,1.3,.325,2.8,6.0,.471,.474,1.9,2.4,.810,0.5,2.3,2.8,3.3,0.9,0.5,1.5,1.4,8.8)
(2010,421,D.J. White,PF,23,OKC,12,0,8.5,2.1,3.4,.610,0.0,0.0,,2.1,3.4,.610,.610,0.8,0.8,.900,0.8,1.1,1.9,0.3,0.4,0.3,0.3,1.0,4.9)
(2010,425,Deron Williams,PG,25,UTA,76,76,36.9,6.5,13.9,.469,1.3,3.4,.371,5.2,10.4,.501,.515,4.4,5.5,.801,0.7,3.3,4.0,10.5,1.3,0.2,3.3,2.7,18.7)
(2010,429,Marcus Williams,PG,24,MEM,62,1,14.1,1.7,4.4,.384,0.4,1.3,.296,1.3,3.1,.421,.428,0.6,0.9,.673,0.2,1.3,1.5,2.6,0.5,0.0,1.2,0.7,4.3)
(2010,433,Sean Williams,PF,23,NJN,20,0,11.4,1.1,2.5,.429,0.0,0.1,.000,1.1,2.4,.438,.429,0.5,1.0,.526,1.1,1.3,2.3,0.1,0.4,1.0,1.0,2.1,2.6)
(2010,437,Antoine Wright,SF,25,TOR,67,10,20.8,2.4,6.0,.406,0.9,2.6,.335,1.6,3.4,.460,.479,0.8,1.1,.688,0.6,2.3,2.8,1.1,0.4,0.2,0.9,2.0,6.5)
(2010,Rk,Player,Pos,Age,Tm,G,GS,MP,FG,FGA,FG%,3P,3PA,3P,2P,2PA,2P,eFG%,FT,FTA,FT%,ORB,DRB,TRB,AST,STL,BLK,TOV,PF,PTS)
