(2010,2,Alexis Ajinca,C,21,CHA,6,0,5.0,0.8,1.7,.500,0.0,0.0,,0.8,1.7,.500,.500,0.0,0.2,.000,0.2,0.5,0.7,0.0,0.2,0.2,0.3,0.8,1.7)
(2010,6,Ray Allen,SG,34,BOS,80,80,35.2,5.8,12.2,.477,1.8,5.0,.363,4.0,7.2,.556,.551,2.9,3.2,.913,0.6,2.6,3.2,2.6,0.8,0.3,1.6,2.3,16.3)
(2010,10,Chris Andersen,PF,31,DEN,76,0,22.3,1.9,3.3,.566,0.0,0.0,.000,1.9,3.3,.573,.566,2.2,3.1,.695,1.9,4.4,6.4,0.4,0.6,1.9,0.8,2.3,5.9)
(2010,14,Carmelo Anthony,SF,25,DEN,69,69,38.2,10.0,21.8,.458,0.9,2.7,.316,9.1,19.1,.478,.478,7.4,8.9,.830,2.2,4.4,6.6,3.2,1.3,0.4,3.0,3.3,28.2)
(2010,18,Hilton Armstrong,PF-C,25,TOT,33,0,10.2,0.8,2.4,.354,0.0,0.0,.000,0.8,2.4,.359,.354,0.5,1.0,.469,0.8,1.6,2.5,0.6,0.5,0.4,0.7,1.8,2.2)
(2010,21,Chucky Atkins,PG,35,DET,40,11,16.1,1.4,3.9,.363,0.6,1.8,.301,0.9,2.1,.417,.433,0.6,0.7,.926,0.1,0.6,0.7,2.3,0.4,0.0,0.8,1.3,4.0)
(2010,25,Renaldo Balkman,SF,25,DEN,13,1,7.0,0.5,1.4,.333,0.0,0.5,.000,0.5,0.8,.545,.333,0.2,0.5,.333,0.3,1.5,1.8,0.5,0.6,0.2,0.5,1.2,1.1)
(2010,29,Andrea Bargnani,PF,24,TOR,80,80,35.0,6.7,14.3,.470,1.5,4.1,.372,5.2,10.2,.509,.523,2.3,2.9,.774,1.3,4.9,6.2,1.2,0.3,1.4,1.5,2.7,17.2)
(2010,33,Tony Battie,C,33,NJN,15,0,8.9,0.9,2.7,.350,0.1,0.3,.250,0.9,2.4,.361,.363,0.5,0.7,.700,0.3,1.3,1.5,0.2,0.3,0.1,0.2,1.3,2.4)
(2010,37,Michael Beasley,PF,21,MIA,78,78,29.8,6.0,13.3,.450,0.4,1.3,.275,5.6,12.0,.469,.463,2.5,3.1,.800,1.6,4.8,6.4,1.3,1.0,0.6,1.7,2.8,14.8)
(2010,Rk,Player,Pos,Age,Tm,G,GS,MP,FG,FGA,FG%,3P,3PA,3P,2P,2PA,2P,eFG%,FT,FTA,FT%,ORB,DRB,TRB,AST,STL,BLK,TOV,PF,PTS)
(2010,44,Andris Biedrins,C,23,GSW,33,29,23.1,2.5,4.2,.591,0.0,0.0,,2.5,4.2,.591,.591,0.1,0.8,.160,1.9,5.9,7.8,1.7,0.6,1.3,1.0,3.5,5.0)
(2010,48,Andray Blatche,PF,23,WAS,81,36,27.9,5.9,12.3,.478,0.2,0.5,.295,5.7,11.8,.487,.485,2.1,2.9,.744,2.0,4.3,6.3,2.1,1.0,0.9,2.2,2.7,14.1)
(2010,52,Josh Boone,PF,25,NJN,63,28,16.6,1.9,3.5,.525,0.0,0.0,,1.9,3.5,.525,.525,0.3,0.9,.328,2.0,3.0,5.0,0.5,0.5,0.8,0.6,1.8,4.0)
(2010,56,Earl Boykins,PG,33,WAS,67,1,16.7,2.6,6.0,.427,0.3,0.9,.317,2.3,5.1,.446,.450,1.1,1.3,.865,0.3,0.9,1.1,2.6,0.4,0.0,1.0,0.7,6.6)
(2010,60,Primoz Brezec,C,30,TOT,21,0,4.5,0.4,1.2,.346,0.0,0.0,,0.4,1.2,.346,.346,0.0,0.3,.167,0.6,0.6,1.2,0.0,0.0,0.1,0.1,0.9,0.9)
(2010,63,Bobby Brown,PG,25,TOT,45,0,11.5,2.0,5.3,.371,0.6,2.2,.265,1.4,3.1,.446,.426,0.3,0.3,.867,0.2,0.6,0.8,2.0,0.3,0.0,1.0,0.9,4.8)
(2010,67,Shannon Brown,SG,24,LAL,82,7,20.7,3.1,7.2,.427,0.8,2.3,.328,2.3,4.9,.474,.480,1.2,1.5,.818,0.4,1.9,2.2,1.3,0.7,0.4,0.8,1.6,8.1)
(2010,71,Rasual Butler,SF,30,LAC,82,64,33.0,4.3,10.6,.409,1.8,5.3,.336,2.6,5.3,.482,.493,1.5,1.8,.841,0.5,2.5,2.9,1.4,0.4,0.8,1.0,1.5,11.9)
(2010,75,Marcus Camby,PF-C,35,TOT,74,74,31.3,3.2,6.8,.475,0.0,0.1,.286,3.2,6.7,.478,.477,1.1,1.6,.639,3.4,8.4,11.8,2.5,1.3,2.0,1.2,2.2,7.5)
(2010,79,Matt Carroll,SG,29,DAL,25,0,4.8,0.7,2.0,.360,0.2,0.8,.211,0.6,1.2,.452,.400,0.2,0.2,1.000,0.2,0.3,0.5,0.2,0.2,0.0,0.3,0.5,1.8)
(2010,82,Omri Casspi,SF,21,SAC,77,31,25.1,3.9,8.7,.446,1.0,2.6,.369,2.9,6.1,.480,.502,1.5,2.3,.672,1.0,3.6,4.5,1.2,0.7,0.2,1.3,1.6,10.3)
(2010,86,Earl Clark,PF,22,PHO,51,0,7.5,1.1,3.0,.371,0.0,0.1,.400,1.1,2.9,.370,.377,0.5,0.7,.722,0.4,0.9,1.2,0.4,0.1,0.3,0.5,0.5,2.7)
(2010,90,Darren Collison,PG,22,NOH,76,37,27.8,4.9,10.4,.477,0.6,1.5,.400,4.3,8.9,.490,.506,1.9,2.3,.851,0.5,2.0,2.5,5.7,1.0,0.1,2.7,1.2,12.4)
(2010,94,Brian Cook,PF,29,HOU,15,0,2.9,0.5,1.5,.304,0.1,0.6,.222,0.3,0.9,.357,.348,0.3,0.5,.714,0.1,0.5,0.6,0.1,0.0,0.1,0.4,0.3,1.4)
(2010,98,Eddy Curry,C,27,NYK,7,0,8.9,1.1,3.0,.381,0.0,0.0,,1.1,3.0,.381,.381,1.4,2.4,.588,0.6,1.3,1.9,0.0,0.0,0.1,1.9,1.9,3.7)
(2010,101,Samuel Dalembert,C,28,PHI,82,80,25.9,3.5,6.4,.545,0.0,0.0,,3.5,6.4,.545,.545,1.2,1.6,.729,2.9,6.6,9.6,0.8,0.5,1.8,1.5,3.1,8.1)
(2010,105,Glen Davis,PF,24,BOS,54,1,17.3,2.3,5.2,.437,0.0,0.1,.000,2.3,5.1,.444,.437,1.8,2.6,.696,1.9,1.9,3.8,0.6,0.4,0.3,1.0,2.4,6.3)
(2010,109,Carlos Delfino,SF,27,MIL,75,66,30.4,4.0,9.8,.408,1.8,4.9,.367,2.2,4.9,.450,.500,1.2,1.6,.782,0.7,4.6,5.3,2.7,1.1,0.3,1.6,1.8,11.0)
(2010,113,Yakhouba Diawara,SG,27,MIA,6,2,7.3,0.3,1.7,.200,0.2,1.0,.167,0.2,0.7,.250,.250,0.0,0.0,,0.2,0.5,0.7,0.5,0.2,0.0,0.5,1.3,0.8)
(2010,117,Joey Dorsey,PF,26,TOT,15,0,7.1,0.6,1.3,.450,0.0,0.0,,0.6,1.3,.450,.450,0.3,0.8,.417,1.1,1.8,2.9,0.1,0.2,0.1,0.4,1.4,1.5)
(2010,Rk,Player,Pos,Age,Tm,G,GS,MP,FG,FGA,FG%,3P,3PA,3P,2P,2PA,2P,eFG%,FT,FTA,FT%,ORB,DRB,TRB,AST,STL,BLK,TOV,PF,PTS)
(2010,124,Mike Dunleavy,SF,29,IND,67,15,22.2,3.4,8.3,.410,1.1,3.5,.318,2.3,4.8,.478,.478,2.0,2.4,.842,0.4,3.1,3.5,1.5,0.6,0.2,1.1,1.6,9.9)
(2010,128,Francisco Elson,C,33,TOT,12,0,5.5,0.4,1.3,.333,0.0,0.0,,0.4,1.3,.333,.333,0.2,0.4,.400,0.5,0.7,1.2,0.2,0.1,0.0,0.1,0.6,1.0)
(2010,132,Jordan Farmar,PG,23,LAL,82,0,18.0,2.7,6.3,.435,1.0,2.8,.376,1.7,3.5,.483,.518,0.7,1.0,.671,0.2,1.4,1.6,1.5,0.6,0.1,0.9,1.3,7.2)
(2010,136,Michael Finley,SF,36,TOT,46,7,15.4,1.8,4.0,.440,0.7,1.8,.390,1.1,2.2,.480,.527,0.2,0.3,.533,0.1,1.4,1.5,0.9,0.2,0.1,0.5,0.7,4.4)
(2010,140,Jeff Foster,C,33,IND,16,3,15.9,1.4,2.9,.478,0.0,0.1,.000,1.4,2.8,.489,.478,0.3,0.6,.556,2.1,2.9,5.1,1.3,0.2,0.3,0.9,2.8,3.1)
(2010,143,Dan Gadzuric,C,31,MIL,32,6,9.8,1.2,2.8,.438,0.0,0.0,,1.2,2.8,.438,.438,0.3,0.8,.400,1.2,1.7,2.9,0.4,0.3,0.4,0.5,2.0,2.8)
(2010,147,Kevin Garnett,PF,33,BOS,69,69,29.9,5.8,11.2,.521,0.0,0.1,.200,5.8,11.1,.523,.521,2.7,3.2,.837,1.1,6.2,7.3,2.7,1.0,0.8,1.5,2.5,14.3)
(2010,151,Alonzo Gee,SG,22,WAS,11,2,16.5,2.5,5.4,.475,0.6,0.8,.778,1.9,4.5,.420,.534,1.6,2.6,.621,1.4,1.6,3.0,0.6,0.6,0.1,0.9,1.2,7.4)
(2010,155,J.R. Giddens,SF,24,TOT,32,1,7.5,0.9,1.9,.467,0.0,0.3,.000,0.9,1.6,.560,.467,0.4,0.7,.565,0.5,1.1,1.6,0.4,0.3,0.1,0.5,0.9,2.2)
(2010,159,Drew Gooden,C-PF,28,TOT,70,33,25.1,4.1,8.6,.478,0.0,0.1,.125,4.1,8.5,.483,.479,2.7,3.1,.861,3.0,4.8,7.7,0.7,0.6,0.8,1.5,2.8,10.9)
(2010,162,Marcin Gortat,C,25,ORL,81,0,13.4,1.5,2.8,.533,0.0,0.0,.000,1.5,2.8,.540,.533,0.6,0.9,.680,1.3,2.9,4.2,0.2,0.2,0.9,0.6,1.7,3.6)
(2010,166,Aaron Gray,C,25,TOT,32,0,9.7,1.3,2.6,.512,0.0,0.0,,1.3,2.6,.512,.512,0.6,0.9,.714,1.4,1.9,3.3,0.7,0.3,0.3,0.6,1.7,3.3)
(2010,170,Donte Greene,SF,21,SAC,76,50,21.4,3.2,7.3,.441,0.9,2.4,.377,2.3,4.9,.473,.504,1.2,1.8,.643,0.7,2.4,3.1,0.9,0.5,0.7,1.2,2.0,8.5)
(2010,174,Marcus Haislip,SF,29,SAS,10,0,4.4,1.0,2.1,.476,0.3,0.5,.600,0.7,1.6,.438,.548,0.2,0.5,.400,0.4,0.6,1.0,0.0,0.0,0.2,0.3,0.5,2.5)
(2010,178,Al Harrington,PF,29,NYK,72,15,30.5,6.2,14.3,.435,1.9,5.7,.342,4.3,8.6,.496,.503,3.3,4.4,.757,1.2,4.4,5.6,1.5,0.9,0.4,1.8,2.9,17.7)
(2010,181,Jason Hart,PG,31,TOT,5,0,4.4,0.2,0.4,.500,0.0,0.0,,0.2,0.4,.500,.500,0.0,0.0,,0.0,0.4,0.4,1.2,0.4,0.2,0.6,0.8,0.4)
(2010,185,Chuck Hayes,C,26,HOU,82,82,21.6,2.0,4.0,.489,0.0,0.0,,2.0,4.0,.489,.489,0.4,0.8,.545,1.8,3.8,5.7,1.7,0.9,0.5,0.9,2.7,4.4)
(2010,189,Gerald Henderson,SG,22,CHA,43,0,8.3,0.9,2.4,.356,0.1,0.4,.211,0.8,2.0,.388,.375,0.8,1.1,.745,0.3,0.9,1.3,0.3,0.2,0.2,0.3,0.6,2.6)
(2010,193,George Hill,PG,23,SAS,78,43,29.2,4.5,9.5,.478,1.0,2.4,.399,3.6,7.1,.505,.529,2.3,3.0,.772,0.5,2.1,2.6,2.9,0.9,0.3,1.3,2.8,12.4)
(2010,197,Jrue Holiday,PG,19,PHI,73,51,24.2,3.2,7.1,.442,0.8,2.2,.390,2.3,4.9,.465,.502,0.9,1.2,.756,0.8,1.8,2.6,3.8,1.1,0.2,2.1,2.1,8.0)
(2010,Rk,Player,Pos,Age,Tm,G,GS,MP,FG,FGA,FG%,3P,3PA,3P,2P,2PA,2P,eFG%,FT,FTA,FT%,ORB,DRB,TRB,AST,STL,BLK,TOV,PF,PTS)
(2010,204,Lester Hudson,PG,25,TOT,25,0,5.2,0.8,2.1,.396,0.2,0.6,.313,0.6,1.5,.432,.443,0.4,0.5,.846,0.3,0.4,0.7,0.5,0.3,0.1,0.6,0.5,2.3)
(2010,208,Lindsey Hunter,PG,39,CHI,13,0,9.4,0.4,2.3,.167,0.1,1.0,.077,0.3,1.3,.235,.183,0.2,0.2,1.000,0.1,1.0,1.1,0.7,0.1,0.0,0.3,0.9,1.0)
(2010,212,Andre Iguodala,SF,26,PHI,82,82,38.9,6.0,13.7,.443,1.1,3.7,.310,4.9,10.0,.492,.485,3.8,5.2,.733,1.0,5.5,6.5,5.8,1.7,0.7,2.7,1.8,17.1)
(2010,216,Allen Iverson,SG-PG,34,TOT,28,24,30.9,4.9,11.3,.430,0.3,0.9,.360,4.5,10.4,.436,.445,3.7,4.7,.794,0.6,2.3,2.8,4.0,0.7,0.1,2.3,1.7,13.8)
(2010,220,Darnell Jackson,PF,24,TOT,28,0,4.4,0.3,1.1,.300,0.0,0.1,.250,0.3,0.9,.308,.317,0.1,0.2,.667,0.3,0.5,0.8,0.1,0.1,0.1,0.5,0.8,0.8)
(2010,224,Antawn Jamison,PF,33,TOT,66,64,36.5,7.2,15.7,.461,1.3,3.7,.344,6.0,12.0,.498,.502,2.9,4.5,.647,2.1,6.3,8.4,1.3,1.1,0.3,1.4,2.7,18.7)
(2010,228,Richard Jefferson,SF,29,SAS,81,70,31.1,4.5,9.6,.467,0.7,2.3,.316,3.7,7.3,.515,.505,2.6,3.5,.735,0.7,3.7,4.4,2.0,0.6,0.5,1.3,2.2,12.3)
(2010,232,Yi Jianlian,PF,22,NJN,52,51,31.8,4.4,10.8,.403,0.3,0.8,.366,4.1,10.0,.406,.417,3.0,3.7,.798,2.2,4.9,7.2,0.9,0.7,1.0,1.5,3.3,12.0)
(2010,236,Joe Johnson,SG,28,ATL,76,76,38.0,8.4,18.2,.458,1.7,4.6,.369,6.7,13.6,.488,.505,2.9,3.5,.818,1.0,3.7,4.6,4.9,1.1,0.1,1.9,1.9,21.3)
(2010,240,Solomon Jones,C,25,IND,52,2,13.0,1.5,3.4,.443,0.0,0.1,.000,1.5,3.3,.451,.443,1.0,1.4,.718,1.0,1.8,2.8,0.6,0.3,0.7,0.8,2.4,4.0)
(2010,243,Jason Kapono,SF,28,PHI,57,12,17.1,2.2,5.3,.419,1.1,3.0,.368,1.1,2.3,.485,.523,0.2,0.3,.600,0.2,0.9,1.2,0.7,0.4,0.1,0.6,1.4,5.7)
(2010,247,Kyle Korver,SG,28,UTA,52,0,18.3,2.7,5.4,.493,1.1,2.1,.536,1.5,3.3,.465,.598,0.8,0.9,.796,0.2,1.9,2.1,1.7,0.5,0.2,0.8,1.5,7.2)
(2010,251,Carl Landry,PF,26,TOT,80,29,30.9,6.2,11.6,.536,0.0,0.0,.333,6.2,11.6,.537,.537,4.3,5.3,.806,2.4,3.5,5.9,0.8,0.7,0.8,1.7,2.9,16.8)
(2010,255,Courtney Lee,SG,24,NJN,71,66,33.5,4.8,10.9,.436,1.1,3.2,.338,3.7,7.7,.476,.485,1.9,2.2,.869,0.8,2.7,3.5,1.7,1.3,0.3,1.1,1.8,12.5)
(2010,259,Brook Lopez,C,21,NJN,82,82,36.9,6.9,13.8,.499,0.0,0.0,.000,6.9,13.7,.500,.499,5.1,6.2,.817,3.3,5.4,8.6,2.3,0.7,1.7,2.5,3.1,18.8)
(2010,262,Kyle Lowry,PG,23,HOU,68,0,24.3,2.7,6.8,.397,0.5,2.0,.272,2.2,4.8,.448,.436,3.2,3.8,.827,1.3,2.3,3.6,4.5,0.9,0.1,1.7,2.5,9.1)
(2010,266,Shawn Marion,SF,31,DAL,75,75,31.8,5.3,10.4,.508,0.0,0.3,.158,5.2,10.1,.516,.510,1.4,1.9,.755,2.1,4.3,6.4,1.4,0.9,0.8,1.3,1.9,12.0)
(2010,270,Kevin Martin,SG,26,TOT,46,43,35.5,6.3,15.1,.417,1.5,4.6,.333,4.8,10.5,.453,.468,6.5,7.4,.876,0.6,2.9,3.6,2.4,1.0,0.1,2.0,2.1,20.6)
(2010,274,Jason Maxiell,C,26,DET,76,29,20.4,2.8,5.5,.511,0.0,0.0,.000,2.8,5.4,.512,.511,1.2,2.0,.574,2.1,3.2,5.3,0.5,0.5,0.5,0.9,2.3,6.8)
(2010,278,Luc Mbah a Moute,PF,23,MIL,73,62,25.6,2.4,5.1,.480,0.1,0.2,.353,2.3,4.8,.486,.488,1.3,1.8,.699,2.3,3.1,5.5,1.1,0.8,0.5,1.0,2.5,6.2)
(2010,281,Tracy McGrady,SG,30,TOT,30,24,22.4,3.0,7.8,.387,0.5,2.1,.250,2.5,5.7,.439,.421,1.6,2.1,.746,0.7,2.4,3.1,3.3,0.5,0.5,1.5,1.3,8.2)
(2010,285,Pops Mensah-Bonsu,PF,26,TOT,20,0,6.0,0.7,1.7,.394,0.0,0.0,,0.7,1.7,.394,.394,0.7,1.2,.542,0.8,1.0,1.8,0.2,0.2,0.5,0.5,1.0,2.0)
(2010,289,Brad Miller,C,33,CHI,82,37,23.8,3.0,7.1,.430,0.5,1.6,.280,2.6,5.5,.474,.462,2.2,2.7,.827,1.0,3.9,4.9,1.9,0.5,0.4,1.3,2.3,8.8)
(2010,293,Nazr Mohammed,C,32,CHA,58,29,17.0,3.3,5.9,.553,0.0,0.0,,3.3,5.9,.553,.553,1.4,2.2,.648,2.0,3.3,5.2,0.5,0.3,0.7,0.9,1.8,7.9)
(2010,297,Adam Morrison,SF,25,LAL,31,0,7.8,1.0,2.7,.376,0.2,0.7,.238,0.9,2.1,.422,.406,0.2,0.3,.625,0.3,0.7,1.0,0.6,0.1,0.1,0.3,0.5,2.4)
(2010,Rk,Player,Pos,Age,Tm,G,GS,MP,FG,FGA,FG%,3P,3PA,3P,2P,2PA,2P,eFG%,FT,FTA,FT%,ORB,DRB,TRB,AST,STL,BLK,TOV,PF,PTS)
(2010,304,Jameer Nelson,PG,27,ORL,65,64,28.6,4.9,10.9,.449,1.3,3.5,.381,3.6,7.4,.481,.510,1.5,1.8,.845,0.4,2.6,3.0,5.4,0.7,0.0,2.1,2.3,12.6)
(2010,308,Steve Novak,SF,26,LAC,54,0,6.7,0.8,2.0,.389,0.4,1.3,.310,0.4,0.7,.541,.491,0.1,0.2,.778,0.0,0.6,0.6,0.1,0.1,0.0,0.0,0.4,2.1)
(2010,312,Shaquille O'Neal,C,37,CLE,53,53,23.4,4.9,8.7,.566,0.0,0.0,.000,4.9,8.7,.567,.566,2.1,4.3,.496,1.8,4.9,6.7,1.5,0.3,1.2,2.0,3.2,12.0)
(2010,316,Emeka Okafor,C,27,NOH,82,82,28.9,4.2,8.0,.530,0.0,0.0,,4.2,8.0,.530,.530,1.9,3.3,.562,3.1,6.0,9.0,0.7,0.7,1.5,1.4,2.7,10.4)
(2010,320,Zaza Pachulia,C,25,ATL,78,1,14.0,1.5,3.2,.488,0.0,0.1,.000,1.5,3.1,.496,.488,1.2,1.8,.650,1.5,2.3,3.8,0.5,0.5,0.4,0.7,2.4,4.3)
(2010,323,Tony Parker,PG,27,SAS,56,50,30.9,6.2,12.8,.487,0.2,0.6,.294,6.1,12.2,.497,.494,3.3,4.4,.756,0.1,2.3,2.4,5.7,0.5,0.1,2.7,1.7,16.0)
(2010,327,Kendrick Perkins,C,25,BOS,78,78,27.6,4.0,6.7,.602,0.0,0.0,.000,4.0,6.7,.605,.602,2.1,3.6,.582,2.0,5.6,7.6,1.0,0.3,1.7,2.1,2.8,10.1)
(2010,331,Mickael Pietrus,SF,27,ORL,75,24,22.5,3.1,7.2,.432,1.5,4.1,.379,1.6,3.1,.502,.540,0.9,1.5,.633,0.5,2.3,2.9,0.7,0.7,0.4,0.9,1.8,8.7)
(2010,335,A.J. Price,PG,23,IND,56,2,15.4,2.6,6.3,.410,1.1,3.1,.345,1.5,3.2,.472,.494,1.1,1.3,.800,0.2,1.4,1.6,1.9,0.6,0.1,1.1,0.9,7.3)
(2010,339,Chris Quinn,PG,26,NJN,25,0,8.9,0.8,2.2,.357,0.4,1.3,.313,0.4,1.0,.417,.446,0.2,0.2,1.000,0.0,0.6,0.6,1.2,0.4,0.0,0.4,0.6,2.2)
(2010,342,Shavlik Randolph,PF,26,TOT,6,0,8.8,1.0,3.0,.333,0.0,0.0,,1.0,3.0,.333,.333,0.3,0.3,1.000,1.2,1.2,2.3,0.2,0.2,0.2,0.5,1.5,2.3)
(2010,346,J.J. Redick,SG,25,ORL,82,9,22.0,3.0,6.7,.439,1.4,3.3,.405,1.6,3.4,.473,.540,2.3,2.7,.860,0.2,1.7,1.9,1.9,0.3,0.0,0.8,1.4,9.6)
(2010,350,Luke Ridnour,PG,28,MIL,82,0,21.5,4.0,8.4,.478,0.8,2.2,.381,3.2,6.2,.513,.528,1.5,1.7,.907,0.3,1.5,1.7,4.0,0.7,0.1,1.3,2.2,10.4)
(2010,354,Derrick Rose,PG,21,CHI,78,78,36.8,8.6,17.6,.489,0.2,0.8,.267,8.4,16.8,.500,.495,3.3,4.3,.766,0.8,2.9,3.8,6.0,0.7,0.3,2.8,1.2,20.8)
(2010,358,Kareem Rush,SG,29,LAC,7,0,8.3,0.6,1.6,.364,0.1,0.4,.333,0.4,1.1,.375,.409,0.0,0.0,,0.1,0.7,0.9,0.6,0.3,0.4,0.4,1.1,1.3)
(2010,361,Luis Scola,PF,29,HOU,82,82,32.6,6.8,13.3,.514,0.0,0.1,.200,6.8,13.2,.515,.514,2.5,3.3,.779,2.1,6.5,8.6,2.1,0.8,0.3,2.0,3.0,16.2)
(2010,365,James Singleton,PF-SF,28,TOT,57,3,17.1,1.7,4.5,.382,0.1,0.6,.189,1.6,3.8,.415,.396,0.9,1.1,.855,1.9,2.9,4.8,0.5,0.5,0.8,0.9,2.0,4.5)
(2010,369,Jason Smith,PF,23,PHI,56,2,11.8,1.3,3.1,.431,0.2,0.5,.345,1.2,2.6,.448,.460,0.5,0.8,.690,1.0,1.4,2.4,0.6,0.4,0.5,0.6,2.0,3.4)
(2010,373,Marreese Speights,C,22,PHI,62,1,16.4,3.4,7.2,.477,0.0,0.1,.000,3.4,7.1,.483,.477,1.7,2.3,.745,1.4,2.7,4.1,0.6,0.5,0.5,0.8,2.5,8.6)
(2010,377,Amar'e Stoudemire,PF,27,PHO,82,82,34.6,8.6,15.4,.557,0.0,0.1,.167,8.6,15.3,.559,.557,5.9,7.7,.771,2.8,6.1,8.9,1.0,0.6,1.0,2.6,3.4,23.1)
(2010,Rk,Player,Pos,Age,Tm,G,GS,MP,FG,FGA,FG%,3P,3PA,3P,2P,2PA,2P,eFG%,FT,FTA,FT%,ORB,DRB,TRB,AST,STL,BLK,TOV,PF,PTS)
(2010,384,Jason Terry,SG,32,DAL,77,12,33.0,5.9,13.5,.438,1.8,4.8,.365,4.2,8.7,.479,.503,3.0,3.5,.866,0.2,1.6,1.8,3.8,1.2,0.2,1.4,1.8,16.6)
(2010,388,Kurt Thomas,C,37,MIL,70,9,15.0,1.4,3.0,.476,0.0,0.0,,1.4,3.0,.476,.476,0.2,0.2,.800,1.2,3.0,4.2,0.7,0.4,0.7,0.7,2.3,3.0)
(2010,392,Al Thornton,SF,26,TOT,75,46,27.7,4.3,9.0,.473,0.1,0.4,.355,4.1,8.6,.479,.482,2.0,2.8,.725,1.5,2.4,3.9,1.2,0.6,0.5,1.4,2.7,10.7)
(2010,396,Alando Tucker,SF,25,TOT,15,0,6.4,1.1,2.6,.436,0.1,0.5,.143,1.1,2.1,.500,.449,1.1,1.4,.762,0.4,0.3,0.7,0.3,0.0,0.0,0.3,0.4,3.4)
(2010,400,Beno Udrih,PG,27,SAC,79,41,31.4,5.3,10.6,.493,0.9,2.5,.377,4.3,8.1,.530,.538,1.5,1.8,.837,0.5,2.3,2.8,4.7,1.1,0.1,1.7,2.1,12.9)
(2010,403,Charlie Villanueva,PF,25,DET,78,16,23.7,4.7,10.6,.439,1.3,3.6,.351,3.4,7.0,.484,.499,1.4,1.7,.815,1.1,3.6,4.7,0.7,0.6,0.7,0.9,2.9,11.9)
(2010,407,Ben Wallace,C,35,DET,69,67,28.6,2.3,4.2,.541,0.0,0.0,.000,2.3,4.2,.545,.541,0.9,2.3,.406,3.6,5.1,8.7,1.5,1.2,1.2,0.9,1.9,5.5)
(2010,411,Hakim Warrick,PF,27,TOT,76,6,20.5,3.5,7.2,.482,0.0,0.1,.143,3.5,7.1,.486,.483,2.7,3.6,.737,1.7,2.5,4.1,0.7,0.3,0.2,1.1,1.7,9.6)
(2010,415,Martell Webster,SF,23,POR,82,49,24.5,3.2,7.8,.405,1.5,4.0,.373,1.6,3.7,.440,.502,1.5,1.9,.813,0.6,2.7,3.3,0.8,0.5,0.5,0.7,1.9,9.4)
(2010,419,Mario West,SG,25,ATL,39,1,3.6,0.3,0.5,.571,0.0,0.0,.000,0.3,0.5,.600,.571,0.2,0.3,.600,0.2,0.5,0.7,0.2,0.2,0.0,0.2,0.6,0.8)
(2010,422,Chris Wilcox,PF,27,DET,34,10,13.0,1.9,3.5,.525,0.0,0.0,,1.9,3.5,.525,.525,0.8,1.5,.500,1.3,2.1,3.4,0.4,0.4,0.4,1.1,1.9,4.5)
(2010,426,Jason Williams,PG,34,ORL,82,18,20.8,2.3,5.2,.444,1.0,2.7,.380,1.3,2.5,.512,.542,0.4,0.5,.756,0.1,1.5,1.5,3.6,0.6,0.0,1.1,0.8,6.0)
(2010,430,Marvin Williams,SF,23,ATL,81,81,30.5,3.7,8.2,.455,0.5,1.6,.303,3.2,6.6,.492,.485,2.2,2.7,.819,1.3,3.8,5.1,1.1,0.8,0.6,0.9,2.0,10.1)
(2010,434,Shelden Williams,PF,26,BOS,54,0,11.1,1.2,2.2,.521,0.0,0.0,.000,1.2,2.2,.525,.521,1.4,1.8,.765,0.9,1.8,2.7,0.4,0.2,0.4,0.6,1.6,3.7)
(2010,438,Dorell Wright,SF,24,MIA,72,1,20.8,2.7,5.8,.463,0.8,2.2,.389,1.8,3.6,.508,.536,0.8,1.0,.884,0.7,2.6,3.3,1.3,0.7,0.4,0.7,1.3,7.1)
(2010,441,Sam Young,SF,24,MEM,80,1,16.5,2.8,6.2,.451,0.1,0.7,.196,2.7,5.5,.483,.462,1.7,2.2,.777,1.0,1.6,2.5,0.7,0.4,0.3,1.2,1.3,7.4)
