(2010,Rk,Player,Pos,Age,Tm,G,GS,MP,FG,FGA,FG%,3P,3PA,3P,2P,2PA,2P,eFG%,FT,FTA,FT%,ORB,DRB,TRB,AST,STL,BLK,TOV,PF,PTS)
(2010,4,Joe Alexander,SF,23,CHI,8,0,3.6,0.1,0.8,.167,0.0,0.1,.000,0.1,0.6,.200,.167,0.3,0.4,.667,0.3,0.4,0.6,0.3,0.1,0.1,0.0,1.1,0.5)
(2010,8,Rafer Alston,PG,33,TOT,52,38,27.3,3.0,8.6,.348,1.1,3.2,.345,1.9,5.3,.349,.413,1.1,1.6,.728,0.3,2.2,2.5,3.4,1.0,0.2,1.8,2.0,8.2)
(2010,12,Antonio Anderson,SF,24,OKC,1,0,15.0,1.0,3.0,.333,0.0,0.0,,1.0,3.0,.333,.333,0.0,0.0,,1.0,0.0,1.0,0.0,0.0,0.0,1.0,1.0,2.0)
(2010,16,Gilbert Arenas,PG,28,WAS,32,32,36.5,7.9,19.3,.411,2.0,5.7,.348,5.9,13.6,.437,.462,4.8,6.5,.739,0.5,3.6,4.2,7.2,1.3,0.3,3.7,3.0,22.6)
(2010,20,Darrell Arthur,PF,21,MEM,32,1,14.3,2.0,4.6,.432,0.0,0.0,.000,2.0,4.5,.434,.432,0.5,0.9,.567,1.2,2.3,3.4,0.5,0.4,0.4,0.7,1.9,4.5)
(2010,23,Jeff Ayres,C,22,POR,39,4,10.4,1.1,1.7,.662,0.0,0.0,,1.1,1.7,.662,.662,0.5,0.5,.900,0.6,1.9,2.5,0.0,0.2,0.4,0.3,1.9,2.7)
(2010,27,Leandro Barbosa,PG,27,PHO,44,5,17.9,3.5,8.3,.425,1.0,3.1,.324,2.5,5.2,.485,.485,1.5,1.7,.877,0.3,1.3,1.6,1.5,0.5,0.3,1.0,1.6,9.5)
(2010,31,Earl Barron,C,28,NYK,7,6,33.1,4.3,9.7,.441,0.0,0.0,,4.3,9.7,.441,.441,3.1,4.1,.759,4.4,6.6,11.0,1.1,0.6,0.6,1.6,3.4,11.7)
(2010,35,Nicolas Batum,SF,21,POR,37,25,24.8,3.8,7.2,.519,1.5,3.6,.409,2.3,3.7,.625,.619,1.2,1.4,.843,0.9,2.9,3.8,1.2,0.6,0.7,0.7,2.2,10.1)
(2010,39,Marco Belinelli,SG,23,TOR,66,1,17.0,2.3,5.7,.406,0.9,2.4,.380,1.4,3.3,.425,.485,1.5,1.8,.835,0.2,1.2,1.4,1.3,0.6,0.1,0.9,1.2,7.1)
(2010,42,Jonathan Bender,SF,29,NYK,25,1,11.7,1.6,4.0,.400,0.6,1.6,.359,1.0,2.4,.426,.470,1.0,1.0,.923,0.6,1.5,2.1,0.6,0.1,0.7,1.1,1.3,4.7)
(2010,46,DeJuan Blair,PF,20,SAS,82,23,18.2,3.4,6.0,.556,0.0,0.0,.000,3.4,6.0,.558,.556,1.1,2.0,.547,2.4,4.0,6.4,0.8,0.6,0.5,1.4,2.7,7.8)
(2010,50,Andrew Bogut,C,25,MIL,69,69,32.3,6.9,13.2,.520,0.0,0.0,.000,6.9,13.2,.521,.520,2.2,3.4,.629,3.0,7.1,10.2,1.8,0.6,2.5,1.9,3.2,15.9)
(2010,54,Chris Bosh,C,25,TOR,70,70,36.1,8.6,16.5,.518,0.1,0.3,.364,8.5,16.2,.521,.522,6.7,8.4,.797,2.9,7.9,10.8,2.4,0.6,1.0,2.4,2.4,24.0)
(2010,58,Corey Brewer,SG,23,MIN,82,82,30.3,5.0,11.6,.431,1.0,2.9,.346,4.0,8.7,.459,.474,2.0,3.1,.648,0.9,2.5,3.4,2.4,1.4,0.4,2.0,2.7,13.0)
(2010,61,Jon Brockman,PF,22,SAC,52,4,12.6,1.1,2.0,.534,0.0,0.0,,1.1,2.0,.534,.534,0.7,1.2,.597,2.0,2.1,4.1,0.4,0.3,0.1,0.4,2.2,2.8)
(2010,65,Devin Brown,SG,31,TOT,50,37,21.2,2.7,7.2,.377,1.2,3.3,.354,1.6,3.9,.396,.457,1.4,1.7,.802,0.6,1.9,2.5,1.3,0.7,0.1,1.2,1.4,8.0)
(2010,69,Chase Budinger,SF,21,HOU,74,4,20.1,3.4,7.6,.441,1.2,3.4,.369,2.1,4.3,.497,.522,0.9,1.2,.770,0.5,2.5,3.0,1.2,0.5,0.1,0.6,1.1,8.9)
(2010,73,Will Bynum,PG,27,DET,63,20,26.5,3.8,8.5,.444,0.2,0.9,.218,3.6,7.6,.470,.455,2.3,2.8,.798,0.4,1.9,2.3,4.5,0.9,0.1,1.8,2.3,10.0)
(2010,77,Rodney Carney,SG,25,PHI,68,0,12.6,1.7,4.1,.401,0.6,2.0,.304,1.1,2.2,.490,.473,0.8,0.9,.825,0.4,1.6,2.0,0.5,0.4,0.3,0.3,1.2,4.7)
(2010,Rk,Player,Pos,Age,Tm,G,GS,MP,FG,FGA,FG%,3P,3PA,3P,2P,2PA,2P,eFG%,FT,FTA,FT%,ORB,DRB,TRB,AST,STL,BLK,TOV,PF,PTS)
(2010,84,Tyson Chandler,C,27,CHA,51,27,22.8,2.1,3.7,.574,0.0,0.0,,2.1,3.7,.574,.574,2.3,3.1,.732,2.2,4.0,6.3,0.3,0.3,1.1,1.8,2.7,6.5)
(2010,88,Jason Collins,C,31,ATL,24,0,4.8,0.3,1.0,.348,0.0,0.0,.000,0.3,0.9,.364,.348,0.0,0.1,.000,0.2,0.4,0.6,0.2,0.1,0.1,0.2,0.9,0.7)
(2010,92,Mike Conley,PG,22,MEM,80,80,32.1,4.6,10.4,.445,1.0,2.7,.387,3.6,7.7,.464,.494,1.7,2.3,.743,0.4,2.0,2.4,5.3,1.4,0.2,2.1,2.2,12.0)
(2010,96,Jamal Crawford,SG,29,ATL,79,0,31.1,6.3,14.0,.449,2.1,5.4,.382,4.2,8.6,.491,.523,3.4,4.0,.857,0.4,2.1,2.5,3.0,0.8,0.2,1.7,1.7,18.0)
(2010,100,Stephen Curry,PG,21,GSW,80,77,36.2,6.6,14.3,.462,2.1,4.8,.437,4.5,9.5,.474,.535,2.2,2.5,.885,0.6,3.9,4.5,5.9,1.9,0.2,3.0,3.2,17.5)
(2010,103,Marquis Daniels,SF,29,BOS,51,4,18.4,2.4,4.9,.498,0.1,0.5,.214,2.3,4.3,.534,.510,0.7,1.1,.607,0.5,1.3,1.9,1.3,0.5,0.1,0.8,1.8,5.6)
(2010,107,Ricky Davis,SF,30,LAC,36,2,13.9,1.7,4.0,.434,0.4,1.2,.381,1.3,2.8,.455,.490,0.5,0.9,.581,0.3,1.3,1.6,1.1,0.3,0.1,0.8,1.1,4.4)
(2010,111,DeMar DeRozan,SG,20,TOR,77,65,21.6,3.3,6.6,.498,0.1,0.2,.250,3.3,6.4,.506,.502,1.9,2.5,.763,0.9,2.0,2.9,0.7,0.6,0.2,0.8,2.3,8.6)
(2010,115,DeSagana Diop,C,28,CHA,27,0,9.7,0.6,1.1,.517,0.0,0.0,,0.6,1.1,.517,.517,0.1,0.3,.222,0.9,1.5,2.4,0.2,0.2,0.5,0.4,1.1,1.2)
(2010,119,Chris Douglas-Roberts,SF,23,NJN,67,38,25.8,3.8,8.6,.445,0.2,0.8,.259,3.6,7.7,.464,.457,2.0,2.3,.847,0.7,2.3,3.0,1.4,0.8,0.3,1.4,1.5,9.8)
(2010,122,Chris Duhon,PG,27,NYK,67,59,30.9,2.5,6.7,.373,1.3,3.9,.349,1.2,2.9,.404,.472,1.0,1.4,.716,0.4,2.2,2.7,5.6,0.9,0.0,1.6,1.2,7.4)
(2010,126,Wayne Ellington,SG,22,MIN,76,1,18.2,2.5,5.9,.424,0.8,2.1,.395,1.7,3.8,.441,.496,0.8,0.9,.871,0.4,1.7,2.1,1.0,0.3,0.1,1.0,0.9,6.6)
(2010,130,Reggie Evans,PF,29,TOR,28,1,11.1,1.2,2.5,.493,0.0,0.0,,1.2,2.5,.493,.493,1.0,2.1,.450,1.1,2.7,3.8,0.3,0.5,0.1,0.8,1.6,3.4)
(2010,134,Rudy Fernandez,SG,24,POR,62,2,23.2,2.6,6.8,.378,1.6,4.3,.368,1.0,2.5,.395,.494,1.4,1.6,.867,0.6,2.1,2.6,2.0,1.0,0.2,1.2,1.4,8.1)
(2010,138,Jonny Flynn,PG,20,MIN,81,81,28.9,4.9,11.8,.417,1.0,2.7,.358,4.0,9.1,.434,.457,2.8,3.3,.826,0.3,2.1,2.4,4.4,1.0,0.0,2.9,1.2,13.5)
(2010,141,Randy Foye,PG,26,WAS,70,38,23.8,3.7,8.8,.414,0.9,2.6,.346,2.8,6.2,.442,.464,1.8,2.1,.890,0.2,1.6,1.9,3.3,0.5,0.1,1.3,1.8,10.1)
(2010,145,Danilo Gallinari,SF,21,NYK,81,74,33.9,4.8,11.4,.423,2.3,6.0,.381,2.5,5.4,.469,.523,3.1,3.8,.818,0.8,4.1,4.9,1.7,0.9,0.7,1.4,2.4,15.1)
(2010,149,Pau Gasol,C,29,LAL,65,65,37.0,7.0,13.0,.536,0.0,0.1,.000,7.0,12.9,.539,.536,4.4,5.6,.790,3.7,7.6,11.3,3.4,0.6,1.7,2.2,2.3,18.3)
(2010,153,Daniel Gibson,PG,23,CLE,56,10,19.1,2.2,4.8,.466,1.3,2.7,.477,1.0,2.1,.454,.599,0.6,0.9,.694,0.2,1.1,1.3,1.3,0.4,0.1,0.6,1.4,6.3)
(2010,157,Manu Ginobili,SG,32,SAS,75,21,28.7,5.3,12.0,.441,1.8,4.7,.377,3.5,7.4,.481,.514,4.1,4.7,.870,0.9,2.9,3.8,4.9,1.4,0.3,2.1,2.1,16.5)
(2010,Rk,Player,Pos,Age,Tm,G,GS,MP,FG,FGA,FG%,3P,3PA,3P,2P,2PA,2P,eFG%,FT,FTA,FT%,ORB,DRB,TRB,AST,STL,BLK,TOV,PF,PTS)
(2010,164,Stephen Graham,SG,27,CHA,70,8,11.5,1.7,3.4,.496,0.2,0.7,.320,1.5,2.7,.542,.529,0.6,0.9,.646,0.3,1.6,1.9,0.3,0.3,0.1,0.5,1.3,4.2)
(2010,168,Jeff Green,PF,23,OKC,82,82,37.1,5.9,13.0,.453,1.3,3.8,.333,4.6,9.2,.503,.502,2.0,2.7,.740,1.4,4.6,6.0,1.6,1.3,0.9,1.6,2.7,15.1)
(2010,172,Hamed Haddadi,C,24,MEM,36,0,6.7,0.7,1.7,.387,0.0,0.1,.000,0.7,1.6,.407,.387,0.4,0.5,.737,0.7,1.4,2.1,0.3,0.0,0.4,0.6,1.6,1.7)
(2010,176,Tyler Hansbrough,PF,24,IND,29,1,17.6,2.8,7.8,.360,0.0,0.1,.000,2.8,7.6,.367,.360,2.9,3.9,.743,2.1,2.7,4.8,1.0,0.6,0.3,0.7,2.4,8.5)
(2010,180,Mike Harris,PF,26,TOT,13,0,7.4,0.8,2.3,.367,0.0,0.1,.000,0.8,2.2,.379,.367,0.5,0.8,.636,0.8,1.1,1.8,0.2,0.4,0.1,0.7,1.1,2.2)
(2010,183,Trenton Hassell,SF,30,NJN,52,31,21.3,1.7,4.2,.411,0.0,0.1,.000,1.7,4.1,.421,.411,1.0,1.3,.754,1.1,1.8,2.9,1.0,0.3,0.2,0.9,1.8,4.5)
(2010,187,Brendan Haywood,C,30,TOT,77,67,30.6,3.6,6.4,.562,0.0,0.0,.000,3.6,6.4,.563,.562,2.0,3.2,.620,3.6,5.7,9.3,0.6,0.3,2.1,1.3,2.7,9.1)
(2010,191,J.J. Hickson,PF,21,CLE,81,73,20.9,3.6,6.4,.554,0.0,0.0,.000,3.6,6.4,.555,.554,1.4,2.0,.681,1.4,3.6,4.9,0.5,0.4,0.5,1.1,1.6,8.5)
(2010,195,Jordan Hill,PF,22,TOT,47,0,13.3,2.1,4.3,.493,0.0,0.0,.000,2.1,4.2,.497,.493,1.0,1.4,.676,1.6,2.1,3.7,0.4,0.3,0.4,0.6,2.0,5.2)
(2010,199,Al Horford,C,23,ATL,81,81,35.1,5.8,10.5,.551,0.0,0.0,1.000,5.8,10.4,.551,.552,2.6,3.3,.789,2.9,7.0,9.9,2.3,0.7,1.1,1.5,2.8,14.2)
(2010,202,Josh Howard,SF,29,TOT,35,12,26.2,4.5,11.1,.405,0.7,2.5,.267,3.8,8.6,.444,.434,3.1,4.0,.784,0.9,2.7,3.6,1.4,0.7,0.3,1.3,2.6,12.7)
(2010,206,Kris Humphries,PF,24,TOT,69,0,17.7,2.6,5.9,.441,0.0,0.0,.000,2.6,5.9,.442,.441,1.8,2.8,.668,1.7,3.7,5.5,0.5,0.5,0.7,1.0,2.1,7.1)
(2010,210,Steven Hunter,C,28,MEM,21,0,7.5,0.8,2.0,.395,0.0,0.0,,0.8,2.0,.395,.395,0.9,1.7,.528,0.9,1.1,2.0,0.0,0.0,0.5,0.4,0.5,2.5)
(2010,214,Didier Ilunga-Mbenga,C,29,LAL,49,2,7.2,1.0,2.1,.466,0.0,0.0,,1.0,2.1,.466,.466,0.2,0.4,.474,0.7,1.1,1.8,0.2,0.1,0.6,0.3,1.1,2.1)
(2010,218,Jarrett Jack,PG,26,TOR,82,43,27.4,3.9,8.2,.481,1.0,2.4,.412,2.9,5.8,.511,.542,2.5,2.9,.842,0.4,2.3,2.7,5.0,0.7,0.1,2.0,1.8,11.4)
(2010,221,Stephen Jackson,SG-PF,31,TOT,81,81,38.6,7.4,17.5,.423,1.6,4.9,.328,5.8,12.7,.460,.469,4.2,5.4,.779,1.0,4.0,5.0,3.7,1.6,0.5,3.2,2.4,20.6)
(2010,226,Othyus Jeffers,SG,24,UTA,14,0,5.2,0.9,2.1,.414,0.0,0.0,,0.9,2.1,.414,.414,0.9,1.4,.684,0.6,0.8,1.4,0.1,0.3,0.0,0.4,0.7,2.6)
(2010,230,Brandon Jennings,PG,20,MIL,82,82,32.6,5.5,14.8,.371,1.8,4.7,.374,3.7,10.1,.370,.431,2.7,3.3,.817,0.6,2.8,3.4,5.7,1.3,0.2,2.4,2.3,15.5)
(2010,234,Anthony Johnson,PG,35,ORL,31,0,13.1,1.6,3.6,.441,0.4,1.3,.333,1.2,2.3,.500,.500,0.6,0.6,.950,0.3,1.3,1.5,2.0,0.4,0.0,0.8,1.0,4.2)
(2010,238,Dwayne Jones,PF,26,PHO,2,0,3.5,0.0,0.0,,0.0,0.0,,0.0,0.0,,,0.0,0.0,,0.0,1.0,1.0,0.0,0.0,0.0,0.0,0.5,0.0)
(2010,241,DeAndre Jordan,C,21,LAC,70,12,16.2,2.1,3.4,.605,0.0,0.0,.000,2.1,3.4,.610,.605,0.7,1.8,.375,1.7,3.3,5.0,0.3,0.2,0.9,1.1,2.2,4.8)
(2010,245,Jason Kidd,PG,36,DAL,80,80,36.0,3.6,8.4,.423,2.2,5.2,.425,1.4,3.2,.420,.554,1.0,1.2,.808,0.6,5.0,5.6,9.1,1.8,0.4,2.4,1.8,10.3)
(2010,249,Nenad Krstic,C,26,OKC,76,76,22.9,3.7,7.4,.502,0.0,0.1,.200,3.7,7.3,.505,.503,1.0,1.4,.717,1.8,3.3,5.0,0.7,0.4,0.6,0.8,2.3,8.4)
(2010,253,Acie Law,PG,25,TOT,26,1,9.0,1.3,2.9,.467,0.2,0.6,.313,1.2,2.3,.508,.500,1.5,1.9,.776,0.1,0.5,0.7,1.0,0.4,0.0,0.7,0.6,4.3)
(2010,257,Rashard Lewis,PF,30,ORL,72,72,32.9,4.9,11.2,.435,2.3,5.9,.397,2.5,5.3,.476,.539,2.0,2.5,.806,0.9,3.6,4.4,1.5,1.1,0.4,1.5,2.5,14.1)
(2010,Rk,Player,Pos,Age,Tm,G,GS,MP,FG,FGA,FG%,3P,3PA,3P,2P,2PA,2P,eFG%,FT,FTA,FT%,ORB,DRB,TRB,AST,STL,BLK,TOV,PF,PTS)
(2010,264,Jamaal Magloire,C,31,MIA,36,0,10.0,0.8,1.6,.500,0.0,0.0,,0.8,1.6,.500,.500,0.6,1.6,.356,1.1,2.2,3.4,0.0,0.3,0.3,0.5,1.6,2.1)
(2010,268,Cartier Martin,SF,25,TOT,18,2,21.7,2.8,7.6,.368,0.9,2.7,.347,1.8,4.8,.379,.430,1.3,1.7,.800,1.4,2.4,3.8,0.9,0.6,0.1,1.1,2.7,7.8)
(2010,272,Roger Mason,SG,29,SAS,79,5,19.2,2.4,6.3,.389,1.1,3.3,.333,1.3,2.9,.453,.478,0.3,0.4,.794,0.1,1.9,2.1,1.7,0.4,0.2,0.7,1.3,6.3)
(2010,276,Eric Maynor,PG,22,TOT,81,2,15.7,1.9,4.5,.418,0.3,0.9,.310,1.6,3.7,.444,.448,0.6,0.9,.722,0.3,1.3,1.6,3.3,0.5,0.1,1.0,1.4,4.7)
(2010,280,JaVale McGee,C,22,WAS,60,19,16.1,2.6,5.1,.508,0.0,0.0,.000,2.6,5.1,.510,.508,1.2,1.9,.638,1.5,2.6,4.1,0.2,0.3,1.7,0.9,2.0,6.4)
(2010,283,Josh McRoberts,C,22,IND,42,3,12.5,1.8,3.5,.521,0.2,0.5,.348,1.6,2.9,.553,.548,0.5,0.9,.500,1.0,2.1,3.0,1.0,0.4,0.4,0.5,1.8,4.3)
(2010,287,Darko Milicic,C,24,TOT,32,18,21.4,3.1,6.4,.490,0.0,0.0,.000,3.1,6.3,.493,.490,0.5,0.9,.536,1.5,3.3,4.7,1.5,0.7,1.1,1.1,2.6,6.7)
(2010,291,Patrick Mills,PG,21,POR,10,0,3.8,1.0,2.4,.417,0.2,0.4,.500,0.8,2.0,.400,.458,0.4,0.7,.571,0.1,0.1,0.2,0.5,0.0,0.0,0.4,0.6,2.6)
(2010,295,Mikki Moore,C,34,GSW,23,20,17.7,2.3,3.9,.600,0.0,0.0,,2.3,3.9,.600,.600,0.3,0.5,.636,1.1,1.9,3.0,1.6,0.2,0.6,0.9,2.6,5.0)
(2010,299,Byron Mullens,PF,20,OKC,13,0,4.2,0.5,1.5,.368,0.0,0.0,,0.5,1.5,.368,.368,0.0,0.0,,0.2,0.5,0.8,0.1,0.2,0.0,0.3,1.0,1.1)
(2010,302,Eduardo Najera,PF,33,TOT,46,5,14.9,1.3,3.2,.425,0.4,1.4,.297,0.9,1.8,.524,.490,0.3,0.5,.583,0.7,1.8,2.5,0.6,0.6,0.3,0.5,2.0,3.4)
(2010,306,Joakim Noah,C,24,CHI,64,54,30.1,4.1,8.1,.504,0.0,0.0,,4.1,8.1,.504,.504,2.5,3.4,.744,3.4,7.6,11.0,2.1,0.5,1.6,1.8,3.1,10.7)
(2010,310,Patrick O'Bryant,C,23,TOR,11,0,4.6,0.7,1.4,.533,0.0,0.1,.000,0.7,1.3,.571,.533,0.3,0.5,.500,0.2,0.8,1.0,0.1,0.2,0.4,0.5,1.1,1.7)
(2010,314,Greg Oden,C,22,POR,21,21,23.9,4.4,7.2,.605,0.0,0.0,,4.4,7.2,.605,.605,2.3,3.0,.766,3.0,5.4,8.5,0.9,0.4,2.3,1.9,4.0,11.1)
(2010,318,Kevin Ollie,PG,37,OKC,25,0,10.5,0.7,1.8,.400,0.0,0.0,.000,0.7,1.8,.409,.400,0.3,0.3,1.000,0.1,0.9,1.0,0.8,0.4,0.0,0.2,0.6,1.8)
(2010,321,Jannero Pargo,PG,30,CHI,63,5,13.2,2.1,6.0,.346,0.6,2.2,.275,1.5,3.9,.387,.396,0.7,0.7,.933,0.1,1.1,1.2,1.4,0.5,0.0,0.8,1.1,5.5)
(2010,325,Sasha Pavlovic,SF,26,MIN,71,0,12.4,1.5,4.2,.363,0.5,1.7,.297,1.0,2.6,.407,.422,0.1,0.4,.385,0.2,1.5,1.6,0.8,0.3,0.1,0.7,1.2,3.7)
(2010,329,Johan Petro,C,24,DEN,36,16,12.1,1.5,2.8,.535,0.0,0.0,.000,1.5,2.8,.540,.535,0.4,0.6,.667,0.9,2.7,3.6,0.4,0.3,0.4,0.6,2.2,3.4)
(2010,333,Leon Powe,SF,26,CLE,20,2,11.8,1.1,2.5,.429,0.0,0.0,,1.1,2.5,.429,.429,1.9,3.2,.587,1.0,2.1,3.1,0.0,0.3,0.1,0.6,1.8,4.0)
(2010,337,Tayshaun Prince,SF,29,DET,49,49,34.0,5.8,11.8,.486,0.6,1.5,.370,5.2,10.3,.503,.509,1.4,2.0,.714,1.4,3.6,5.1,3.3,0.7,0.4,1.2,1.6,13.5)
(2010,Rk,Player,Pos,Age,Tm,G,GS,MP,FG,FGA,FG%,3P,3PA,3P,2P,2PA,2P,eFG%,FT,FTA,FT%,ORB,DRB,TRB,AST,STL,BLK,TOV,PF,PTS)
(2010,344,Theo Ratliff,C,36,TOT,49,29,16.5,1.4,3.1,.461,0.0,0.0,,1.4,3.1,.461,.461,0.8,1.0,.760,1.2,2.0,3.2,0.5,0.2,1.2,0.8,1.8,3.6)
(2010,348,Jason Richardson,SG,29,PHO,79,76,31.5,6.0,12.6,.474,2.0,5.1,.393,4.0,7.6,.528,.553,1.7,2.3,.739,1.0,4.1,5.1,1.8,0.8,0.4,1.2,2.1,15.7)
(2010,352,Sergio Rodriguez,PG,23,TOT,66,8,15.9,2.5,5.3,.476,0.5,1.4,.352,2.0,3.9,.519,.521,1.0,1.4,.731,0.4,1.0,1.3,3.2,0.8,0.1,1.7,1.3,6.6)
(2010,356,Brandon Roy,SG,25,POR,65,65,37.2,7.6,16.0,.473,1.1,3.4,.330,6.4,12.6,.512,.508,5.3,6.8,.780,1.1,3.3,4.4,4.7,0.9,0.2,2.0,2.1,21.5)
(2010,360,Brian Scalabrine,PF,31,BOS,52,3,9.1,0.6,1.6,.341,0.3,0.9,.327,0.3,0.7,.361,.435,0.1,0.1,.667,0.2,0.8,0.9,0.5,0.2,0.1,0.3,1.1,1.5)
(2010,363,Ramon Sessions,PG,23,MIN,82,1,21.1,3.1,6.8,.456,0.0,0.2,.067,3.1,6.6,.467,.457,2.0,2.8,.717,0.7,1.9,2.6,3.1,0.7,0.1,1.7,1.7,8.2)
(2010,367,Craig Smith,PF,26,LAC,75,2,16.4,3.0,5.3,.569,0.0,0.1,.200,3.0,5.2,.574,.571,1.8,2.8,.635,1.3,2.5,3.8,1.1,0.4,0.3,1.2,2.6,7.8)
(2010,371,Josh Smith,PF,24,ATL,81,81,35.4,6.2,12.3,.505,0.0,0.1,.000,6.2,12.2,.508,.505,3.2,5.2,.618,2.8,6.0,8.7,4.2,1.6,2.1,2.4,3.0,15.7)
(2010,375,DeShawn Stevenson,SG,28,TOT,64,18,13.8,0.7,2.5,.282,0.3,1.4,.218,0.4,1.2,.355,.340,0.4,0.5,.714,0.2,1.3,1.4,0.9,0.3,0.1,0.5,1.2,2.1)
(2010,379,DaJuan Summers,SF,22,DET,44,0,9.2,1.0,3.0,.354,0.3,1.0,.357,0.7,2.0,.352,.412,0.6,0.9,.711,0.3,0.7,1.0,0.4,0.2,0.2,0.4,1.2,3.0)
(2010,382,Sebastian Telfair,PG,24,TOT,43,1,15.3,1.9,4.7,.413,0.3,1.3,.232,1.6,3.4,.483,.445,0.7,0.9,.784,0.1,0.9,1.0,2.9,0.6,0.1,1.2,1.7,4.8)
(2010,386,Etan Thomas,C,31,OKC,23,1,14.0,1.3,3.0,.456,0.0,0.0,,1.3,3.0,.456,.456,0.6,1.0,.591,0.8,2.0,2.8,0.0,0.2,0.7,0.8,1.7,3.3)
(2010,390,Tyrus Thomas,PF-C,23,TOT,54,3,22.6,3.6,7.8,.462,0.0,0.1,.000,3.6,7.7,.465,.462,2.2,3.2,.686,1.5,4.7,6.2,1.0,1.2,1.6,1.7,2.4,9.4)
(2010,394,Jamaal Tinsley,PG,31,MEM,38,1,15.5,1.4,3.7,.371,0.2,1.0,.179,1.2,2.7,.446,.396,0.6,0.7,.815,0.3,1.4,1.7,2.8,0.9,0.1,1.7,1.8,3.5)
(2010,398,Hedo Turkoglu,SF,30,TOR,74,69,30.7,3.7,9.1,.409,1.5,3.9,.374,2.3,5.2,.436,.490,2.4,3.1,.774,0.6,4.1,4.6,4.1,0.7,0.4,1.7,3.0,11.3)
(2010,401,Roko Ukic,PG,25,MIL,13,0,7.5,1.1,2.3,.467,0.2,0.9,.250,0.8,1.4,.611,.517,0.7,0.8,.818,0.0,0.2,0.2,0.9,0.1,0.0,0.5,0.5,3.1)
(2010,405,Dwyane Wade,SG,28,MIA,77,77,36.3,9.3,19.6,.476,0.9,3.2,.300,8.4,16.5,.509,.500,6.9,9.1,.761,1.4,3.5,4.8,6.5,1.8,1.1,3.3,2.4,26.6)
(2010,409,Rasheed Wallace,C,35,BOS,79,13,22.5,3.4,8.2,.409,1.0,3.7,.283,2.3,4.6,.511,.472,1.2,1.6,.768,0.5,3.6,4.1,1.0,1.0,0.9,0.8,2.8,9.0)
(2010,413,Earl Watson,PG,30,IND,79,52,29.4,2.8,6.6,.426,0.7,2.3,.288,2.2,4.3,.500,.476,1.5,2.1,.710,0.7,2.4,3.0,5.1,1.3,0.2,2.2,2.3,7.8)
(2010,417,David West,PF,29,NOH,81,81,36.4,7.6,15.1,.505,0.1,0.3,.259,7.6,14.8,.510,.508,3.7,4.2,.865,2.0,5.4,7.5,3.0,0.9,0.7,2.1,2.9,19.0)
(2010,Rk,Player,Pos,Age,Tm,G,GS,MP,FG,FGA,FG%,3P,3PA,3P,2P,2PA,2P,eFG%,FT,FTA,FT%,ORB,DRB,TRB,AST,STL,BLK,TOV,PF,PTS)
(2010,424,Mike Wilks,PG,30,OKC,4,0,14.8,1.5,3.0,.500,0.5,0.8,.667,1.0,2.3,.444,.583,0.5,1.0,.500,0.3,0.8,1.0,1.0,0.0,0.0,1.0,1.3,4.0)
(2010,428,Louis Williams,PG,23,PHI,64,38,29.9,5.0,10.6,.470,1.1,3.2,.340,3.9,7.4,.527,.521,3.0,3.6,.824,0.4,2.5,2.9,4.2,1.3,0.2,1.7,1.7,14.0)
(2010,432,Reggie Williams,SF,23,GSW,24,10,32.6,5.8,11.8,.495,1.4,3.8,.359,4.5,8.0,.560,.553,2.2,2.6,.839,0.8,3.8,4.6,2.8,1.0,0.3,1.2,2.0,15.2)
(2010,436,Metta World Peace,SF,30,LAL,77,77,33.8,4.0,9.6,.414,1.4,3.8,.355,2.6,5.8,.453,.484,1.7,2.4,.688,1.3,3.0,4.3,3.0,1.4,0.3,1.6,2.1,11.0)
(2010,440,Nick Young,SG,24,WAS,74,23,19.2,3.1,7.5,.418,0.9,2.3,.406,2.2,5.2,.423,.479,1.4,1.8,.800,0.3,1.1,1.4,0.6,0.4,0.1,0.8,2.0,8.6)
