(1987,1,Kareem Abdul-Jabbar*,C,39,LAL,78,78,31.3,7.2,12.7,.564,0.0,0.0,.333,7.2,12.7,.565,.564,3.1,4.4,.714,1.9,4.8,6.7,2.6,0.6,1.2,2.4,3.1,17.5)
(1987,5,Mark Aguirre,SF,27,DAL,80,80,33.3,9.8,19.9,.495,0.7,1.9,.353,9.2,18.0,.510,.512,5.4,7.0,.770,2.3,3.1,5.3,3.2,1.1,0.4,2.7,3.0,25.7)
(1987,9,Ron Anderson,SF,28,IND,63,0,11.4,2.2,4.7,.473,0.0,0.1,.000,2.2,4.6,.481,.473,1.3,1.7,.787,1.2,1.2,2.4,0.9,0.5,0.0,0.9,1.0,5.8)
(1987,13,Greg Ballard,SF,32,GSW,82,7,19.3,3.0,6.9,.440,0.2,0.5,.375,2.8,6.4,.445,.453,0.8,1.1,.747,1.2,2.9,4.1,1.3,0.6,0.2,0.9,2.0,7.1)
(1987,17,William Bedford,C,23,PHO,50,18,19.6,2.8,7.2,.397,0.0,0.0,.000,2.8,7.1,.398,.397,1.0,1.7,.581,1.6,3.3,4.9,1.1,0.4,0.7,1.7,2.5,6.7)
(1987,Rk,Player,Pos,Age,Tm,G,GS,MP,FG,FGA,FG%,3P,3PA,3P%,2P,2PA,2P%,eFG%,FT,FTA,FT%,ORB,DRB,TRB,AST,STL,BLK,TOV,PF,PTS)
(1987,24,Uwe Blab,C,24,DAL,30,0,5.3,0.7,1.7,.392,0.0,0.0,,0.7,1.7,.392,.392,0.4,0.9,.464,0.4,0.8,1.2,0.4,0.1,0.3,0.5,1.1,1.8)
(1987,28,Dudley Bradley,SG,29,MIL,68,2,13.2,1.1,3.1,.357,0.2,0.7,.260,0.9,2.4,.387,.387,0.7,0.9,.810,0.5,1.0,1.5,1.0,1.5,0.1,0.5,1.7,3.1)
(1987,32,Junior Bridgeman,SF,33,MIL,34,4,12.3,2.3,5.0,.462,0.0,0.2,.167,2.3,4.9,.473,.465,0.5,0.6,.800,0.4,1.1,1.5,1.0,0.3,0.1,0.4,1.5,5.1)
(1987,36,Tony Brown,SG,26,NJN,77,67,30.4,4.6,10.5,.442,0.1,0.3,.250,4.6,10.3,.447,.445,2.0,2.7,.738,1.1,1.8,2.8,3.4,1.2,0.2,2.0,3.5,11.3)
(1987,40,Antoine Carr,PF,25,ATL,65,2,10.7,2.1,4.1,.506,0.0,0.0,.333,2.0,4.0,.508,.508,1.1,1.6,.709,0.9,1.5,2.4,0.5,0.2,0.7,0.6,2.2,5.3)
(1987,43,Bill Cartwright,C,29,NYK,58,50,34.3,5.8,10.9,.531,0.0,0.0,,5.8,10.9,.531,.531,6.0,7.6,.790,2.3,5.4,7.7,1.7,0.7,0.4,2.2,3.2,17.5)
(1987,47,Fred Cofield,PG,25,CHI,5,0,5.4,0.4,2.2,.182,0.0,0.2,.000,0.4,2.0,.200,.182,0.0,0.0,,0.2,0.8,1.0,0.8,0.4,0.0,0.2,0.2,0.8)
(1987,51,Darwin Cook,SG,28,WSB,82,2,17.3,3.2,7.6,.426,0.0,0.3,.087,3.2,7.3,.439,.428,1.0,1.3,.796,0.6,1.2,1.8,1.8,1.2,0.2,1.2,1.7,7.5)
(1987,55,Dave Corzine,C,30,CHI,82,39,27.9,3.6,7.5,.475,0.0,0.1,.000,3.6,7.5,.479,.475,1.2,1.6,.736,2.4,4.2,6.6,2.5,0.5,1.1,1.4,2.5,8.3)
(1987,59,Dell Curry,SG,22,UTA,67,0,9.5,2.1,4.9,.426,0.3,0.9,.283,1.8,4.0,.459,.452,0.4,0.6,.789,0.4,0.7,1.2,0.9,0.4,0.1,0.7,1.3,4.9)
(1987,62,Brad Daugherty,C,21,CLE,80,80,33.7,6.1,11.3,.538,0.0,0.0,,6.1,11.3,.538,.538,3.5,5.0,.696,1.9,6.2,8.1,3.8,0.6,0.8,3.1,3.1,15.7)
(1987,66,Johnny Dawkins,PG,23,SAS,81,14,20.8,4.1,9.4,.437,0.2,0.6,.298,4.0,8.9,.446,.446,1.9,2.4,.801,0.7,1.4,2.1,3.6,0.8,0.0,1.5,1.5,10.3)
(1987,70,Greg Dreiling,C,24,IND,24,0,5.3,0.7,1.5,.432,0.0,0.0,,0.7,1.5,.432,.432,0.4,0.5,.833,0.5,1.3,1.8,0.3,0.1,0.1,0.3,1.8,1.8)
(1987,74,Joe Dumars*,SG,23,DET,79,75,30.9,4.7,9.5,.493,0.1,0.3,.409,4.6,9.2,.495,.499,2.3,3.1,.748,0.6,1.5,2.1,4.5,1.1,0.1,2.2,2.5,11.8)
(1987,78,Franklin Edwards,PG,27,SAC,8,0,15.3,1.1,4.0,.281,0.0,0.5,.000,1.1,3.5,.321,.281,1.3,1.8,.714,0.3,1.0,1.3,3.6,0.6,0.0,2.1,0.9,3.5)
(1987,81,Dale Ellis,SG,26,SEA,82,76,37.5,9.6,18.5,.516,1.0,2.9,.358,8.5,15.6,.546,.545,4.7,6.0,.787,2.3,3.2,5.5,2.9,1.3,0.4,2.9,3.3,24.9)
(1987,85,Mike Evans,SG,31,DEN,81,4,19.3,4.1,9.0,.458,0.7,2.1,.314,3.5,6.9,.502,.495,1.2,1.5,.780,0.4,1.1,1.6,2.3,1.0,0.1,1.3,1.8,10.1)
(1987,89,Vern Fleming,PG,24,IND,82,82,31.1,4.5,8.9,.509,0.0,0.1,.200,4.5,8.7,.513,.510,2.9,3.7,.788,1.3,2.7,4.1,5.8,1.3,0.2,2.0,2.7,12.0)
(1987,93,Artis Gilmore*,C,37,SAS,82,74,29.3,4.2,7.1,.597,0.0,0.0,,4.2,7.1,.597,.597,3.0,4.3,.680,2.3,4.8,7.1,1.8,0.5,1.2,2.2,2.9,11.4)
(1987,97,Lancaster Gordon,SG,24,LAC,70,4,16.1,3.2,7.8,.406,0.2,0.7,.292,3.0,7.1,.416,.418,1.0,1.4,.737,0.9,0.9,1.8,2.0,0.9,0.2,1.5,1.5,7.5)
(1987,Rk,Player,Pos,Age,Tm,G,GS,MP,FG,FGA,FG%,3P,3PA,3P%,2P,2PA,2P%,eFG%,FT,FTA,FT%,ORB,DRB,TRB,AST,STL,BLK,TOV,PF,PTS)
(1987,104,Dave Greenwood,PF,29,SAS,79,78,32.7,4.3,8.3,.513,0.0,0.1,.500,4.2,8.2,.513,.515,3.1,3.9,.785,3.2,6.7,9.9,3.0,0.9,0.6,2.0,3.1,11.6)
(1987,108,Derek Harper,PG,25,DAL,77,76,33.2,6.5,12.9,.501,1.0,2.8,.358,5.5,10.1,.539,.539,2.1,3.0,.684,0.7,1.9,2.6,7.9,2.2,0.3,1.8,2.5,16.0)
(1987,112,Cedric Henderson,PF,21,TOT,8,0,2.0,0.5,1.0,.500,0.0,0.0,,0.5,1.0,.500,.500,0.4,0.4,1.000,0.4,0.6,1.0,0.0,0.0,0.0,0.5,0.3,1.4)
(1987,116,Conner Henry,SG,23,TOT,54,0,6.0,0.9,2.5,.338,0.2,0.8,.310,0.6,1.7,.351,.386,0.3,0.5,.630,0.1,0.5,0.6,0.6,0.2,0.0,0.5,0.6,2.3)
(1987,120,Mike Holton,PG,25,POR,58,1,8.3,1.2,2.9,.409,0.1,0.4,.304,1.1,2.6,.426,.430,0.8,0.9,.800,0.2,0.5,0.7,1.3,0.3,0.0,0.7,0.9,3.3)
(1987,123,Jay Humphries,PG,24,PHO,82,82,31.5,4.4,9.2,.477,0.1,0.3,.185,4.3,8.9,.488,.480,2.4,3.2,.769,0.8,2.4,3.2,7.7,1.4,0.1,2.4,2.9,11.3)
(1987,127,Buck Johnson,SF,23,HOU,60,3,8.7,1.6,3.4,.468,0.0,0.0,.000,1.6,3.3,.470,.468,0.7,1.0,.690,0.6,0.8,1.5,0.7,0.3,0.3,0.6,1.4,3.8)
(1987,131,Eddie Johnson,SF,27,SAC,81,30,30.3,7.5,16.2,.463,0.5,1.5,.314,7.0,14.7,.478,.477,3.3,4.0,.829,1.8,2.6,4.4,3.1,0.5,0.2,2.0,2.7,18.7)
(1987,135,Steffond Johnson,PF,24,LAC,29,0,8.1,0.9,2.2,.422,0.0,0.1,.000,0.9,2.1,.443,.422,0.7,1.3,.526,0.5,1.0,1.5,0.2,0.3,0.1,0.6,1.9,2.6)
(1987,139,Caldwell Jones,PF,36,POR,78,37,20.2,1.4,2.9,.496,0.0,0.0,.000,1.4,2.8,.500,.496,1.2,1.6,.782,1.5,4.4,5.8,0.8,0.3,1.0,1.1,2.9,4.1)
(1987,142,Clark Kellogg,PF,25,IND,4,4,15.0,2.0,5.5,.364,0.3,0.5,.500,1.8,5.0,.350,.386,0.8,1.0,.750,1.8,1.0,2.8,1.5,1.3,0.0,1.0,3.0,5.0)
(1987,146,Bernard King*,SF,30,NYK,6,4,35.7,8.7,17.5,.495,0.0,0.0,,8.7,17.5,.495,.495,5.3,7.2,.744,2.2,3.2,5.3,3.2,0.3,0.0,2.5,2.3,22.7)
(1987,150,Jon Koncak,C,23,ATL,82,19,20.5,2.1,4.3,.480,0.0,0.0,.000,2.1,4.3,.481,.480,1.5,2.3,.654,1.9,4.1,6.0,0.4,0.6,0.9,1.1,3.2,5.6)
(1987,154,Allen Leavell,PG,29,HOU,53,11,22.2,2.8,6.8,.411,0.3,1.1,.316,2.4,5.7,.429,.436,1.9,2.2,.840,0.3,0.9,1.2,4.2,1.0,0.2,1.2,2.4,7.8)
(1987,158,Alton Lister,C,28,SEA,75,75,30.5,4.6,9.2,.504,0.0,0.0,.000,4.6,9.1,.504,.504,2.4,3.5,.675,3.0,6.4,9.4,1.5,0.4,2.4,2.3,3.9,11.6)
(1987,161,John Lucas,PG,33,MIL,43,40,31.6,6.6,14.5,.457,1.1,2.9,.365,5.6,11.6,.480,.494,3.2,4.0,.787,0.7,2.2,2.9,6.7,1.7,0.1,2.1,1.9,17.5)
(1987,165,Jeff Malone,SG,25,WSB,80,79,34.5,8.6,18.9,.457,0.1,0.3,.154,8.6,18.5,.462,.458,4.7,5.3,.885,0.6,2.1,2.7,3.7,0.9,0.2,2.3,1.9,22.0)
(1987,169,Bill Martin,SF,24,NYK,8,0,8.5,1.1,3.1,.360,0.0,0.0,,1.1,3.1,.360,.360,0.9,1.0,.875,0.3,0.6,0.9,0.0,0.5,0.3,0.9,0.6,3.1)
(1987,173,Cedric Maxwell,SF,31,TOT,81,31,24.3,3.1,5.9,.530,0.0,0.0,.000,3.1,5.9,.532,.530,3.7,4.8,.775,2.2,3.2,5.4,2.4,0.5,0.2,1.7,2.2,10.0)
(1987,177,Xavier McDaniel,SF,23,SEA,82,82,37.0,9.8,19.3,.509,0.0,0.2,.214,9.8,19.1,.512,.510,3.4,4.8,.696,4.1,4.5,8.6,2.5,1.4,0.6,2.9,3.7,23.0)
(1987,Rk,Player,Pos,Age,Tm,G,GS,MP,FG,FGA,FG%,3P,3PA,3P%,2P,2PA,2P%,eFG%,FT,FTA,FT%,ORB,DRB,TRB,AST,STL,BLK,TOV,PF,PTS)
(1987,184,Nate McMillan,PG,22,SEA,71,50,27.8,2.0,4.2,.475,0.0,0.1,.000,2.0,4.1,.486,.475,1.2,2.0,.617,1.4,3.2,4.7,8.2,1.8,0.6,2.2,3.4,5.3)
(1987,188,Dirk Minniefield,PG,26,TOT,74,52,21.6,2.9,6.5,.452,0.1,0.5,.282,2.8,6.0,.467,.464,0.8,1.2,.689,0.4,1.5,1.9,4.7,1.0,0.1,2.1,2.4,6.9)
(1987,192,Johnny Moore,PG,28,SAS,55,27,22.4,3.6,8.1,.442,0.4,1.4,.278,3.2,6.7,.477,.467,1.0,1.3,.800,0.6,1.2,1.8,4.5,1.5,0.1,1.9,1.8,8.6)
(1987,196,Pete Myers,SG,23,CHI,29,0,5.3,0.7,1.8,.365,0.0,0.2,.000,0.7,1.6,.413,.365,1.0,1.5,.651,0.3,0.3,0.6,0.7,0.5,0.1,0.3,0.9,2.3)
(1987,200,Chuck Nevitt,C,27,DET,41,0,6.5,0.8,1.5,.492,0.0,0.0,,0.8,1.5,.492,.492,0.3,0.6,.583,0.9,1.1,2.0,0.1,0.2,0.7,0.5,1.8,1.9)
(1987,203,Dennis Nutt,PG,23,DAL,25,0,3.6,0.6,1.6,.400,0.2,0.7,.294,0.4,0.9,.478,.463,0.8,0.9,.909,0.0,0.3,0.3,0.6,0.3,0.0,0.4,0.2,2.3)
(1987,207,Mark Olberding,PF,30,SAC,76,0,13.2,0.9,2.2,.418,0.0,0.0,.000,0.9,2.2,.421,.418,1.5,1.7,.885,0.7,1.8,2.4,1.2,0.2,0.1,0.7,1.9,3.3)
(1987,211,Jim Paxson,SG,29,POR,72,1,25.0,4.7,10.2,.460,0.4,1.4,.265,4.3,8.8,.490,.477,2.4,3.0,.806,0.6,1.4,1.9,3.3,1.1,0.2,1.5,1.9,12.1)
(1987,215,Jim Petersen,PF,24,HOU,82,56,29.3,4.7,9.2,.511,0.0,0.0,.000,4.7,9.2,.514,.511,1.9,2.5,.727,2.2,4.6,6.8,1.5,0.5,1.2,1.9,3.3,11.3)
(1987,219,Dwayne Polee,SG,23,LAC,1,0,6.0,1.0,4.0,.250,0.0,3.0,.000,1.0,1.0,1.000,.250,0.0,0.0,,0.0,0.0,0.0,0.0,1.0,0.0,1.0,3.0,2.0)
(1987,222,Paul Pressey,SF,28,MIL,61,60,33.7,4.8,10.1,.477,0.3,0.9,.291,4.6,9.2,.496,.490,4.0,5.4,.738,1.6,3.2,4.9,7.2,1.8,0.8,3.0,3.5,13.9)
(1987,226,Blair Rasmussen,C,24,DEN,74,23,19.2,3.6,7.7,.470,0.0,0.0,,3.6,7.7,.470,.470,2.3,3.1,.732,2.5,3.8,6.3,0.8,0.3,0.8,1.1,3.0,9.5)
(1987,230,Doc Rivers,PG,25,ATL,82,82,31.6,4.2,9.2,.451,0.0,0.3,.190,4.1,9.0,.459,.454,4.5,5.4,.828,1.0,2.6,3.6,10.0,2.1,0.4,2.6,3.5,12.8)
(1987,234,Dennis Rodman*,PF,25,DET,77,1,15.0,2.8,5.1,.545,0.0,0.0,.000,2.8,5.1,.546,.545,1.0,1.6,.587,2.1,2.2,4.3,0.7,0.5,0.6,1.2,2.2,6.5)
(1987,238,Ron Rowan,SG,24,POR,7,0,2.3,0.6,1.3,.444,0.1,0.1,1.000,0.4,1.1,.375,.500,0.4,0.6,.750,0.1,0.0,0.1,0.1,0.6,0.0,0.4,0.1,1.7)
(1987,241,John Salley,C,22,DET,82,2,17.8,2.0,3.5,.562,0.0,0.0,.000,2.0,3.5,.564,.562,1.3,2.1,.614,1.3,2.3,3.6,0.7,0.5,1.5,0.9,3.1,5.3)
(1987,245,Russ Schoene,PF,26,SEA,63,0,9.2,1.1,3.0,.374,0.0,0.2,.154,1.1,2.8,.390,.379,0.5,0.7,.630,0.8,1.0,1.9,0.4,0.3,0.2,0.7,1.5,2.7)
(1987,249,Carey Scurry,SF,24,UTA,69,5,10.9,1.8,3.6,.498,0.1,0.2,.308,1.7,3.4,.509,.506,1.4,1.9,.701,1.4,1.5,2.9,0.8,0.8,0.8,0.8,1.8,5.0)
(1987,253,Jack Sikma,C,31,MIL,82,82,30.9,4.8,10.3,.463,0.0,0.0,.000,4.8,10.2,.464,.463,3.2,3.8,.847,2.5,7.5,10.0,2.5,1.1,1.1,2.0,4.0,12.7)
(1987,257,Derek Smith,SG,25,SAC,52,42,31.9,6.5,14.6,.446,0.2,0.6,.273,6.3,13.9,.454,.452,3.4,4.4,.781,1.2,2.3,3.5,3.9,0.9,0.4,2.4,3.5,16.6)
(1987,Rk,Player,Pos,Age,Tm,G,GS,MP,FG,FGA,FG%,3P,3PA,3P%,2P,2PA,2P%,eFG%,FT,FTA,FT%,ORB,DRB,TRB,AST,STL,BLK,TOV,PF,PTS)
(1987,264,Brook Steppe,SG,27,SAC,34,7,19.6,2.8,5.9,.477,0.1,0.3,.333,2.7,5.6,.484,.485,2.1,2.6,.830,0.6,1.2,1.8,2.4,0.5,0.1,1.6,1.6,7.8)
(1987,268,Roy Tarpley,PF,22,DAL,75,1,18.7,3.1,6.7,.467,0.0,0.0,.333,3.1,6.6,.468,.468,1.3,1.9,.676,2.4,4.7,7.1,0.7,0.7,1.1,1.3,3.1,7.5)
(1987,272,David Thirdkill,SF,26,BOS,17,0,5.2,0.6,1.4,.417,0.0,0.1,.000,0.6,1.4,.435,.417,0.3,0.9,.313,0.3,0.8,1.1,0.1,0.1,0.0,0.3,0.7,1.5)
(1987,276,LaSalle Thompson,C,25,SAC,82,53,26.4,4.4,9.2,.481,0.0,0.1,.000,4.4,9.1,.485,.481,2.3,3.1,.737,2.9,5.5,8.4,1.5,0.8,1.5,1.7,3.5,11.1)
(1987,280,Sedale Threatt,PG,25,TOT,68,8,21.3,3.5,7.9,.448,0.1,0.5,.219,3.4,7.4,.462,.454,1.4,1.8,.798,0.4,1.2,1.6,3.8,1.1,0.2,1.3,2.4,8.5)
(1987,283,Kelly Tripucka,SF,27,UTA,79,76,23.6,3.7,7.9,.469,0.2,0.7,.365,3.4,7.2,.478,.484,2.5,2.9,.872,0.7,2.4,3.1,3.1,1.1,0.1,2.1,1.9,10.1)
(1987,287,Jeff Turner,PF,24,NJN,76,22,13.2,2.0,4.3,.465,0.0,0.0,.000,2.0,4.3,.466,.465,1.0,1.4,.731,1.1,1.5,2.6,0.8,0.4,0.2,1.1,2.6,5.0)
(1987,291,Kiki Vandeweghe,SF,28,POR,79,79,38.3,10.2,19.6,.523,0.5,1.0,.481,9.7,18.5,.525,.536,5.9,6.7,.886,1.1,2.1,3.2,2.8,0.7,0.2,1.8,1.7,26.9)
(1987,295,Sam Vincent,PG,23,BOS,46,5,8.1,1.3,3.0,.441,0.0,0.0,,1.3,3.0,.441,.441,1.1,1.2,.927,0.1,0.5,0.6,1.3,0.3,0.0,0.7,0.7,3.7)
(1987,299,Kenny Walker,SF,22,NYK,68,64,25.3,4.2,8.5,.491,0.0,0.1,.000,4.2,8.5,.494,.491,2.1,2.7,.757,1.7,3.2,5.0,1.1,0.7,0.7,1.1,3.5,10.4)
(1987,302,Pearl Washington,PG,23,NJN,72,61,22.2,3.6,7.5,.478,0.1,0.3,.167,3.5,7.1,.492,.481,1.4,1.7,.784,0.5,1.3,1.8,4.2,1.3,0.1,2.4,2.6,8.6)
(1987,306,Bill Wennington,C,23,DAL,58,0,9.7,1.0,2.3,.424,0.0,0.0,.000,1.0,2.2,.431,.424,0.8,1.0,.750,0.9,1.3,2.2,0.4,0.2,0.2,0.7,1.6,2.7)
(1987,310,Jerome Whitehead,C,30,GSW,73,1,12.8,2.0,4.5,.450,0.0,0.0,.000,2.0,4.5,.451,.450,1.1,1.5,.699,1.5,2.1,3.6,0.3,0.2,0.2,0.7,2.4,5.1)
(1987,314,Gerald Wilkins,SG,23,NYK,80,73,34.5,7.9,16.3,.486,0.3,0.9,.351,7.6,15.4,.494,.496,2.9,4.2,.701,1.5,2.2,3.7,4.4,1.1,0.2,2.7,2.1,19.1)
(1987,318,Hot Rod Williams,PF,24,CLE,80,80,33.9,5.4,11.2,.485,0.0,0.0,.000,5.4,11.2,.485,.485,3.7,5.0,.745,2.8,5.1,7.9,1.9,0.7,2.1,1.7,2.5,14.6)
(1987,321,Pete Williams,PF,21,DEN,5,0,2.0,0.2,0.4,.500,0.0,0.0,,0.2,0.4,.500,.500,0.0,0.0,,0.0,0.2,0.2,0.2,0.0,0.0,0.2,0.2,0.4)
(1987,325,Othell Wilson,PG,25,SAC,53,2,14.9,1.5,3.5,.443,0.1,0.3,.167,1.5,3.2,.473,.451,0.8,1.0,.796,0.5,1.0,1.5,3.9,0.8,0.1,1.5,1.3,4.0)
(1987,329,Leon Wood,PG,24,NJN,76,7,22.8,2.5,6.6,.373,0.8,2.6,.300,1.7,4.0,.422,.433,1.6,2.0,.799,0.3,1.3,1.6,4.9,0.6,0.0,1.4,1.7,7.3)
(1987,333,Brad Wright,PF,24,NYK,14,0,9.9,1.4,3.3,.435,0.0,0.1,.000,1.4,3.2,.444,.435,0.9,2.0,.429,1.8,2.0,3.8,0.1,0.2,0.4,0.9,1.4,3.7)
