(1987,Rk,Player,Pos,Age,Tm,G,GS,MP,FG,FGA,FG%,3P,3PA,3P%,2P,2PA,2P%,eFG%,FT,FTA,FT%,ORB,DRB,TRB,AST,STL,BLK,TOV,PF,PTS)
(1987,4,Rafael Addison,SF,22,PHO,62,12,11.5,2.4,5.3,.441,0.3,0.8,.320,2.1,4.5,.463,.465,0.8,1.0,.797,0.7,1.0,1.7,0.7,0.4,0.1,0.9,1.2,5.8)
(1987,8,Richard Anderson,PF,26,HOU,51,0,6.1,1.2,2.7,.424,0.1,0.3,.250,1.1,2.4,.447,.439,0.4,0.6,.759,0.5,1.1,1.5,0.6,0.1,0.1,0.4,0.7,2.8)
(1987,12,Thurl Bailey,PF,25,UTA,81,2,26.6,5.7,12.8,.447,0.0,0.0,.000,5.7,12.8,.448,.447,2.3,2.9,.805,1.8,3.5,5.3,1.3,0.5,1.1,1.5,1.9,13.8)
(1987,16,John Battle,SG,24,ATL,64,8,12.6,2.3,4.9,.457,0.0,0.2,.000,2.3,4.8,.472,.457,1.5,2.0,.738,0.3,0.7,0.9,1.9,0.5,0.1,0.9,1.2,6.0)
(1987,20,Walter Berry,SF-PF,22,TOT,63,45,25.2,6.5,12.2,.531,0.0,0.0,.000,6.5,12.1,.533,.531,3.0,4.6,.649,2.2,2.7,4.9,1.7,0.6,0.6,2.4,3.1,15.9)
(1987,23,Otis Birdsong,SG,31,NJN,7,6,18.1,2.7,6.0,.452,0.0,0.1,.000,2.7,5.9,.463,.452,0.9,1.3,.667,0.4,0.6,1.0,2.4,0.4,0.0,1.3,2.3,6.3)
(1987,27,Sam Bowie,C,25,POR,5,5,32.6,6.0,13.2,.455,0.0,0.0,,6.0,13.2,.455,.455,4.0,6.0,.667,2.8,3.8,6.6,1.8,0.2,2.0,3.0,3.8,16.0)
(1987,31,Frank Brickowski,PF-C,27,TOT,44,0,11.1,1.4,2.8,.508,0.0,0.1,.000,1.4,2.7,.525,.508,1.1,1.6,.714,1.1,1.5,2.6,0.4,0.5,0.1,0.7,2.7,4.0)
(1987,35,Mike Brown,C,23,CHI,62,3,13.2,1.7,3.2,.527,0.0,0.0,,1.7,3.2,.527,.527,0.7,1.2,.639,1.1,2.3,3.5,0.4,0.3,0.1,1.0,2.1,4.2)
(1987,39,Rick Carlisle,SG,27,BOS,42,0,7.1,0.7,2.2,.326,0.1,0.4,.313,0.6,1.8,.329,.353,0.4,0.5,.750,0.2,0.5,0.7,0.8,0.2,0.0,0.6,0.7,1.9)
(1987,42,Joe Barry Carroll,C,28,GSW,81,81,33.6,8.5,18.0,.472,0.0,0.0,,8.5,18.0,.472,.472,4.2,5.3,.787,2.1,5.1,7.3,2.6,1.1,1.5,2.8,3.1,21.2)
(1987,46,Maurice Cheeks,PG,30,PHI,68,68,38.6,6.1,11.6,.527,0.1,0.3,.235,6.0,11.3,.533,.529,3.3,4.3,.777,0.7,2.5,3.2,7.9,2.6,0.2,2.5,1.6,15.6)
(1987,50,Steve Colter,PG,24,TOT,70,31,18.9,2.4,5.7,.426,0.1,0.2,.235,2.4,5.4,.434,.431,1.2,1.5,.766,0.3,1.2,1.5,3.0,0.8,0.2,1.0,1.4,6.1)
(1987,54,Tyrone Corbin,SF,24,TOT,63,15,18.6,2.5,6.0,.409,0.0,0.1,.250,2.5,6.0,.411,.411,1.4,2.0,.734,1.4,2.0,3.4,1.5,0.9,0.1,1.0,2.0,6.4)
(1987,58,Earl Cureton,C,29,TOT,78,47,25.3,3.1,6.5,.476,0.0,0.0,.000,3.1,6.5,.478,.476,1.1,1.9,.539,2.7,3.1,5.8,1.6,0.4,0.7,1.0,2.4,7.3)
(1987,61,Adrian Dantley*,SF,30,DET,81,81,33.8,7.4,13.9,.534,0.0,0.1,.167,7.4,13.8,.536,.534,6.7,8.2,.812,1.3,2.8,4.1,2.0,0.8,0.1,2.2,2.4,21.5)
(1987,65,Darryl Dawkins,C,30,NJN,6,2,17.7,3.3,5.3,.625,0.0,0.0,,3.3,5.3,.625,.625,2.8,4.0,.708,1.5,1.7,3.2,0.3,0.3,0.5,2.5,4.2,9.5)
(1987,69,Bruce Douglas,SG,22,SAC,8,1,12.3,0.9,3.0,.292,0.0,0.1,.000,0.9,2.9,.304,.292,0.0,0.5,.000,0.6,1.1,1.8,2.1,1.1,0.0,1.1,1.1,1.8)
(1987,73,Kevin Duckworth,C,22,TOT,65,1,13.5,2.0,4.2,.476,0.0,0.0,.000,2.0,4.2,.478,.476,1.4,2.1,.687,1.2,2.3,3.4,0.4,0.3,0.3,1.2,3.0,5.4)
(1987,77,Jerry Eaves,PG,27,SAC,3,0,8.7,0.3,2.7,.125,0.0,0.0,,0.3,2.7,.125,.125,0.7,0.7,1.000,0.3,0.0,0.3,0.0,0.3,0.0,0.7,2.0,1.3)
(1987,Rk,Player,Pos,Age,Tm,G,GS,MP,FG,FGA,FG%,3P,3PA,3P%,2P,2PA,2P%,eFG%,FT,FTA,FT%,ORB,DRB,TRB,AST,STL,BLK,TOV,PF,PTS)
(1987,84,Julius Erving*,SF,36,PHI,60,60,32.0,6.7,14.2,.471,0.2,0.9,.264,6.4,13.3,.484,.479,3.2,3.9,.813,1.9,2.5,4.4,3.2,1.3,1.6,2.6,2.3,16.8)
(1987,88,Kenny Fields,SF,24,TOT,48,17,18.4,3.3,7.3,.452,0.1,0.3,.250,3.3,7.1,.459,.456,1.5,2.0,.777,1.3,1.8,3.1,1.3,0.7,0.2,1.1,2.6,8.2)
(1987,92,Kenny Gattison,PF,22,PHO,77,14,14.3,1.9,4.0,.476,0.0,0.0,.000,1.9,4.0,.481,.476,1.4,2.2,.632,1.1,2.4,3.5,0.5,0.3,0.4,1.1,2.3,5.2)
(1987,96,Grant Gondrezick,SG,24,PHO,64,1,13.1,2.1,4.7,.450,0.1,0.3,.235,2.0,4.4,.463,.457,1.2,1.7,.701,0.7,1.0,1.7,1.3,0.4,0.1,0.9,1.4,5.5)
(1987,100,A.C. Green,PF,23,LAL,79,72,28.4,4.0,7.4,.538,0.0,0.1,.000,4.0,7.4,.543,.538,2.8,3.6,.780,2.7,5.1,7.8,1.1,0.9,1.0,1.3,2.2,10.8)
(1987,103,Sidney Green,PF,26,DET,80,69,22.4,3.2,6.8,.472,0.0,0.0,.000,3.2,6.8,.474,.472,1.5,2.2,.672,2.5,5.7,8.2,0.8,0.5,0.6,1.6,2.5,7.9)
(1987,107,Bill Hanzlik,PF,29,DEN,73,10,27.3,4.2,10.2,.412,0.3,1.1,.275,3.9,9.1,.428,.426,4.3,5.5,.786,1.1,2.4,3.5,3.8,1.2,0.4,1.8,3.4,13.0)
(1987,111,Scott Hastings,PF,26,ATL,40,0,6.4,0.6,1.7,.338,0.1,0.3,.167,0.5,1.4,.375,.353,0.6,0.7,.793,0.4,1.4,1.8,0.3,0.3,0.2,0.3,0.9,1.8)
(1987,115,Kevin Henderson,PG,22,GSW,5,0,9.0,0.6,1.6,.375,0.0,0.0,,0.6,1.6,.375,.375,0.4,0.4,1.000,0.2,0.4,0.6,2.2,0.2,0.0,0.8,1.8,1.6)
(1987,119,Craig Hodges,PG,26,MIL,78,43,27.5,4.0,8.7,.462,1.1,2.9,.373,2.9,5.8,.507,.524,1.7,1.9,.891,0.6,1.2,1.8,3.1,1.0,0.1,1.6,2.4,10.8)
(1987,122,Phil Hubbard,SF,30,CLE,68,68,30.6,4.7,8.9,.531,0.0,0.1,.000,4.7,8.8,.534,.531,2.4,4.0,.596,2.6,3.1,5.7,2.0,1.0,0.1,2.3,3.3,11.8)
(1987,126,Myron Jackson,PG,22,DAL,8,0,2.8,0.3,1.1,.222,0.0,0.0,,0.3,1.1,.222,.222,0.9,1.0,.875,0.1,0.3,0.4,0.8,0.1,0.0,0.6,0.1,1.4)
(1987,130,Eddie Johnson,SG,31,SEA,24,0,21.2,3.5,7.8,.457,0.2,0.6,.333,3.3,7.1,.468,.470,1.8,2.3,.764,0.5,1.5,1.9,4.8,0.5,0.0,1.7,1.5,9.0)
(1987,134,Marques Johnson,SF,30,LAC,10,10,30.2,6.8,15.5,.439,0.0,0.6,.000,6.8,14.9,.456,.439,3.0,4.2,.714,0.9,2.4,3.3,2.8,1.2,0.5,1.7,2.4,16.6)
(1987,138,Anthony Jones,SF-SG,24,TOT,65,4,13.2,2.0,5.0,.413,0.1,0.3,.350,1.9,4.6,.417,.424,0.8,1.0,.769,0.6,1.0,1.6,1.1,0.6,0.3,0.8,1.2,5.0)
(1987,141,Michael Jordan*,SG,23,CHI,82,82,40.0,13.4,27.8,.482,0.1,0.8,.182,13.2,27.0,.491,.484,10.2,11.9,.857,2.0,3.2,5.2,4.6,2.9,1.5,3.3,2.9,37.1)
(1987,145,Albert King,SF,27,NJN,61,15,21.2,4.0,9.4,.426,0.2,0.5,.406,3.8,8.9,.427,.437,1.3,1.6,.810,1.3,2.2,3.5,1.7,0.6,0.5,1.7,2.9,9.5)
(1987,149,Joe Kleine,C,25,SAC,79,31,21.0,3.2,6.9,.471,0.0,0.0,.000,3.2,6.9,.472,.471,1.4,1.8,.786,2.2,3.9,6.1,0.9,0.4,0.4,1.1,2.7,7.9)
(1987,153,Jim Lampley,C,26,PHI,1,0,16.0,1.0,3.0,.333,0.0,0.0,,1.0,3.0,.333,.333,1.0,2.0,.500,1.0,4.0,5.0,0.0,1.0,0.0,1.0,0.0,3.0)
(1987,157,Cliff Levingston,PF,26,ATL,82,10,22.5,3.1,6.0,.506,0.0,0.0,.000,3.1,6.0,.509,.506,1.9,2.6,.731,2.7,3.8,6.5,0.5,0.6,0.8,0.9,3.2,8.0)
(1987,Rk,Player,Pos,Age,Tm,G,GS,MP,FG,FGA,FG%,3P,3PA,3P%,2P,2PA,2P%,eFG%,FT,FTA,FT%,ORB,DRB,TRB,AST,STL,BLK,TOV,PF,PTS)
(1987,164,Rick Mahorn,PF,28,DET,63,6,20.3,2.3,5.1,.447,0.0,0.0,,2.3,5.1,.447,.447,1.5,1.9,.821,1.5,4.5,6.0,0.6,0.5,0.8,1.2,3.5,6.1)
(1987,168,Pace Mannion,SF,26,NJN,23,3,12.3,1.3,4.1,.330,0.1,0.4,.333,1.2,3.7,.329,.346,0.8,1.3,.581,0.4,1.3,1.7,2.0,0.8,0.2,1.0,1.4,3.6)
(1987,172,Wes Matthews,PG,27,LAL,50,0,10.6,1.8,3.7,.476,0.0,0.1,.333,1.8,3.7,.478,.479,0.6,0.7,.806,0.3,0.7,0.9,2.0,0.5,0.1,1.0,1.1,4.2)
(1987,176,Scooter McCray,PF,26,CLE,24,2,11.6,1.3,2.7,.462,0.0,0.0,,1.3,2.7,.462,.462,0.8,1.7,.488,0.8,1.6,2.4,1.0,0.4,0.2,1.0,1.2,3.3)
(1987,180,Mike McGee,SF,27,ATL,76,6,18.7,4.1,8.9,.459,1.1,3.0,.376,3.0,5.9,.502,.523,1.1,1.8,.584,0.9,1.2,2.1,2.0,0.8,0.0,1.4,2.1,10.4)
(1987,183,Forrest McKenzie,SF,23,SAS,6,0,7.0,1.2,4.7,.250,0.2,0.3,.500,1.0,4.3,.231,.268,0.3,0.3,1.000,0.3,0.8,1.2,0.2,0.2,0.0,0.5,1.5,2.8)
(1987,187,Cozell McQueen,PF,25,DET,3,0,2.3,1.0,1.0,1.000,0.0,0.0,,1.0,1.0,1.000,1.000,0.0,0.0,,1.0,1.7,2.7,0.0,0.0,0.3,0.0,0.3,2.0)
(1987,191,Sidney Moncrief,SG,29,MIL,39,30,25.4,4.1,8.3,.488,0.2,0.8,.258,3.8,7.5,.512,.500,3.5,4.2,.840,1.5,1.8,3.3,3.1,0.7,0.3,1.6,1.9,11.8)
(1987,195,Jay Murphy,PF,24,WSB,21,0,6.7,1.5,3.4,.431,0.0,0.0,,1.5,3.4,.431,.431,0.4,0.8,.563,0.8,1.0,1.9,0.2,0.1,0.1,0.3,1.0,3.4)
(1987,199,Ed Nealy,PF,26,SAS,60,7,16.3,1.4,3.2,.438,0.1,0.5,.129,1.3,2.7,.497,.448,0.9,1.2,.739,1.6,3.1,4.7,1.4,0.7,0.2,0.6,2.4,3.7)
(1987,202,Kurt Nimphius,PF,28,TOT,66,11,16.5,2.3,5.0,.470,0.0,0.1,.000,2.3,4.9,.475,.470,1.2,1.8,.675,1.2,1.6,2.8,0.4,0.3,0.8,1.0,2.4,5.9)
(1987,206,Hakeem Olajuwon*,C,24,HOU,75,75,36.8,9.0,17.8,.508,0.0,0.1,.200,9.0,17.7,.509,.509,5.3,7.6,.702,4.2,7.2,11.4,2.9,1.9,3.4,3.0,3.9,23.4)
(1987,210,Robert Parish*,C,33,BOS,80,80,37.4,7.4,13.2,.556,0.0,0.0,.000,7.4,13.2,.557,.556,2.8,3.9,.735,3.2,7.5,10.6,2.2,0.8,1.8,2.4,3.3,17.5)
(1987,214,Chuck Person,SF,22,IND,82,78,36.0,7.7,16.6,.468,0.6,1.7,.355,7.1,14.9,.480,.486,2.7,3.6,.747,2.0,6.2,8.3,3.6,1.1,0.2,2.6,3.8,18.8)
(1987,218,Ed Pinckney,SF,23,PHO,80,65,28.1,3.6,6.2,.584,0.0,0.0,.000,3.6,6.2,.586,.584,3.2,4.4,.739,2.2,5.0,7.3,1.5,1.1,0.7,1.7,2.5,10.5)
(1987,221,Terry Porter,PG,23,POR,80,80,33.9,4.7,9.6,.488,0.2,0.8,.217,4.5,8.9,.511,.497,3.5,4.2,.838,0.9,3.3,4.2,8.9,2.0,0.1,3.2,2.4,13.1)
(1987,225,Kurt Rambis,PF,28,LAL,78,10,19.4,2.1,4.0,.521,0.0,0.0,,2.1,4.0,.521,.521,1.5,2.0,.764,2.0,3.8,5.8,0.8,0.9,0.5,1.3,2.6,5.7)
(1987,229,Clint Richardson,SG,30,IND,78,14,17.9,2.8,6.0,.467,0.1,0.2,.353,2.7,5.8,.471,.473,0.8,0.9,.797,0.7,1.2,1.8,3.1,0.6,0.1,1.1,1.4,6.4)
(1987,233,Cliff Robinson,PF,26,PHI,55,30,28.8,6.1,13.3,.464,0.0,0.1,.000,6.1,13.2,.466,.464,2.5,3.3,.755,1.6,4.0,5.6,1.6,1.6,0.5,2.2,2.7,14.8)
(1987,237,Dan Roundfield,PF,33,WSB,36,0,18.6,2.5,6.1,.409,0.0,0.1,.200,2.5,6.0,.414,.411,1.6,2.0,.792,1.8,2.9,4.7,1.1,0.3,0.4,1.4,2.1,6.6)
(1987,Rk,Player,Pos,Age,Tm,G,GS,MP,FG,FGA,FG%,3P,3PA,3P%,2P,2PA,2P%,eFG%,FT,FTA,FT%,ORB,DRB,TRB,AST,STL,BLK,TOV,PF,PTS)
(1987,244,Danny Schayes,C,27,DEN,76,41,20.5,2.8,5.3,.519,0.0,0.0,,2.8,5.3,.519,.519,3.0,3.9,.779,1.6,3.4,5.0,1.1,0.3,1.0,1.3,3.5,8.5)
(1987,248,Byron Scott,SG,25,LAL,82,82,33.3,6.8,13.8,.489,0.8,1.8,.436,6.0,12.0,.496,.517,2.7,3.1,.892,0.8,2.7,3.5,3.4,1.5,0.2,1.8,2.0,17.0)
(1987,252,Jerry Sichting,PG,30,BOS,78,15,20.1,2.6,5.1,.508,0.1,0.3,.269,2.5,4.8,.524,.516,0.5,0.5,.881,0.3,0.9,1.2,2.4,0.5,0.0,0.8,1.6,5.7)
(1987,256,Clinton Smith,SG,23,GSW,41,0,8.3,1.2,2.9,.427,0.0,0.0,.000,1.2,2.8,.435,.427,0.7,0.9,.750,0.6,0.7,1.4,1.1,0.3,0.0,0.6,0.9,3.1)
(1987,260,Otis Smith,SG,23,DEN,28,0,6.0,1.2,2.8,.418,0.0,0.1,.000,1.2,2.8,.429,.418,0.4,0.8,.571,0.6,0.6,1.2,0.8,0.0,0.0,0.7,1.1,2.8)
(1987,263,Terence Stansbury,SG,25,SEA,44,0,8.5,1.5,3.5,.429,0.3,0.7,.379,1.3,2.9,.441,.465,0.7,1.1,.620,0.2,0.4,0.5,1.3,0.3,0.0,0.7,1.8,4.0)
(1987,267,Jon Sundvold,PG,25,SAS,76,42,23.2,4.8,9.9,.486,0.7,2.0,.336,4.1,7.9,.523,.519,0.9,1.1,.833,0.3,1.0,1.3,4.1,0.5,0.0,1.3,1.4,11.2)
(1987,271,Reggie Theus,PG,29,SAC,79,76,36.4,7.3,15.5,.472,0.2,1.0,.218,7.1,14.5,.489,.479,5.4,6.3,.867,1.1,2.3,3.4,8.8,1.0,0.2,3.7,2.6,20.3)
(1987,275,Billy Thompson,SF,23,LAL,59,0,12.9,2.4,4.4,.544,0.0,0.0,.000,2.4,4.4,.546,.544,0.8,1.3,.649,1.2,1.7,2.9,1.0,0.3,0.5,1.0,2.5,5.6)
(1987,279,Otis Thorpe,PF,24,SAC,82,82,36.0,6.9,12.8,.540,0.0,0.0,.000,6.9,12.8,.542,.540,5.0,6.6,.761,3.2,6.8,10.0,2.5,0.6,0.7,2.3,3.6,18.9)
(1987,282,Andrew Toney,SG,29,PHI,52,12,20.3,3.8,8.4,.451,0.4,1.3,.328,3.4,7.1,.473,.476,2.6,3.2,.796,0.3,1.3,1.6,3.6,0.3,0.2,2.2,1.5,10.6)
(1987,286,Elston Turner,SF,27,CHI,70,4,13.4,1.6,3.6,.444,0.0,0.1,.125,1.6,3.5,.455,.446,0.3,0.4,.742,0.5,1.2,1.6,1.5,0.4,0.1,0.4,1.4,3.5)
(1987,290,Darnell Valentine,PG,27,LAC,65,52,27.1,4.2,10.3,.410,0.2,0.9,.232,4.0,9.5,.426,.420,2.5,3.1,.815,0.6,1.7,2.3,6.9,1.8,0.2,2.6,2.3,11.2)
(1987,294,Jay Vincent,SF,27,WSB,51,17,27.2,5.4,12.0,.447,0.0,0.1,.000,5.4,12.0,.449,.447,2.5,3.3,.769,1.4,2.8,4.1,1.7,0.8,0.3,1.5,2.5,13.3)
(1987,298,Darrell Walker,PG,25,DEN,81,25,24.9,4.4,9.2,.482,0.0,0.0,.000,4.4,9.1,.485,.482,3.4,4.5,.745,1.9,2.1,4.0,3.5,1.5,0.5,2.3,2.8,12.2)
(1987,301,Chris Washburn,C,21,GSW,35,2,11.0,1.6,4.1,.393,0.0,0.0,.000,1.6,4.1,.396,.393,0.5,1.5,.353,1.0,1.9,2.9,0.5,0.2,0.2,1.1,1.5,3.8)
(1987,305,Scott Wedman,SF,34,BOS,6,2,13.0,1.5,4.5,.333,0.2,0.3,.500,1.3,4.2,.320,.352,0.2,0.3,.500,0.5,1.0,1.5,1.0,0.3,0.3,0.5,1.0,3.3)
(1987,309,Rory White,SF,27,LAC,68,35,22.7,3.9,8.1,.480,0.0,0.0,.000,3.9,8.1,.483,.480,1.4,2.1,.653,1.3,1.5,2.9,1.2,0.7,0.3,1.1,2.3,9.2)
(1987,313,Eddie Lee Wilkins,PF,24,NYK,24,10,18.9,2.3,5.3,.441,0.0,0.0,.000,2.3,5.3,.444,.441,1.1,2.4,.466,1.9,2.6,4.5,0.3,0.4,0.1,1.2,2.8,5.8)
(1987,317,Herb Williams,PF,28,IND,74,67,34.1,6.1,12.7,.480,0.0,0.1,.000,6.1,12.6,.485,.480,2.7,3.6,.740,1.9,5.4,7.3,2.4,0.8,1.3,2.0,3.4,14.9)
(1987,Rk,Player,Pos,Age,Tm,G,GS,MP,FG,FGA,FG%,3P,3PA,3P%,2P,2PA,2P%,eFG%,FT,FTA,FT%,ORB,DRB,TRB,AST,STL,BLK,TOV,PF,PTS)
(1987,324,Michael Wilson,SG-PG,27,TOT,7,0,6.4,0.4,1.4,.300,0.0,0.0,,0.4,1.4,.300,.300,0.3,0.3,1.000,0.1,0.4,0.6,1.0,0.1,0.0,0.7,1.4,1.1)
(1987,328,Al Wood,SG,28,DAL,54,0,12.2,2.2,5.7,.390,0.1,0.5,.280,2.1,5.3,.400,.402,2.0,2.6,.784,0.7,1.0,1.7,0.6,0.4,0.2,0.6,1.5,6.6)
(1987,332,James Worthy*,SF,25,LAL,82,82,34.4,7.9,14.7,.539,0.0,0.2,.000,7.9,14.6,.545,.539,3.6,4.7,.751,1.9,3.8,5.7,2.8,1.3,1.0,2.0,2.5,19.4)
