(1987,3,Michael Adams,PG,24,WSB,63,0,20.7,2.5,6.2,.407,0.4,1.6,.275,2.1,4.6,.454,.443,1.7,2.0,.847,0.6,1.3,2.0,3.9,1.3,0.1,1.3,1.4,7.2)
(1987,7,Mark Alarie,PF,23,DEN,64,25,17.3,3.4,6.9,.490,0.0,0.1,.222,3.4,6.8,.495,.492,1.0,1.6,.663,1.1,2.2,3.3,1.2,0.3,0.4,0.9,2.2,7.9)
(1987,11,James Bailey,PF,29,NJN,34,2,15.9,3.3,7.0,.469,0.0,0.0,,3.3,7.0,.469,.469,1.7,2.4,.725,1.4,2.6,4.0,0.6,0.4,0.7,1.6,3.5,8.3)
(1987,15,Charles Barkley*,PF,23,PHI,68,62,40.3,8.2,13.8,.594,0.3,1.5,.202,7.9,12.3,.643,.606,6.3,8.3,.761,5.7,8.9,14.6,4.9,1.8,1.5,4.7,3.7,23.0)
(1987,19,Kent Benson,C,32,UTA,73,2,12.3,1.9,4.3,.443,0.0,0.1,.286,1.9,4.2,.447,.446,0.6,0.8,.810,1.1,2.1,3.2,0.5,0.5,0.4,0.6,1.9,4.5)
(1987,22,Larry Bird*,SF,30,BOS,74,73,40.6,10.6,20.2,.525,1.2,3.0,.400,9.4,17.2,.547,.555,5.6,6.1,.910,1.7,7.5,9.2,7.6,1.8,0.9,3.2,2.5,28.1)
(1987,26,Manute Bol,C,24,WSB,82,12,18.9,1.3,2.8,.446,0.0,0.0,.000,1.3,2.8,.448,.446,0.5,0.8,.672,1.0,3.4,4.4,0.1,0.2,3.7,0.7,2.3,3.1)
(1987,30,Randy Breuer,C,26,MIL,76,10,19.3,3.2,6.5,.485,0.0,0.0,,3.2,6.5,.485,.485,1.6,2.7,.584,1.7,2.9,4.6,0.6,0.7,0.8,1.3,3.0,7.9)
(1987,34,Michael Brooks,SF,28,IND,10,0,14.8,1.3,3.7,.351,0.0,0.0,,1.3,3.7,.351,.351,0.7,1.0,.700,0.9,1.9,2.8,1.1,0.9,0.0,1.1,1.9,3.3)
(1987,38,Tony Campbell,SF,24,DET,40,0,8.3,1.4,3.6,.393,0.0,0.1,.000,1.4,3.6,.401,.393,0.6,1.0,.615,0.5,0.9,1.5,0.5,0.3,0.0,0.9,1.0,3.5)
(1987,41,Kenny Carr,PF,31,POR,49,43,29.4,4.1,8.1,.504,0.0,0.0,.000,4.1,8.1,.506,.504,2.6,3.4,.746,2.7,7.5,10.2,1.7,0.6,0.3,2.1,3.2,10.8)
(1987,45,Tom Chambers,PF,27,SEA,82,82,36.8,8.0,17.6,.456,0.7,1.8,.372,7.4,15.9,.466,.475,6.5,7.7,.849,2.0,4.7,6.6,3.0,1.0,0.6,3.3,3.7,23.3)
(1987,49,Don Collins,SF,28,MIL,6,0,9.5,1.7,4.7,.357,0.0,0.0,,1.7,4.7,.357,.357,0.8,1.2,.714,1.8,0.7,2.5,0.3,0.3,0.2,0.8,1.8,4.2)
(1987,53,Wayne Cooper,C,30,DEN,69,64,22.6,3.4,7.6,.448,0.0,0.0,.000,3.4,7.6,.451,.448,1.1,1.6,.725,2.3,4.5,6.9,1.0,0.2,1.5,1.1,3.7,8.0)
(1987,57,Terry Cummings,PF,25,MIL,82,77,33.8,8.9,17.4,.511,0.0,0.0,.000,8.9,17.4,.512,.511,3.0,4.6,.662,2.6,5.9,8.5,2.8,1.6,1.0,2.1,3.6,20.8)
(1987,Rk,Player,Pos,Age,Tm,G,GS,MP,FG,FGA,FG%,3P,3PA,3P%,2P,2PA,2P%,eFG%,FT,FTA,FT%,ORB,DRB,TRB,AST,STL,BLK,TOV,PF,PTS)
(1987,64,Walter Davis,SG,32,PHO,79,79,33.5,9.9,19.2,.514,0.3,1.0,.259,9.6,18.2,.529,.521,3.6,4.2,.862,1.1,1.9,3.1,4.6,1.2,0.1,2.9,2.3,23.6)
(1987,68,James Donaldson,C,29,DAL,82,82,36.9,3.8,6.5,.586,0.0,0.0,,3.8,6.5,.586,.586,3.3,4.0,.812,3.6,8.3,11.9,0.8,0.6,1.7,1.3,2.3,10.8)
(1987,72,Clyde Drexler*,SG,24,POR,82,82,38.0,8.6,17.2,.502,0.1,0.6,.234,8.5,16.6,.511,.506,4.4,5.7,.760,2.8,3.5,6.3,6.9,2.5,0.9,3.1,3.4,21.7)
(1987,76,Mark Eaton,C,30,UTA,79,79,31.7,3.0,7.4,.400,0.0,0.0,,3.0,7.4,.400,.400,1.8,2.7,.657,2.7,6.2,8.8,1.3,0.5,4.1,1.8,3.5,7.7)
(1987,80,Craig Ehlo,SG,25,CLE,44,15,20.2,2.3,5.4,.414,0.1,0.7,.172,2.1,4.8,.448,.425,1.6,2.3,.707,1.3,2.4,3.7,2.1,0.9,0.7,1.4,1.8,6.2)
(1987,83,Alex English*,SF,33,DEN,82,82,37.6,11.8,23.4,.503,0.0,0.2,.267,11.7,23.2,.504,.504,5.0,5.9,.844,1.8,2.4,4.2,5.1,0.9,0.3,2.6,2.6,28.6)
(1987,87,Dave Feitl,C,24,HOU,62,1,8.0,1.4,3.3,.436,0.0,0.0,.000,1.4,3.2,.438,.436,0.9,1.1,.746,0.6,1.3,1.9,0.4,0.1,0.1,0.6,1.3,3.7)
(1987,91,World B. Free,SG,33,PHI,20,2,14.3,2.0,6.2,.317,0.1,0.5,.222,1.9,5.7,.325,.325,1.8,2.4,.766,0.3,0.7,1.0,1.5,0.3,0.2,0.9,1.3,5.8)
(1987,95,Mike Gminski,C,27,NJN,72,66,31.6,6.0,13.2,.457,0.0,0.0,,6.0,13.2,.457,.457,4.3,5.1,.846,2.7,6.1,8.8,1.4,0.7,1.0,1.8,2.2,16.4)
(1987,99,Stuart Gray,C,23,IND,55,1,8.3,0.7,1.8,.406,0.0,0.0,,0.7,1.8,.406,.406,0.5,0.7,.718,0.7,1.6,2.3,0.5,0.2,0.5,0.7,1.7,2.0)
(1987,102,Rickey Green,PG,32,UTA,81,80,25.8,3.7,8.0,.467,0.1,0.2,.368,3.6,7.7,.470,.473,2.1,2.6,.827,0.5,1.5,2.0,6.7,1.4,0.0,1.6,1.3,9.6)
(1987,106,Bob Hansen,SG,26,UTA,72,72,20.2,3.8,8.3,.453,0.2,0.6,.356,3.6,7.7,.460,.466,1.9,2.5,.760,1.2,1.7,2.8,1.4,0.6,0.1,1.1,2.0,9.7)
(1987,110,Steve Harris,SG,23,HOU,74,3,15.9,3.4,8.1,.419,0.0,0.1,.000,3.4,8.0,.425,.419,1.5,1.8,.854,1.0,1.3,2.3,1.4,0.5,0.2,1.0,1.5,8.3)
(1987,114,Jerome Henderson,PF,27,MIL,6,0,6.0,0.7,2.2,.308,0.0,0.0,,0.7,2.2,.308,.308,0.7,0.7,1.000,0.3,0.8,1.2,0.0,0.2,0.2,1.0,2.0,2.0)
(1987,118,Roy Hinson,SF,25,PHI,76,58,32.8,5.2,10.8,.478,0.0,0.0,.000,5.2,10.8,.478,.478,3.6,4.7,.758,2.0,4.4,6.4,0.8,0.6,2.1,2.0,3.7,13.9)
(1987,121,Jeff Hornacek,SG,23,PHO,80,3,19.5,2.0,4.4,.454,0.2,0.5,.279,1.8,3.8,.479,.471,1.2,1.5,.777,0.5,1.8,2.3,4.5,0.9,0.1,1.9,1.6,5.3)
(1987,125,Marc Iavaroni,PF,30,UTA,78,0,10.8,1.3,2.8,.465,0.0,0.1,.000,1.3,2.7,.474,.465,1.0,1.5,.672,0.8,1.4,2.2,0.5,0.2,0.1,0.7,2.0,3.6)
(1987,129,Dennis Johnson*,PG,32,BOS,79,78,37.1,5.4,12.1,.444,0.1,0.8,.113,5.3,11.3,.467,.448,2.6,3.2,.833,0.6,2.7,3.3,7.5,1.1,0.5,2.2,2.5,13.4)
(1987,133,Magic Johnson*,PG,27,LAL,80,80,36.3,8.5,16.4,.522,0.1,0.5,.205,8.4,15.9,.532,.525,6.7,7.9,.848,1.5,4.8,6.3,12.2,1.7,0.5,3.8,2.1,23.9)
(1987,137,Vinnie Johnson,SG,30,DET,78,8,27.8,6.8,14.8,.462,0.1,0.2,.286,6.8,14.6,.464,.464,2.0,2.6,.786,1.6,1.7,3.3,3.8,1.2,0.2,1.7,2.0,15.7)
(1987,Rk,Player,Pos,Age,Tm,G,GS,MP,FG,FGA,FG%,3P,3PA,3P%,2P,2PA,2P%,eFG%,FT,FTA,FT%,ORB,DRB,TRB,AST,STL,BLK,TOV,PF,PTS)
(1987,144,Jerome Kersey,SF,24,POR,82,8,25.5,4.5,8.9,.509,0.0,0.3,.043,4.5,8.7,.524,.510,3.2,4.4,.720,2.5,3.6,6.0,2.4,1.5,0.9,1.8,4.0,12.3)
(1987,148,Greg Kite,C,25,BOS,74,1,10.1,0.6,1.5,.427,0.0,0.0,.000,0.6,1.5,.431,.427,0.4,1.0,.382,0.8,1.5,2.3,0.4,0.2,0.6,0.5,2.0,1.7)
(1987,152,Bill Laimbeer,C,29,DET,82,82,34.8,6.2,12.3,.501,0.1,0.3,.286,6.1,12.1,.506,.504,3.0,3.3,.894,3.0,8.7,11.6,1.8,0.9,0.8,1.5,3.5,15.4)
(1987,156,Fat Lever,PG,26,DEN,82,82,37.2,7.8,16.7,.469,0.3,1.1,.239,7.6,15.6,.486,.477,3.0,3.8,.782,2.6,6.3,8.9,8.0,2.5,0.4,2.0,2.7,18.9)
(1987,160,John Long,SG,30,IND,80,68,28.3,6.1,14.6,.419,0.2,0.8,.284,5.9,13.8,.427,.427,2.7,3.1,.890,0.9,1.8,2.7,3.2,1.2,0.1,1.9,2.1,15.2)
(1987,163,Kyle Macy,PG,29,IND,76,0,16.4,2.2,4.5,.481,0.2,0.6,.304,2.0,3.9,.508,.501,0.4,0.5,.829,0.3,1.2,1.5,2.6,0.8,0.1,0.8,1.8,4.9)
(1987,167,Moses Malone*,C,31,WSB,73,70,34.1,8.2,18.0,.454,0.0,0.2,.000,8.2,17.8,.458,.454,7.8,9.5,.824,4.7,6.6,11.3,1.6,0.8,1.3,2.8,1.9,24.1)
(1987,171,Maurice Martin,SF,22,DEN,43,0,6.7,1.2,3.1,.378,0.1,0.3,.200,1.1,2.8,.400,.389,1.0,1.5,.636,0.3,0.7,1.0,0.8,0.3,0.1,0.8,1.1,3.4)
(1987,175,Rodney McCray,SF,25,HOU,81,81,38.7,5.3,9.7,.552,0.0,0.1,.000,5.3,9.6,.558,.552,3.8,4.9,.779,2.3,4.8,7.1,5.4,1.1,0.7,2.6,2.1,14.4)
(1987,179,Hank McDowell,PF,27,MIL,7,0,10.0,1.1,2.4,.471,0.0,0.0,,1.1,2.4,.471,.471,0.9,1.0,.857,1.3,1.4,2.7,0.3,0.3,0.0,0.4,2.0,3.1)
(1987,182,Kevin McKenna,SG,28,NJN,56,3,16.8,2.7,6.0,.454,0.9,2.2,.419,1.8,3.8,.474,.531,0.8,1.0,.754,0.4,1.0,1.4,1.7,1.0,0.1,0.9,2.5,7.2)
(1987,186,Chris McNealy,PF,25,NYK,59,16,16.5,1.5,3.0,.492,0.0,0.0,,1.5,3.0,.492,.492,0.9,1.4,.650,1.3,2.6,3.8,0.8,0.6,0.3,1.1,2.3,3.9)
(1987,190,Paul Mokeski,C,30,MIL,62,3,10.1,0.8,2.1,.403,0.0,0.0,.000,0.8,2.1,.406,.403,0.7,1.0,.719,0.7,1.5,2.2,0.4,0.3,0.2,0.4,2.0,2.4)
(1987,194,Chris Mullin*,SG,23,GSW,82,82,29.0,5.8,11.3,.514,0.2,0.8,.302,5.6,10.5,.529,.524,3.3,4.0,.825,0.5,1.7,2.2,3.2,1.2,0.4,1.9,2.6,15.1)
(1987,198,Calvin Natt,PF,30,DEN,1,1,20.0,4.0,10.0,.400,0.0,0.0,,4.0,10.0,.400,.400,2.0,2.0,1.000,2.0,3.0,5.0,2.0,1.0,0.0,1.0,2.0,10.0)
(1987,201,Johnny Newman,SF,23,CLE,59,0,10.7,1.9,4.7,.411,0.0,0.4,.045,1.9,4.3,.443,.413,1.1,1.3,.868,0.6,0.6,1.2,0.5,0.3,0.1,0.8,1.1,5.0)
(1987,205,Charles Oakley,PF,23,CHI,82,81,36.3,5.7,12.8,.445,0.1,0.4,.367,5.6,12.5,.447,.450,3.0,4.4,.686,3.6,9.5,13.1,3.6,1.0,0.4,3.6,3.8,14.5)
(1987,209,Louis Orr,SF,28,NYK,65,8,22.2,2.6,6.0,.427,0.0,0.1,.200,2.5,5.9,.430,.428,1.9,2.6,.727,1.6,2.0,3.6,1.7,0.7,0.3,1.1,1.9,7.0)
(1987,213,Sam Perkins,PF,25,DAL,80,80,33.6,5.8,12.0,.482,0.2,0.7,.352,5.5,11.3,.489,.492,3.1,3.7,.828,2.5,5.2,7.7,1.8,1.4,1.0,1.7,3.4,14.8)
(1987,217,Ricky Pierce,SG,27,MIL,79,31,31.7,7.3,13.6,.534,0.0,0.4,.107,7.2,13.3,.545,.535,4.9,5.6,.880,1.5,1.9,3.4,1.8,0.8,0.3,1.5,2.8,19.5)
(1987,Rk,Player,Pos,Age,Tm,G,GS,MP,FG,FGA,FG%,3P,3PA,3P%,2P,2PA,2P%,eFG%,FT,FTA,FT%,ORB,DRB,TRB,AST,STL,BLK,TOV,PF,PTS)
(1987,224,Mark Price,PG,22,CLE,67,0,18.2,2.6,6.3,.408,0.3,1.0,.329,2.2,5.3,.424,.435,1.4,1.7,.833,0.5,1.3,1.7,3.0,0.6,0.1,1.6,1.1,6.9)
(1987,228,Jerry Reynolds,SF,24,MIL,58,24,16.6,2.4,6.1,.393,0.1,0.3,.333,2.3,5.8,.396,.402,2.0,3.2,.641,1.2,1.7,3.0,1.8,0.9,0.5,1.4,1.6,7.0)
(1987,232,Alvin Robertson,SG,24,SAS,81,78,33.3,7.3,15.6,.466,0.2,0.6,.271,7.1,15.0,.474,.471,3.0,4.0,.753,2.3,2.9,5.2,5.2,3.2,0.4,3.0,3.3,17.7)
(1987,236,Tree Rollins,C,31,ATL,75,58,23.5,2.3,4.2,.546,0.0,0.0,,2.3,4.2,.546,.546,0.8,1.2,.724,2.1,4.4,6.5,0.3,0.6,1.9,0.8,3.2,5.4)
(1987,240,Walker Russell,PG,26,IND,48,0,10.6,1.3,3.4,.388,0.0,0.3,.125,1.3,3.1,.416,.394,0.6,0.8,.730,0.4,0.8,1.1,2.7,0.4,0.1,1.3,1.3,3.3)
(1987,243,Mike Sanders,SF,26,PHO,82,4,20.2,4.4,8.8,.494,0.0,0.2,.118,4.3,8.6,.504,.496,1.7,2.2,.781,1.2,2.1,3.3,1.5,0.7,0.3,1.3,2.6,10.5)
(1987,247,John Schweitz,SG,26,DET,3,0,2.3,0.0,0.3,.000,0.0,0.0,,0.0,0.3,.000,.000,0.0,0.0,,0.0,0.3,0.3,0.0,0.0,0.0,0.7,0.7,0.0)
(1987,251,Purvis Short,SF,29,GSW,34,15,27.9,7.1,14.7,.479,0.1,0.5,.235,6.9,14.2,.488,.483,4.0,4.7,.856,1.6,2.4,4.0,2.5,1.3,0.2,2.0,3.0,18.3)
(1987,255,Scott Skiles,PG,22,MIL,13,0,15.8,1.4,4.8,.290,0.2,1.1,.214,1.2,3.7,.313,.315,0.8,0.9,.833,0.5,1.5,2.0,3.5,0.4,0.1,1.6,1.4,3.8)
(1987,259,Larry Smith,PF,29,GSW,80,78,29.7,3.7,6.8,.546,0.0,0.0,.000,3.7,6.8,.547,.546,1.4,2.5,.574,4.6,6.9,11.5,1.2,0.9,0.7,1.7,3.7,8.8)
(1987,262,Rory Sparrow,PG,28,NYK,80,30,24.4,3.3,7.4,.446,0.1,0.5,.262,3.2,6.9,.460,.455,0.9,1.1,.798,0.4,1.1,1.4,5.4,0.8,0.1,1.8,2.0,7.6)
(1987,266,John Stockton*,PG,24,UTA,82,2,22.7,2.8,5.6,.499,0.1,0.5,.179,2.7,5.2,.528,.506,2.2,2.8,.782,0.4,1.5,1.8,8.2,2.2,0.2,2.0,2.7,7.9)
(1987,270,Terry Teagle,SG,26,GSW,82,0,20.1,4.5,9.9,.458,0.0,0.1,.000,4.5,9.7,.464,.458,2.2,2.9,.778,0.8,1.3,2.1,1.3,0.8,0.2,1.4,2.3,11.2)
(1987,274,Bernard Thompson,SF,24,PHO,24,2,13.8,1.8,4.4,.400,0.0,0.1,.000,1.8,4.3,.412,.400,1.1,1.4,.818,0.8,0.5,1.3,0.8,0.5,0.2,0.7,2.2,4.6)
(1987,278,Bob Thornton,PF,24,NYK,33,4,8.5,0.9,2.0,.433,0.0,0.0,.000,0.9,2.0,.439,.433,0.4,0.6,.650,0.5,1.2,1.7,0.2,0.1,0.1,0.7,1.5,2.2)
(1987,281,Wayman Tisdale,PF,22,IND,81,15,26.7,5.7,11.0,.513,0.0,0.0,.000,5.7,11.0,.515,.513,3.2,4.5,.709,2.7,3.2,5.9,1.4,0.6,0.3,1.7,3.6,14.5)
(1987,285,Andre Turner,PG,22,BOS,3,0,6.0,0.7,1.7,.400,0.0,0.3,.000,0.7,1.3,.500,.400,0.0,0.0,,0.3,0.3,0.7,0.3,0.0,0.0,1.7,0.3,1.3)
(1987,289,Terry Tyler,SF,30,SAC,82,48,23.5,4.0,8.1,.495,0.0,0.0,.333,4.0,8.1,.496,.496,1.2,1.7,.721,1.4,2.6,4.0,0.9,0.7,1.0,1.0,1.8,9.3)
(1987,293,Pete Verhoeven,PF,27,IND,5,0,8.8,1.0,2.8,.357,0.0,0.0,,1.0,2.8,.357,.357,0.0,0.0,,0.4,1.0,1.4,0.4,0.4,0.2,0.0,2.2,2.0)
(1987,297,Granville Waiters,C,26,CHI,44,26,12.1,0.9,2.1,.430,0.0,0.0,.000,0.9,2.1,.435,.430,0.1,0.2,.556,0.9,1.1,2.0,0.5,0.2,0.7,0.4,1.9,1.9)
(1987,Rk,Player,Pos,Age,Tm,G,GS,MP,FG,FGA,FG%,3P,3PA,3P%,2P,2PA,2P%,eFG%,FT,FTA,FT%,ORB,DRB,TRB,AST,STL,BLK,TOV,PF,PTS)
(1987,304,Marvin Webster,C,34,MIL,15,0,6.8,0.7,1.3,.526,0.1,0.1,1.000,0.6,1.2,.500,.553,0.4,0.5,.750,0.8,0.9,1.7,0.2,0.2,0.5,0.5,1.1,1.8)
(1987,308,Ennis Whatley,PG,24,WSB,73,72,24.9,3.4,7.1,.478,0.0,0.0,.000,3.4,7.0,.480,.478,1.7,2.3,.764,0.8,1.9,2.7,5.4,1.3,0.1,1.9,2.4,8.5)
(1987,312,Dominique Wilkins*,SF,27,ATL,79,79,37.6,10.5,22.6,.463,0.4,1.3,.292,10.1,21.3,.474,.472,7.7,9.4,.818,2.7,3.6,6.3,3.3,1.5,0.6,2.7,1.9,29.0)
(1987,316,Gus Williams,SG,33,ATL,33,0,14.6,1.6,4.4,.363,0.2,0.5,.278,1.5,3.9,.375,.380,0.8,1.2,.675,0.2,1.0,1.2,4.2,0.5,0.2,1.6,1.6,4.2)
(1987,320,Kevin Williams,SG,25,SEA,65,0,10.8,2.0,4.6,.446,0.0,0.1,.000,2.0,4.4,.457,.446,0.8,1.0,.833,0.7,0.6,1.3,1.0,0.7,0.1,1.0,2.4,4.9)
(1987,323,Kevin Willis,PF,24,ATL,81,81,32.4,6.6,12.4,.536,0.0,0.0,.250,6.6,12.3,.538,.537,2.8,4.0,.709,4.0,6.5,10.5,0.8,0.8,0.8,2.1,3.9,16.1)
(1987,327,Randy Wittman,SG,27,ATL,71,65,28.9,5.6,11.2,.503,0.1,0.2,.333,5.5,11.0,.505,.505,1.4,1.8,.787,0.4,1.3,1.7,3.0,0.5,0.2,1.2,1.5,12.7)
(1987,331,Orlando Woolridge,SF,27,NJN,75,53,35.2,7.4,14.2,.521,0.0,0.1,.125,7.4,14.1,.524,.522,5.8,7.5,.777,1.6,3.3,4.9,3.5,0.7,1.1,2.8,3.2,20.7)
(1987,335,Perry Young,SG,23,TOT,9,0,8.0,0.7,2.3,.286,0.0,0.0,,0.7,2.3,.286,.286,0.1,0.2,.500,0.3,0.6,0.9,0.8,0.6,0.1,0.4,1.6,1.4)
