(1987,2,Alvan Adams,C,32,PHO,68,40,24.9,4.6,9.1,.503,0.0,0.0,.000,4.6,9.1,.504,.503,2.0,2.5,.788,1.3,3.6,5.0,3.3,0.9,0.5,2.0,3.0,11.1)
(1987,6,Danny Ainge,SG,27,BOS,71,66,35.2,5.8,11.9,.486,1.2,2.7,.443,4.6,9.2,.498,.536,2.1,2.3,.897,0.7,2.7,3.4,5.6,1.4,0.2,2.0,2.7,14.8)
(1987,10,John Bagley,PG,26,CLE,72,67,30.3,4.3,10.2,.426,0.4,1.4,.301,3.9,8.7,.447,.447,1.6,1.9,.831,0.8,2.7,3.5,5.3,1.3,0.1,2.3,1.6,10.7)
(1987,14,Gene Banks,SF,27,CHI,63,39,28.9,4.0,7.3,.539,0.0,0.1,.000,4.0,7.3,.545,.539,1.8,2.3,.767,1.8,3.1,4.9,2.7,0.8,0.3,1.8,2.7,9.7)
(1987,18,Benoit Benjamin,C,22,LAC,72,61,31.0,4.4,9.9,.449,0.0,0.0,.000,4.4,9.9,.450,.449,2.6,3.7,.715,1.9,6.3,8.1,1.9,0.8,2.6,2.6,3.5,11.5)
(1987,21,Joe Binion,PF,25,POR,11,0,4.6,0.4,0.9,.400,0.0,0.0,,0.4,0.9,.400,.400,0.5,0.9,.600,0.7,0.9,1.6,0.1,0.2,0.2,0.3,0.5,1.3)
(1987,25,Rolando Blackman,SG,27,DAL,80,80,34.5,7.8,15.8,.495,0.1,0.2,.333,7.8,15.6,.497,.497,5.2,5.9,.884,1.2,2.3,3.5,3.3,0.8,0.3,2.2,1.8,21.0)
(1987,29,Adrian Branch,SF,23,LAL,32,0,6.8,1.5,3.0,.500,0.0,0.1,.000,1.5,2.9,.511,.500,1.3,1.7,.778,0.7,0.9,1.7,0.5,0.5,0.1,0.8,1.2,4.3)
(1987,33,Mike Brittain,C,23,SAS,6,0,4.8,0.7,1.5,.444,0.0,0.0,,0.7,1.5,.444,.444,0.2,0.3,.500,0.3,0.3,0.7,0.3,0.2,0.0,0.3,0.5,1.5)
(1987,37,Michael Cage,PF,25,LAC,80,76,36.5,5.7,11.0,.521,0.0,0.0,.000,5.7,10.9,.522,.521,4.3,5.8,.730,4.4,7.1,11.5,1.6,1.2,0.8,2.1,2.8,15.7)
(1987,Rk,Player,Pos,Age,Tm,G,GS,MP,FG,FGA,FG%,3P,3PA,3P%,2P,2PA,2P%,eFG%,FT,FTA,FT%,ORB,DRB,TRB,AST,STL,BLK,TOV,PF,PTS)
(1987,44,Terry Catledge,PF,23,WSB,78,77,27.6,5.3,10.7,.495,0.0,0.1,.000,5.3,10.7,.497,.495,2.6,4.3,.594,3.2,4.0,7.2,0.7,0.6,0.2,1.9,2.5,13.1)
(1987,48,Ben Coleman,C,25,NJN,68,7,15.1,2.7,4.6,.581,0.0,0.0,.000,2.7,4.6,.583,.581,1.3,1.8,.727,1.5,2.8,4.2,0.5,0.5,0.5,1.4,2.9,6.6)
(1987,52,Michael Cooper,SG,30,LAL,82,2,27.5,3.9,9.0,.438,1.1,2.8,.385,2.8,6.2,.461,.498,1.5,1.8,.851,0.7,2.4,3.1,4.5,1.0,0.5,1.2,2.4,10.5)
(1987,56,Pat Cummings,PF,30,NYK,49,11,21.6,3.5,7.8,.450,0.0,0.0,,3.5,7.8,.450,.450,1.6,2.2,.718,2.5,3.9,6.4,0.8,0.5,0.1,1.7,3.0,8.6)
(1987,60,Quintin Dailey,SG,26,LAC,49,5,18.9,4.1,10.0,.407,0.0,0.2,.100,4.1,9.8,.414,.408,2.4,3.2,.768,0.7,1.0,1.7,1.6,0.9,0.2,1.4,2.3,10.6)
(1987,63,Brad Davis,PG,31,DAL,82,6,19.3,2.4,5.3,.456,0.4,1.3,.302,2.0,4.0,.506,.493,1.8,2.1,.860,0.3,1.1,1.4,4.5,0.8,0.1,1.4,1.9,7.0)
(1987,67,Darren Daye,SF,26,TOT,62,2,11.8,1.6,3.3,.500,0.0,0.0,,1.6,3.3,.500,.500,0.5,1.0,.523,0.6,1.4,2.0,1.2,0.4,0.1,0.9,1.6,3.8)
(1987,71,Larry Drew,PG,28,LAC,60,22,26.1,4.9,11.4,.432,0.2,1.2,.167,4.7,10.2,.463,.441,2.3,2.8,.837,0.4,1.3,1.7,5.4,1.0,0.0,2.5,1.8,12.4)
(1987,75,T.R. Dunn,SG,31,DEN,81,53,23.9,1.5,3.4,.428,0.0,0.0,.000,1.5,3.4,.431,.428,0.4,0.7,.655,1.1,2.1,3.3,1.8,1.2,0.3,0.4,2.0,3.4)
(1987,79,James Edwards,C,31,PHO,14,9,21.7,4.1,7.9,.518,0.0,0.0,,4.1,7.9,.518,.518,3.9,5.0,.771,1.4,2.9,4.3,1.4,0.4,0.5,1.1,3.0,12.0)
(1987,82,Chris Engler,C,27,TOT,30,0,6.5,0.8,1.7,.451,0.0,0.0,,0.8,1.7,.451,.451,0.4,0.5,.750,0.8,1.1,1.9,0.3,0.2,0.4,0.4,1.1,1.9)
(1987,86,Patrick Ewing*,PF,24,NYK,63,63,35.0,8.4,16.7,.503,0.0,0.1,.000,8.4,16.6,.507,.503,4.7,6.6,.713,2.5,6.3,8.8,1.7,1.4,2.3,3.6,3.9,21.5)
(1987,90,Sleepy Floyd,PG,26,GSW,82,82,37.4,6.1,12.6,.488,0.9,2.3,.384,5.2,10.2,.512,.524,5.6,6.5,.860,0.7,2.6,3.3,10.3,1.8,0.2,3.4,2.4,18.8)
(1987,94,Mike Glenn,SG,31,MIL,4,0,8.5,1.3,3.3,.385,0.0,0.0,,1.3,3.3,.385,.385,1.3,1.8,.714,0.0,0.5,0.5,0.3,0.3,0.0,0.0,0.8,3.8)
(1987,98,Stewart Granger,PG,25,NYK,15,0,11.1,1.3,3.6,.370,0.0,0.2,.000,1.3,3.4,.392,.370,0.6,0.7,.818,0.4,0.7,1.1,1.8,0.5,0.1,1.5,1.1,3.3)
(1987,101,Kenny Green,SF,22,PHI,19,0,9.1,1.3,3.7,.357,0.0,0.0,,1.3,3.7,.357,.357,0.7,1.0,.737,0.3,1.2,1.5,0.4,0.2,0.1,0.8,0.4,3.4)
(1987,105,Darrell Griffith,SG,28,UTA,76,10,24.3,6.1,13.7,.446,0.9,2.6,.335,5.2,11.0,.473,.478,2.0,2.8,.703,1.1,1.9,3.0,1.7,1.3,0.4,1.8,2.2,15.0)
(1987,109,Ron Harper,SG,23,CLE,82,82,37.4,9.0,19.7,.455,0.2,1.1,.213,8.7,18.5,.470,.461,4.7,6.9,.684,2.1,2.7,4.8,4.8,2.5,1.0,4.2,3.0,22.9)
(1987,113,Gerald Henderson,PG,31,TOT,74,59,27.6,4.0,9.1,.442,0.3,1.0,.247,3.8,8.1,.467,.456,2.6,3.1,.826,0.7,1.7,2.4,6.4,1.4,0.1,2.3,2.8,10.9)
(1987,117,Rod Higgins,SF,27,GSW,73,28,20.5,2.9,5.6,.519,0.0,0.2,.176,2.9,5.4,.534,.523,2.7,3.3,.833,1.0,2.3,3.2,1.3,0.5,0.3,1.0,2.0,8.6)
(1987,Rk,Player,Pos,Age,Tm,G,GS,MP,FG,FGA,FG%,3P,3PA,3P%,2P,2PA,2P%,eFG%,FT,FTA,FT%,ORB,DRB,TRB,AST,STL,BLK,TOV,PF,PTS)
(1987,124,Geoff Huston,PG,29,LAC,19,8,22.5,2.9,6.4,.455,0.1,0.1,.500,2.8,6.3,.454,.459,0.9,1.8,.529,0.3,0.6,0.9,5.3,0.7,0.0,2.4,1.5,6.8)
(1987,128,Clemon Johnson,C,30,SEA,78,7,13.5,1.1,2.3,.494,0.0,0.0,.000,1.1,2.3,.500,.494,0.9,1.4,.636,1.4,2.2,3.6,0.3,0.3,0.5,0.5,1.8,3.2)
(1987,132,Frank Johnson,PG,28,WSB,18,10,22.2,3.3,7.1,.461,0.0,0.1,.000,3.3,7.1,.465,.461,1.9,2.7,.714,0.6,1.1,1.7,3.2,1.2,0.0,1.7,1.7,8.5)
(1987,136,Steve Johnson,C,29,POR,79,74,29.7,6.3,11.3,.556,0.0,0.0,,6.3,11.3,.556,.556,4.3,6.2,.698,2.5,4.7,7.2,2.0,0.6,1.0,3.5,4.3,16.8)
(1987,140,Charles Jones,PF,29,WSB,79,64,20.4,1.5,3.2,.474,0.0,0.0,.000,1.5,3.1,.476,.474,0.6,1.0,.632,1.8,2.7,4.5,1.0,0.8,2.1,1.0,3.2,3.6)
(1987,143,Tim Kempton,PF,23,LAC,66,6,14.2,1.5,3.1,.471,0.0,0.0,.000,1.5,3.1,.473,.471,1.4,2.1,.693,1.1,1.9,2.9,0.8,0.6,0.2,0.7,2.5,4.4)
(1987,147,Curtis Kitchen,PF,23,SEA,6,0,5.2,0.5,1.0,.500,0.0,0.2,.000,0.5,0.8,.600,.500,0.5,0.7,.750,0.7,0.8,1.5,0.2,0.3,0.5,0.0,0.7,1.5)
(1987,151,Larry Krystkowiak,PF,22,SAS,68,2,14.8,2.5,5.5,.456,0.0,0.2,.083,2.5,5.3,.468,.457,1.6,2.2,.743,1.1,2.4,3.5,1.3,0.3,0.2,1.0,2.1,6.6)
(1987,155,Keith Lee,PF,24,CLE,67,1,13.0,2.5,5.6,.455,0.0,0.0,.000,2.5,5.6,.456,.455,1.1,1.5,.713,1.4,2.4,3.7,1.0,0.4,0.6,1.3,2.2,6.1)
(1987,159,Lewis Lloyd,SG,27,HOU,32,14,21.5,5.2,9.7,.532,0.0,0.2,.143,5.1,9.5,.541,.534,2.0,2.7,.756,0.4,1.1,1.5,2.8,0.6,0.2,1.6,2.2,12.4)
(1987,162,Maurice Lucas,PF,34,SEA,63,0,17.8,2.8,6.2,.451,0.0,0.1,.000,2.8,6.1,.457,.451,2.4,3.0,.802,1.4,3.5,4.9,1.0,0.5,0.3,1.2,2.7,7.9)
(1987,166,Karl Malone*,PF,23,UTA,82,82,34.8,8.9,17.3,.512,0.0,0.1,.000,8.9,17.3,.514,.512,3.9,6.6,.598,3.4,7.0,10.4,1.9,1.3,0.7,2.9,3.9,21.7)
(1987,170,Fernando Martin,C,24,POR,24,0,6.1,0.4,1.3,.290,0.0,0.0,.000,0.4,1.3,.300,.290,0.2,0.5,.364,0.3,0.8,1.2,0.4,0.3,0.0,0.8,1.0,0.9)
(1987,174,Tim McCormick,C,24,PHI,81,79,34.8,4.8,8.9,.545,0.0,0.0,.000,4.8,8.8,.548,.545,3.1,4.3,.719,2.2,5.3,7.5,1.4,0.4,0.8,1.9,3.3,12.8)
(1987,178,Ben McDonald,PF,24,GSW,63,34,20.4,2.6,5.7,.456,0.0,0.1,.125,2.6,5.6,.463,.457,0.4,0.6,.632,1.0,1.9,2.9,1.3,0.4,0.1,0.7,3.2,5.6)
(1987,181,Kevin McHale*,PF,29,BOS,77,77,39.7,10.3,17.0,.604,0.0,0.1,.000,10.3,16.9,.606,.604,5.6,6.6,.836,3.2,6.7,9.9,2.6,0.5,2.2,2.6,3.1,26.1)
(1987,185,Mark McNamara,C,27,PHI,11,1,10.3,1.3,2.7,.467,0.0,0.0,,1.3,2.7,.467,.467,0.6,1.7,.368,1.5,1.7,3.3,0.2,0.1,0.0,0.7,1.5,3.2)
(1987,189,Mike Mitchell,SF,31,SAS,40,18,23.1,5.2,12.0,.435,0.0,0.1,.500,5.2,11.9,.435,.436,2.3,2.8,.821,1.0,1.6,2.6,1.0,0.5,0.2,1.3,1.7,12.7)
(1987,193,Perry Moss,PG,28,GSW,64,0,10.9,1.4,3.2,.440,0.0,0.2,.071,1.4,3.0,.466,.442,0.8,1.1,.710,0.5,1.0,1.5,1.4,0.7,0.0,0.9,1.5,3.6)
(1987,197,Larry Nance,PF,27,PHO,69,67,37.2,8.5,15.4,.551,0.0,0.1,.200,8.5,15.3,.553,.551,5.5,7.1,.773,2.7,6.0,8.7,3.4,1.2,2.1,2.2,3.2,22.5)
(1987,Rk,Player,Pos,Age,Tm,G,GS,MP,FG,FGA,FG%,3P,3PA,3P%,2P,2PA,2P%,eFG%,FT,FTA,FT%,ORB,DRB,TRB,AST,STL,BLK,TOV,PF,PTS)
(1987,204,Mike O'Koren,SF,28,WSB,15,0,8.2,1.1,2.8,.381,0.0,0.1,.000,1.1,2.7,.400,.381,0.0,0.1,.000,0.4,0.5,0.9,0.9,0.1,0.0,0.4,0.7,2.1)
(1987,208,Jawann Oldham,C,29,NYK,44,9,17.6,1.6,4.0,.408,0.0,0.0,.000,1.6,3.9,.410,.408,0.7,1.3,.544,1.2,2.9,4.1,0.4,0.5,1.6,1.1,2.2,3.9)
(1987,212,John Paxson,PG,26,CHI,82,64,32.8,4.7,9.7,.487,0.6,1.7,.371,4.1,8.0,.511,.520,1.3,1.6,.809,0.3,1.4,1.7,5.7,0.8,0.1,1.3,2.5,11.3)
(1987,216,Michael Phelps,SG,25,SEA,60,6,7.8,1.3,2.9,.426,0.0,0.2,.100,1.2,2.8,.446,.429,0.5,0.7,.705,0.3,0.6,0.8,1.1,0.4,0.0,0.5,1.0,3.0)
(1987,220,Ben Poquette,PF,31,TOT,58,2,10.4,1.1,2.1,.508,0.0,0.1,.000,1.1,2.0,.525,.508,0.7,0.9,.800,0.5,1.2,1.7,0.6,0.2,0.6,0.4,1.3,2.8)
(1987,223,Harold Pressley,SF,23,SAC,67,23,13.6,2.0,4.7,.423,0.1,0.4,.250,1.9,4.3,.439,.434,0.5,0.7,.729,1.0,1.6,2.6,1.8,0.6,0.3,0.9,1.4,4.6)
(1987,227,Robert Reid,SG,31,HOU,75,63,34.6,5.6,13.4,.417,0.7,2.2,.327,4.9,11.3,.435,.444,1.8,2.4,.768,0.6,3.2,3.9,4.3,1.0,0.3,1.4,3.1,13.7)
(1987,231,Fred Roberts,PF,26,BOS,73,11,14.8,1.9,3.7,.515,0.0,0.0,.000,1.9,3.7,.521,.515,1.7,2.1,.810,0.7,1.9,2.6,0.8,0.3,0.3,1.2,1.8,5.5)
(1987,235,Johnny Rogers,PF,23,SAC,45,15,10.4,2.0,4.1,.486,0.0,0.1,.000,2.0,4.0,.500,.486,0.2,0.3,.600,0.7,1.0,1.7,0.6,0.2,0.2,0.4,1.5,4.2)
(1987,239,Jeff Ruland,PF,28,PHI,5,2,23.2,3.8,5.6,.679,0.0,0.0,,3.8,5.6,.679,.679,1.8,2.4,.750,2.4,3.2,5.6,2.0,0.0,0.8,2.0,2.6,9.4)
(1987,242,Ralph Sampson*,PF,26,HOU,43,32,30.8,6.4,13.2,.489,0.0,0.1,.000,6.4,13.1,.492,.489,2.7,4.4,.624,2.0,6.6,8.7,2.8,0.9,1.3,2.9,3.9,15.6)
(1987,246,Detlef Schrempf,SF,24,DAL,81,5,21.1,3.3,6.9,.472,0.4,0.9,.478,2.9,6.1,.472,.502,2.4,3.2,.742,1.1,2.7,3.7,2.0,0.6,0.2,1.4,2.8,9.3)
(1987,250,Brad Sellers,PF,24,CHI,80,17,21.9,3.5,7.6,.455,0.0,0.1,.200,3.4,7.5,.460,.457,1.6,2.2,.728,1.9,2.7,4.7,1.3,0.6,0.9,1.1,2.4,8.5)
(1987,254,McKinley Singleton,PG,25,NYK,2,0,5.0,1.0,1.5,.667,0.0,0.5,.000,1.0,1.0,1.000,.667,0.0,0.0,,0.0,0.0,0.0,0.5,0.0,0.0,0.0,0.5,2.0)
(1987,258,Keith Smith,SG,22,MIL,42,4,11.0,1.4,3.6,.380,0.1,0.2,.333,1.3,3.4,.383,.390,0.5,0.7,.750,0.3,0.5,0.8,1.0,0.6,0.1,0.7,1.8,3.3)
(1987,261,Mike Smrek,C,24,LAL,35,3,6.7,0.9,1.7,.500,0.0,0.0,,0.9,1.7,.500,.500,0.5,0.7,.640,0.4,0.7,1.1,0.1,0.1,0.4,0.5,2.0,2.2)
(1987,265,Steve Stipanovich,C,26,IND,81,81,34.1,4.7,9.4,.503,0.0,0.0,.250,4.7,9.3,.504,.503,3.8,4.5,.837,2.3,6.0,8.3,2.2,1.3,1.2,1.6,3.8,13.2)
(1987,269,Jeff Taylor,SG,27,DET,12,0,3.7,0.5,0.8,.600,0.0,0.0,,0.5,0.8,.600,.600,0.8,0.8,.900,0.1,0.3,0.3,0.3,0.2,0.1,0.7,0.3,1.8)
(1987,273,Isiah Thomas*,PG,25,DET,81,81,37.2,7.7,16.7,.463,0.2,1.2,.194,7.5,15.5,.484,.470,4.9,6.4,.768,1.0,2.9,3.9,10.0,1.9,0.2,4.2,3.1,20.6)
(1987,277,Mychal Thompson,PF,32,TOT,82,7,23.0,4.4,9.7,.450,0.0,0.0,.500,4.4,9.7,.450,.451,2.7,3.6,.737,1.7,3.3,5.0,1.4,0.5,0.9,1.6,2.5,11.4)
(1987,Rk,Player,Pos,Age,Tm,G,GS,MP,FG,FGA,FG%,3P,3PA,3P%,2P,2PA,2P%,eFG%,FT,FTA,FT%,ORB,DRB,TRB,AST,STL,BLK,TOV,PF,PTS)
(1987,284,Trent Tucker,SG,27,NYK,70,15,24.2,4.6,9.9,.470,1.0,2.3,.422,3.7,7.6,.485,.520,1.1,1.4,.762,0.7,1.2,1.9,2.4,1.7,0.2,1.1,2.4,11.4)
(1987,288,Melvin Turpin,C,26,CLE,64,1,12.5,2.6,5.7,.462,0.0,0.0,,2.6,5.7,.462,.462,0.9,1.2,.714,1.0,2.0,3.0,0.5,0.2,0.6,1.0,1.4,6.1)
(1987,292,Nick Vanos,C,23,PHO,57,14,11.2,1.1,2.8,.411,0.0,0.0,.000,1.1,2.7,.417,.411,0.7,1.0,.644,1.2,2.0,3.2,0.8,0.3,0.4,0.8,1.6,2.9)
(1987,296,Danny Vranes,SF,28,PHI,58,6,14.1,1.0,2.4,.428,0.0,0.1,.200,1.0,2.3,.436,.431,0.4,0.8,.467,0.9,1.6,2.5,0.5,0.6,0.4,0.4,2.2,2.4)
(1987,300,Bill Walton*,C,34,BOS,10,0,11.2,1.0,2.6,.385,0.0,0.0,,1.0,2.6,.385,.385,0.8,1.5,.533,1.1,2.0,3.1,0.9,0.1,1.0,1.5,2.3,2.8)
(1987,303,Spud Webb,PG,23,ATL,33,0,16.1,2.2,4.9,.438,0.0,0.2,.167,2.1,4.7,.449,.441,2.4,3.2,.762,0.2,1.6,1.8,5.1,1.0,0.1,2.1,2.0,6.8)
(1987,307,Mark West,C,26,CLE,78,13,17.1,2.7,4.9,.543,0.0,0.0,.000,2.7,4.9,.546,.543,1.1,2.2,.514,1.6,2.7,4.3,0.5,0.3,1.0,1.4,2.9,6.5)
(1987,311,Mitchell Wiggins,SG,27,HOU,32,19,24.6,4.8,10.9,.437,0.0,0.2,.000,4.8,10.8,.443,.437,1.5,2.0,.754,2.3,1.8,4.2,2.4,1.4,0.1,1.6,2.6,11.1)
(1987,315,Buck Williams,PF,26,NJN,82,82,36.3,6.4,11.4,.557,0.0,0.0,.000,6.4,11.4,.557,.557,5.2,7.2,.731,3.9,8.5,12.5,1.6,1.0,1.1,3.4,3.8,18.0)
(1987,319,John Williams,SF,20,WSB,78,6,22.7,3.6,8.0,.454,0.1,0.5,.222,3.5,7.5,.468,.460,1.8,2.9,.646,1.7,3.0,4.7,2.4,1.7,0.4,1.6,2.2,9.2)
(1987,322,Ray Williams,PG,32,NJN,32,14,25.0,4.1,9.1,.452,0.2,0.9,.250,3.9,8.2,.473,.464,1.5,1.9,.817,0.8,1.5,2.3,5.8,1.2,0.3,2.9,3.5,9.9)
(1987,326,David Wingate,SG,23,PHI,77,9,20.9,3.4,7.8,.430,0.2,0.7,.250,3.2,7.1,.447,.441,1.9,2.6,.741,0.9,1.1,2.0,2.0,1.2,0.2,1.7,2.2,8.8)
(1987,330,Mike Woodson,SG,28,LAC,74,66,28.7,6.7,15.3,.437,0.5,1.7,.276,6.2,13.6,.457,.452,3.2,3.9,.828,0.9,1.3,2.2,2.6,1.4,0.2,2.3,2.7,17.1)
(1987,334,Danny Young,PG,24,SEA,73,26,20.3,1.8,3.9,.458,0.4,1.1,.367,1.4,2.9,.493,.509,0.8,1.0,.831,0.3,1.2,1.5,4.8,1.0,0.0,1.2,1.0,4.8)
