(2000,2,Shareef Abdur-Rahim,SF,23,VAN,82,82,39.3,7.2,15.6,.465,0.4,1.2,.302,6.9,14.4,.478,.477,5.4,6.7,.809,2.7,7.4,10.1,3.3,1.1,1.1,3.0,3.0,20.3)
(2000,6,John Amaechi,C,29,ORL,80,53,21.1,3.8,8.8,.437,0.0,0.1,.167,3.8,8.7,.439,.438,2.8,3.6,.766,0.8,2.6,3.3,1.2,0.4,0.5,1.7,2.0,10.5)
(2000,10,Shandon Anderson,SF,26,HOU,82,82,32.9,4.5,9.5,.473,1.0,2.7,.351,3.5,6.7,.523,.524,2.4,3.1,.767,1.1,3.6,4.7,2.9,1.2,0.4,2.4,2.2,12.3)
(2000,14,Darrell Armstrong,PG,31,ORL,82,82,31.6,5.9,13.6,.433,1.7,4.9,.340,4.2,8.7,.485,.494,2.7,3.0,.911,0.8,2.5,3.3,6.1,2.1,0.1,3.0,1.7,16.2)
(2000,18,Anthony Avent,PF,30,LAC,49,3,7.7,0.6,2.0,.302,0.0,0.0,,0.6,2.0,.302,.302,0.5,0.7,.719,0.5,1.0,1.5,0.2,0.3,0.3,0.5,1.3,1.7)
(2000,21,Vin Baker,C,28,SEA,79,75,36.1,6.5,14.3,.455,0.0,0.1,.250,6.5,14.2,.457,.456,3.6,5.2,.682,2.9,4.8,7.7,1.9,0.6,0.8,2.7,3.6,16.6)
(2000,25,Drew Barry,PG,26,TOT,16,0,9.9,0.9,2.1,.455,0.4,1.1,.389,0.5,0.9,.533,.561,0.3,0.3,.800,0.0,0.8,0.8,2.1,0.1,0.0,0.8,1.4,2.6)
(2000,29,Benoit Benjamin,C,35,CLE,3,0,2.7,0.3,1.0,.333,0.0,0.0,,0.3,1.0,.333,.333,0.0,0.0,,0.0,0.3,0.3,0.0,0.0,0.3,0.0,0.3,0.7)
(2000,33,Mike Bibby,PG,21,VAN,82,82,38.5,5.6,12.6,.445,0.9,2.6,.363,4.7,10.0,.466,.483,2.4,3.0,.780,0.9,2.8,3.7,8.1,1.6,0.2,3.0,2.1,14.5)
(2000,37,Muggsy Bogues,PG,35,TOR,80,5,21.6,2.0,4.5,.439,0.2,0.6,.333,1.8,3.8,.456,.462,1.0,1.1,.908,0.3,1.4,1.7,3.7,0.8,0.1,0.7,1.5,5.1)
(2000,Rk,Player,Pos,Age,Tm,G,GS,MP,FG,FGA,FG%,3P,3PA,3P%,2P,2PA,2P%,eFG%,FT,FTA,FT%,ORB,DRB,TRB,AST,STL,BLK,TOV,PF,PTS)
(2000,44,Ira Bowman,SG,26,PHI,11,0,1.8,0.2,0.2,1.000,0.0,0.0,,0.2,0.2,1.000,1.000,0.1,0.2,.500,0.0,0.2,0.2,0.1,0.1,0.0,0.1,0.0,0.5)
(2000,48,Elton Brand,PF,20,CHI,81,80,37.0,7.8,16.1,.482,0.0,0.0,.000,7.8,16.1,.483,.482,4.5,6.6,.685,4.3,5.7,10.0,1.9,0.8,1.6,2.8,3.2,20.1)
(2000,52,Marcus Brown,SG,25,DET,6,0,7.5,0.7,2.3,.286,0.0,1.2,.000,0.7,1.2,.571,.286,0.3,0.3,1.000,0.5,0.7,1.2,0.5,0.0,0.0,0.5,1.3,1.7)
(2000,56,Kobe Bryant,SG,21,LAL,66,62,38.2,8.4,17.9,.468,0.7,2.2,.319,7.7,15.7,.489,.488,5.0,6.1,.821,1.6,4.7,6.3,4.9,1.6,0.9,2.8,3.3,22.5)
(2000,60,Rodney Buford,SG,22,MIA,34,0,11.4,1.8,4.4,.411,0.2,0.9,.241,1.6,3.6,.451,.434,0.5,0.6,.727,0.3,1.1,1.4,0.6,0.3,0.2,0.3,1.3,4.3)
(2000,63,Jason Caffey,PF,26,GSW,71,56,30.4,4.5,9.5,.479,0.0,0.0,.000,4.5,9.5,.480,.479,2.9,4.9,.597,2.7,4.1,6.8,1.7,0.9,0.3,2.4,3.8,12.0)
(2000,67,Antoine Carr,SF,38,VAN,21,0,10.5,1.3,3.0,.438,0.0,0.0,,1.3,3.0,.438,.438,0.5,0.7,.786,0.4,1.1,1.5,0.3,0.1,0.3,0.4,2.0,3.2)
(2000,71,Sam Cassell,PG,30,MIL,81,81,35.8,6.7,14.4,.466,0.3,1.1,.289,6.4,13.3,.481,.477,4.8,5.5,.876,0.9,2.9,3.7,9.0,1.3,0.1,3.3,3.1,18.6)
(2000,75,John Celestand,PG,22,LAL,16,0,11.6,0.9,2.8,.333,0.1,0.6,.222,0.8,2.3,.361,.356,0.3,0.4,.833,0.1,0.6,0.7,1.3,0.4,0.0,1.0,1.4,2.3)
(2000,79,Chris Childs,PG,32,NYK,71,2,23.6,2.1,5.0,.409,0.5,1.5,.356,1.5,3.6,.431,.461,0.7,0.8,.797,0.2,1.8,2.1,4.0,0.5,0.1,1.5,3.4,5.3)
(2000,82,Keith Closs,C,23,LAC,57,6,14.4,1.7,3.5,.487,0.0,0.1,.000,1.7,3.4,.495,.487,0.8,1.4,.590,1.1,2.0,3.1,0.4,0.2,1.3,0.6,1.4,4.2)
(2000,86,Tyrone Corbin,SF,37,SAC,54,5,17.4,1.6,4.6,.356,0.2,0.8,.227,1.4,3.8,.384,.377,0.6,0.7,.846,0.7,2.3,3.1,1.1,0.7,0.1,0.5,1.8,4.1)
(2000,90,Terry Cummings,PF,38,GSW,22,0,18.1,3.5,8.0,.429,0.0,0.0,,3.5,8.0,.429,.429,1.5,1.8,.821,2.0,2.8,4.9,1.0,0.6,0.4,1.2,3.4,8.4)
(2000,94,Michael Curry,SG,31,DET,82,3,19.6,2.2,4.6,.480,0.0,0.1,.200,2.2,4.6,.484,.482,1.7,2.0,.839,0.3,1.0,1.3,1.1,0.4,0.1,0.9,2.5,6.2)
(2000,98,Antonio Davis,C,31,TOR,79,78,31.4,4.0,9.0,.440,0.0,0.0,,4.0,9.0,.440,.440,3.6,4.7,.765,3.0,5.8,8.8,1.3,0.5,1.3,1.5,3.4,11.5)
(2000,101,Dale Davis,C,30,IND,74,72,28.7,4.1,8.1,.502,0.0,0.0,,4.1,8.1,.502,.502,1.9,2.7,.685,3.5,6.4,9.9,0.9,0.7,1.3,1.2,2.7,10.0)
(2000,105,Ricky Davis,SG,20,CHH,48,4,11.9,2.0,3.9,.503,0.0,0.1,.000,2.0,3.8,.514,.503,0.8,1.1,.765,0.6,1.1,1.7,1.3,0.6,0.2,1.0,0.8,4.7)
(2000,109,Tony Delk,PG,26,SAC,46,1,14.8,2.6,6.1,.430,0.2,0.9,.225,2.4,5.2,.464,.446,1.0,1.3,.797,0.8,1.1,1.9,1.2,0.8,0.1,0.7,1.3,6.4)
(2000,113,Michael Doleac,C,22,ORL,81,29,16.5,3.0,6.6,.452,0.0,0.0,.500,3.0,6.6,.452,.453,1.0,1.2,.842,1.1,3.0,4.1,0.8,0.4,0.4,0.8,2.8,7.0)
(2000,117,Tim Duncan,PF,23,SAS,74,74,38.9,8.5,17.3,.490,0.0,0.1,.091,8.5,17.2,.494,.491,6.2,8.1,.761,3.5,8.9,12.4,3.2,0.9,2.2,3.3,2.8,23.2)
(2000,Rk,Player,Pos,Age,Tm,G,GS,MP,FG,FGA,FG%,3P,3PA,3P%,2P,2PA,2P%,eFG%,FT,FTA,FT%,ORB,DRB,TRB,AST,STL,BLK,TOV,PF,PTS)
(2000,124,Pervis Ellison,C,32,BOS,30,5,9.0,0.6,1.4,.442,0.0,0.0,,0.6,1.4,.442,.442,0.5,0.7,.714,1.0,1.3,2.2,0.4,0.3,0.3,0.4,2.2,1.8)
(2000,128,Jamie Feick,C,25,NJN,81,17,27.7,2.2,5.2,.428,0.0,0.0,1.000,2.2,5.2,.424,.431,1.2,1.6,.707,3.3,6.1,9.3,0.8,0.5,0.5,0.7,2.5,5.7)
(2000,132,Danny Fortson,PF,23,BOS,55,5,15.6,2.5,4.8,.528,0.0,0.0,,2.5,4.8,.528,.528,2.5,3.4,.735,2.6,4.1,6.7,0.5,0.4,0.1,1.2,3.3,7.6)
(2000,136,Adonal Foyle,C,24,GSW,76,59,21.8,2.5,5.0,.508,0.0,0.0,,2.5,5.0,.508,.508,0.4,1.2,.378,2.3,3.3,5.6,0.6,0.3,1.8,0.9,2.9,5.5)
(2000,140,Kevin Garnett,PF,23,MIN,81,81,40.0,9.4,18.8,.497,0.4,1.0,.370,9.0,17.8,.504,.507,3.8,5.0,.765,2.8,9.0,11.8,5.0,1.5,1.6,3.3,2.5,22.9)
(2000,143,Pat Garrity,SF,23,ORL,82,1,18.0,3.1,7.1,.441,1.0,2.4,.401,2.2,4.7,.461,.509,1.0,1.4,.721,0.5,2.0,2.6,0.7,0.4,0.2,1.0,2.4,8.2)
(2000,147,Kendall Gill,SF,31,NJN,76,75,31.0,5.2,12.6,.414,0.3,1.0,.256,4.9,11.6,.428,.425,2.4,3.4,.710,1.1,2.6,3.7,2.8,1.8,0.5,1.2,2.8,13.1)
(2000,151,Gary Grant,PG,34,POR,3,0,8.0,2.0,4.7,.429,0.0,0.0,,2.0,4.7,.429,.429,0.0,0.0,,0.0,1.0,1.0,0.3,0.3,0.0,0.7,1.0,4.0)
(2000,155,Adrian Griffin,SG,25,BOS,72,47,26.8,2.4,5.7,.424,0.2,0.8,.281,2.2,4.9,.447,.443,1.7,2.2,.753,1.8,3.4,5.2,2.5,1.6,0.2,1.3,3.1,6.7)
(2000,159,Thomas Hamilton,C,24,HOU,22,7,12.4,1.6,3.6,.443,0.0,0.0,,1.6,3.6,.443,.443,0.5,1.0,.522,1.4,2.7,4.1,0.7,0.2,0.6,1.3,1.1,3.7)
(2000,162,Tim Hardaway,PG,33,MIA,52,52,32.2,4.7,12.3,.386,1.8,4.9,.367,2.9,7.3,.398,.459,2.1,2.6,.827,0.5,2.4,2.9,7.4,0.9,0.1,2.3,2.2,13.4)
(2000,166,Othella Harrington,PF,26,VAN,82,82,32.6,5.1,10.1,.506,0.0,0.0,.000,5.1,10.1,.507,.506,2.9,3.6,.792,2.4,4.5,6.9,1.2,0.4,0.7,2.6,3.5,13.1)
(2000,170,Michael Hawkins,PG,27,CHH,12,0,3.0,0.3,1.1,.231,0.1,0.4,.200,0.2,0.7,.250,.269,0.1,0.2,.500,0.0,0.6,0.6,1.1,0.0,0.0,0.3,0.2,0.7)
(2000,174,Chris Herren,PG,24,DEN,45,1,13.3,1.0,2.8,.363,0.5,1.5,.358,0.5,1.3,.368,.460,0.6,0.9,.675,0.3,0.9,1.2,2.5,0.3,0.0,0.9,1.6,3.1)
(2000,178,Derek Hood,PF,23,CHH,2,0,2.0,0.0,1.5,.000,0.0,0.0,,0.0,1.5,.000,.000,0.0,0.0,,0.0,0.5,0.5,0.0,0.0,0.0,0.0,0.0,0.0)
(2000,181,Allan Houston,SG,28,NYK,82,82,38.6,7.5,15.5,.483,1.3,3.0,.436,6.2,12.5,.494,.525,3.4,4.1,.838,0.5,2.8,3.3,2.7,0.8,0.2,2.3,2.7,19.7)
(2000,185,Rick Hughes,PF,26,DAL,21,0,10.7,1.7,3.4,.486,0.0,0.0,.000,1.7,3.4,.493,.486,0.6,1.2,.462,1.1,1.2,2.3,0.4,0.1,0.0,0.7,1.4,3.9)
(2000,189,Jaren Jackson,SG,32,SAS,81,12,20.9,2.3,6.0,.381,1.3,3.8,.353,1.0,2.2,.429,.492,0.4,0.6,.647,0.4,1.8,2.2,1.5,0.7,0.1,0.8,1.9,6.3)
(2000,193,Randell Jackson,PF,24,DAL,1,0,1.0,0.0,0.0,,0.0,0.0,,0.0,0.0,,,0.0,0.0,,0.0,0.0,0.0,0.0,0.0,0.0,0.0,0.0,0.0)
(2000,197,Harold Jamison,PF,23,MIA,12,0,6.2,0.6,1.7,.350,0.0,0.0,,0.6,1.7,.350,.350,0.3,1.5,.222,1.3,0.4,1.8,0.3,0.2,0.1,0.3,1.4,1.5)
(2000,Rk,Player,Pos,Age,Tm,G,GS,MP,FG,FGA,FG%,3P,3PA,3P%,2P,2PA,2P%,eFG%,FT,FTA,FT%,ORB,DRB,TRB,AST,STL,BLK,TOV,PF,PTS)
(2000,204,Charles Jones,PG,24,LAC,56,0,11.8,1.2,3.6,.328,0.7,2.1,.331,0.5,1.5,.325,.425,0.3,0.4,.739,0.3,0.8,1.1,1.7,0.5,0.1,0.5,0.8,3.4)
(2000,208,Popeye Jones,PF,29,DEN,40,1,8.3,1.1,2.6,.423,0.1,0.1,.667,1.1,2.5,.416,.433,0.4,0.5,.737,1.0,1.6,2.6,0.5,0.1,0.2,0.3,1.3,2.6)
(2000,212,Steve Kerr,PG,34,SAS,32,0,8.4,1.0,2.3,.432,0.5,1.0,.516,0.5,1.3,.372,.541,0.3,0.3,.818,0.1,0.5,0.6,0.4,0.1,0.0,0.2,0.4,2.8)
(2000,216,Gerard King,SF,27,WAS,62,28,17.1,2.2,4.5,.502,0.0,0.0,,2.2,4.5,.502,.502,0.8,1.1,.742,1.4,2.7,4.0,0.8,0.5,0.2,0.7,2.1,5.3)
(2000,220,Travis Knight,C,25,LAL,63,0,6.5,0.7,1.9,.390,0.0,0.0,,0.7,1.9,.390,.390,0.3,0.4,.607,0.7,1.3,2.0,0.4,0.1,0.4,0.4,1.4,1.7)
(2000,222,Christian Laettner,C,30,DET,82,82,29.8,4.6,9.8,.473,0.1,0.3,.292,4.5,9.5,.479,.478,2.9,3.6,.812,2.1,4.6,6.7,2.3,1.0,0.5,2.3,4.0,12.2)
(2000,226,Trajan Langdon,SG,23,CLE,10,0,14.5,1.5,4.0,.375,0.8,1.9,.421,0.7,2.1,.333,.475,1.1,1.1,1.000,0.4,1.1,1.5,1.1,0.5,0.0,0.6,1.6,4.9)
(2000,230,Quincy Lewis,SG,22,UTA,74,0,12.1,1.5,4.0,.372,0.3,0.9,.365,1.2,3.2,.374,.411,0.5,0.7,.731,0.6,0.9,1.5,0.5,0.3,0.2,0.6,2.1,3.8)
(2000,234,Luc Longley,C,31,PHO,72,68,19.7,2.6,5.5,.466,0.0,0.0,,2.6,5.5,.466,.466,1.1,1.3,.825,1.4,3.1,4.5,1.1,0.3,0.6,1.9,3.1,6.3)
(2000,238,Todd MacCulloch,C,24,PHI,56,6,9.4,1.6,2.9,.553,0.0,0.0,,1.6,2.9,.553,.553,0.5,1.0,.519,0.9,1.8,2.6,0.2,0.2,0.7,0.5,1.7,3.7)
(2000,241,Corey Maggette,SF,20,ORL,77,5,17.8,2.9,6.1,.478,0.0,0.1,.182,2.9,5.9,.485,.480,2.5,3.4,.751,1.6,2.3,3.9,0.8,0.3,0.3,1.8,2.2,8.4)
(2000,245,Danny Manning,PF,33,MIL,72,0,16.9,2.1,4.7,.440,0.0,0.1,.250,2.1,4.7,.442,.441,0.5,0.7,.654,0.7,2.2,2.9,1.0,0.9,0.4,0.8,2.5,4.6)
(2000,249,Donny Marshall,SF,27,CLE,6,0,6.5,0.5,1.8,.273,0.0,0.5,.000,0.5,1.3,.375,.273,0.8,1.0,.833,0.0,0.2,0.2,0.0,0.3,0.0,0.5,1.2,1.8)
(2000,253,Anthony Mason,SF,33,CHH,82,81,38.2,3.9,8.1,.480,0.0,0.0,.000,3.9,8.0,.480,.480,3.8,5.1,.746,1.8,6.8,8.5,4.5,0.9,0.4,2.0,2.7,11.6)
(2000,257,George McCloud,SF,32,DEN,78,11,27.2,3.4,8.2,.417,1.4,3.6,.378,2.0,4.6,.448,.501,1.9,2.3,.818,0.9,2.7,3.7,3.2,0.6,0.3,1.7,2.3,10.1)
(2000,Rk,Player,Pos,Age,Tm,G,GS,MP,FG,FGA,FG%,3P,3PA,3P%,2P,2PA,2P%,eFG%,FT,FTA,FT%,ORB,DRB,TRB,AST,STL,BLK,TOV,PF,PTS)
(2000,264,Aaron McKie,SG,27,PHI,82,14,23.8,3.0,7.2,.411,0.5,1.5,.364,2.4,5.8,.424,.449,1.5,1.8,.829,0.6,2.4,3.0,2.9,1.3,0.2,1.4,2.4,8.0)
(2000,268,Anthony Miller,PF,28,HOU,35,14,13.6,1.5,2.8,.536,0.0,0.0,,1.5,2.8,.536,.536,0.7,1.5,.510,1.4,3.3,4.7,0.5,0.3,0.3,0.5,1.9,3.7)
(2000,272,Chris Mills,SF,30,GSW,20,11,32.5,6.2,14.6,.421,0.4,1.5,.267,5.8,13.1,.439,.435,3.4,4.2,.810,2.3,3.9,6.2,2.4,0.9,0.2,1.3,3.0,16.1)
(2000,276,Cuttino Mobley,SG,24,HOU,81,8,30.8,5.4,12.5,.430,1.3,3.6,.356,4.1,8.9,.460,.481,3.7,4.4,.847,0.7,2.8,3.6,2.6,1.1,0.4,2.3,2.1,15.8)
(2000,280,Alonzo Mourning*,C,29,MIA,79,78,34.8,8.3,15.0,.551,0.0,0.1,.000,8.3,14.9,.553,.551,5.2,7.4,.711,2.7,6.8,9.5,1.6,0.5,3.7,2.7,3.9,21.7)
(2000,283,Gheorghe Muresan,C,28,NJN,30,2,8.9,1.4,3.0,.456,0.0,0.0,,1.4,3.0,.456,.456,0.8,1.3,.605,0.8,1.5,2.3,0.3,0.0,0.4,0.5,1.7,3.5)
(2000,287,Steve Nash,PG,25,DAL,56,27,27.4,3.1,6.5,.477,1.1,2.7,.403,2.0,3.8,.528,.559,1.3,1.5,.882,0.6,1.6,2.2,4.9,0.7,0.1,1.8,2.2,8.6)
(2000,291,Moochie Norris,PG,26,HOU,30,0,16.7,2.3,5.3,.434,0.4,1.0,.414,1.9,4.3,.438,.472,1.9,2.4,.781,0.5,1.7,2.3,3.1,0.8,0.0,1.0,1.1,6.9)
(2000,295,Charles Oakley,PF,36,TOR,80,80,30.4,2.9,7.0,.418,0.2,0.5,.341,2.8,6.5,.424,.430,0.8,1.1,.776,1.5,5.3,6.8,3.2,1.3,0.6,1.9,3.7,6.9)
(2000,299,Michael Olowokandi,C,24,LAC,80,77,31.2,4.1,9.5,.437,0.0,0.0,,4.1,9.5,.437,.437,1.5,2.4,.651,2.4,5.8,8.2,0.5,0.4,1.8,2.2,3.8,9.8)
(2000,302,Doug Overton,PG,30,BOS,48,0,9.0,1.3,3.2,.396,0.2,0.6,.357,1.1,2.6,.405,.429,0.4,0.4,.952,0.3,0.4,0.7,1.1,0.2,0.0,0.4,1.0,3.2)
(2000,306,Milt Palacio,PG,21,VAN,53,0,7.4,0.8,1.8,.439,0.0,0.0,.000,0.8,1.8,.448,.439,0.4,0.7,.595,0.3,0.6,1.0,0.9,0.4,0.0,0.8,0.6,2.0)
(2000,310,Ruben Patterson,SF,24,SEA,81,74,25.9,4.4,8.2,.536,0.1,0.3,.444,4.2,7.8,.539,.545,2.7,4.0,.692,2.7,2.7,5.4,1.6,1.2,0.5,1.8,2.3,11.6)
(2000,314,Sam Perkins,PF,38,IND,81,0,20.0,2.3,5.4,.417,1.1,2.7,.408,1.2,2.8,.426,.518,1.0,1.2,.825,0.8,2.8,3.6,0.8,0.4,0.4,0.8,1.7,6.6)
(2000,318,Bobby Phills,SG,30,CHH,28,9,29.5,5.4,12.0,.454,1.1,3.3,.330,4.4,8.7,.500,.499,1.7,2.3,.723,0.6,1.9,2.5,2.8,1.5,0.3,1.7,2.6,13.6)
(2000,321,Scottie Pippen*,SF,34,POR,82,82,33.5,4.7,10.5,.451,1.0,3.2,.327,3.7,7.3,.506,.501,2.0,2.7,.717,1.4,4.9,6.3,5.0,1.4,0.5,2.5,2.5,12.5)
(2000,325,James Posey,SF,23,DEN,81,77,25.3,2.8,6.6,.429,1.0,2.7,.373,1.8,3.9,.468,.506,1.5,1.9,.800,1.0,2.9,3.9,1.8,1.2,0.4,1.2,2.6,8.2)
(2000,329,Aleksandar Radojevic,C,23,TOR,3,0,8.0,0.7,2.3,.286,0.0,0.0,,0.7,2.3,.286,.286,1.0,2.0,.500,0.7,2.0,2.7,0.3,0.7,0.3,1.7,1.7,2.3)
(2000,333,Khalid Reeves,PG,27,CHI,3,0,16.0,1.0,4.0,.250,0.0,1.0,.000,1.0,3.0,.333,.250,1.7,1.7,1.000,0.7,0.7,1.3,4.3,0.7,0.0,2.0,2.7,3.7)
(2000,337,Glen Rice,SF,32,LAL,80,80,31.6,5.3,12.3,.430,1.1,2.9,.367,4.2,9.4,.449,.472,4.3,5.0,.874,0.7,3.4,4.1,2.2,0.6,0.2,1.4,2.2,15.9)
(2000,Rk,Player,Pos,Age,Tm,G,GS,MP,FG,FGA,FG%,3P,3PA,3P%,2P,2PA,2P%,eFG%,FT,FTA,FT%,ORB,DRB,TRB,AST,STL,BLK,TOV,PF,PTS)
(2000,344,Eddie Robinson,SF,23,CHH,67,8,16.6,3.2,5.8,.549,0.0,0.1,.000,3.2,5.7,.555,.549,0.7,1.0,.734,0.8,1.9,2.7,0.5,0.7,0.4,0.6,1.0,7.0)
(2000,348,Rodney Rogers,PF,28,PHO,82,7,27.9,5.2,10.7,.486,1.4,3.2,.439,3.8,7.5,.506,.551,1.9,3.0,.639,1.7,3.8,5.5,2.1,1.1,0.6,2.0,3.5,13.8)
(2000,352,Malik Rose,PF,25,SAS,74,3,18.1,2.4,5.2,.457,0.0,0.0,.333,2.4,5.2,.458,.458,1.9,2.7,.722,1.8,2.7,4.5,0.6,0.5,0.7,1.3,3.1,6.7)
(2000,356,John Salley,C,35,LAL,45,3,6.7,0.6,1.5,.362,0.0,0.0,,0.6,1.5,.362,.362,0.5,0.6,.750,0.4,1.0,1.4,0.6,0.2,0.3,0.4,1.5,1.6)
(2000,360,Brian Shaw,SG,33,LAL,74,2,16.9,1.7,4.4,.382,0.2,0.8,.310,1.4,3.6,.398,.410,0.6,0.7,.759,0.6,2.3,2.9,2.7,0.5,0.2,1.0,1.4,4.1)
(2000,363,Joe Smith,C,24,MIN,78,9,25.3,3.7,8.0,.464,0.0,0.0,1.000,3.7,8.0,.463,.465,2.5,3.3,.756,2.4,3.8,6.2,1.1,0.6,1.1,1.5,3.9,9.9)
(2000,367,Eric Snow,PG,26,PHI,82,80,35.0,3.1,7.3,.430,0.1,0.5,.244,3.0,6.7,.446,.440,1.5,2.2,.712,0.5,2.7,3.2,7.6,1.7,0.1,2.0,3.0,7.9)
(2000,371,Jerry Stackhouse,SG,25,DET,82,82,38.4,7.5,17.6,.428,1.0,3.5,.288,6.5,14.1,.462,.456,7.5,9.2,.815,1.4,2.4,3.8,4.5,1.3,0.4,3.8,2.3,23.6)
(2000,375,Michael Stewart,C,24,TOR,42,1,9.3,0.5,1.3,.377,0.0,0.0,,0.5,1.3,.377,.377,0.4,0.8,.563,0.8,1.5,2.2,0.1,0.1,0.5,0.4,1.9,1.4)
(2000,379,Damon Stoudamire,PG,26,POR,78,78,30.4,4.9,11.5,.432,1.0,2.7,.377,3.9,8.7,.449,.477,1.6,1.9,.841,0.8,2.3,3.1,5.2,1.0,0.0,1.9,2.2,12.5)
(2000,382,Rod Strickland,PG,33,WAS,69,67,31.7,4.7,11.0,.429,0.0,0.3,.048,4.7,10.7,.440,.430,3.1,4.4,.702,1.1,2.7,3.8,7.5,1.4,0.3,2.7,2.1,12.6)
(2000,386,Wally Szczerbiak,SF,22,MIN,73,53,29.7,4.7,9.2,.511,0.4,1.1,.359,4.3,8.1,.531,.532,1.8,2.2,.826,1.2,2.5,3.7,2.8,0.8,0.3,1.1,2.4,11.6)
(2000,390,Jason Terry,PG,22,ATL,81,27,23.3,3.1,7.4,.415,0.6,1.9,.293,2.5,5.5,.458,.453,1.4,1.7,.807,0.3,1.8,2.0,4.3,1.1,0.1,1.9,1.6,8.1)
(2000,394,Kurt Thomas,PF,27,NYK,80,21,24.6,3.4,6.7,.505,0.0,0.0,.333,3.4,6.7,.506,.506,1.3,1.6,.781,1.8,4.5,6.3,1.0,0.6,0.5,1.3,3.5,8.0)
(2000,398,Gary Trent,SF,25,DAL,11,11,27.4,6.4,12.9,.493,0.0,0.2,.000,6.4,12.7,.500,.493,1.0,1.9,.524,1.8,2.9,4.7,2.0,0.7,0.3,2.3,2.5,13.7)
(2000,401,Nick Van Exel,PG,28,DEN,79,79,37.3,6.0,15.4,.390,1.7,5.1,.332,4.3,10.3,.419,.445,2.5,3.0,.817,0.4,3.5,3.9,9.0,0.9,0.1,2.8,1.9,16.1)
(2000,405,Fred Vinson,SG,29,SEA,8,0,5.0,0.6,2.1,.294,0.3,0.9,.286,0.4,1.3,.300,.353,0.1,0.3,.500,0.0,0.1,0.1,0.0,0.4,0.0,0.5,0.3,1.6)
(2000,409,John Wallace,SF,25,NYK,60,0,13.3,2.6,5.5,.467,0.0,0.1,.000,2.6,5.5,.471,.467,1.4,1.7,.804,0.7,1.6,2.3,0.4,0.2,0.2,1.1,1.7,6.5)
(2000,413,Clarence Weatherspoon,PF,29,MIA,78,2,20.7,2.8,5.4,.513,0.0,0.0,,2.8,5.4,.513,.513,1.7,2.3,.738,1.6,4.1,5.8,1.2,0.7,0.6,1.3,2.1,7.2)
(2000,417,David Wesley,PG,29,CHH,82,82,33.7,5.0,11.6,.426,1.1,3.0,.355,3.9,8.6,.451,.472,2.6,3.4,.778,0.5,2.3,2.7,5.6,1.3,0.1,1.9,2.3,13.6)
(2000,Rk,Player,Pos,Age,Tm,G,GS,MP,FG,FGA,FG%,3P,3PA,3P%,2P,2PA,2P%,eFG%,FT,FTA,FT%,ORB,DRB,TRB,AST,STL,BLK,TOV,PF,PTS)
(2000,424,Eric Williams,SF,27,BOS,68,17,20.3,2.4,5.7,.427,0.4,1.1,.347,2.1,4.6,.446,.460,2.0,2.5,.793,0.8,1.5,2.3,1.4,0.6,0.2,1.0,2.4,7.2)
(2000,428,Monty Williams,SF,28,ORL,75,23,20.0,3.5,7.2,.489,0.0,0.1,.400,3.5,7.1,.490,.491,1.6,2.2,.741,1.3,2.1,3.3,1.4,0.6,0.2,1.5,2.5,8.7)
(2000,432,Corliss Williamson,SF,26,SAC,76,76,22.5,4.1,8.2,.500,0.0,0.0,,4.1,8.2,.500,.500,2.1,2.8,.769,1.6,2.2,3.8,1.1,0.5,0.3,1.4,2.5,10.3)
(2000,436,Haywoode Workman,PG,34,TOT,36,2,9.7,0.9,2.5,.344,0.4,1.2,.326,0.5,1.3,.362,.422,0.3,0.4,.667,0.0,0.7,0.7,1.7,0.6,0.0,0.5,1.0,2.4)
