(2000,Rk,Player,Pos,Age,Tm,G,GS,MP,FG,FGA,FG%,3P,3PA,3P%,2P,2PA,2P%,eFG%,FT,FTA,FT%,ORB,DRB,TRB,AST,STL,BLK,TOV,PF,PTS)
(2000,4,Ray Allen,SG,24,MIL,82,82,37.4,7.8,17.2,.455,2.1,5.0,.423,5.7,12.2,.468,.516,4.3,4.9,.887,1.0,3.4,4.4,3.8,1.3,0.2,2.2,2.3,22.1)
(2000,8,Kenny Anderson,PG,29,BOS,82,82,31.6,5.3,12.0,.440,1.0,2.7,.386,4.3,9.3,.456,.483,2.4,3.1,.775,0.7,2.1,2.7,5.1,1.7,0.1,1.6,2.8,14.0)
(2000,12,Greg Anthony,PG,32,POR,82,3,18.9,2.1,5.1,.406,1.1,2.8,.378,1.0,2.2,.443,.512,1.1,1.4,.772,0.2,1.4,1.6,2.5,0.7,0.1,1.0,1.7,6.3)
(2000,16,Stacey Augmon,SG,31,POR,59,0,11.7,1.4,3.0,.474,0.0,0.0,.000,1.4,2.9,.480,.474,0.6,0.9,.673,0.7,1.3,2.0,0.9,0.5,0.2,0.6,1.2,3.4)
(2000,20,Toby Bailey,SG,24,PHO,46,2,9.8,1.3,3.0,.414,0.0,0.2,.200,1.2,2.8,.431,.421,1.0,1.4,.692,0.6,1.0,1.6,0.7,0.3,0.1,0.5,1.2,3.5)
(2000,23,Dana Barros,PG,32,BOS,72,0,15.8,2.7,6.0,.451,0.8,2.0,.410,1.9,4.0,.471,.518,0.9,1.1,.868,0.2,1.2,1.4,1.8,0.4,0.1,0.9,1.1,7.2)
(2000,27,Tony Battie,C,23,BOS,82,4,18.4,2.7,5.6,.477,0.0,0.1,.125,2.7,5.5,.483,.478,1.2,1.8,.675,1.9,3.1,5.0,0.8,0.6,0.9,0.8,3.0,6.6)
(2000,31,Mario Bennett,PF,26,LAC,1,0,3.0,0.0,3.0,.000,0.0,0.0,,0.0,3.0,.000,.000,0.0,0.0,,1.0,1.0,2.0,0.0,0.0,0.0,0.0,1.0,0.0)
(2000,35,Mookie Blaylock,PG,32,GSW,73,72,33.7,4.5,11.5,.391,1.4,4.1,.336,3.1,7.3,.422,.451,0.9,1.3,.705,0.8,2.9,3.7,6.7,2.0,0.3,2.0,1.7,11.3)
(2000,39,Calvin Booth,C,23,WAS,11,0,13.0,1.5,4.2,.348,0.0,0.0,,1.5,4.2,.348,.348,0.9,1.3,.714,1.4,1.5,2.9,0.6,0.3,1.3,0.5,2.1,3.8)
(2000,42,Bruce Bowen,SF,28,TOT,69,2,12.7,1.0,2.8,.371,0.4,0.8,.466,0.7,2.0,.331,.441,0.4,0.6,.581,0.4,1.0,1.4,0.5,0.3,0.2,0.3,1.7,2.8)
(2000,46,Shawn Bradley,C,27,DAL,77,54,24.7,3.5,7.2,.479,0.0,0.1,.200,3.4,7.1,.482,.480,1.5,1.9,.765,2.1,4.4,6.5,0.8,0.9,2.5,1.0,3.4,8.4)
(2000,50,Chucky Brown,PF,31,TOT,63,29,17.4,2.3,5.2,.451,0.0,0.2,.200,2.3,5.0,.459,.454,0.6,0.8,.692,0.6,2.1,2.7,1.0,0.3,0.3,0.7,1.8,5.3)
(2000,54,Randy Brown,PG,31,CHI,59,55,27.5,2.7,7.4,.361,0.1,0.1,.500,2.6,7.3,.359,.364,1.1,1.4,.738,0.4,2.1,2.4,3.4,1.0,0.3,1.8,2.0,6.4)
(2000,58,Greg Buckner,SG,23,DAL,48,1,19.2,2.3,4.9,.476,0.2,0.5,.385,2.1,4.3,.488,.498,0.9,1.3,.683,1.2,2.5,3.6,1.1,0.8,0.4,0.8,3.1,5.7)
(2000,61,Matt Bullard,PF,32,HOU,56,27,18.3,2.5,6.1,.409,1.4,3.2,.446,1.1,2.9,.368,.525,0.4,0.5,.833,0.2,2.2,2.5,1.1,0.3,0.2,0.6,1.5,6.8)
(2000,65,Marcus Camby,C,25,NYK,59,11,26.2,3.8,8.0,.480,0.0,0.0,.500,3.8,7.9,.480,.481,2.5,3.7,.670,2.9,4.9,7.8,0.8,0.7,2.0,1.2,3.5,10.2)
(2000,69,Anthony Carter,PG,24,MIA,79,30,23.5,2.5,6.4,.395,0.0,0.3,.130,2.5,6.2,.407,.398,1.2,1.6,.750,0.6,1.9,2.5,4.8,1.2,0.1,2.2,2.1,6.3)
(2000,73,Duane Causwell,C,31,MIA,25,2,7.4,0.8,1.5,.541,0.0,0.0,,0.8,1.5,.541,.541,1.0,1.5,.684,0.4,1.4,1.9,0.1,0.1,0.6,0.4,1.7,2.6)
(2000,77,Calbert Cheaney,SG,28,BOS,67,19,19.5,1.8,4.1,.440,0.3,0.8,.333,1.5,3.3,.466,.473,0.1,0.3,.429,0.3,1.7,2.1,1.2,0.7,0.2,0.7,2.4,4.0)
(2000,Rk,Player,Pos,Age,Tm,G,GS,MP,FG,FGA,FG%,3P,3PA,3P%,2P,2PA,2P%,eFG%,FT,FTA,FT%,ORB,DRB,TRB,AST,STL,BLK,TOV,PF,PTS)
(2000,84,Bimbo Coles,PG,31,ATL,80,54,24.1,3.5,7.6,.455,0.1,0.5,.205,3.4,7.1,.472,.461,1.1,1.3,.817,0.4,1.8,2.2,3.6,0.7,0.1,1.3,2.2,8.1)
(2000,88,Austin Croshere,PF,24,IND,81,14,23.3,3.6,8.1,.441,0.8,2.1,.362,2.8,5.9,.470,.489,2.4,2.9,.848,1.7,4.7,6.4,1.1,0.5,0.7,1.5,2.5,10.3)
(2000,92,Bill Curley,SF-PF,27,TOT,28,0,11.0,1.0,2.4,.426,0.0,0.0,.000,1.0,2.4,.433,.426,0.6,0.9,.720,0.6,1.1,1.8,0.5,0.5,0.1,0.8,2.2,2.7)
(2000,96,Antonio Daniels,SG,24,SAS,68,1,17.6,2.4,5.1,.474,0.3,1.0,.333,2.1,4.1,.507,.506,1.1,1.5,.713,0.2,1.0,1.3,2.6,0.8,0.1,0.9,1.1,6.2)
(2000,100,Ben Davis,PF,27,PHO,5,0,4.4,0.4,1.2,.333,0.0,0.0,,0.4,1.2,.333,.333,0.0,0.0,,0.6,1.2,1.8,0.4,0.2,0.2,0.6,0.4,0.8)
(2000,103,Hubert Davis,PG,29,DAL,79,15,23.0,2.7,5.9,.468,1.0,2.1,.491,1.7,3.8,.455,.556,0.8,1.0,.870,0.2,1.5,1.7,1.8,0.3,0.0,0.9,1.4,7.4)
(2000,107,Andrew DeClercq,C,26,CLE,82,31,22.3,2.7,5.4,.508,0.0,0.0,,2.7,5.4,.508,.508,1.1,2.0,.588,1.9,3.5,5.4,0.7,0.8,0.8,1.3,3.4,6.6)
(2000,111,Michael Dickerson,SG,24,VAN,82,82,37.8,6.8,15.5,.436,1.5,3.5,.409,5.3,11.9,.444,.483,3.3,4.0,.830,1.0,2.5,3.4,2.5,1.4,0.5,2.0,2.8,18.2)
(2000,115,Bryce Drew,PG,25,HOU,72,5,18.0,2.2,5.7,.383,0.8,2.3,.362,1.4,3.5,.396,.454,0.6,0.7,.849,0.3,1.1,1.4,2.3,0.6,0.0,0.9,1.1,5.8)
(2000,119,Obinna Ekezie,PF,24,VAN,39,0,9.0,1.1,2.3,.466,0.0,0.0,,1.1,2.3,.466,.466,1.1,1.6,.672,0.9,1.5,2.4,0.2,0.2,0.1,0.7,1.6,3.2)
(2000,122,Dale Ellis,SG,39,TOT,42,5,13.4,1.6,3.8,.415,0.9,2.4,.370,0.7,1.4,.492,.531,0.2,0.3,.692,0.3,1.0,1.3,0.3,0.3,0.0,0.5,1.1,4.2)
(2000,126,Patrick Ewing*,C,37,NYK,62,62,32.8,5.8,12.5,.466,0.0,0.0,.000,5.8,12.5,.467,.466,3.3,4.6,.731,2.3,7.5,9.7,0.9,0.6,1.4,2.3,3.2,15.0)
(2000,130,Michael Finley,SF,26,DAL,82,82,42.2,9.1,20.0,.457,1.2,3.0,.401,7.9,16.9,.467,.487,3.2,3.9,.820,1.5,4.8,6.3,5.3,1.3,0.4,2.4,2.1,22.6)
(2000,134,Jeff Foster,C,23,IND,19,0,4.5,0.7,1.2,.565,0.0,0.1,.000,0.7,1.2,.591,.565,0.9,1.3,.680,0.6,1.1,1.7,0.3,0.3,0.1,0.1,0.9,2.3)
(2000,138,Todd Fuller,C,25,CHH,41,2,9.7,1.2,3.0,.418,0.0,0.0,,1.2,3.0,.418,.418,0.8,1.3,.604,0.9,1.8,2.7,0.1,0.2,0.2,0.7,1.1,3.3)
(2000,141,Dean Garrett,C,33,MIN,56,23,10.8,0.9,1.9,.444,0.0,0.0,,0.9,1.9,.444,.444,0.3,0.5,.692,0.7,1.8,2.5,0.3,0.1,0.7,0.4,1.7,2.0)
(2000,145,Matt Geiger,C,30,PHI,65,20,21.6,4.0,9.1,.441,0.0,0.1,.000,4.0,9.0,.444,.441,1.7,2.2,.779,2.4,3.6,6.0,0.6,0.4,0.3,1.4,3.0,9.7)
(2000,149,Dion Glover,SG,21,ATL,30,1,14.9,2.2,5.7,.386,0.4,1.5,.267,1.8,4.2,.429,.421,1.7,2.3,.729,0.5,0.8,1.3,0.9,0.5,0.1,0.9,0.9,6.5)
(2000,153,Devin Gray,SF,27,HOU,21,2,5.9,0.7,1.8,.405,0.0,0.0,,0.7,1.8,.405,.405,0.9,1.4,.655,0.5,0.7,1.2,0.2,0.2,0.1,0.2,1.0,2.3)
(2000,157,Darvin Ham,SF,26,MIL,35,21,22.6,2.0,3.7,.555,0.0,0.0,.000,2.0,3.6,.559,.555,1.0,2.2,.449,2.4,2.5,4.9,1.2,0.8,0.8,0.8,2.9,5.1)
(2000,Rk,Player,Pos,Age,Tm,G,GS,MP,FG,FGA,FG%,3P,3PA,3P%,2P,2PA,2P%,eFG%,FT,FTA,FT%,ORB,DRB,TRB,AST,STL,BLK,TOV,PF,PTS)
(2000,164,Matt Harpring,SF,23,ORL,4,0,15.8,1.0,4.3,.235,0.5,0.5,1.000,0.5,3.8,.133,.294,1.5,1.8,.857,1.3,1.8,3.0,2.0,1.3,0.3,0.3,1.8,4.0)
(2000,168,Antonio Harvey,PF,29,POR,19,0,7.2,0.9,1.6,.567,0.0,0.0,,0.9,1.6,.567,.567,0.4,0.6,.583,0.4,1.3,1.7,0.3,0.1,0.3,0.6,1.1,2.2)
(2000,172,Cedric Henderson,SF,24,CLE,61,7,18.1,2.1,5.3,.396,0.0,0.2,.067,2.1,5.1,.412,.397,1.1,1.7,.663,0.6,1.7,2.3,0.9,0.6,0.3,1.1,1.6,5.4)
(2000,176,Tyrone Hill,PF,31,PHI,68,65,31.7,4.7,9.6,.485,0.0,0.0,.000,4.7,9.6,.485,.485,2.6,3.8,.691,3.2,6.0,9.2,0.8,0.9,0.4,1.8,3.6,12.0)
(2000,180,Robert Horry,PF,29,LAL,76,0,22.2,2.1,4.8,.438,0.4,1.2,.309,1.7,3.5,.483,.478,1.2,1.5,.788,1.8,3.0,4.8,1.6,1.1,1.1,1.0,2.5,5.7)
(2000,183,Troy Hudson,PG,23,LAC,62,38,25.7,3.3,8.7,.377,1.0,3.1,.311,2.3,5.6,.414,.433,1.2,1.5,.811,0.5,1.9,2.4,3.9,0.7,0.0,1.7,1.0,8.8)
(2000,187,Allen Iverson,SG,24,PHI,70,70,40.8,10.4,24.8,.421,1.3,3.7,.341,9.1,21.0,.435,.446,6.3,8.9,.713,1.0,2.8,3.8,4.7,2.1,0.1,3.3,2.3,28.4)
(2000,191,Jim Jackson,SF,29,ATL,79,76,35.0,6.4,15.6,.411,1.5,3.8,.386,4.9,11.8,.418,.458,2.4,2.7,.877,1.3,3.7,5.0,2.9,0.7,0.1,2.3,2.1,16.7)
(2000,195,Tim James,SF,23,MIA,4,0,5.8,1.3,3.5,.357,0.0,0.0,,1.3,3.5,.357,.357,0.3,0.8,.333,0.8,0.3,1.0,0.5,0.0,0.8,0.5,0.3,2.8)
(2000,199,Avery Johnson,PG,34,SAS,82,82,31.4,4.9,10.4,.473,0.0,0.1,.111,4.9,10.3,.477,.474,1.4,1.9,.735,0.4,1.5,1.9,6.0,0.9,0.2,1.7,1.8,11.2)
(2000,202,Kevin Johnson,PG,33,PHO,6,0,18.8,2.7,4.7,.571,0.2,0.2,1.000,2.5,4.5,.556,.589,1.2,1.2,1.000,0.0,2.7,2.7,4.0,0.3,0.0,1.2,1.0,6.7)
(2000,206,Eddie Jones,SG,28,CHH,72,72,39.0,6.6,15.5,.427,1.8,4.7,.375,4.9,10.8,.450,.484,5.0,5.8,.864,1.1,3.6,4.8,4.2,2.7,0.7,2.2,2.4,20.1)
(2000,210,Adam Keefe,C,29,UTA,62,3,9.7,0.9,2.1,.408,0.0,0.0,.000,0.9,2.1,.411,.408,0.5,0.6,.806,0.7,1.5,2.2,0.5,0.3,0.2,0.7,1.5,2.2)
(2000,214,Lari Ketner,PF,22,TOT,22,0,6.0,0.6,1.5,.406,0.0,0.0,,0.6,1.5,.406,.406,0.4,0.5,.667,0.5,1.0,1.5,0.0,0.2,0.1,0.5,0.9,1.5)
(2000,218,Joe Kleine,C,38,POR,7,0,4.4,0.6,1.6,.364,0.0,0.0,,0.6,1.6,.364,.364,0.4,0.4,1.000,0.0,0.9,0.9,0.3,0.1,0.0,0.3,1.0,1.6)
(2000,224,Andrew Lang,C,33,NYK,19,10,12.8,1.5,3.4,.438,0.0,0.0,,1.5,3.4,.438,.438,0.2,0.4,.429,0.8,2.3,3.2,0.2,0.4,0.3,0.3,1.6,3.1)
(2000,228,Tim Legler,SG,33,GSW,23,4,12.3,1.2,3.4,.359,0.3,0.9,.333,0.9,2.5,.368,.404,0.6,0.8,.778,0.2,0.8,1.0,1.0,0.2,0.0,0.3,1.4,3.3)
(2000,232,Randy Livingston,PG,24,PHO,79,15,13.7,2.0,4.7,.416,0.2,0.7,.345,1.7,4.0,.428,.441,0.7,0.8,.839,0.3,1.3,1.6,2.2,0.6,0.2,1.2,1.6,4.8)
(2000,236,Tyronn Lue,PG,22,LAL,8,0,18.3,2.4,4.9,.487,0.5,1.0,.500,1.9,3.9,.484,.538,0.8,1.0,.750,0.3,1.3,1.5,2.1,0.4,0.0,1.1,2.1,6.0)
(2000,240,Don MacLean,PF,30,PHO,16,0,8.9,1.1,3.1,.367,0.1,0.4,.333,1.0,2.7,.372,.388,0.3,0.4,.667,0.4,1.1,1.4,0.5,0.1,0.1,0.5,1.5,2.6)
(2000,243,Karl Malone*,PF,36,UTA,82,82,35.9,9.2,18.0,.509,0.0,0.1,.250,9.1,17.9,.511,.510,7.2,9.0,.797,2.1,7.4,9.5,3.7,1.0,0.9,2.8,2.8,25.5)
(2000,247,Shawn Marion,SF,21,PHO,51,38,24.7,4.4,9.2,.471,0.1,0.4,.182,4.3,8.8,.486,.476,1.4,1.7,.847,2.1,4.5,6.5,1.4,0.7,1.0,1.0,2.2,10.2)
(2000,251,Darrick Martin,PG,28,SAC,71,1,12.6,1.9,4.9,.380,0.5,1.7,.306,1.3,3.2,.420,.434,1.4,1.7,.824,0.1,0.5,0.6,1.7,0.4,0.0,0.9,1.3,5.7)
(2000,255,Vernon Maxwell,SG,34,SEA,47,0,21.0,3.6,10.4,.345,1.4,4.7,.300,2.2,5.7,.382,.413,2.3,3.1,.730,0.3,1.4,1.7,1.6,0.8,0.2,1.1,1.8,10.9)
(2000,259,Antonio McDyess,PF,25,DEN,81,81,33.3,7.6,15.0,.507,0.0,0.0,.000,7.6,14.9,.508,.507,4.0,6.4,.626,2.9,5.6,8.5,2.0,0.9,1.7,2.8,3.9,19.1)
(2000,262,Jeff McInnis,PG,25,LAC,25,10,23.9,3.2,7.4,.430,0.3,0.8,.333,2.9,6.6,.442,.449,0.5,0.7,.765,0.7,2.2,2.9,3.6,0.6,0.1,1.1,2.2,7.2)
(2000,266,Ron Mercer,SG,23,TOT,68,68,35.0,6.8,15.9,.426,0.2,0.7,.313,6.5,15.2,.431,.433,3.1,4.0,.789,0.9,2.7,3.7,2.3,1.1,0.3,2.2,2.2,16.9)
(2000,270,Oliver Miller,C,29,PHO,51,9,21.3,2.7,4.6,.588,0.0,0.0,,2.7,4.6,.588,.588,1.0,1.4,.671,1.7,3.4,5.1,1.3,0.8,1.6,1.5,2.6,6.3)
(2000,274,Jason Miskiri,PG,24,CHH,1,0,3.0,0.0,1.0,.000,0.0,1.0,.000,0.0,0.0,,.000,0.0,0.0,,0.0,0.0,0.0,1.0,0.0,0.0,0.0,2.0,0.0)
(2000,278,Eric Montross,C,28,DET,51,0,6.5,0.3,1.1,.309,0.0,0.0,,0.3,1.1,.309,.309,0.1,0.2,.500,0.4,1.1,1.4,0.1,0.1,0.2,0.4,1.6,0.8)
(2000,281,Chris Mullin*,SG,36,IND,47,2,12.4,1.7,4.0,.428,1.0,2.3,.409,0.7,1.6,.455,.548,0.8,0.9,.902,0.3,1.3,1.6,0.8,0.6,0.2,0.6,1.3,5.1)
(2000,285,Tracy Murray,SF,28,WAS,80,8,22.9,3.6,8.4,.433,1.4,3.3,.430,2.2,5.1,.435,.517,1.5,1.8,.851,0.8,2.6,3.4,0.9,0.6,0.3,1.1,2.3,10.2)
(2000,289,Rasho Nesterovic,C,23,MIN,82,55,21.0,2.5,5.3,.476,0.0,0.0,.000,2.5,5.3,.478,.476,0.7,1.3,.573,1.6,3.0,4.6,1.1,0.3,1.0,0.9,3.2,5.7)
(2000,293,Jermaine O'Neal,C,21,POR,70,8,12.3,1.5,3.2,.486,0.0,0.0,.000,1.5,3.2,.489,.486,0.8,1.4,.582,1.4,1.9,3.3,0.3,0.2,0.8,0.7,1.8,3.9)
(2000,297,Hakeem Olajuwon*,C,37,HOU,44,28,23.8,4.4,9.6,.458,0.0,0.0,.000,4.4,9.5,.461,.458,1.6,2.5,.616,1.5,4.8,6.2,1.4,0.9,1.6,1.7,2.0,10.3)
(2000,Rk,Player,Pos,Age,Tm,G,GS,MP,FG,FGA,FG%,3P,3PA,3P%,2P,2PA,2P%,eFG%,FT,FTA,FT%,ORB,DRB,TRB,AST,STL,BLK,TOV,PF,PTS)
(2000,304,Robert Pack,PG,30,DAL,29,22,22.9,3.3,7.9,.417,0.1,0.4,.364,3.2,7.6,.420,.426,2.2,2.7,.808,0.2,1.2,1.4,5.8,1.1,0.1,2.6,1.5,8.9)
(2000,308,Cherokee Parks,C,27,VAN,56,14,14.4,1.3,2.6,.497,0.0,0.0,.000,1.3,2.6,.500,.497,0.4,0.7,.649,1.0,2.3,3.3,0.6,0.5,0.8,0.5,2.1,3.0)
(2000,312,Anthony Peeler,SG,30,MIN,82,22,25.3,3.9,8.8,.436,1.0,3.1,.333,2.8,5.7,.491,.494,1.1,1.3,.798,0.7,2.1,2.8,2.4,0.8,0.1,1.0,2.1,9.8)
(2000,316,Chuck Person,SF,35,SEA,37,0,9.2,1.0,3.3,.301,0.6,2.6,.253,0.4,0.8,.464,.398,0.1,0.2,.500,0.2,1.3,1.4,0.6,0.1,0.1,0.3,1.5,2.8)
(2000,320,Paul Pierce,SF,22,BOS,73,72,35.4,6.7,15.1,.442,1.3,3.8,.343,5.3,11.2,.476,.486,4.9,6.2,.798,1.1,4.3,5.4,3.0,2.1,0.8,2.4,3.2,19.5)
(2000,323,Olden Polynice,C,35,UTA,82,79,22.2,2.5,4.9,.510,0.0,0.0,.500,2.5,4.8,.510,.511,0.3,1.1,.311,2.0,3.5,5.5,0.5,0.4,1.0,0.9,3.2,5.3)
(2000,327,Brent Price,PG,31,VAN,41,0,10.3,1.0,2.9,.345,0.6,1.7,.368,0.4,1.2,.314,.450,0.8,1.0,.872,0.2,0.7,0.9,1.7,0.4,0.0,1.1,1.5,3.4)
(2000,331,Eldridge Recasner,PG,32,CHH,7,0,4.0,0.4,1.0,.429,0.1,0.6,.250,0.3,0.4,.667,.500,0.0,0.0,,0.0,0.6,0.6,0.7,0.0,0.0,0.0,0.1,1.0)
(2000,335,J.R. Reid,PF,31,MIL,34,7,17.7,1.6,3.7,.417,0.0,0.2,.143,1.5,3.5,.433,.421,1.3,1.6,.768,0.9,2.6,3.4,0.5,0.6,0.1,0.6,2.4,4.4)
(2000,339,Isaiah Rider,SG,28,ATL,60,47,34.7,7.5,17.9,.419,0.9,3.0,.311,6.6,14.9,.441,.445,3.4,4.3,.785,1.1,3.3,4.3,3.7,0.7,0.1,2.8,2.2,19.3)
(2000,342,Clifford Robinson,SF,33,PHO,80,67,35.5,6.6,14.3,.464,1.5,4.1,.370,5.1,10.2,.501,.517,3.7,4.8,.782,1.3,3.2,4.5,2.8,1.1,0.8,2.1,3.0,18.5)
(2000,346,Dennis Rodman*,PF,38,DAL,12,12,32.4,1.0,2.6,.387,0.0,0.1,.000,1.0,2.5,.400,.387,0.8,1.2,.714,4.0,10.3,14.3,1.2,0.2,0.1,1.6,3.4,2.8)
(2000,350,Sean Rooks,C,30,DAL,71,13,14.1,1.7,4.0,.431,0.0,0.0,,1.7,4.0,.431,.431,0.9,1.3,.730,1.2,2.3,3.5,1.0,0.4,0.7,1.0,2.4,4.4)
(2000,354,Bryon Russell,SF,29,UTA,82,70,35.4,5.0,11.1,.446,1.3,3.3,.396,3.7,7.9,.467,.504,2.9,3.9,.750,1.2,4.0,5.2,1.9,1.6,0.3,1.2,3.1,14.1)
(2000,358,Dennis Scott,SF,31,VAN,66,0,19.1,1.9,5.0,.375,1.1,2.9,.376,0.8,2.2,.375,.482,0.7,0.9,.842,0.2,1.4,1.6,1.0,0.4,0.1,0.5,1.6,5.6)
(2000,361,Dickey Simpkins,PF,27,CHI,69,48,23.9,1.6,4.0,.405,0.0,0.0,.000,1.6,4.0,.407,.405,0.9,1.7,.542,1.8,3.6,5.4,1.4,0.3,0.3,1.9,3.1,4.2)
(2000,365,Steve Smith,SG,30,POR,82,81,32.8,5.1,11.0,.467,1.2,2.9,.398,4.0,8.0,.492,.520,3.5,4.1,.850,1.5,2.3,3.8,2.5,0.9,0.4,1.4,2.6,14.9)
(2000,369,Latrell Sprewell,SF,29,NYK,82,82,40.0,6.9,15.9,.435,0.5,1.5,.346,6.4,14.4,.445,.452,4.2,4.8,.866,0.6,3.7,4.3,4.0,1.3,0.3,2.8,2.2,18.6)
(2000,373,Vladimir Stepania,C,23,SEA,30,1,6.7,1.0,2.6,.367,0.0,0.2,.000,1.0,2.4,.397,.367,0.6,1.2,.472,0.7,0.9,1.6,0.1,0.3,0.4,0.7,1.5,2.5)
(2000,377,John Stockton*,PG,37,UTA,82,82,29.7,4.4,8.8,.501,0.5,1.5,.355,3.9,7.4,.530,.530,2.7,3.1,.860,0.5,2.1,2.6,8.6,1.7,0.2,2.2,2.3,12.1)
(2000,Rk,Player,Pos,Age,Tm,G,GS,MP,FG,FGA,FG%,3P,3PA,3P%,2P,2PA,2P%,eFG%,FT,FTA,FT%,ORB,DRB,TRB,AST,STL,BLK,TOV,PF,PTS)
(2000,384,Bruno Sundov,C,19,DAL,14,0,4.4,0.9,2.2,.387,0.0,0.0,,0.9,2.2,.387,.387,0.1,0.1,1.000,0.4,0.5,0.9,0.1,0.1,0.1,0.3,1.1,1.9)
(2000,388,Johnny Taylor,SF,25,TOT,6,0,5.7,0.8,2.3,.357,0.2,0.2,1.000,0.7,2.2,.308,.393,0.0,0.0,,0.3,0.7,1.0,0.2,0.2,0.2,0.3,0.8,1.8)
(2000,392,John Thomas,C,24,TOR,55,6,8.7,0.9,1.9,.458,0.0,0.0,.000,0.9,1.9,.462,.458,0.3,0.7,.390,0.7,0.7,1.4,0.2,0.2,0.3,0.3,1.9,2.1)
(2000,396,Otis Thorpe,PF,37,MIA,51,1,15.2,2.5,4.8,.514,0.0,0.1,.000,2.5,4.7,.521,.514,0.6,0.9,.604,1.1,2.2,3.3,0.6,0.5,0.2,1.2,2.7,5.5)
(2000,400,Wayne Turner,PG,23,BOS,3,0,13.7,0.3,2.0,.167,0.0,0.0,,0.3,2.0,.167,.167,0.7,2.0,.333,0.3,0.7,1.0,1.7,0.0,0.0,1.0,1.3,1.3)
(2000,403,Jacque Vaughn,PG,24,UTA,78,0,11.3,1.4,3.4,.416,0.2,0.4,.412,1.2,2.9,.417,.443,0.7,1.0,.750,0.1,0.7,0.8,1.6,0.4,0.0,1.0,1.2,3.7)
(2000,407,Samaki Walker,PF,23,SAS,71,7,13.8,1.9,4.3,.449,0.0,0.0,,1.9,4.3,.449,.449,1.2,1.8,.683,1.1,2.7,3.8,0.5,0.1,0.5,0.9,1.5,5.1)
(2000,411,Rex Walters,PG,29,MIA,33,0,11.8,1.2,2.8,.418,0.2,0.6,.250,1.0,2.2,.465,.445,0.4,0.5,.750,0.2,0.8,1.1,2.0,0.2,0.0,0.9,1.3,2.8)
(2000,415,Bonzi Wells,SF,23,POR,66,0,17.6,3.6,7.3,.492,0.3,0.8,.377,3.3,6.5,.506,.513,1.3,2.0,.682,1.2,1.6,2.8,1.5,1.0,0.2,1.5,2.3,8.8)
(2000,419,Mark West,C,39,PHO,22,2,5.8,0.2,0.5,.417,0.0,0.0,,0.2,0.5,.417,.417,0.2,0.4,.625,0.3,1.1,1.4,0.1,0.1,0.2,0.3,1.0,0.7)
(2000,422,Aaron Williams,PF,28,WAS,81,0,19.1,2.9,5.6,.522,0.0,0.0,.000,2.9,5.5,.526,.522,1.8,2.5,.726,2.0,3.1,5.0,0.7,0.5,1.1,1.0,2.9,7.6)
(2000,426,Jerome Williams,PF,26,DET,82,1,25.6,3.1,5.6,.564,0.0,0.0,.000,3.1,5.5,.567,.564,2.1,3.5,.616,3.4,6.2,9.6,0.8,1.2,0.3,1.3,2.4,8.4)
(2000,430,Shammond Williams,PG,24,SEA,43,5,12.0,2.0,5.2,.373,0.6,1.9,.296,1.4,3.3,.417,.427,0.8,1.2,.647,0.3,0.9,1.2,1.8,0.4,0.0,0.9,0.9,5.2)
(2000,434,Dedric Willoughby,PG,25,CHI,25,1,20.3,2.4,7.2,.341,1.2,3.9,.296,1.3,3.2,.395,.422,1.6,2.0,.765,0.4,1.6,2.0,2.6,0.9,0.1,1.5,1.3,7.6)
(2000,438,Lorenzen Wright,C,24,ATL,75,0,16.1,2.4,4.8,.499,0.0,0.0,.333,2.4,4.8,.500,.500,1.2,1.8,.644,1.6,2.5,4.1,0.3,0.4,0.5,0.9,2.7,6.0)
