(2000,1,Tariq Abdul-Wahad,SG,25,TOT,61,56,25.9,4.5,10.6,.424,0.0,0.4,.130,4.4,10.2,.435,.426,2.4,3.2,.756,1.7,3.1,4.8,1.6,1.0,0.5,1.7,2.4,11.4)
(2000,5,Rafer Alston,PG,23,MIL,27,0,13.4,1.0,3.5,.284,0.1,0.5,.214,0.9,3.0,.296,.300,0.1,0.1,.750,0.2,0.7,0.9,2.6,0.4,0.0,1.1,1.1,2.2)
(2000,9,Nick Anderson,SG,32,SAC,72,72,29.1,4.3,10.9,.391,1.8,5.5,.332,2.4,5.3,.452,.476,0.5,1.1,.487,1.2,3.6,4.7,1.7,1.3,0.2,1.3,1.6,10.8)
(2000,13,B.J. Armstrong,PG,32,CHI,27,18,21.6,3.1,6.9,.446,0.5,1.1,.448,2.6,5.8,.446,.481,0.8,0.9,.880,0.1,1.7,1.7,2.9,0.3,0.0,1.5,1.3,7.4)
(2000,17,Isaac Austin,C,30,WAS,59,23,19.9,2.6,6.0,.429,0.0,0.1,.250,2.5,5.9,.431,.430,1.6,2.3,.686,1.1,3.7,4.8,1.3,0.3,0.6,1.8,2.2,6.7)
(2000,Rk,Player,Pos,Age,Tm,G,GS,MP,FG,FGA,FG%,3P,3PA,3P%,2P,2PA,2P%,eFG%,FT,FTA,FT%,ORB,DRB,TRB,AST,STL,BLK,TOV,PF,PTS)
(2000,24,Brent Barry,SG,28,SEA,80,74,34.1,4.1,8.8,.463,2.1,5.0,.411,2.0,3.9,.529,.579,1.6,2.0,.809,0.6,4.0,4.7,3.6,1.3,0.4,1.8,2.9,11.8)
(2000,28,Jonathan Bender,SF,19,IND,24,1,5.4,1.0,2.9,.329,0.1,0.5,.167,0.9,2.4,.362,.343,0.7,1.0,.667,0.2,0.7,0.9,0.1,0.0,0.2,0.3,0.8,2.7)
(2000,32,Travis Best,PG,27,IND,82,0,20.6,3.3,6.8,.483,0.4,1.1,.376,2.9,5.7,.504,.514,1.9,2.3,.821,0.2,1.5,1.7,3.3,0.9,0.1,1.3,2.5,8.9)
(2000,36,Corie Blount,PF,31,PHO,38,1,11.7,1.2,2.3,.494,0.0,0.1,.000,1.2,2.3,.506,.494,0.5,0.9,.576,1.4,1.6,3.0,0.3,0.4,0.2,0.7,2.1,2.8)
(2000,40,Lazaro Borrell,SF,27,SEA,17,6,9.8,1.6,3.7,.444,0.0,0.2,.000,1.6,3.5,.467,.444,0.4,0.6,.545,0.8,1.5,2.4,0.6,0.4,0.2,0.4,0.5,3.6)
(2000,43,Ryan Bowen,SF,24,DEN,52,0,11.3,0.9,2.3,.393,0.0,0.2,.111,0.9,2.1,.417,.397,0.7,1.0,.717,1.4,0.8,2.2,0.4,0.8,0.3,0.3,1.8,2.5)
(2000,47,A.J. Bramlett,C,23,CLE,8,0,7.6,0.5,2.6,.190,0.0,0.0,,0.5,2.6,.190,.190,0.0,0.0,,1.5,1.3,2.8,0.0,0.1,0.0,0.4,1.6,1.0)
(2000,51,Dee Brown,PG,31,TOR,38,12,17.7,2.4,6.8,.360,1.8,4.9,.358,0.7,1.9,.366,.490,0.3,0.4,.688,0.2,1.2,1.4,2.3,0.6,0.1,1.0,1.6,6.9)
(2000,55,Rick Brunson,PG,27,NYK,37,0,7.8,0.8,1.9,.414,0.1,0.4,.154,0.7,1.5,.474,.429,0.3,0.5,.611,0.1,0.6,0.7,1.3,0.2,0.0,0.8,0.9,1.9)
(2000,59,Jud Buechler,SF,31,DET,58,5,11.3,0.9,2.7,.353,0.3,1.4,.217,0.6,1.3,.507,.410,0.0,0.1,.286,0.5,1.1,1.6,0.6,0.4,0.3,0.2,0.9,2.2)
(2000,62,Scott Burrell,SF,29,NJN,74,9,18.1,2.2,5.7,.394,1.1,3.1,.353,1.1,2.5,.444,.492,0.5,0.7,.780,0.9,2.6,3.5,1.0,0.9,0.6,0.5,2.3,6.1)
(2000,66,Elden Campbell,C,31,CHH,78,77,32.5,4.7,10.6,.446,0.0,0.1,.000,4.7,10.6,.450,.446,3.2,4.6,.690,2.2,5.4,7.6,1.7,0.7,1.9,1.6,3.4,12.7)
(2000,70,Vince Carter,SF,23,TOR,82,82,38.1,9.6,20.7,.465,1.2,2.9,.403,8.5,17.8,.475,.493,5.3,6.7,.791,1.8,4.0,5.8,3.9,1.3,1.1,2.2,3.2,25.7)
(2000,74,Cedric Ceballos,SF,30,DAL,69,25,29.9,6.5,14.5,.446,0.6,1.9,.328,5.8,12.6,.464,.468,3.0,3.6,.843,2.5,4.2,6.7,1.3,0.8,0.3,1.8,2.4,16.6)
(2000,78,Pete Chilcutt,PF,31,TOT,56,2,10.7,0.9,2.3,.417,0.1,0.5,.231,0.8,1.8,.465,.441,0.1,0.1,1.000,0.8,1.5,2.3,0.5,0.3,0.2,0.4,1.3,2.1)
(2000,81,Keon Clark,C,24,DEN,81,20,22.8,3.5,6.5,.542,0.0,0.1,.125,3.5,6.4,.548,.543,1.5,2.2,.688,2.0,4.2,6.2,0.9,0.6,1.4,1.5,2.9,8.6)
(2000,85,Marty Conlon,C,32,LAC,3,0,3.0,0.3,0.7,.500,0.0,0.0,,0.3,0.7,.500,.500,0.0,0.0,,0.3,0.3,0.7,0.0,0.0,0.0,0.0,0.3,0.7)
(2000,89,John Crotty,PG,30,DET,69,0,13.6,1.5,3.6,.422,0.5,1.2,.413,1.1,2.5,.427,.488,1.2,1.3,.860,0.2,0.8,1.1,1.9,0.4,0.1,0.8,1.5,4.7)
(2000,93,Dell Curry,SG,35,TOR,67,9,16.3,2.9,6.8,.427,1.4,3.6,.393,1.5,3.2,.467,.532,0.4,0.5,.750,0.2,1.3,1.5,1.3,0.5,0.1,0.6,1.0,7.6)
(2000,97,Kornel David,SF,28,TOT,32,5,14.8,2.1,4.9,.427,0.0,0.1,.000,2.1,4.8,.435,.427,1.4,1.8,.804,0.8,1.7,2.5,0.5,0.5,0.1,1.0,1.8,5.6)
(2000,Rk,Player,Pos,Age,Tm,G,GS,MP,FG,FGA,FG%,3P,3PA,3P%,2P,2PA,2P%,eFG%,FT,FTA,FT%,ORB,DRB,TRB,AST,STL,BLK,TOV,PF,PTS)
(2000,104,Mark Davis,SF,26,GSW,23,7,20.2,2.4,6.0,.409,0.0,0.1,.000,2.4,5.9,.415,.409,1.3,2.0,.660,1.3,2.3,3.7,1.7,1.1,0.2,1.7,2.3,6.2)
(2000,108,Vinny Del Negro,PG,33,MIL,67,0,18.1,2.3,4.9,.471,0.1,0.4,.333,2.2,4.5,.482,.483,0.5,0.6,.897,0.1,1.5,1.6,2.4,0.5,0.0,0.7,1.2,5.2)
(2000,112,Vlade Divac,C,31,SAC,82,81,29.0,4.7,9.3,.503,0.1,0.3,.269,4.6,9.0,.511,.507,2.8,4.1,.691,2.1,5.9,8.0,3.0,1.3,1.3,2.3,3.1,12.3)
(2000,116,Chris Dudley,C,34,NYK,47,3,9.8,0.5,1.4,.343,0.0,0.0,,0.5,1.4,.343,.343,0.2,0.6,.333,1.3,1.6,2.9,0.1,0.1,0.4,0.4,2.0,1.2)
(2000,120,Mario Elie,SF,36,SAS,79,79,28.1,2.5,5.8,.427,0.9,2.4,.398,1.5,3.4,.446,.508,1.6,1.9,.846,0.6,2.5,3.2,2.4,0.9,0.1,1.6,2.0,7.5)
(2000,123,LaPhonso Ellis,PF,29,ATL,58,8,22.6,3.6,8.0,.450,0.1,0.4,.143,3.6,7.6,.465,.454,1.1,1.6,.695,1.7,3.3,5.0,1.0,0.6,0.4,0.9,2.3,8.4)
(2000,127,Tony Farmer,PF,30,GSW,74,9,16.2,1.7,4.2,.407,0.1,0.6,.182,1.6,3.6,.444,.420,2.7,3.6,.766,1.6,2.4,4.0,1.0,0.9,0.2,1.1,2.3,6.3)
(2000,131,Derek Fisher,PG,25,LAL,78,22,23.1,2.1,6.2,.346,0.7,2.1,.313,1.5,4.1,.363,.400,1.3,1.9,.724,0.3,1.6,1.8,2.8,1.0,0.0,1.0,1.9,6.3)
(2000,135,Rick Fox,SF,30,LAL,82,1,18.0,2.5,6.1,.414,0.7,2.2,.326,1.8,3.9,.464,.473,0.8,1.0,.808,0.8,1.6,2.4,1.7,0.6,0.3,1.1,2.5,6.5)
(2000,139,Lawrence Funderburke,PF,29,SAC,75,1,13.7,2.5,4.7,.523,0.0,0.0,.000,2.5,4.7,.526,.523,1.5,2.2,.706,1.3,1.8,3.1,0.4,0.4,0.3,0.5,1.2,6.4)
(2000,142,Kiwane Garris,SG,25,ORL,3,0,7.7,0.7,3.3,.200,0.0,0.3,.000,0.7,3.0,.222,.200,0.0,0.0,,0.0,0.3,0.3,0.7,0.0,0.0,0.3,0.0,1.3)
(2000,146,Devean George,SF,22,LAL,49,1,7.0,1.1,2.9,.389,0.3,1.0,.340,0.8,2.0,.412,.444,0.6,0.8,.659,0.6,0.9,1.5,0.2,0.2,0.1,0.4,1.1,3.2)
(2000,150,Brian Grant,PF,27,POR,63,14,21.0,2.7,5.6,.491,0.0,0.0,.500,2.7,5.6,.491,.493,1.8,2.6,.675,1.9,3.5,5.5,1.0,0.5,0.4,1.3,2.6,7.3)
(2000,154,A.C. Green,PF,36,LAL,82,82,23.5,2.1,4.7,.447,0.0,0.0,.250,2.1,4.7,.449,.448,0.8,1.2,.695,2.0,4.0,5.9,1.0,0.6,0.2,0.6,1.5,5.0)
(2000,158,Richard Hamilton,SG,21,WAS,71,12,19.3,3.6,8.5,.420,0.4,1.1,.364,3.2,7.4,.428,.443,1.5,1.9,.774,0.5,1.3,1.8,1.5,0.4,0.1,1.2,2.0,9.0)
(2000,161,Anfernee Hardaway,SG,28,PHO,60,60,37.6,6.3,13.3,.474,0.6,1.7,.324,5.8,11.6,.496,.494,3.8,4.8,.790,1.5,4.3,5.8,5.3,1.6,0.6,2.6,2.7,16.9)
(2000,165,Al Harrington,PF,19,IND,50,0,17.1,2.4,5.3,.458,0.2,0.7,.235,2.3,4.6,.491,.473,1.6,2.2,.703,0.9,2.2,3.2,0.8,0.5,0.2,1.3,2.6,6.6)
(2000,169,Hersey Hawkins,SG,33,CHI,61,49,26.6,2.6,6.1,.424,0.9,2.3,.390,1.7,3.8,.444,.497,1.8,2.0,.899,0.5,2.4,2.9,2.2,1.2,0.2,1.6,2.4,7.9)
(2000,173,Mark Hendrickson,PF,25,TOT,15,0,4.7,0.3,0.5,.625,0.0,0.0,,0.3,0.5,.625,.625,0.2,0.3,.750,0.2,0.7,0.9,0.4,0.1,0.1,0.2,0.5,0.9)
(2000,177,Fred Hoiberg,SG,27,CHI,31,11,27.3,2.9,7.4,.387,1.0,3.0,.340,1.8,4.4,.419,.457,2.2,2.5,.908,0.2,3.3,3.5,2.7,1.3,0.1,1.4,2.1,9.0)
(2000,Rk,Player,Pos,Age,Tm,G,GS,MP,FG,FGA,FG%,3P,3PA,3P%,2P,2PA,2P%,eFG%,FT,FTA,FT%,ORB,DRB,TRB,AST,STL,BLK,TOV,PF,PTS)
(2000,184,Larry Hughes,SG,21,TOT,82,37,28.3,5.6,14.0,.400,0.4,1.5,.232,5.2,12.5,.421,.413,3.4,4.6,.740,1.4,2.9,4.3,2.5,1.4,0.3,2.4,2.3,15.0)
(2000,188,Bobby Jackson,PG,26,MIN,73,10,14.2,1.9,4.7,.405,0.2,0.6,.283,1.7,4.1,.423,.423,1.0,1.3,.776,0.7,1.4,2.1,2.4,0.7,0.1,0.8,1.6,5.1)
(2000,192,Mark Jackson,PG,34,IND,81,81,27.0,3.0,7.0,.432,1.1,2.7,.403,1.9,4.3,.450,.510,1.0,1.2,.806,0.8,2.9,3.7,8.0,0.9,0.1,2.1,1.4,8.1)
(2000,196,Antawn Jamison,SF,23,GSW,43,41,36.2,8.3,17.6,.471,0.0,0.2,.286,8.2,17.4,.473,.472,3.0,4.8,.611,4.0,4.3,8.3,2.1,0.7,0.3,2.6,2.7,19.6)
(2000,200,DeMarco Johnson,PF,24,NYK,5,0,7.4,0.6,1.8,.333,0.0,0.0,,0.6,1.8,.333,.333,0.0,0.0,,0.6,0.8,1.4,0.0,0.2,0.0,0.6,1.0,1.2)
(2000,203,Larry Johnson,PF,30,NYK,70,68,32.6,4.0,9.3,.433,0.8,2.5,.333,3.2,6.8,.469,.477,1.8,2.4,.766,1.2,4.2,5.4,2.5,0.6,0.1,1.3,2.9,10.7)
(2000,207,Jumaine Jones,SF,20,PHI,33,0,4.2,0.7,1.8,.379,0.1,0.1,.500,0.6,1.6,.370,.397,0.3,0.5,.611,0.5,0.7,1.2,0.2,0.2,0.2,0.4,0.3,1.7)
(2000,211,Shawn Kemp,C,30,CLE,82,82,30.4,5.9,14.1,.417,0.0,0.1,.333,5.9,14.1,.418,.418,6.0,7.7,.776,2.8,6.0,8.8,1.7,1.2,1.2,3.5,4.5,17.8)
(2000,215,Jason Kidd,PG,26,PHO,67,67,39.0,5.2,12.8,.409,0.8,2.5,.337,4.4,10.3,.427,.442,3.0,3.7,.829,1.4,5.8,7.2,10.1,2.0,0.4,3.4,2.2,14.3)
(2000,219,Brevin Knight,PG,24,CLE,65,46,27.0,3.5,8.6,.412,0.0,0.2,.200,3.5,8.4,.416,.414,2.2,2.8,.761,0.6,2.4,3.0,7.0,1.6,0.3,2.4,2.8,9.3)
(2000,221,Toni Kukoc,SF,31,TOT,56,31,31.9,5.3,13.0,.408,0.8,3.0,.262,4.5,10.0,.452,.438,3.4,4.7,.725,1.3,3.5,4.9,4.7,1.4,0.5,2.6,2.0,14.8)
(2000,225,Antonio Lang,SF,27,TOT,10,0,3.8,0.1,0.6,.167,0.0,0.0,,0.1,0.6,.167,.167,0.4,0.5,.800,0.0,0.5,0.5,0.2,0.4,0.1,0.2,0.8,0.6)
(2000,229,Voshon Lenard,SG,26,MIA,53,13,27.1,4.3,10.6,.407,1.7,4.3,.390,2.6,6.3,.419,.487,1.6,2.0,.792,0.7,2.2,2.9,2.6,0.8,0.3,1.5,2.4,11.9)
(2000,233,Grant Long,PF,33,VAN,42,1,21.9,1.8,4.0,.443,0.0,0.1,.000,1.8,3.9,.454,.443,1.3,1.7,.775,2.0,3.5,5.6,1.0,1.1,0.2,1.2,2.6,4.8)
(2000,237,George Lynch,SF,29,PHI,75,75,32.2,4.0,8.6,.461,0.2,0.5,.417,3.8,8.1,.464,.473,1.5,2.4,.617,2.9,4.9,7.8,1.8,1.6,0.5,1.6,3.1,9.6)
(2000,Rk,Player,Pos,Age,Tm,G,GS,MP,FG,FGA,FG%,3P,3PA,3P%,2P,2PA,2P%,eFG%,FT,FTA,FT%,ORB,DRB,TRB,AST,STL,BLK,TOV,PF,PTS)
(2000,244,Matt Maloney,PG,28,CHI,51,12,23.0,2.2,6.2,.358,1.2,3.4,.356,1.0,2.8,.361,.456,0.7,0.9,.822,0.2,1.1,1.3,2.7,0.6,0.1,1.2,0.8,6.4)
(2000,248,Sean Marks,PF,24,TOR,5,0,2.4,0.4,1.2,.333,0.0,0.2,.000,0.4,1.0,.400,.333,0.8,0.8,1.000,0.0,0.4,0.4,0.0,0.2,0.2,0.6,0.6,1.6)
(2000,252,Jamal Mashburn,SF,27,MIA,76,76,37.2,6.8,15.2,.445,1.5,3.7,.403,5.3,11.6,.458,.493,2.4,3.1,.778,0.8,4.2,5.0,3.9,1.0,0.2,2.4,2.8,17.5)
(2000,256,Walter McCarty,PF,25,BOS,61,5,14.4,1.3,3.8,.339,0.6,1.8,.309,0.7,2.0,.367,.413,0.6,0.9,.722,0.5,1.3,1.8,1.1,0.4,0.4,1.1,1.4,3.8)
(2000,260,Tracy McGrady,SF,20,TOR,79,34,31.2,5.8,12.9,.451,0.2,0.8,.277,5.6,12.1,.463,.460,3.5,5.0,.707,2.4,4.0,6.3,3.3,1.1,1.9,2.0,2.5,15.4)
(2000,263,Derrick McKey,SF,33,IND,32,0,19.8,1.3,3.4,.398,0.3,0.7,.435,1.0,2.7,.388,.444,1.3,1.8,.768,0.9,3.3,4.2,1.1,0.9,0.4,0.6,2.5,4.3)
(2000,267,Andre Miller,PG,23,CLE,82,36,25.5,4.1,9.2,.449,0.1,0.6,.204,4.0,8.6,.466,.456,2.8,3.6,.774,1.0,2.4,3.4,5.8,1.0,0.2,2.0,2.4,11.1)
(2000,271,Reggie Miller*,SG,34,IND,81,81,36.9,5.8,12.9,.448,2.0,5.0,.408,3.7,7.9,.473,.527,4.6,5.0,.919,0.6,2.3,3.0,2.3,1.0,0.3,1.6,1.6,18.1)
(2000,275,Sam Mitchell,SF,36,MIN,66,24,18.6,2.5,5.7,.447,0.2,0.3,.435,2.4,5.3,.448,.460,1.2,1.4,.880,0.4,1.7,2.1,1.7,0.4,0.2,0.7,1.8,6.5)
(2000,279,Mikki Moore,C,24,DET,29,0,16.8,3.0,4.8,.621,0.0,0.0,,3.0,4.8,.621,.621,1.9,2.3,.794,1.5,2.3,3.9,0.6,0.3,1.1,0.8,3.6,7.9)
(2000,282,Eric Murdock,PG,31,LAC,40,15,17.3,2.0,5.1,.385,0.4,1.1,.381,1.6,4.1,.387,.424,1.3,2.0,.638,0.4,1.6,1.9,2.7,1.2,0.1,1.5,1.7,5.6)
(2000,286,Dikembe Mutombo*,C,33,ATL,82,82,36.4,3.9,7.0,.562,0.0,0.0,,3.9,7.0,.562,.562,3.6,5.1,.708,3.7,10.4,14.1,1.3,0.3,3.3,2.1,3.0,11.5)
(2000,290,Johnny Newman,SF,36,NJN,82,9,21.5,3.4,7.6,.446,0.9,2.3,.379,2.5,5.3,.476,.504,2.3,2.8,.838,0.5,1.4,1.9,0.8,0.6,0.1,1.1,2.5,10.0)
(2000,294,Shaquille O'Neal,C,27,LAL,79,79,40.0,12.1,21.1,.574,0.0,0.0,.000,12.1,21.1,.575,.574,5.5,10.4,.524,4.3,9.4,13.6,3.8,0.5,3.0,2.8,3.2,29.7)
(2000,298,Kevin Ollie,PG,27,PHI,40,0,7.3,0.6,1.2,.449,0.0,0.0,,0.6,1.2,.449,.449,0.7,0.9,.757,0.1,0.7,0.8,1.2,0.3,0.0,0.3,0.7,1.8)
(2000,301,Bo Outlaw,PF,28,ORL,82,55,28.4,2.5,4.1,.602,0.0,0.0,.000,2.5,4.1,.607,.602,1.0,2.0,.506,2.5,3.9,6.4,3.0,1.4,1.8,1.6,2.5,6.0)
(2000,305,Scott Padgett,PF,23,UTA,47,9,9.2,0.9,3.0,.314,0.3,0.9,.295,0.7,2.0,.323,.361,0.4,0.6,.704,0.5,1.4,1.9,0.5,0.3,0.2,0.5,1.2,2.6)
(2000,309,Andrae Patterson,PF,24,MIN,5,0,4.0,0.6,0.8,.750,0.0,0.0,,0.6,0.8,.750,.750,0.0,0.0,,0.2,0.2,0.4,0.2,0.2,0.0,0.2,0.8,1.2)
(2000,313,Will Perdue,C,34,CHI,67,15,15.1,0.9,2.5,.351,0.0,0.0,,0.9,2.5,.351,.351,0.7,1.6,.476,1.3,2.6,3.9,1.0,0.2,0.6,1.2,1.9,2.5)
(2000,317,Wesley Person,SG,28,CLE,79,38,26.0,3.5,8.3,.428,1.3,3.2,.424,2.2,5.1,.431,.509,0.8,1.0,.792,0.6,2.8,3.4,1.8,0.5,0.2,0.8,1.5,9.2)
(2000,Rk,Player,Pos,Age,Tm,G,GS,MP,FG,FGA,FG%,3P,3PA,3P%,2P,2PA,2P%,eFG%,FT,FTA,FT%,ORB,DRB,TRB,AST,STL,BLK,TOV,PF,PTS)
(2000,324,Terry Porter,PG,36,SAS,68,8,23.7,3.0,6.8,.447,1.3,3.0,.435,1.7,3.8,.457,.544,2.0,2.5,.806,0.4,2.5,2.8,3.3,0.7,0.1,1.5,1.2,9.4)
(2000,328,Laron Profit,SG,22,WAS,33,1,6.8,0.6,1.8,.356,0.1,0.5,.176,0.5,1.3,.429,.381,0.1,0.3,.400,0.1,0.7,0.8,0.8,0.2,0.1,0.6,0.8,1.5)
(2000,332,Bryant Reeves,C,26,VAN,69,67,25.7,3.7,8.1,.448,0.0,0.1,.000,3.7,8.1,.452,.448,1.6,2.4,.648,1.8,3.8,5.7,1.2,0.5,0.6,1.7,3.6,8.9)
(2000,336,Rodrick Rhodes,SF,26,DAL,1,0,8.0,0.0,3.0,.000,0.0,0.0,,0.0,3.0,.000,.000,0.0,0.0,,1.0,0.0,1.0,0.0,2.0,0.0,2.0,0.0,0.0)
(2000,340,Stanley Roberts,C,29,PHI,5,1,10.2,1.0,3.2,.313,0.0,0.2,.000,1.0,3.0,.333,.313,0.0,0.6,.000,1.2,1.8,3.0,0.6,0.2,0.2,0.4,3.0,2.0)
(2000,343,David Robinson*,C,34,SAS,80,80,32.0,6.6,12.9,.512,0.0,0.0,.000,6.6,12.9,.513,.512,4.6,6.4,.726,2.4,7.2,9.6,1.8,1.2,2.3,2.1,3.1,17.8)
(2000,347,Carlos Rogers,C,28,HOU,53,15,20.8,3.2,6.1,.525,0.0,0.3,.071,3.2,5.8,.545,.526,1.5,2.6,.591,1.8,3.3,5.2,0.8,0.3,0.6,1.2,1.5,8.0)
(2000,351,Jalen Rose,SF,27,IND,80,80,37.2,7.0,15.0,.471,1.0,2.5,.393,6.1,12.5,.486,.503,3.2,3.8,.827,0.5,4.3,4.8,4.0,1.1,0.6,2.4,2.9,18.2)
(2000,355,Arvydas Sabonis*,C,35,POR,66,61,25.6,4.6,9.1,.505,0.1,0.3,.368,4.5,8.8,.509,.511,2.5,3.0,.843,1.5,6.3,7.8,1.8,0.7,1.2,1.5,2.8,11.8)
(2000,359,Malik Sealy,SF,29,MIN,82,61,29.2,4.5,9.5,.476,0.1,0.4,.286,4.4,9.1,.485,.482,2.2,2.7,.812,1.5,2.8,4.3,2.4,0.9,0.2,1.3,2.4,11.3)
(2000,362,Brian Skinner,PF,23,LAC,33,9,23.5,2.1,4.1,.507,0.0,0.0,,2.1,4.1,.507,.507,1.3,2.0,.662,1.9,4.2,6.1,0.3,0.5,1.3,1.1,2.3,5.4)
(2000,366,Rik Smits,C,33,IND,79,79,23.4,5.5,11.3,.484,0.0,0.0,.000,5.5,11.3,.485,.484,2.0,2.7,.739,1.2,3.9,5.1,1.1,0.3,1.3,1.4,3.2,12.9)
(2000,370,Ryan Stack,PF,24,CLE,25,0,7.9,0.7,2.0,.333,0.0,0.0,.000,0.7,2.0,.340,.333,0.7,1.1,.667,0.6,1.2,1.8,0.2,0.2,0.4,0.7,1.9,2.1)
(2000,374,Joe Stephens,SF,27,VAN,13,0,13.9,1.5,3.9,.373,0.0,0.6,.000,1.5,3.3,.442,.373,0.2,0.3,.750,1.0,1.8,2.8,0.8,0.5,0.2,0.5,0.7,3.2)
(2000,378,Peja Stojakovic,SF,22,SAC,74,11,23.6,4.3,9.7,.448,1.4,3.6,.375,3.0,6.1,.491,.517,1.8,2.1,.882,1.0,2.7,3.7,1.4,0.7,0.1,1.2,1.3,11.9)
(2000,381,Mark Strickland,SF,29,MIA,58,5,11.4,2.1,3.9,.545,0.0,0.0,,2.1,3.9,.545,.545,0.7,1.0,.714,0.8,1.7,2.4,0.4,0.3,0.3,0.4,1.2,4.9)
(2000,385,Bob Sura,SG,26,CLE,73,45,30.4,4.9,11.2,.437,1.7,4.5,.367,3.2,6.6,.484,.512,2.4,3.4,.697,0.7,3.3,3.9,3.9,1.2,0.3,2.0,2.8,13.8)
(2000,389,Maurice Taylor,PF,23,LAC,62,60,35.9,7.4,15.9,.464,0.0,0.1,.125,7.4,15.8,.466,.464,2.3,3.2,.711,1.5,4.9,6.5,1.6,0.8,0.8,2.7,3.5,17.1)
(2000,393,Kenny Thomas,PF,22,HOU,72,29,25.0,2.9,7.4,.399,0.4,1.7,.262,2.5,5.7,.440,.429,1.9,2.9,.660,2.0,4.0,6.1,1.6,0.8,0.3,1.6,2.3,8.3)
(2000,397,Robert Traylor,PF,22,MIL,44,16,10.2,1.3,2.8,.475,0.0,0.1,.000,1.3,2.7,.492,.475,0.9,1.5,.603,1.1,1.5,2.6,0.5,0.6,0.6,0.6,1.8,3.6)
(2000,Rk,Player,Pos,Age,Tm,G,GS,MP,FG,FGA,FG%,3P,3PA,3P%,2P,2PA,2P%,eFG%,FT,FTA,FT%,ORB,DRB,TRB,AST,STL,BLK,TOV,PF,PTS)
(2000,404,Loy Vaught,PF,31,DET,43,0,6.8,0.7,2.1,.360,0.0,0.1,.000,0.7,2.0,.372,.360,0.3,0.4,.688,0.6,1.5,2.1,0.3,0.1,0.1,0.3,1.0,1.7)
(2000,408,Ben Wallace,PF,25,ORL,81,81,24.2,2.1,4.1,.503,0.0,0.0,,2.1,4.1,.503,.503,0.7,1.4,.474,2.6,5.6,8.2,0.8,0.9,1.6,0.8,2.0,4.8)
(2000,412,Charlie Ward,PG,29,NYK,72,69,27.6,2.6,6.2,.423,1.4,3.7,.386,1.2,2.5,.475,.537,0.7,0.8,.828,0.3,2.9,3.2,4.2,1.3,0.2,1.4,2.4,7.3)
(2000,416,Bill Wennington,C,36,SAC,7,0,8.1,0.9,2.7,.316,0.0,0.0,,0.9,2.7,.316,.316,0.3,0.3,1.000,0.7,2.0,2.7,0.1,0.3,0.3,0.1,1.9,2.0)
(2000,420,Jahidi White,C,23,WAS,80,59,19.2,2.9,5.6,.507,0.0,0.0,,2.9,5.6,.507,.507,1.4,2.6,.536,2.5,4.4,6.9,0.2,0.4,1.0,1.2,2.9,7.1)
(2000,423,Alvin Williams,PG,25,TOR,55,28,14.2,2.1,5.2,.397,0.3,1.0,.291,1.8,4.2,.422,.425,0.9,1.2,.738,0.5,1.1,1.5,2.3,0.6,0.2,0.9,1.4,5.3)
(2000,427,Lorenzo Williams,PF,30,WAS,8,0,9.5,0.9,1.1,.778,0.0,0.0,,0.9,1.1,.778,.778,0.0,0.0,,1.5,1.6,3.1,0.1,0.4,0.8,0.4,1.6,1.8)
(2000,431,Walt Williams,SF,29,HOU,76,66,24.5,4.1,9.0,.458,1.3,3.4,.391,2.8,5.5,.500,.533,1.3,1.6,.821,0.9,3.1,4.0,2.1,0.6,0.6,1.5,2.5,10.9)
(2000,435,David Wingate,SG,36,NYK,7,0,4.6,0.1,1.3,.111,0.0,0.0,,0.1,1.3,.111,.111,0.0,0.0,,0.1,0.1,0.3,0.4,0.1,0.3,0.3,1.0,0.3)
(2000,439,Tim Young,C,23,GSW,25,0,5.5,0.5,1.6,.333,0.0,0.0,,0.5,1.6,.333,.333,1.1,1.4,.778,0.5,0.9,1.4,0.2,0.1,0.0,0.4,0.7,2.2)
