(2000,3,Cory Alexander,PG,26,DEN,29,2,11.3,1.0,3.4,.286,0.3,1.2,.257,0.7,2.2,.302,.332,0.6,0.8,.773,0.3,1.2,1.4,2.0,0.8,0.1,1.0,1.3,2.8)
(2000,7,Derek Anderson,SG,25,LAC,64,58,34.4,5.9,13.4,.438,0.9,2.8,.309,5.0,10.7,.472,.470,4.2,4.8,.877,1.3,2.8,4.0,3.4,1.4,0.2,2.6,2.3,16.9)
(2000,11,Chris Anstey,C,25,CHI,73,11,13.8,2.2,5.0,.442,0.0,0.1,.167,2.2,4.9,.447,.444,1.6,2.0,.789,1.2,2.6,3.8,0.9,0.4,0.3,1.1,2.5,6.0)
(2000,15,Chucky Atkins,PG,25,ORL,82,0,19.8,3.8,9.0,.424,0.7,2.0,.350,3.1,7.0,.445,.462,1.2,1.6,.729,0.2,1.3,1.5,3.7,0.6,0.0,1.7,1.7,9.5)
(2000,19,William Avery,PG,20,MIN,59,1,8.2,0.9,3.1,.309,0.3,1.1,.286,0.6,2.0,.322,.359,0.4,0.6,.667,0.1,0.5,0.7,1.5,0.2,0.0,0.7,1.0,2.6)
(2000,22,Charles Barkley*,PF,36,HOU,20,18,31.0,5.3,11.1,.477,0.3,1.3,.231,5.0,9.8,.510,.491,3.6,5.5,.645,3.6,6.9,10.5,3.2,0.7,0.2,2.2,2.4,14.5)
(2000,26,Jon Barry,SG,30,SAC,62,1,20.7,2.6,5.6,.465,1.1,2.5,.429,1.5,3.1,.495,.561,1.7,1.9,.922,0.6,2.0,2.6,2.4,1.2,0.1,1.4,1.7,8.0)
(2000,30,Corey Benjamin,SG,21,CHI,48,10,18.0,3.0,7.3,.414,0.6,1.9,.348,2.4,5.4,.437,.459,1.0,1.7,.598,0.4,1.4,1.8,1.1,0.6,0.5,1.5,2.5,7.7)
(2000,34,Chauncey Billups,SG,23,DEN,13,5,23.5,2.6,7.8,.337,0.5,3.2,.171,2.1,4.6,.450,.371,2.8,3.4,.841,0.6,2.0,2.6,3.0,0.8,0.2,1.8,2.1,8.6)
(2000,38,Etdrick Bohannon,PF,26,TOT,13,0,9.1,0.5,1.0,.538,0.0,0.0,,0.5,1.0,.538,.538,1.2,1.8,.625,1.0,1.4,2.4,0.4,0.2,0.5,0.8,1.9,2.2)
(2000,41,Cal Bowdler,SF,22,ATL,46,0,9.2,1.1,2.5,.426,0.0,0.0,.000,1.1,2.5,.430,.426,0.5,0.8,.632,0.5,1.4,1.8,0.3,0.3,0.2,0.5,1.0,2.7)
(2000,45,Earl Boykins,PG,23,TOT,26,0,10.0,2.2,4.5,.483,0.3,0.8,.400,1.8,3.7,.500,.517,0.7,0.9,.783,0.5,0.5,1.0,1.8,0.5,0.0,0.7,0.9,5.3)
(2000,49,Terrell Brandon,PG,29,MIN,71,71,36.4,6.8,14.7,.466,0.7,1.9,.402,6.1,12.8,.476,.492,2.6,2.9,.899,0.6,2.7,3.4,8.9,1.9,0.4,2.6,2.2,17.1)
(2000,53,P.J. Brown,PF,30,MIA,80,80,28.8,4.0,8.4,.480,0.0,0.0,.000,4.0,8.4,.481,.480,1.5,2.0,.755,2.7,4.8,7.5,1.8,0.8,0.8,1.3,3.3,9.6)
(2000,57,Mark Bryant,PF,34,CLE,75,50,22.8,2.3,4.6,.503,0.0,0.0,,2.3,4.6,.503,.503,1.0,1.3,.809,1.7,3.0,4.7,0.8,0.4,0.4,1.2,3.3,5.7)
(2000,Rk,Player,Pos,Age,Tm,G,GS,MP,FG,FGA,FG%,3P,3PA,3P%,2P,2PA,2P%,eFG%,FT,FTA,FT%,ORB,DRB,TRB,AST,STL,BLK,TOV,PF,PTS)
(2000,64,Michael Cage,C,38,NJN,20,7,12.1,0.6,1.2,.500,0.0,0.0,,0.6,1.2,.500,.500,0.2,0.2,1.000,1.7,2.4,4.1,0.5,0.4,0.4,0.2,1.5,1.4)
(2000,68,Chris Carr,SF-SG,25,TOT,57,2,20.5,3.4,8.7,.395,0.6,1.8,.317,2.9,6.9,.415,.427,1.9,2.2,.856,0.7,2.3,3.0,1.5,0.5,0.3,2.1,2.0,9.3)
(2000,72,Kelvin Cato,C,25,HOU,65,32,24.3,3.3,6.2,.537,0.0,0.1,.000,3.3,6.1,.543,.537,2.1,3.2,.649,1.6,4.4,6.0,0.4,0.5,1.9,1.1,2.7,8.7)
(2000,76,Rex Chapman,SG,32,PHO,53,19,18.1,2.3,6.0,.388,0.8,2.3,.333,1.6,3.7,.421,.452,1.1,1.5,.756,0.2,1.3,1.5,1.2,0.4,0.0,0.7,1.3,6.6)
(2000,80,Doug Christie,SG,29,TOR,73,73,31.0,4.3,10.5,.407,1.4,3.8,.360,2.9,6.7,.434,.472,2.5,3.0,.843,0.9,3.0,3.9,4.4,1.4,0.6,2.0,2.3,12.4)
(2000,83,Derrick Coleman,PF,32,CHH,74,64,31.7,6.0,13.2,.456,0.7,1.9,.362,5.3,11.3,.471,.482,4.0,5.1,.785,1.7,6.9,8.5,2.4,0.5,1.8,2.3,2.6,16.7)
(2000,87,Chris Crawford,PF,24,ATL,55,11,12.1,1.7,4.2,.397,0.1,0.5,.259,1.5,3.7,.416,.413,1.1,1.5,.778,0.9,0.9,1.8,0.6,0.3,0.3,0.7,1.5,4.6)
(2000,91,Vonteego Cummings,PG,23,GSW,75,11,23.9,3.5,8.7,.405,0.7,2.0,.325,2.9,6.7,.429,.442,1.7,2.3,.751,0.8,1.7,2.5,3.3,1.2,0.2,1.8,2.3,9.4)
(2000,95,Erick Dampier,C,24,GSW,21,12,23.6,3.3,8.2,.405,0.0,0.0,,3.3,8.2,.405,.405,1.3,2.4,.529,2.3,4.1,6.4,0.9,0.4,0.7,1.4,3.6,8.0)
(2000,99,Baron Davis,PG,20,CHH,82,0,18.6,2.2,5.3,.420,0.3,1.4,.225,1.9,3.9,.488,.449,1.2,1.9,.634,0.6,1.4,2.0,3.8,1.2,0.2,1.7,2.5,5.9)
(2000,102,Emanual Davis,PG,31,SEA,54,2,13.0,1.5,4.1,.364,0.6,1.9,.301,0.9,2.2,.419,.434,0.5,0.7,.684,0.3,1.6,1.9,1.3,0.7,0.1,0.8,1.3,4.0)
(2000,106,Todd Day,SG,30,PHO,58,1,16.2,2.2,5.7,.394,1.1,2.8,.388,1.1,2.8,.400,.491,1.2,1.9,.667,0.5,1.7,2.2,1.1,0.8,0.4,0.9,2.2,6.8)
(2000,110,Derrick Dial,SG,24,SAS,8,0,11.9,2.1,5.8,.370,0.4,1.5,.250,1.8,4.3,.412,.402,0.4,0.6,.600,1.8,1.5,3.3,0.6,0.1,0.1,0.8,1.3,5.0)
(2000,114,Sherman Douglas,PG,33,NJN,20,2,15.5,2.3,4.5,.500,0.3,0.8,.313,2.0,3.7,.541,.528,1.3,1.4,.893,0.7,0.8,1.5,1.7,0.9,0.0,1.2,1.3,6.0)
(2000,118,Howard Eisley,PG,27,UTA,82,5,25.6,3.4,8.2,.418,0.7,2.0,.368,2.7,6.2,.434,.462,1.0,1.2,.824,0.3,1.8,2.1,4.2,0.7,0.1,1.6,2.7,8.6)
(2000,121,Sean Elliott,SF,31,SAS,19,19,20.6,2.0,5.6,.358,0.7,1.9,.351,1.3,3.6,.362,.420,1.3,1.7,.781,0.3,2.2,2.5,1.5,0.6,0.1,1.0,1.8,6.0)
(2000,125,Evan Eschmeyer,C,24,NJN,31,5,12.0,1.2,2.3,.528,0.0,0.0,,1.2,2.3,.528,.528,0.5,1.0,.500,1.3,2.2,3.5,0.7,0.3,0.7,0.7,2.7,2.9)
(2000,129,Danny Ferry,PF,33,CLE,63,3,21.0,3.0,6.0,.497,0.5,1.2,.440,2.5,4.8,.511,.541,0.8,0.9,.912,0.9,2.9,3.8,1.1,0.3,0.4,0.9,2.9,7.3)
(2000,133,Greg Foster,PF,31,SEA,60,5,12.0,1.5,3.7,.406,0.1,0.3,.200,1.5,3.5,.421,.413,0.3,0.5,.643,0.3,1.5,1.8,0.7,0.2,0.3,0.5,1.8,3.4)
(2000,137,Steve Francis,PG,22,HOU,77,77,36.1,6.5,14.5,.445,1.4,4.0,.345,5.1,10.5,.483,.493,3.7,4.7,.786,2.0,3.3,5.3,6.6,1.5,0.4,4.0,3.0,18.0)
(2000,Rk,Player,Pos,Age,Tm,G,GS,MP,FG,FGA,FG%,3P,3PA,3P%,2P,2PA,2P%,eFG%,FT,FTA,FT%,ORB,DRB,TRB,AST,STL,BLK,TOV,PF,PTS)
(2000,144,Chris Gatling,PF,32,TOT,85,0,21.3,4.3,9.4,.455,0.2,0.8,.257,4.1,8.6,.474,.466,3.1,4.4,.713,1.8,4.1,5.9,0.8,1.0,0.3,2.0,2.9,11.9)
(2000,148,Armen Gilliam,PF,35,UTA,50,0,15.6,2.7,6.1,.436,0.0,0.0,.000,2.7,6.1,.438,.436,1.3,1.7,.779,1.4,2.7,4.2,0.8,0.2,0.3,1.1,1.7,6.7)
(2000,152,Horace Grant,PF,34,SEA,76,76,35.4,3.5,7.9,.444,0.0,0.1,.000,3.5,7.8,.447,.444,1.1,1.5,.721,2.2,5.6,7.8,2.5,0.7,0.8,0.8,2.5,8.1)
(2000,156,Tom Gugliotta,PF,30,PHO,54,54,32.7,5.7,11.9,.481,0.0,0.1,.125,5.7,11.8,.485,.481,2.2,2.8,.775,2.6,5.3,7.9,2.3,1.5,0.6,2.0,2.8,13.7)
(2000,160,Tom Hammonds,PF,32,MIN,56,0,6.6,0.8,1.7,.433,0.0,0.0,,0.8,1.7,.433,.433,0.6,1.0,.589,0.6,1.2,1.8,0.2,0.1,0.1,0.4,1.0,2.1)
(2000,163,Ron Harper,PG,36,LAL,80,78,25.5,2.7,6.6,.399,0.4,1.3,.311,2.2,5.3,.421,.430,1.3,1.8,.680,1.2,3.0,4.2,3.4,1.1,0.5,1.7,2.1,7.0)
(2000,167,Lucious Harris,SG,29,NJN,77,11,19.6,2.6,6.0,.428,0.5,1.5,.330,2.1,4.5,.460,.469,1.0,1.3,.798,0.7,1.7,2.4,1.3,0.8,0.1,0.5,1.3,6.7)
(2000,171,Alan Henderson,PF,27,ATL,82,82,33.8,5.2,11.3,.461,0.0,0.1,.100,5.2,11.2,.465,.462,2.7,4.1,.671,3.2,3.7,7.0,0.9,1.0,0.7,1.7,2.8,13.2)
(2000,175,Grant Hill,SF,27,DET,74,74,37.5,9.4,19.2,.489,0.5,1.3,.347,8.9,17.9,.500,.501,6.5,8.2,.795,1.3,5.3,6.6,5.2,1.4,0.6,3.2,2.6,25.8)
(2000,179,Jeff Hornacek,SG,36,UTA,77,77,27.7,4.6,9.5,.492,0.9,1.8,.478,3.8,7.7,.495,.537,2.2,2.3,.950,0.6,1.7,2.4,2.6,0.9,0.2,1.5,1.9,12.4)
(2000,182,Juwan Howard,PF,26,WAS,82,82,35.5,6.2,13.5,.459,0.0,0.1,.000,6.2,13.4,.462,.459,2.5,3.4,.735,1.6,4.1,5.7,3.0,0.8,0.3,2.7,3.6,14.9)
(2000,186,Lindsey Hunter,PG,29,DET,82,82,35.6,4.6,10.9,.425,2.0,4.7,.432,2.6,6.1,.419,.519,1.4,1.9,.760,0.4,2.6,3.0,4.0,1.6,0.3,1.8,2.6,12.7)
(2000,190,Jermaine Jackson,SG,23,DET,7,0,10.4,0.1,1.6,.091,0.0,0.1,.000,0.1,1.4,.100,.091,0.7,1.1,.625,0.1,1.4,1.6,0.6,0.4,0.0,1.0,1.0,1.0)
(2000,194,Sam Jacobson,PG,24,TOT,52,5,13.1,2.1,4.1,.509,0.2,0.5,.375,1.9,3.6,.527,.531,0.6,0.8,.732,0.5,0.9,1.4,0.6,0.6,0.1,0.6,2.2,4.9)
(2000,198,Anthony Johnson,PG,25,TOT,56,6,11.4,1.1,2.9,.378,0.0,0.2,.182,1.1,2.7,.392,.384,0.5,0.7,.718,0.4,0.5,0.9,1.3,0.6,0.1,0.6,1.0,2.8)
(2000,201,Ervin Johnson,C,32,MIL,80,74,26.6,1.8,3.5,.516,0.0,0.0,.000,1.8,3.5,.518,.516,1.2,2.0,.605,2.9,5.2,8.1,0.6,1.0,1.6,1.0,3.7,4.8)
(2000,205,Damon Jones,PG,23,TOT,55,1,11.1,1.5,3.8,.385,0.7,2.1,.360,0.7,1.7,.415,.483,0.6,0.9,.667,0.2,0.8,1.0,1.7,0.3,0.0,0.7,0.6,4.2)
(2000,209,Reggie Jordan,PG,32,WAS,36,0,6.8,0.5,1.5,.321,0.0,0.0,.000,0.5,1.4,.327,.321,0.2,0.4,.538,0.4,0.7,1.1,0.9,0.3,0.1,0.5,0.8,1.1)
(2000,213,Jerome Kersey,SF,37,SAS,72,18,18.2,2.0,4.9,.412,0.0,0.1,.000,2.0,4.8,.423,.412,0.4,0.6,.707,0.8,2.3,3.1,1.0,0.9,0.7,0.7,2.2,4.5)
(2000,217,Kerry Kittles,SG,25,NJN,62,61,30.6,4.9,11.3,.437,1.5,3.9,.400,3.4,7.4,.456,.506,1.6,2.0,.795,0.7,2.9,3.6,2.3,1.3,0.3,0.9,1.9,13.0)
(2000,Rk,Player,Pos,Age,Tm,G,GS,MP,FG,FGA,FG%,3P,3PA,3P%,2P,2PA,2P%,eFG%,FT,FTA,FT%,ORB,DRB,TRB,AST,STL,BLK,TOV,PF,PTS)
(2000,223,Raef LaFrentz,C,23,DEN,81,80,30.1,4.8,10.9,.446,0.7,2.3,.328,4.1,8.6,.477,.480,2.0,2.9,.686,2.1,5.8,7.9,1.2,0.5,2.2,1.2,3.6,12.4)
(2000,227,Rusty LaRue,PG,26,CHI,4,1,32.3,3.8,10.8,.349,0.5,3.5,.143,3.3,7.3,.448,.372,1.3,1.8,.714,0.3,2.3,2.5,2.8,1.8,0.0,1.8,2.3,9.3)
(2000,231,Rashard Lewis,SF,20,SEA,82,8,19.2,3.4,6.9,.486,0.5,1.5,.333,2.9,5.4,.527,.521,1.0,1.5,.683,1.5,2.5,4.1,0.9,0.8,0.4,1.0,2.0,8.2)
(2000,235,Felipe Lopez,SG,25,VAN,65,0,12.0,1.7,4.0,.425,0.0,0.3,.167,1.7,3.7,.444,.431,1.0,1.7,.615,0.9,1.0,1.9,0.7,0.5,0.3,0.8,1.4,4.5)
(2000,239,Sam Mack,SF,29,GSW,23,5,14.5,1.6,5.3,.303,0.9,2.8,.328,0.7,2.5,.276,.389,0.8,0.9,.950,0.3,1.4,1.7,1.0,0.8,0.0,0.8,2.0,5.0)
(2000,242,Dan Majerle,SG,34,MIA,69,69,33.4,2.5,6.1,.403,1.6,4.4,.362,0.9,1.7,.508,.533,0.8,1.0,.812,0.4,4.4,4.8,3.0,1.3,0.2,0.9,2.3,7.3)
(2000,246,Stephon Marbury,PG,22,NJN,74,74,38.9,7.7,17.8,.432,0.9,3.1,.283,6.8,14.6,.464,.457,5.9,7.2,.813,0.8,2.4,3.2,8.4,1.5,0.2,3.6,2.6,22.2)
(2000,250,Donyell Marshall,PF,26,GSW,64,51,32.4,5.2,13.1,.394,0.8,2.2,.355,4.4,11.0,.402,.423,3.1,4.0,.780,3.0,7.0,10.0,2.6,1.1,1.1,1.9,2.8,14.2)
(2000,254,Tony Massenburg,PF,32,HOU,10,0,10.9,1.6,3.6,.444,0.0,0.0,,1.6,3.6,.444,.444,1.4,1.6,.875,0.7,2.0,2.7,0.3,0.2,0.5,0.9,1.3,4.6)
(2000,258,Jelani McCoy,C,22,SEA,58,2,12.9,1.8,3.1,.576,0.0,0.0,,1.8,3.1,.576,.576,0.8,1.6,.495,0.9,2.2,3.1,0.4,0.3,0.8,0.8,2.2,4.3)
(2000,261,Jim McIlvaine,C,27,NJN,66,53,15.9,1.0,2.3,.416,0.0,0.0,,1.0,2.3,.416,.416,0.4,0.8,.518,1.6,1.9,3.5,0.5,0.4,1.8,0.6,3.1,2.4)
(2000,265,Roshown McLeod,SF,24,ATL,44,20,19.5,3.0,7.5,.395,0.0,0.3,.154,2.9,7.3,.404,.398,1.2,1.6,.771,0.9,2.2,3.1,1.2,0.4,0.1,1.3,1.9,7.2)
(2000,269,Brad Miller,C,23,CHH,55,4,17.5,2.5,5.3,.461,0.0,0.0,.000,2.5,5.3,.464,.461,2.8,3.5,.785,2.1,3.3,5.3,0.8,0.4,0.6,0.9,2.0,7.7)
(2000,273,Terry Mills,PF,32,DET,82,78,22.5,2.6,6.0,.439,1.2,3.0,.393,1.5,3.0,.484,.536,0.3,0.4,.735,0.6,4.1,4.8,1.0,0.5,0.3,0.6,3.0,6.7)
(2000,277,Nazr Mohammed,C,22,PHI,28,3,6.8,0.8,1.9,.389,0.0,0.0,,0.8,1.9,.389,.389,0.4,0.8,.545,0.6,1.2,1.8,0.1,0.1,0.4,0.6,1.0,1.9)
(2000,Rk,Player,Pos,Age,Tm,G,GS,MP,FG,FGA,FG%,3P,3PA,3P%,2P,2PA,2P%,eFG%,FT,FTA,FT%,ORB,DRB,TRB,AST,STL,BLK,TOV,PF,PTS)
(2000,284,Lamond Murray,SF,26,CLE,74,72,32.0,6.2,13.8,.451,0.7,1.9,.367,5.5,11.9,.465,.476,2.8,3.6,.761,1.7,4.0,5.7,1.8,1.4,0.5,2.5,2.8,15.9)
(2000,288,Tyrone Nesby,SG,24,LAC,73,39,31.7,5.0,12.5,.398,1.3,3.8,.335,3.7,8.7,.426,.449,2.1,2.6,.791,1.1,2.6,3.8,1.7,1.0,0.4,1.4,2.8,13.3)
(2000,292,Dirk Nowitzki,PF,21,DAL,82,81,35.8,6.3,13.6,.461,1.4,3.7,.379,4.9,9.9,.491,.513,3.5,4.2,.830,1.2,5.2,6.5,2.5,0.8,0.8,1.7,3.1,17.5)
(2000,296,Lamar Odom,SF,20,LAC,76,70,36.4,5.9,13.5,.438,0.8,2.2,.360,5.1,11.3,.453,.467,4.0,5.5,.719,2.1,5.7,7.8,4.2,1.2,1.3,3.4,3.8,16.6)
(2000,300,Greg Ostertag,C,26,UTA,81,3,19.8,1.5,3.3,.464,0.0,0.0,.000,1.5,3.3,.466,.464,1.5,2.3,.636,2.1,3.8,6.0,0.2,0.2,2.1,1.0,2.4,4.5)
(2000,303,Billy Owens,PF-SF,30,TOT,62,11,21.0,2.4,5.8,.419,0.2,0.5,.324,2.2,5.2,.429,.434,1.0,1.7,.594,1.6,3.3,4.9,1.6,0.5,0.3,1.4,2.7,6.0)
(2000,307,Anthony Parker,SG,24,ORL,16,0,11.6,1.5,3.6,.421,0.1,0.9,.071,1.4,2.7,.535,.430,0.5,0.7,.727,0.3,1.4,1.7,0.6,0.5,0.3,0.7,0.8,3.6)
(2000,311,Gary Payton*,PG,31,SEA,82,82,41.8,9.1,20.3,.448,2.2,6.3,.340,7.0,14.0,.497,.502,3.8,5.2,.735,1.2,5.2,6.5,8.9,1.9,0.2,2.7,2.2,24.2)
(2000,315,Elliot Perry,PG,30,NJN,60,5,13.4,2.1,4.9,.435,0.2,0.7,.282,2.0,4.3,.459,.454,0.8,1.0,.806,0.2,0.8,1.0,2.3,0.7,0.0,1.0,0.8,5.3)
(2000,319,Eric Piatkowski,SF,29,LAC,75,23,22.8,3.2,7.6,.415,1.2,3.2,.383,1.9,4.4,.439,.497,1.1,1.3,.850,1.0,2.0,3.0,1.1,0.6,0.2,0.8,1.9,8.7)
(2000,322,Scot Pollard,C,24,SAC,76,5,17.6,2.0,3.7,.527,0.0,0.0,,2.0,3.7,.527,.527,1.5,2.1,.717,2.2,3.1,5.3,0.6,0.7,0.8,0.7,2.8,5.4)
(2000,326,Vitaly Potapenko,C,24,BOS,79,72,22.7,3.9,7.8,.499,0.0,0.0,.000,3.9,7.8,.500,.499,1.4,2.0,.681,2.3,4.0,6.3,1.0,0.5,0.4,1.8,3.0,9.2)
(2000,330,Theo Ratliff,PF,26,PHI,57,56,31.5,4.3,8.6,.503,0.0,0.0,,4.3,8.6,.503,.503,3.2,4.1,.771,2.5,5.2,7.6,0.6,0.6,3.0,1.9,3.2,11.9)
(2000,334,Don Reid,PF,26,TOT,38,3,13.1,1.6,2.9,.536,0.0,0.0,,1.6,2.9,.536,.536,0.6,0.9,.706,0.8,1.9,2.7,0.3,0.6,0.8,0.6,3.1,3.8)
(2000,338,Mitch Richmond*,SG,34,WAS,74,69,32.4,6.0,14.2,.426,1.3,3.3,.386,4.8,10.9,.438,.470,4.0,4.6,.876,0.5,2.4,2.9,2.5,1.5,0.2,2.1,2.6,17.4)
(2000,341,Ryan Robertson,SG,23,SAC,1,0,25.0,2.0,6.0,.333,0.0,2.0,.000,2.0,4.0,.500,.333,1.0,1.0,1.000,0.0,0.0,0.0,0.0,0.0,0.0,0.0,0.0,5.0)
(2000,345,Glenn Robinson,SF,27,MIL,81,81,35.9,8.5,18.0,.472,1.1,2.9,.363,7.5,15.1,.493,.502,2.8,3.5,.802,1.3,4.7,6.0,2.4,1.0,0.5,2.8,2.6,20.9)
(2000,349,Roy Rogers,PF,26,DEN,40,0,8.9,0.9,2.2,.398,0.0,0.0,.000,0.9,2.2,.402,.398,0.5,1.0,.463,0.8,1.2,2.0,0.2,0.1,1.0,0.3,0.9,2.2)
(2000,353,Michael Ruffin,PF,23,CHI,71,6,13.7,0.8,1.9,.420,0.0,0.0,,0.8,1.9,.420,.420,0.6,1.2,.489,1.6,1.9,3.5,0.6,0.4,0.4,0.8,2.4,2.2)
(2000,357,Detlef Schrempf,SF,37,POR,77,6,21.6,2.4,5.6,.432,0.3,0.7,.404,2.2,4.9,.436,.456,2.3,2.8,.833,1.0,3.3,4.3,2.6,0.5,0.2,1.3,2.4,7.5)
(2000,Rk,Player,Pos,Age,Tm,G,GS,MP,FG,FGA,FG%,3P,3PA,3P%,2P,2PA,2P%,eFG%,FT,FTA,FT%,ORB,DRB,TRB,AST,STL,BLK,TOV,PF,PTS)
(2000,364,Michael Smith,SF,27,WAS,46,46,24.9,2.3,4.2,.563,0.0,0.0,.000,2.3,4.2,.565,.563,1.6,2.2,.723,2.6,4.6,7.2,1.2,0.6,0.5,1.0,2.8,6.3)
(2000,368,Felton Spencer,C,32,SAS,26,0,5.7,0.6,1.3,.455,0.0,0.0,,0.6,1.3,.455,.455,0.8,1.2,.667,0.6,0.9,1.5,0.1,0.2,0.3,0.3,1.2,1.9)
(2000,372,John Starks,SG,34,TOT,37,30,32.2,5.5,14.6,.375,1.6,4.6,.345,3.9,10.0,.388,.429,1.4,1.6,.847,0.3,2.5,2.7,4.9,1.1,0.1,1.8,2.8,13.9)
(2000,376,Bryant Stith,SG,29,DEN,45,6,15.4,1.9,4.2,.455,0.4,1.2,.304,1.5,3.0,.519,.500,1.4,1.7,.831,0.5,1.4,1.9,1.4,0.4,0.3,0.7,1.2,5.6)
(2000,380,Erick Strickland,SG,26,DAL,68,67,29.8,4.6,10.7,.433,1.1,2.7,.392,3.6,8.0,.447,.483,2.4,2.9,.831,1.0,3.7,4.8,3.1,1.5,0.2,1.5,2.8,12.8)
(2000,383,Derek Strong,PF,31,ORL,20,0,7.4,1.1,2.4,.438,0.1,0.2,.250,1.0,2.2,.455,.448,0.6,0.7,.786,0.6,1.7,2.2,0.2,0.3,0.1,0.6,0.8,2.7)
(2000,387,Zan Tabak,C,29,IND,18,0,6.3,0.9,1.9,.471,0.0,0.0,,0.9,1.9,.471,.471,0.3,0.4,.625,0.9,0.9,1.8,0.2,0.2,0.5,0.6,0.7,2.1)
(2000,391,Jamel Thomas,SF,26,TOT,7,0,6.6,1.1,2.6,.444,0.0,0.4,.000,1.1,2.1,.533,.444,0.1,0.1,1.000,0.1,0.6,0.7,0.9,0.1,0.0,0.7,0.3,2.4)
(2000,395,Tim Thomas,SF,22,MIL,80,1,26.2,4.3,9.4,.461,0.8,2.3,.346,3.6,7.1,.497,.503,2.4,3.0,.774,1.3,2.9,4.2,1.4,0.7,0.4,1.6,2.8,11.8)
(2000,399,Mirsad Turkcan,PF,23,TOT,17,0,5.3,0.8,2.2,.368,0.0,0.4,.000,0.8,1.9,.438,.368,0.3,0.5,.625,0.8,1.2,1.9,0.3,0.2,0.1,0.5,0.8,1.9)
(2000,402,Keith Van Horn,PF,24,NJN,80,80,34.8,7.0,15.7,.445,1.1,2.9,.368,5.9,12.9,.462,.478,4.2,4.9,.847,2.5,6.0,8.5,2.0,0.8,0.8,3.1,3.2,19.2)
(2000,406,Antoine Walker,PF,23,BOS,82,82,36.6,7.9,18.4,.430,0.9,3.5,.256,7.0,14.9,.471,.455,3.8,5.4,.699,2.4,5.5,8.0,3.7,1.4,0.4,3.2,3.2,20.5)
(2000,410,Rasheed Wallace,PF,25,POR,81,77,35.1,6.7,12.9,.519,0.1,0.6,.160,6.6,12.3,.537,.522,2.9,4.1,.704,1.6,5.4,7.0,1.8,1.1,1.3,1.9,2.7,16.4)
(2000,414,Chris Webber,PF,26,SAC,75,75,38.4,10.0,20.6,.483,0.4,1.3,.284,9.6,19.4,.496,.492,4.1,5.5,.751,2.5,8.0,10.5,4.6,1.6,1.7,2.9,3.5,24.5)
(2000,418,Doug West,SG,32,VAN,38,0,15.3,1.6,3.8,.407,0.0,0.1,.000,1.6,3.7,.415,.407,0.9,1.1,.850,0.5,1.4,1.9,1.1,0.3,0.2,0.5,2.1,4.0)
(2000,421,Chris Whitney,PG,28,WAS,82,15,19.8,2.6,6.4,.417,1.2,3.1,.376,1.5,3.2,.455,.509,1.4,1.6,.848,0.2,1.4,1.6,3.8,0.7,0.1,1.3,2.0,7.8)
(2000,425,Jason Williams,PG,24,SAC,81,81,34.1,4.5,12.0,.373,1.8,6.2,.287,2.7,5.8,.466,.448,1.6,2.1,.753,0.3,2.6,2.8,7.3,1.4,0.1,3.7,1.7,12.3)
(2000,429,Scott Williams,C,31,MIL,68,46,21.9,3.1,6.3,.500,0.0,0.0,,3.1,6.3,.500,.500,1.4,1.9,.729,2.6,4.0,6.6,0.4,0.6,1.0,1.0,3.4,7.6)
(2000,433,Kevin Willis,PF,37,TOR,79,1,21.3,3.0,7.2,.415,0.0,0.0,.333,3.0,7.2,.415,.416,1.7,2.1,.799,2.5,3.6,6.1,0.6,0.5,0.6,1.2,3.2,7.6)
(2000,437,Metta World Peace,SF,20,CHI,72,63,31.1,4.3,10.5,.407,0.8,2.7,.314,3.5,7.9,.438,.447,2.6,3.9,.674,0.9,3.4,4.3,2.8,1.7,0.5,2.3,2.2,12.0)
