(1994,2,Mahmoud Abdul-Rauf,PG,24,DEN,80,78,32.7,7.4,16.0,.460,0.5,1.7,.316,6.8,14.3,.476,.476,2.7,2.9,.956,0.3,1.8,2.1,4.5,1.0,0.1,1.9,1.9,18.0)
(1994,6,Gary Alexander,PF,24,TOT,11,0,5.0,0.7,1.3,.571,0.0,0.0,,0.7,1.3,.571,.571,0.3,0.8,.333,0.6,0.7,1.4,0.2,0.3,0.0,0.7,0.9,1.7)
(1994,10,Kenny Anderson,PG,23,NJN,82,82,38.2,7.0,16.8,.417,0.5,1.6,.303,6.5,15.2,.429,.432,4.2,5.2,.818,1.1,2.8,3.9,9.6,1.9,0.2,3.2,2.5,18.8)
(1994,14,Greg Anthony,PG,26,NYK,80,36,24.9,2.8,7.1,.394,0.6,2.0,.300,2.2,5.1,.431,.436,1.6,2.1,.774,0.5,1.8,2.4,4.6,1.4,0.2,1.6,2.0,7.9)
(1994,18,Stacey Augmon,SG,25,ATL,82,82,31.8,5.4,10.5,.510,0.0,0.1,.143,5.3,10.4,.513,.510,4.1,5.3,.764,2.2,2.6,4.8,2.3,1.8,0.5,1.8,2.2,14.8)
(1994,21,John Bagley,PG,33,ATL,3,0,4.3,0.0,0.7,.000,0.0,0.0,,0.0,0.7,.000,.000,0.7,0.7,1.000,0.0,0.3,0.3,1.0,0.0,0.0,0.0,0.7,0.7)
(1994,25,Dana Barros,PG,26,PHI,81,70,31.1,5.1,10.8,.469,1.7,4.4,.381,3.4,6.5,.529,.546,1.4,1.8,.800,0.3,2.1,2.4,5.2,1.3,0.1,2.1,1.2,13.3)
(1994,29,Tony Bennett,PG,24,CHH,74,5,13.3,1.4,3.6,.399,0.4,1.0,.360,1.1,2.5,.415,.451,0.1,0.2,.733,0.2,1.0,1.2,2.2,0.5,0.0,0.5,1.1,3.4)
(1994,33,Corie Blount,PF,25,CHI,67,8,10.3,1.1,2.6,.437,0.0,0.0,,1.1,2.6,.437,.437,0.7,1.1,.613,1.1,1.8,2.9,0.8,0.3,0.5,0.8,1.4,3.0)
(1994,37,Anthony Bonner,SF,25,NYK,73,38,19.2,2.2,3.9,.563,0.0,0.0,,2.2,3.9,.563,.563,0.7,1.4,.476,2.1,2.7,4.7,1.2,1.0,0.2,1.2,2.4,5.1)
(1994,Rk,Player,Pos,Age,Tm,G,GS,MP,FG,FGA,FG%,3P,3PA,3P%,2P,2PA,2P%,eFG%,FT,FTA,FT%,ORB,DRB,TRB,AST,STL,BLK,TOV,PF,PTS)
(1994,44,Kevin Brooks,SF,24,DEN,34,0,5.6,1.1,2.9,.364,0.1,0.7,.174,0.9,2.2,.421,.384,0.3,0.3,.900,0.1,0.5,0.6,0.1,0.0,0.1,0.4,0.6,2.5)
(1994,48,Mike Brown,C,30,MIN,82,40,23.4,1.4,3.2,.427,0.0,0.0,.000,1.4,3.1,.430,.427,0.9,1.4,.653,1.5,4.0,5.5,0.9,0.6,0.4,0.9,2.7,3.6)
(1994,52,Jud Buechler,SF,25,GSW,36,0,6.1,1.2,2.3,.500,0.3,0.8,.414,0.8,1.5,.545,.571,0.3,0.6,.500,0.4,0.5,0.9,0.4,0.2,0.0,0.3,0.7,2.9)
(1994,56,Willie Burton,SF,25,MIA,53,1,13.2,2.3,5.3,.438,0.1,0.3,.200,2.3,5.1,.451,.443,2.3,3.0,.759,0.9,1.6,2.6,0.7,0.3,0.4,1.0,1.8,7.0)
(1994,60,Tony Campbell,SF,31,TOT,63,14,19.3,3.6,8.1,.443,0.1,0.4,.250,3.5,7.7,.455,.450,1.5,1.9,.783,1.2,1.7,3.0,1.3,0.8,0.2,1.3,2.1,8.8)
(1994,63,Sam Cassell,PG,24,HOU,66,6,17.0,2.5,5.9,.418,0.4,1.3,.295,2.1,4.5,.453,.451,1.4,1.6,.841,0.4,1.7,2.0,2.9,0.9,0.1,1.4,2.1,6.7)
(1994,67,Rex Chapman,SG,26,WSB,60,59,33.8,7.2,14.4,.498,1.1,2.8,.388,6.1,11.7,.524,.535,2.8,3.4,.816,1.0,1.5,2.4,3.1,1.0,0.1,2.0,1.4,18.2)
(1994,71,Ben Coleman,PF,32,DET,9,0,8.6,1.3,2.8,.480,0.0,0.0,,1.3,2.8,.480,.480,0.4,0.9,.500,1.1,1.8,2.9,0.0,0.2,0.2,0.8,1.0,3.1)
(1994,75,Lester Conner,PG,34,IND,11,0,15.4,1.3,3.5,.368,0.0,0.3,.000,1.3,3.2,.400,.368,0.3,0.5,.500,0.9,1.3,2.2,2.8,1.3,0.1,0.8,1.1,2.8)
(1994,79,Chris Corchiani,PG,25,BOS,51,0,9.2,0.8,1.8,.426,0.2,0.7,.289,0.6,1.1,.518,.484,0.5,0.7,.684,0.2,0.7,0.9,1.7,0.4,0.0,0.7,0.9,2.3)
(1994,82,Terry Cummings,PF,32,SAS,59,29,19.2,3.1,7.3,.428,0.0,0.0,.000,3.1,7.2,.430,.428,1.1,1.8,.589,2.2,2.8,5.0,0.8,0.5,0.2,1.0,2.3,7.3)
(1994,86,Lloyd Daniels,SG,26,SAS,65,5,15.1,2.2,5.7,.376,0.7,1.9,.352,1.5,3.8,.389,.435,0.7,1.0,.719,0.7,1.0,1.7,1.4,0.4,0.2,0.9,1.1,5.7)
(1994,90,Dale Davis,PF,24,IND,66,64,34.7,4.7,8.8,.529,0.0,0.0,.000,4.7,8.8,.530,.529,2.3,4.5,.527,4.2,6.6,10.9,1.5,0.7,1.6,1.5,3.2,11.7)
(1994,94,Todd Day,SG,24,MIL,76,39,28.0,4.6,11.1,.415,0.4,1.9,.223,4.2,9.2,.456,.435,3.0,4.4,.698,1.5,2.6,4.1,1.8,1.4,0.7,1.7,2.9,12.7)
(1994,98,Dell Demps,PG,23,GSW,2,0,5.5,1.0,3.0,.333,0.0,0.0,,1.0,3.0,.333,.333,0.0,1.0,.000,0.0,0.0,0.0,0.5,1.0,0.0,0.5,0.5,2.0)
(1994,101,Greg Dreiling,C,31,DAL,54,19,12.7,1.0,1.9,.500,0.0,0.0,1.000,0.9,1.9,.495,.505,0.5,0.7,.711,0.9,2.3,3.1,0.6,0.3,0.4,0.8,2.9,2.4)
(1994,105,Joe Dumars*,SG,30,DET,69,69,37.6,7.3,16.2,.452,1.8,4.6,.388,5.5,11.6,.477,.507,4.0,4.8,.836,0.5,1.7,2.2,3.8,0.9,0.1,2.3,1.7,20.4)
(1994,109,Doug Edwards,PF,23,ATL,16,0,6.7,1.1,3.1,.347,0.0,0.1,.000,1.1,3.0,.354,.347,0.6,1.0,.563,0.4,0.7,1.1,0.5,0.1,0.3,0.4,0.6,2.7)
(1994,113,Mario Elie,SF,30,HOU,67,8,24.0,3.1,7.0,.446,0.8,2.5,.335,2.3,4.5,.508,.506,2.3,2.7,.860,0.4,2.3,2.7,3.1,0.7,0.1,1.6,1.9,9.3)
(1994,117,LaPhonso Ellis,PF,23,DEN,79,79,34.2,6.1,12.2,.502,0.1,0.3,.304,6.0,11.9,.506,.505,3.1,4.5,.674,2.8,5.8,8.6,2.1,0.8,1.0,2.2,3.8,15.4)
(1994,Rk,Player,Pos,Age,Tm,G,GS,MP,FG,FGA,FG%,3P,3PA,3P%,2P,2PA,2P%,eFG%,FT,FTA,FT%,ORB,DRB,TRB,AST,STL,BLK,TOV,PF,PTS)
(1994,124,Danny Ferry,PF,27,CLE,70,1,13.8,2.1,4.8,.446,0.2,0.7,.275,1.9,4.0,.477,.467,0.5,0.6,.884,0.7,1.3,2.0,1.1,0.4,0.3,0.6,1.6,5.0)
(1994,128,Greg Foster,PF,25,MIL,3,0,6.3,1.3,2.3,.571,0.0,0.0,,1.3,2.3,.571,.571,0.7,0.7,1.000,0.0,1.0,1.0,0.0,0.0,0.3,0.3,1.0,3.3)
(1994,132,Chad Gallagher,C,24,UTA,2,0,1.5,1.5,1.5,1.000,0.0,0.0,,1.5,1.5,1.000,1.000,0.0,0.0,,0.0,0.0,0.0,0.0,0.0,0.0,0.0,1.0,3.0)
(1994,136,Andrew Gaze,SG,28,WSB,7,0,10.0,1.1,2.4,.471,0.6,1.1,.500,0.6,1.3,.444,.588,0.3,0.3,1.000,0.1,0.9,1.0,0.7,0.3,0.1,0.4,1.3,3.1)
(1994,140,Mike Gminski,C,34,TOT,29,7,10.7,1.2,3.6,.350,0.0,0.0,,1.2,3.6,.350,.350,0.5,0.6,.778,0.8,1.8,2.6,0.4,0.4,0.6,0.4,0.8,3.0)
(1994,143,Paul Graham,SG,26,ATL,21,0,6.1,1.0,2.7,.368,0.1,0.6,.231,0.9,2.1,.409,.395,0.6,0.8,.765,0.2,0.4,0.6,0.6,0.2,0.2,0.2,0.5,2.8)
(1994,147,Josh Grant,PF,26,GSW,53,0,7.2,1.1,2.8,.404,0.3,1.2,.279,0.8,1.6,.494,.462,0.4,0.5,.759,0.5,1.2,1.7,0.5,0.3,0.2,0.6,1.2,3.0)
(1994,151,Sean Green,SG,23,TOT,36,0,9.3,1.8,5.1,.344,0.3,1.1,.244,1.5,3.9,.373,.372,0.4,0.5,.722,0.3,0.7,0.9,0.4,0.5,0.2,0.8,0.6,4.1)
(1994,155,Jack Haley,PF,30,SAS,28,0,3.4,0.8,1.7,.438,0.0,0.0,,0.8,1.7,.438,.438,0.6,0.8,.810,0.2,0.6,0.9,0.0,0.0,0.0,0.4,0.6,2.1)
(1994,159,Derek Harper,PG,32,TOT,82,55,26.9,3.7,9.1,.407,0.9,2.5,.360,2.8,6.6,.425,.456,1.4,2.0,.687,0.2,1.5,1.7,4.1,1.5,0.1,1.6,2.0,9.6)
(1994,162,Tony Harris,SG,26,BOS,5,0,17.6,1.8,6.2,.290,0.6,1.8,.333,1.2,4.4,.273,.339,4.6,5.0,.920,0.6,1.4,2.0,1.6,0.8,0.0,1.2,1.6,8.8)
(1994,166,Skeeter Henry,SG,26,PHO,4,0,3.8,0.3,1.3,.200,0.0,0.5,.000,0.3,0.8,.333,.200,0.5,1.0,.500,0.0,0.5,0.5,1.0,0.0,0.0,0.3,0.3,1.0)
(1994,170,Tyrone Hill,PF,25,CLE,57,20,25.4,3.8,7.0,.543,0.0,0.0,.000,3.8,6.9,.545,.543,3.0,4.5,.668,3.2,5.5,8.8,0.8,0.9,0.6,1.4,3.4,10.6)
(1994,174,Robert Horry,SF,23,HOU,81,81,29.3,4.0,8.7,.459,0.5,1.7,.324,3.4,7.0,.491,.490,1.4,1.9,.732,1.6,3.9,5.4,2.9,1.5,0.9,1.7,2.3,9.9)
(1994,178,Jay Humphries,SG,31,UTA,75,19,21.6,3.1,7.1,.436,0.5,1.3,.396,2.6,5.9,.444,.471,0.8,1.0,.750,0.5,1.2,1.7,2.9,0.9,0.1,1.3,2.2,7.5)
(1994,181,Jaren Jackson,SG,26,POR,29,0,6.4,1.2,3.0,.391,0.0,0.2,.000,1.2,2.8,.420,.391,0.4,0.5,.857,0.2,0.4,0.6,0.9,0.1,0.1,0.5,0.7,2.8)
(1994,185,Dave Jamerson,SG,26,TOT,5,0,2.8,0.0,1.4,.000,0.0,0.0,,0.0,1.4,.000,.000,0.4,0.6,.667,0.0,0.8,0.8,0.2,0.0,0.0,0.2,0.0,0.4)
(1994,189,Avery Johnson,PG,28,GSW,82,70,28.4,4.3,8.8,.492,0.0,0.1,.000,4.3,8.7,.500,.492,2.2,3.1,.704,0.5,1.6,2.1,5.3,1.4,0.1,2.1,2.0,10.9)
(1994,193,Frank Johnson,PG,35,PHO,70,5,12.5,1.9,4.3,.448,0.0,0.2,.167,1.9,4.1,.460,.452,0.8,1.0,.783,0.4,0.8,1.2,2.1,0.6,0.0,0.9,1.7,4.6)
(1994,197,Popeye Jones,PF,23,DAL,81,47,21.9,2.4,5.0,.479,0.0,0.0,.000,2.4,5.0,.480,.479,1.0,1.3,.729,3.7,3.8,7.5,1.2,0.8,0.4,1.2,3.0,5.8)
(1994,Rk,Player,Pos,Age,Tm,G,GS,MP,FG,FGA,FG%,3P,3PA,3P%,2P,2PA,2P%,eFG%,FT,FTA,FT%,ORB,DRB,TRB,AST,STL,BLK,TOV,PF,PTS)
(1994,205,Alec Kessler,PF,27,MIA,15,0,4.4,0.7,1.7,.440,0.3,0.6,.556,0.4,1.1,.375,.540,0.4,0.5,.750,0.3,0.4,0.7,0.1,0.1,0.1,0.3,0.9,2.2)
(1994,209,Stacey King,C,27,TOT,49,30,21.5,3.0,7.0,.428,0.0,0.0,.000,3.0,6.9,.431,.428,1.9,2.8,.684,1.8,3.1,4.9,1.2,0.6,0.9,1.7,2.5,7.9)
(1994,213,Jon Koncak,C,30,ATL,82,78,22.2,1.9,4.5,.431,0.0,0.0,.000,1.9,4.5,.434,.431,0.3,0.4,.667,1.0,3.4,4.5,1.2,0.8,1.5,0.5,2.9,4.2)
(1994,217,Bill Laimbeer,C,36,DET,11,5,22.5,4.3,8.2,.522,0.3,0.8,.333,4.0,7.4,.543,.539,1.0,1.2,.846,0.8,4.3,5.1,1.3,0.5,0.4,0.9,2.7,9.8)
(1994,Rk,Player,Pos,Age,Tm,G,GS,MP,FG,FGA,FG%,3P,3PA,3P%,2P,2PA,2P%,eFG%,FT,FTA,FT%,ORB,DRB,TRB,AST,STL,BLK,TOV,PF,PTS)
(1994,224,Todd Lichti,SG,27,TOT,13,0,9.7,1.5,3.9,.392,0.2,0.2,1.000,1.4,3.8,.367,.412,1.2,1.9,.640,0.6,1.1,1.7,0.8,0.5,0.1,0.4,1.2,4.5)
(1994,228,George Lynch,SF,23,LAL,71,46,24.8,4.1,8.1,.508,0.0,0.1,.000,4.1,8.0,.512,.508,1.4,2.3,.596,3.1,2.7,5.8,1.4,1.4,0.4,1.2,2.5,9.6)
(1994,232,Gerald Madkins,SG,24,CLE,22,0,6.8,0.5,1.4,.355,0.2,0.7,.333,0.3,0.7,.375,.435,0.4,0.5,.800,0.0,0.5,0.5,0.9,0.4,0.0,0.6,0.7,1.6)
(1994,236,Karl Malone*,PF,30,UTA,82,82,40.6,9.4,18.9,.497,0.1,0.4,.250,9.3,18.5,.503,.500,6.2,9.0,.694,2.9,8.6,11.5,4.0,1.5,1.5,2.9,3.3,25.2)
(1994,240,Bob Martin,C,24,LAC,53,1,10.1,0.8,1.7,.455,0.0,0.0,,0.8,1.7,.455,.455,0.6,1.0,.608,0.7,1.5,2.2,0.3,0.2,0.6,0.5,2.0,2.1)
(1994,243,Marlon Maxey,PF,24,MIN,55,2,11.4,1.6,3.0,.533,0.0,0.0,.000,1.6,3.0,.539,.533,1.3,1.8,.714,1.4,2.3,3.6,0.2,0.3,0.6,0.7,2.1,4.5)
(1994,247,Derrick McKey,SF,27,IND,76,76,34.4,4.7,9.3,.500,0.1,0.4,.290,4.6,8.9,.510,.506,2.5,3.3,.756,1.7,3.6,5.3,4.3,1.5,0.6,3.0,3.3,12.0)
(1994,251,Reggie Miller*,SG,28,IND,79,79,33.4,6.6,13.2,.503,1.6,3.7,.421,5.1,9.5,.535,.562,5.1,5.6,.908,0.4,2.3,2.7,3.1,1.5,0.3,2.2,2.4,19.9)
(1994,255,Sam Mitchell,PF,30,IND,75,18,14.5,1.9,4.1,.458,0.0,0.1,.000,1.9,4.0,.465,.458,1.1,1.5,.745,0.9,1.6,2.5,0.9,0.4,0.1,0.7,2.0,4.8)
(1994,259,Alonzo Mourning*,C,23,CHH,60,59,33.6,7.1,14.1,.505,0.0,0.0,.000,7.1,14.1,.507,.505,7.2,9.5,.762,3.0,7.2,10.2,1.4,0.5,3.1,3.3,3.5,21.5)
(1994,262,Gheorghe Muresan,C,22,WSB,54,2,12.0,2.4,4.4,.545,0.0,0.0,,2.4,4.4,.545,.545,0.9,1.3,.676,1.2,2.3,3.6,0.3,0.5,0.9,1.0,2.2,5.6)
(1994,266,Dikembe Mutombo*,C,27,DEN,82,82,34.8,4.5,7.8,.569,0.0,0.0,.000,4.5,7.8,.569,.569,3.1,5.4,.583,3.5,8.4,11.8,1.5,0.7,4.1,2.5,3.2,12.0)
(1994,270,Johnny Newman,SF,30,TOT,81,18,21.0,3.9,8.2,.471,0.3,1.1,.267,3.6,7.1,.503,.489,2.2,2.8,.809,1.1,1.2,2.2,0.9,0.9,0.3,1.1,2.4,10.3)
(1994,274,Charles Oakley,PF,30,NYK,82,82,35.8,4.4,9.3,.478,0.0,0.0,.000,4.4,9.2,.480,.478,3.0,3.8,.776,4.3,7.5,11.8,2.7,1.3,0.2,2.4,3.6,11.8)
(1994,278,Doug Overton,PG,24,WSB,61,1,12.3,1.4,3.5,.403,0.0,0.2,.091,1.4,3.4,.420,.405,0.7,0.9,.827,0.3,0.8,1.1,1.5,0.3,0.0,0.9,0.8,3.6)
(1994,281,Gerald Paddio,SF,28,TOT,18,1,7.6,1.2,3.3,.367,0.0,0.1,.000,1.2,3.3,.373,.367,0.5,0.9,.563,0.3,0.6,0.9,0.6,0.2,0.0,0.3,0.5,2.9)
(1994,285,Anthony Peeler,SG,24,LAL,30,30,30.8,5.9,13.6,.430,0.5,2.1,.222,5.4,11.5,.468,.447,1.9,2.4,.803,1.6,2.0,3.6,3.1,1.4,0.3,2.0,3.1,14.1)
(1994,289,Elliot Perry,PG,24,PHO,27,9,16.0,1.6,4.2,.372,0.0,0.1,.000,1.6,4.1,.382,.372,0.8,1.0,.750,0.4,1.0,1.4,4.6,0.9,0.0,1.6,1.3,3.9)
(1994,293,Bobby Phills,SG,24,CLE,72,53,21.3,3.4,7.1,.471,0.0,0.2,.083,3.3,7.0,.480,.472,1.6,2.2,.720,1.0,2.0,2.9,1.8,0.9,0.2,0.9,1.9,8.3)
(1994,297,Olden Polynice,C,29,TOT,68,65,35.3,5.1,9.7,.523,0.0,0.0,.000,5.1,9.7,.524,.523,1.4,2.8,.508,4.4,7.5,11.9,0.6,0.6,1.0,1.1,2.8,11.6)
(1994,Rk,Player,Pos,Age,Tm,G,GS,MP,FG,FGA,FG%,3P,3PA,3P%,2P,2PA,2P%,eFG%,FT,FTA,FT%,ORB,DRB,TRB,AST,STL,BLK,TOV,PF,PTS)
(1994,304,J.R. Reid,PF,25,SAS,70,11,19.2,3.7,7.6,.491,0.0,0.0,.000,3.7,7.5,.493,.491,1.5,2.2,.699,1.3,1.8,3.1,1.0,0.6,0.4,1.2,2.4,9.0)
(1994,308,Isaiah Rider,SG,22,MIN,79,60,30.6,6.6,14.1,.468,0.7,1.9,.360,5.9,12.2,.485,.492,2.7,3.4,.811,1.5,2.5,4.0,2.6,0.7,0.4,2.8,2.5,16.6)
(1994,312,Clifford Robinson,C,27,POR,82,64,34.8,7.8,17.1,.457,0.2,0.6,.245,7.7,16.5,.465,.461,4.3,5.6,.765,2.0,4.7,6.7,1.9,1.4,1.4,2.1,3.2,20.1)
(1994,316,Rumeal Robinson,PG,27,TOT,31,0,12.8,1.8,4.9,.362,0.3,0.6,.400,1.5,4.3,.356,.388,0.4,0.9,.448,0.2,0.8,1.0,2.0,0.6,0.1,1.4,1.5,4.2)
(1994,320,Sean Rooks,C,24,DAL,47,28,26.7,4.1,8.4,.491,0.0,0.0,.000,4.1,8.3,.492,.491,3.2,4.5,.714,1.8,3.7,5.5,1.0,0.4,0.9,1.7,2.3,11.4)
(1994,323,John Salley,PF,29,MIA,76,45,25.1,2.7,5.7,.477,0.0,0.0,.667,2.7,5.7,.476,.479,2.2,3.0,.729,1.7,3.6,5.4,1.8,0.7,1.0,1.2,3.4,7.7)
(1994,327,Detlef Schrempf,SF,31,SEA,81,80,33.7,5.5,11.1,.493,0.3,0.8,.324,5.2,10.3,.507,.505,3.7,4.8,.769,1.8,3.8,5.6,3.4,0.9,0.1,2.1,3.4,15.0)
(1994,331,Rony Seikaly,C,28,MIA,72,60,33.5,5.4,11.2,.488,0.0,0.0,.000,5.4,11.1,.489,.488,4.2,5.9,.720,3.4,6.9,10.3,1.9,0.8,1.4,2.7,3.9,15.1)
(1994,335,Charles Smith,SF,28,NYK,43,21,25.7,4.1,9.2,.443,0.2,0.4,.500,3.9,8.9,.441,.453,2.0,2.8,.719,1.5,2.3,3.8,1.2,0.6,1.0,1.5,3.3,10.4)
(1994,339,LaBradford Smith,SG,24,TOT,66,2,13.3,1.9,4.6,.405,0.3,0.9,.350,1.6,3.7,.419,.440,1.0,1.3,.750,0.5,0.8,1.3,1.7,0.6,0.1,0.8,1.5,5.0)
(1994,342,Tony Smith,SG,25,LAL,73,31,22.2,3.7,8.5,.441,0.2,0.7,.320,3.5,7.8,.451,.454,1.2,1.6,.714,1.5,1.2,2.7,2.0,0.8,0.2,1.0,1.8,8.8)
(1994,346,Felton Spencer,C,26,UTA,79,79,28.0,3.2,6.4,.505,0.0,0.0,,3.2,6.4,.505,.505,2.1,3.4,.607,3.0,5.4,8.3,0.5,0.5,0.8,1.6,3.8,8.6)
(1994,350,Bryant Stith,SG,23,DEN,82,82,34.8,4.5,9.9,.450,0.0,0.1,.222,4.4,9.8,.453,.451,3.5,4.3,.829,1.5,2.8,4.3,2.4,1.4,0.2,1.6,2.0,12.5)
(1994,354,Isiah Thomas*,PG,32,DET,58,56,30.2,5.5,13.2,.417,0.7,2.2,.310,4.8,11.0,.438,.442,3.1,4.4,.702,0.8,1.9,2.7,6.9,1.2,0.1,3.5,2.2,14.8)
(1994,358,Sedale Threatt,PG,32,LAL,81,20,28.1,5.1,10.5,.482,0.1,0.4,.152,5.0,10.1,.496,.485,1.7,1.9,.890,0.3,1.5,1.9,4.2,1.4,0.2,1.3,2.3,11.9)
(1994,361,Sedric Toney,PG,31,CLE,12,0,5.3,0.2,1.0,.167,0.0,0.1,.000,0.2,0.9,.182,.167,0.2,0.2,1.000,0.1,0.2,0.3,0.9,0.0,0.0,0.4,0.7,0.5)
(1994,365,Loy Vaught,PF,25,LAC,75,56,28.2,5.0,9.3,.537,0.0,0.1,.000,5.0,9.2,.541,.537,1.7,2.4,.720,2.9,5.8,8.7,1.0,1.0,0.3,1.3,2.9,11.7)
(1994,369,Spud Webb,PG,30,SAC,79,62,32.5,4.7,10.3,.460,0.7,2.1,.335,4.0,8.2,.492,.494,2.6,3.2,.813,0.6,2.3,2.8,6.7,1.2,0.3,2.1,2.3,12.7)
(1994,373,David Wesley,PG,23,NJN,60,0,9.0,1.1,2.9,.368,0.2,0.8,.234,0.9,2.1,.417,.399,0.7,0.9,.830,0.2,0.6,0.7,2.1,0.6,0.1,0.9,0.8,3.1)
(1994,377,Randy White,PF,26,DAL,18,3,17.8,2.5,6.2,.402,0.3,1.1,.300,2.2,5.1,.424,.429,1.1,1.8,.576,1.7,2.9,4.6,0.6,0.6,0.6,1.0,2.6,6.4)
(1994,Rk,Player,Pos,Age,Tm,G,GS,MP,FG,FGA,FG%,3P,3PA,3P%,2P,2PA,2P%,eFG%,FT,FTA,FT%,ORB,DRB,TRB,AST,STL,BLK,TOV,PF,PTS)
(1994,384,Corey Williams,PG,23,MIN,4,0,11.5,1.3,3.3,.385,0.0,0.3,.000,1.3,3.0,.417,.385,0.3,0.3,1.000,0.3,1.3,1.5,1.5,0.5,0.0,0.5,1.5,2.8)
(1994,388,John Williams,SF,27,LAC,34,6,21.3,2.4,5.5,.431,0.1,0.6,.250,2.2,4.9,.452,.444,0.7,1.1,.667,1.1,2.6,3.7,2.9,0.7,0.3,1.0,2.5,5.6)
(1994,392,Reggie Williams,SF,29,DEN,82,68,32.4,5.1,12.4,.412,0.8,2.8,.278,4.3,9.6,.452,.444,2.0,2.7,.733,1.2,3.6,4.8,3.7,1.4,0.8,2.0,3.5,13.0)
(1994,396,Trevor Wilson,PF,25,TOT,57,13,21.4,3.3,6.8,.482,0.0,0.0,.000,3.3,6.8,.484,.482,1.6,2.9,.554,2.1,2.7,4.8,1.3,0.7,0.2,1.6,2.2,8.2)
(1994,400,Orlando Woolridge,SF,34,PHI,74,1,26.4,4.9,10.4,.471,0.0,0.2,.071,4.9,10.3,.478,.472,2.8,4.1,.689,1.4,2.6,4.0,1.9,0.6,0.8,1.9,2.5,12.7)
(1994,403,Luther Wright,C,22,UTA,15,2,6.1,0.5,1.5,.348,0.0,0.1,.000,0.5,1.5,.364,.348,0.2,0.3,.750,0.4,0.3,0.7,0.0,0.1,0.1,0.4,1.4,1.3)
