(1994,3,Michael Adams,PG,31,WSB,70,67,33.4,4.1,10.0,.408,0.8,2.7,.288,3.3,7.2,.454,.448,3.2,3.9,.830,0.5,2.1,2.6,6.9,1.4,0.1,2.4,2.0,12.1)
(1994,7,Victor Alexander,C,24,GSW,69,39,19.1,3.9,7.3,.530,0.0,0.2,.154,3.8,7.1,.540,.532,1.0,1.9,.527,1.7,2.8,4.5,1.0,0.4,0.5,1.2,2.4,8.7)
(1994,11,Nick Anderson,SG,26,ORL,81,81,34.7,6.2,13.0,.478,1.2,3.9,.322,5.0,9.1,.545,.526,2.1,3.1,.672,1.4,4.5,5.9,3.6,1.7,0.4,2.0,1.8,15.8)
(1994,15,B.J. Armstrong,PG,26,CHI,82,82,33.8,5.8,12.3,.476,0.7,1.6,.444,5.1,10.6,.481,.505,2.4,2.8,.855,0.3,1.7,2.1,3.9,1.0,0.1,1.6,1.8,14.8)
(1994,19,Isaac Austin,C,24,PHI,14,0,14.4,2.1,4.7,.439,0.0,0.1,.000,2.1,4.6,.446,.439,1.0,1.6,.609,1.8,3.1,4.9,1.2,0.4,0.7,1.2,2.1,5.1)
(1994,22,Thurl Bailey,PF,32,MIN,79,3,16.4,2.9,5.8,.510,0.0,0.0,.000,2.9,5.7,.512,.510,1.5,1.9,.799,0.8,1.9,2.7,0.7,0.3,0.7,0.7,1.2,7.4)
(1994,26,Jon Barry,SG,24,MIL,72,7,17.3,2.2,5.3,.414,0.4,1.6,.278,1.8,3.7,.472,.455,1.3,1.7,.795,0.5,1.5,2.0,2.3,1.4,0.2,1.2,1.5,6.2)
(1994,30,David Benoit,SF,25,UTA,55,18,19.5,2.5,6.6,.385,0.2,1.1,.203,2.3,5.5,.421,.402,1.2,1.6,.773,1.6,3.1,4.7,0.4,0.4,0.7,0.7,2.1,6.5)
(1994,34,Muggsy Bogues,PG,29,CHH,77,77,35.7,4.6,9.8,.471,0.0,0.2,.167,4.6,9.6,.476,.473,1.6,2.0,.806,1.0,3.1,4.1,10.1,1.7,0.0,2.2,1.9,10.8)
(1994,38,Anthony Bowie,SG,30,ORL,70,0,13.5,2.0,4.1,.481,0.0,0.3,.056,2.0,3.9,.509,.483,0.6,0.7,.837,0.4,1.3,1.7,1.5,0.5,0.2,0.8,1.2,4.6)
(1994,41,Terrell Brandon,PG,23,CLE,73,10,21.2,3.2,7.5,.420,0.1,0.4,.219,3.1,7.1,.432,.426,1.9,2.2,.858,0.5,1.7,2.2,3.8,1.2,0.2,1.5,1.5,8.3)
(1994,45,Scott Brooks,PG,28,HOU,73,0,16.8,1.9,4.0,.491,0.3,0.8,.377,1.6,3.1,.522,.531,1.0,1.2,.871,0.1,1.3,1.4,2.0,0.7,0.0,0.8,1.3,5.2)
(1994,49,P.J. Brown,C,24,NJN,79,54,24.7,2.1,5.1,.415,0.0,0.1,.167,2.1,5.0,.419,.417,1.5,1.9,.757,2.4,3.9,6.2,1.2,0.9,1.2,0.9,2.2,5.7)
(1994,53,Matt Bullard,PF,26,HOU,65,0,11.2,1.2,3.5,.345,0.8,2.4,.325,0.4,1.1,.389,.456,0.3,0.4,.769,0.4,0.9,1.3,1.0,0.2,0.1,0.4,1.0,3.5)
(1994,57,Mitchell Butler,SG,23,WSB,75,19,17.6,2.8,5.6,.495,0.0,0.1,.000,2.8,5.5,.501,.495,1.4,2.4,.578,1.4,1.6,3.0,1.0,0.7,0.3,1.2,1.7,6.9)
(1994,Rk,Player,Pos,Age,Tm,G,GS,MP,FG,FGA,FG%,3P,3PA,3P%,2P,2PA,2P%,eFG%,FT,FTA,FT%,ORB,DRB,TRB,AST,STL,BLK,TOV,PF,PTS)
(1994,64,Duane Causwell,C,25,SAC,41,8,16.4,1.7,3.3,.518,0.0,0.0,,1.7,3.3,.518,.518,1.0,1.7,.588,1.7,2.9,4.5,0.3,0.5,1.2,0.8,2.7,4.4)
(1994,68,Calbert Cheaney,SG,22,WSB,65,21,24.7,5.0,10.7,.470,0.0,0.4,.043,5.0,10.4,.484,.471,1.9,2.5,.770,1.4,1.6,2.9,1.9,1.0,0.2,1.7,2.3,12.0)
(1994,72,Derrick Coleman,PF,26,NJN,77,77,36.1,7.0,15.7,.447,0.5,1.6,.314,6.5,14.1,.462,.463,5.7,7.4,.774,3.4,7.9,11.3,3.4,0.9,1.8,2.7,2.7,20.2)
(1994,76,Anthony Cook,PF,26,TOT,25,0,8.1,1.0,2.2,.481,0.0,0.0,.000,1.0,2.1,.491,.481,0.4,1.0,.400,0.8,1.4,2.2,0.2,0.1,0.6,0.5,0.9,2.5)
(1994,80,Joe Courtney,PF,24,TOT,52,1,6.6,1.3,2.8,.453,0.0,0.1,.667,1.3,2.8,.448,.459,0.6,0.9,.681,0.5,0.5,1.1,0.3,0.2,0.2,0.4,0.8,3.2)
(1994,83,Earl Cureton,PF,36,HOU,2,0,15.0,1.0,4.0,.250,0.0,0.0,,1.0,4.0,.250,.250,0.0,1.0,.000,2.0,4.0,6.0,0.0,0.0,0.0,0.5,2.0,2.0)
(1994,87,Brad Daugherty,C,28,CLE,50,50,36.8,5.9,12.1,.488,0.0,0.0,,5.9,12.1,.488,.488,5.1,6.5,.785,2.6,7.6,10.2,3.0,0.8,0.7,2.2,2.9,17.0)
(1994,91,Hubert Davis,SG,23,NYK,56,27,23.8,4.3,9.0,.471,0.9,2.4,.402,3.3,6.7,.496,.524,1.5,1.8,.825,0.4,0.8,1.2,2.9,0.7,0.1,1.4,2.1,11.0)
(1994,95,Terry Dehere,PG,22,LAC,64,6,11.9,2.0,5.3,.377,0.4,0.9,.404,1.7,4.5,.372,.411,1.0,1.3,.753,0.4,0.7,1.1,1.2,0.4,0.0,1.0,1.1,5.3)
(1994,99,Vlade Divac,C,25,LAL,79,73,34.0,5.7,11.3,.506,0.1,0.6,.191,5.6,10.7,.524,.511,2.6,3.8,.686,3.6,7.2,10.8,3.9,1.2,1.4,2.4,3.6,14.2)
(1994,102,Clyde Drexler*,SG,31,POR,68,68,34.3,7.0,16.3,.428,1.0,3.2,.324,5.9,13.0,.454,.460,4.2,5.4,.777,2.3,4.3,6.5,4.9,1.4,0.5,2.5,3.0,19.2)
(1994,106,Acie Earl,C,23,BOS,74,8,15.5,2.0,5.0,.406,0.0,0.0,.000,2.0,5.0,.407,.406,1.5,2.2,.675,1.1,2.2,3.3,0.2,0.3,0.7,1.0,2.4,5.5)
(1994,110,James Edwards,C,38,LAL,45,2,10.4,1.7,3.7,.464,0.0,0.0,,1.7,3.7,.464,.464,1.2,1.8,.684,0.2,1.2,1.4,0.5,0.1,0.1,0.7,2.0,4.7)
(1994,114,Sean Elliott,SF,25,DET,73,73,33.0,4.9,10.8,.455,0.4,1.2,.299,4.6,9.6,.474,.472,1.9,2.4,.803,0.9,2.7,3.6,2.7,0.7,0.4,1.8,2.4,12.1)
(1994,118,LeRon Ellis,C,24,CHH,50,1,13.6,1.8,3.6,.484,0.0,0.0,,1.8,3.6,.484,.484,0.9,1.4,.662,1.4,2.4,3.8,0.5,0.3,0.5,0.4,1.7,4.4)
(1994,121,Patrick Ewing*,C,31,NYK,79,79,37.6,9.4,19.0,.496,0.1,0.2,.286,9.4,18.8,.498,.497,5.6,7.4,.765,2.8,8.4,11.2,2.3,1.1,2.7,3.3,3.5,24.5)
(1994,125,Vern Fleming,PG,31,IND,55,5,19.1,2.7,5.8,.462,0.0,0.1,.000,2.7,5.7,.468,.462,1.2,1.6,.736,0.5,1.7,2.2,3.1,0.7,0.1,1.6,1.8,6.5)
(1994,129,Rick Fox,SF,24,BOS,82,53,25.6,4.1,8.9,.467,0.4,1.2,.330,3.7,7.7,.489,.490,2.1,2.8,.757,1.3,3.0,4.3,2.6,1.0,0.6,1.9,3.0,10.8)
(1994,133,Kevin Gamble,SF,28,BOS,75,28,25.1,4.9,10.7,.458,0.3,1.4,.243,4.6,9.3,.489,.473,1.4,1.7,.817,0.5,1.6,2.1,2.0,0.8,0.3,1.0,1.8,11.5)
(1994,137,Matt Geiger,C,24,MIA,72,0,16.7,2.8,4.9,.574,0.0,0.1,.200,2.8,4.8,.579,.575,1.6,2.1,.779,1.7,2.6,4.2,0.4,0.5,0.4,0.8,2.8,7.2)
(1994,Rk,Player,Pos,Age,Tm,G,GS,MP,FG,FGA,FG%,3P,3PA,3P%,2P,2PA,2P%,eFG%,FT,FTA,FT%,ORB,DRB,TRB,AST,STL,BLK,TOV,PF,PTS)
(1994,144,Gary Grant,PG,28,LAC,78,8,19.7,3.2,7.2,.449,0.2,0.8,.274,3.0,6.4,.471,.464,0.8,1.0,.855,0.5,1.3,1.8,3.7,1.5,0.2,1.7,1.8,7.5)
(1994,148,Jeff Grayer,SG,28,GSW,67,4,16.4,2.9,5.4,.526,0.0,0.2,.167,2.8,5.2,.538,.529,1.1,1.8,.602,1.1,1.7,2.9,0.9,0.5,0.2,0.9,1.5,6.8)
(1994,152,Tom Gugliotta,PF,24,WSB,78,78,35.8,6.9,14.9,.466,0.5,1.9,.270,6.4,13.0,.495,.483,2.7,4.0,.685,2.4,6.9,9.3,3.5,2.2,0.7,3.2,2.2,17.1)
(1994,156,Geert Hammink,C,24,ORL,1,0,3.0,1.0,3.0,.333,0.0,0.0,,1.0,3.0,.333,.333,0.0,0.0,,1.0,0.0,1.0,1.0,0.0,0.0,0.0,1.0,2.0)
(1994,160,Ron Harper,SG,30,LAC,75,75,38.1,7.6,17.8,.426,0.9,3.1,.301,6.6,14.7,.453,.453,4.0,5.6,.715,1.7,4.4,6.1,4.6,1.9,0.7,3.2,2.2,20.1)
(1994,163,Antonio Harvey,PF,23,LAL,27,6,9.1,1.1,2.9,.367,0.0,0.0,,1.1,2.9,.367,.367,0.4,1.0,.462,1.0,1.2,2.2,0.2,0.3,0.7,0.6,1.4,2.6)
(1994,167,Steve Henson,PG,25,CHH,3,0,5.7,0.3,0.7,.500,0.3,0.3,1.000,0.0,0.3,.000,.750,0.0,0.0,,0.0,0.3,0.3,1.7,0.0,0.0,0.3,1.0,1.0)
(1994,171,Donald Hodge,C,24,DAL,50,0,8.6,0.9,2.0,.455,0.0,0.0,,0.9,2.0,.455,.455,0.9,1.0,.846,0.9,1.0,1.9,0.6,0.3,0.3,0.6,1.3,2.7)
(1994,175,Allan Houston,SG,22,DET,79,20,19.2,3.4,8.5,.405,0.4,1.5,.299,3.0,7.0,.428,.431,1.1,1.4,.824,0.2,1.3,1.5,1.3,0.4,0.2,1.3,2.1,8.5)
(1994,179,Lindsey Hunter,PG,23,DET,82,26,26.5,4.1,10.9,.375,0.8,2.5,.333,3.2,8.4,.388,.414,1.3,1.7,.732,0.6,1.7,2.3,4.8,1.5,0.1,2.2,2.1,10.3)
(1994,182,Jim Jackson,SG,23,DAL,82,82,37.4,7.8,17.5,.445,0.2,0.7,.283,7.6,16.7,.452,.451,3.5,4.2,.821,2.1,2.7,4.7,4.6,1.1,0.3,4.1,2.0,19.2)
(1994,186,Henry James,PF,28,LAC,12,0,6.3,1.3,3.5,.381,0.3,1.5,.222,1.0,2.0,.500,.429,0.4,0.4,1.000,0.5,0.7,1.2,0.1,0.2,0.0,0.2,0.8,3.4)
(1994,190,Dave Johnson,SG,23,CHI,17,0,7.0,1.0,3.2,.315,0.0,0.1,.000,1.0,3.1,.321,.315,0.8,1.2,.619,0.5,0.4,0.9,0.2,0.2,0.0,0.5,0.4,2.8)
(1994,194,Kevin Johnson,PG,27,PHO,67,67,36.6,7.1,14.6,.487,0.1,0.4,.222,7.0,14.2,.494,.490,5.7,6.9,.819,0.8,1.7,2.5,9.5,1.9,0.1,3.5,1.9,20.0)
(1994,198,Adonis Jordan,PG,23,DEN,6,0,13.2,1.0,3.8,.261,0.5,1.7,.300,0.5,2.2,.231,.326,0.0,0.0,,0.5,0.5,1.0,3.2,0.0,0.2,1.0,1.0,2.5)
(1994,201,Shawn Kemp,PF,24,SEA,79,73,32.9,6.7,12.5,.538,0.0,0.1,.250,6.7,12.5,.540,.539,4.6,6.2,.741,3.9,6.8,10.8,2.6,1.8,2.1,3.3,3.9,18.1)
(1994,206,Warren Kidd,PF,23,PHI,68,14,13.0,1.5,2.5,.592,0.0,0.0,,1.5,2.5,.592,.592,0.7,1.3,.547,1.1,2.3,3.4,0.3,0.3,0.3,0.6,1.9,3.6)
(1994,210,Greg Kite,C,32,ORL,29,0,10.7,0.4,1.2,.371,0.0,0.0,,0.4,1.2,.371,.371,0.3,0.8,.364,0.8,1.7,2.4,0.1,0.1,0.4,0.6,2.1,1.2)
(1994,214,Larry Krystkowiak,PF,29,ORL,34,11,20.1,2.1,4.4,.480,0.0,0.0,.000,2.1,4.3,.483,.480,0.9,1.1,.795,1.1,2.5,3.6,1.0,0.4,0.1,0.9,2.2,5.1)
(1994,218,Andrew Lang,C,27,ATL,82,0,19.6,2.6,5.6,.469,0.0,0.0,.250,2.6,5.5,.471,.471,0.9,1.3,.689,1.5,2.3,3.8,0.6,0.5,1.1,1.0,2.3,6.1)
(1994,221,Jim Les,PG,30,SAC,18,0,9.4,0.7,1.9,.382,0.4,1.0,.444,0.3,0.9,.313,.500,0.6,0.7,.846,0.3,0.4,0.7,2.2,0.4,0.1,0.6,0.9,2.5)
(1994,225,Brad Lohaus,PF,29,MIL,67,2,14.4,1.5,4.2,.363,0.7,2.0,.343,0.8,2.2,.381,.445,0.3,0.4,.690,0.5,1.7,2.2,0.9,0.4,0.8,0.9,2.1,4.0)
(1994,229,Malcolm Mackey,C,23,PHO,22,0,3.1,0.6,1.7,.378,0.0,0.1,.000,0.6,1.6,.400,.378,0.2,0.4,.500,0.5,0.5,1.1,0.0,0.0,0.1,0.1,0.4,1.5)
(1994,233,Rick Mahorn,PF,35,NJN,28,0,8.1,0.8,1.7,.489,0.0,0.0,.000,0.8,1.6,.500,.489,0.5,0.7,.650,0.6,1.4,1.9,0.2,0.1,0.2,0.3,1.4,2.1)
(1994,237,Moses Malone*,C,38,PHI,55,0,11.2,1.9,4.2,.440,0.0,0.0,.000,1.9,4.2,.442,.440,1.6,2.1,.769,1.9,2.2,4.1,0.6,0.2,0.3,1.1,0.9,5.3)
(1994,Rk,Player,Pos,Age,Tm,G,GS,MP,FG,FGA,FG%,3P,3PA,3P%,2P,2PA,2P%,eFG%,FT,FTA,FT%,ORB,DRB,TRB,AST,STL,BLK,TOV,PF,PTS)
(1994,244,Vernon Maxwell,SG,28,HOU,75,73,34.3,5.1,13.0,.389,1.6,5.4,.298,3.5,7.6,.454,.451,1.9,2.5,.749,0.6,2.5,3.1,5.1,1.7,0.3,2.5,1.9,13.6)
(1994,248,Nate McMillan,PG,29,SEA,73,8,25.8,2.4,5.4,.447,0.7,1.8,.391,1.7,3.6,.475,.513,0.4,0.8,.564,0.7,3.2,3.9,5.3,3.0,0.3,1.7,2.8,6.0)
(1994,252,Chris Mills,SF,24,CLE,79,18,25.6,3.6,8.6,.419,0.5,1.5,.311,3.1,7.0,.443,.448,1.7,2.2,.778,1.7,3.4,5.1,1.6,0.7,0.6,1.1,2.9,9.4)
(1994,256,Tracy Moore,SG,28,DET,3,0,3.3,0.7,1.0,.667,0.0,0.0,,0.7,1.0,.667,.667,0.7,0.7,1.000,0.0,0.3,0.3,0.0,0.7,0.0,0.0,0.0,2.0)
(1994,260,Chris Mullin*,SF,30,GSW,62,39,37.5,6.6,14.0,.472,0.9,2.4,.364,5.7,11.6,.494,.503,2.7,3.5,.753,1.0,4.5,5.6,5.1,1.7,0.9,2.9,1.8,16.8)
(1994,263,Tod Murphy,PF,30,TOT,9,0,7.4,0.7,1.3,.500,0.0,0.0,,0.7,1.3,.500,.500,0.3,0.7,.500,0.4,0.7,1.1,0.4,0.2,0.0,0.1,1.1,1.7)
(1994,267,Pete Myers,SG,30,CHI,82,81,24.8,3.1,6.8,.455,0.1,0.4,.276,3.0,6.4,.465,.462,1.7,2.4,.701,0.7,1.5,2.2,3.0,1.0,0.2,1.7,2.4,7.9)
(1994,271,Ken Norman,SF,29,MIL,82,75,31.0,5.0,11.2,.448,0.8,2.3,.333,4.3,8.9,.478,.483,1.1,2.2,.503,2.1,4.0,6.1,2.7,0.7,0.6,1.8,2.5,11.9)
(1994,275,Hakeem Olajuwon*,C,31,HOU,80,80,41.0,11.2,21.2,.528,0.1,0.2,.421,11.1,20.9,.529,.530,4.9,6.8,.716,2.9,9.1,11.9,3.6,1.6,3.7,3.4,3.6,27.3)
(1994,279,Billy Owens,PF,24,GSW,79,72,34.7,6.2,12.3,.507,0.0,0.2,.200,6.2,12.1,.512,.508,2.5,4.1,.610,2.9,5.2,8.1,4.1,1.1,0.8,2.7,3.4,15.0)
(1994,282,Robert Parish*,C,40,BOS,74,74,26.9,4.8,9.8,.491,0.0,0.0,,4.8,9.8,.491,.491,2.1,2.8,.740,1.9,5.4,7.3,1.1,0.6,1.3,1.5,2.6,11.7)
(1994,286,Mike Peplowski,C,23,SAC,55,19,12.1,1.4,2.6,.539,0.0,0.0,.000,1.4,2.5,.543,.539,0.4,0.8,.545,0.9,2.2,3.1,0.4,0.3,0.5,0.6,2.4,3.2)
(1994,290,Tim Perry,PF,28,PHI,80,68,29.2,3.4,7.8,.435,0.9,2.5,.365,2.5,5.3,.468,.494,1.3,2.2,.580,1.5,3.6,5.1,1.2,0.8,1.0,1.0,1.9,9.0)
(1994,294,Ricky Pierce,SG,34,SEA,51,0,20.0,5.3,11.3,.471,0.1,0.6,.188,5.2,10.7,.488,.477,3.7,4.1,.896,0.6,1.1,1.6,1.8,0.8,0.1,1.3,1.6,14.5)
(1994,298,Terry Porter,PG,30,POR,77,34,26.9,4.5,10.9,.416,1.4,3.7,.390,3.1,7.2,.430,.482,2.6,3.0,.872,0.6,2.2,2.8,5.2,1.0,0.2,2.2,1.7,13.1)
(1994,301,Dino Radja,PF,26,BOS,80,47,28.8,6.1,11.8,.521,0.0,0.0,.000,6.1,11.8,.522,.521,2.8,3.8,.751,2.4,4.8,7.2,1.4,0.9,0.8,1.9,3.5,15.1)
(1994,305,Glen Rice,SF,26,MIA,81,81,37.0,8.2,17.5,.467,1.6,4.3,.382,6.6,13.3,.494,.513,3.1,3.5,.880,0.9,4.4,5.4,2.3,1.4,0.4,1.6,2.3,21.1)
(1994,309,Eric Riley,C,23,HOU,47,2,4.7,0.7,1.5,.486,0.0,0.0,.000,0.7,1.5,.493,.486,0.4,0.8,.541,0.5,0.7,1.3,0.2,0.1,0.2,0.3,0.6,1.9)
(1994,313,David Robinson*,C,28,SAS,80,80,40.5,10.5,20.7,.507,0.1,0.4,.345,10.4,20.4,.510,.510,8.7,11.6,.749,3.0,7.7,10.7,4.8,1.7,3.3,3.2,2.9,29.8)
(1994,317,Dennis Rodman*,PF,32,SAS,79,51,37.8,2.0,3.7,.534,0.1,0.3,.208,1.9,3.4,.563,.543,0.7,1.3,.520,5.7,11.6,17.3,2.3,0.7,0.4,1.7,2.9,4.7)
(1994,Rk,Player,Pos,Age,Tm,G,GS,MP,FG,FGA,FG%,3P,3PA,3P%,2P,2PA,2P%,eFG%,FT,FTA,FT%,ORB,DRB,TRB,AST,STL,BLK,TOV,PF,PTS)
(1994,324,Danny Schayes,C,34,TOT,36,6,10.1,0.8,2.3,.333,0.0,0.0,,0.8,2.3,.333,.333,0.8,0.9,.906,0.9,1.3,2.2,0.4,0.3,0.3,0.6,1.3,2.4)
(1994,328,Byron Scott,SG,32,IND,67,2,17.9,3.8,8.2,.467,0.4,1.1,.365,3.4,7.1,.483,.492,2.3,2.9,.805,0.3,1.4,1.6,2.0,0.9,0.1,1.5,1.2,10.4)
(1994,332,Brian Shaw,SG,27,MIA,77,52,26.5,3.6,8.7,.417,0.9,2.8,.338,2.7,5.9,.455,.472,0.8,1.2,.719,1.4,3.2,4.5,5.0,0.9,0.3,2.2,2.5,9.0)
(1994,336,Chris Smith,PG,23,MIN,80,16,20.2,2.3,5.3,.435,0.1,0.5,.256,2.2,4.8,.453,.447,1.2,1.8,.674,0.2,1.3,1.5,3.6,0.5,0.2,1.3,1.6,5.9)
(1994,340,Reggie Smith,PF,23,POR,43,9,7.3,0.7,1.7,.403,0.0,0.0,,0.7,1.7,.403,.403,0.4,0.9,.474,0.9,1.4,2.3,0.1,0.3,0.1,0.3,1.1,1.8)
(1994,343,Rik Smits,C,27,IND,78,75,27.1,6.3,11.8,.534,0.0,0.0,.000,6.3,11.8,.535,.534,3.1,3.8,.793,1.7,4.5,6.2,2.0,0.6,1.1,1.9,3.6,15.7)
(1994,347,Latrell Sprewell,SG,23,GSW,82,82,43.1,7.5,17.3,.433,1.7,4.8,.361,5.8,12.5,.460,.482,4.3,5.6,.774,1.0,3.9,4.9,4.7,2.2,0.9,2.8,1.9,21.0)
(1994,351,John Stockton*,PG,31,UTA,82,82,36.2,5.6,10.6,.528,0.6,1.8,.322,5.0,8.8,.570,.555,3.3,4.1,.805,0.9,2.3,3.1,12.6,2.4,0.3,3.2,2.9,15.1)
(1994,355,Kevin Thompson,C,22,POR,14,0,4.1,0.4,1.0,.429,0.0,0.1,.000,0.4,0.9,.462,.429,0.1,0.1,.500,0.5,0.4,0.9,0.2,0.0,0.1,0.4,0.8,0.9)
(1994,359,Wayman Tisdale,PF,29,SAC,79,77,32.4,7.0,13.9,.501,0.0,0.0,,7.0,13.9,.501,.501,2.7,3.4,.808,2.0,5.1,7.1,1.8,0.5,0.7,1.6,3.7,16.7)
(1994,362,Keith Tower,C,23,ORL,11,0,2.9,0.4,0.8,.444,0.0,0.0,,0.4,0.8,.444,.444,0.0,0.0,,0.0,0.5,0.5,0.1,0.0,0.0,0.0,0.5,0.7)
(1994,366,Kenny Walker,SF,29,WSB,73,4,19.1,1.8,3.8,.482,0.0,0.0,.000,1.8,3.7,.487,.482,1.2,1.7,.696,1.6,2.3,4.0,0.5,0.4,0.8,0.6,2.1,4.8)
(1994,370,Chris Webber,C,20,GSW,76,76,32.1,7.5,13.6,.552,0.0,0.2,.000,7.5,13.5,.559,.552,2.5,4.7,.532,4.0,5.1,9.1,3.6,1.2,2.2,2.7,3.3,17.5)
(1994,374,Doug West,SG,26,MIN,72,61,30.3,6.0,12.4,.487,0.0,0.1,.125,6.0,12.3,.490,.488,2.6,3.2,.810,0.8,2.4,3.2,2.4,0.9,0.3,1.9,3.3,14.7)
(1994,378,Chris Whitney,PG,22,SAS,40,4,8.5,0.6,2.1,.305,0.3,0.8,.333,0.4,1.3,.288,.366,0.3,0.4,.800,0.1,0.6,0.7,1.3,0.3,0.0,0.9,1.3,1.8)
(1994,381,Gerald Wilkins,SG,30,CLE,82,82,33.8,5.4,11.9,.457,1.0,2.6,.396,4.4,9.3,.474,.501,2.4,3.0,.776,1.3,2.4,3.7,3.1,1.3,0.5,1.6,2.3,14.3)
(1994,385,Herb Williams,C,35,NYK,70,3,11.1,1.5,3.3,.442,0.0,0.0,.000,1.5,3.3,.444,.442,0.4,0.6,.643,0.8,1.8,2.6,0.4,0.3,0.6,0.6,1.5,3.3)
(1994,389,Kenny Williams,SF,24,IND,68,1,14.4,2.8,5.8,.488,0.0,0.1,.000,2.8,5.7,.494,.488,0.7,0.9,.703,1.4,1.6,3.0,0.8,0.4,0.7,0.7,1.5,6.3)
(1994,393,Scott Williams,C,25,CHI,38,11,16.8,3.0,6.2,.483,0.0,0.1,.200,3.0,6.1,.489,.485,1.6,2.6,.612,1.8,2.9,4.8,1.0,0.4,0.6,1.2,2.9,7.6)
(1994,397,David Wingate,SG,30,CHH,50,36,20.1,2.7,5.7,.481,0.1,0.2,.333,2.6,5.4,.487,.488,0.7,1.0,.667,0.6,2.1,2.7,2.1,0.8,0.1,1.1,1.7,6.2)
(1994,Rk,Player,Pos,Age,Tm,G,GS,MP,FG,FGA,FG%,3P,3PA,3P%,2P,2PA,2P%,eFG%,FT,FTA,FT%,ORB,DRB,TRB,AST,STL,BLK,TOV,PF,PTS)
