(1994,Rk,Player,Pos,Age,Tm,G,GS,MP,FG,FGA,FG%,3P,3PA,3P%,2P,2PA,2P%,eFG%,FT,FTA,FT%,ORB,DRB,TRB,AST,STL,BLK,TOV,PF,PTS)
(1994,4,Mark Aguirre,SF,34,LAC,39,0,22.0,4.2,8.9,.468,0.9,2.4,.398,3.2,6.5,.494,.522,1.3,1.8,.694,0.7,2.3,3.0,2.7,0.5,0.2,1.8,2.5,10.6)
(1994,8,Eric Anderson,PF,23,NYK,11,0,3.5,0.6,1.5,.412,0.2,0.2,1.000,0.5,1.4,.333,.471,0.5,1.3,.357,0.5,1.0,1.5,0.2,0.0,0.1,0.2,0.8,1.9)
(1994,12,Ron Anderson,SF,35,TOT,21,2,17.0,1.7,4.1,.407,0.3,1.2,.269,1.3,2.9,.467,.448,0.9,1.1,.826,0.8,1.8,2.5,0.8,0.4,0.1,0.5,0.8,4.6)
(1994,16,Vincent Askew,SG,27,SEA,80,3,21.1,3.4,7.1,.481,0.1,0.4,.194,3.3,6.7,.498,.487,2.2,2.6,.829,0.8,1.6,2.3,2.4,0.9,0.2,0.9,1.8,9.1)
(1994,20,Anthony Avent,PF,24,TOT,74,40,18.5,2.0,5.4,.377,0.0,0.0,,2.0,5.4,.377,.377,1.2,1.7,.724,1.9,2.6,4.6,0.9,0.4,0.4,1.1,2.0,5.3)
(1994,23,Vin Baker,C,22,MIL,82,63,31.2,5.3,10.6,.501,0.0,0.1,.200,5.3,10.5,.502,.501,2.9,5.0,.569,3.4,4.2,7.6,2.0,0.7,1.4,2.0,2.8,13.5)
(1994,27,John Battle,SG,31,CLE,51,1,16.0,2.5,5.4,.476,0.1,0.4,.263,2.5,5.0,.492,.485,1.4,1.9,.753,0.1,0.6,0.8,1.6,0.4,0.0,0.8,1.3,6.6)
(1994,31,Rolando Blackman,SG,34,NYK,55,1,17.6,2.9,6.7,.436,0.5,1.5,.357,2.4,5.2,.460,.477,0.9,1.0,.906,0.4,1.3,1.7,1.4,0.5,0.1,0.8,1.8,7.3)
(1994,35,Manute Bol,C,31,TOT,14,0,8.3,0.3,1.4,.211,0.0,0.2,.000,0.3,1.1,.250,.211,0.0,0.0,,0.2,1.1,1.3,0.1,0.1,1.1,0.4,0.9,0.6)
(1994,39,Sam Bowie,C,32,LAL,25,7,22.2,3.0,6.9,.436,0.0,0.2,.250,3.0,6.7,.440,.439,2.9,3.3,.867,1.1,4.2,5.2,1.9,0.2,1.1,1.7,2.6,8.9)
(1994,42,Randy Breuer,C,33,SAC,26,3,9.5,0.3,1.0,.308,0.0,0.0,.000,0.3,1.0,.320,.308,0.1,0.5,.214,0.6,1.6,2.2,0.3,0.2,0.7,0.3,1.2,0.7)
(1994,46,Chucky Brown,SF,25,DAL,1,0,10.0,1.0,1.0,1.000,0.0,0.0,,1.0,1.0,1.000,1.000,1.0,1.0,1.000,0.0,1.0,1.0,0.0,0.0,0.0,0.0,2.0,3.0)
(1994,50,Randy Brown,PG,25,SAC,61,2,17.1,1.8,4.1,.438,0.0,0.1,.000,1.8,4.0,.445,.438,0.9,1.4,.609,0.7,1.2,1.8,2.2,1.0,0.2,1.2,2.2,4.5)
(1994,54,Evers Burns,PF,22,SAC,23,0,6.2,1.0,2.4,.400,0.0,0.0,,1.0,2.4,.400,.400,0.5,1.0,.522,0.6,0.7,1.3,0.4,0.3,0.1,0.3,1.4,2.4)
(1994,58,Michael Cage,C,32,SEA,82,42,20.8,2.1,3.8,.545,0.0,0.0,.000,2.1,3.8,.546,.545,0.4,0.9,.486,2.0,3.4,5.4,0.5,0.9,0.5,0.6,2.2,4.6)
(1994,61,Antoine Carr,PF,32,SAS,34,0,13.7,2.3,4.7,.488,0.0,0.0,.000,2.3,4.7,.491,.488,1.2,1.7,.724,0.4,1.1,1.5,0.4,0.3,0.6,0.4,2.2,5.8)
(1994,65,Cedric Ceballos,SF,24,PHO,53,43,30.2,8.0,15.0,.535,0.0,0.2,.000,8.0,14.8,.541,.535,3.0,4.2,.724,2.9,3.6,6.5,1.7,1.1,0.4,1.8,2.3,19.1)
(1994,69,Pete Chilcutt,PF,25,TOT,76,24,18.0,2.7,5.9,.453,0.0,0.2,.200,2.6,5.7,.462,.456,0.5,0.9,.631,1.7,3.2,4.9,1.1,0.7,0.5,1.0,2.2,5.9)
(1994,73,Bimbo Coles,PG,25,MIA,76,4,22.7,3.1,6.8,.449,0.3,1.3,.202,2.8,5.5,.507,.468,1.3,1.7,.779,0.7,1.4,2.1,3.5,1.0,0.2,1.4,1.7,7.7)
(1994,77,Duane Cooper,PG,24,PHO,23,2,5.9,0.8,1.8,.439,0.0,0.3,.143,0.7,1.5,.500,.451,0.5,0.7,.733,0.1,0.3,0.4,1.2,0.1,0.0,0.9,0.5,2.1)
(1994,Rk,Player,Pos,Age,Tm,G,GS,MP,FG,FGA,FG%,3P,3PA,3P%,2P,2PA,2P%,eFG%,FT,FTA,FT%,ORB,DRB,TRB,AST,STL,BLK,TOV,PF,PTS)
(1994,84,Dell Curry,SG,29,CHH,82,0,26.5,6.5,14.3,.455,1.9,4.6,.402,4.6,9.7,.480,.520,1.4,1.6,.873,0.9,2.3,3.2,2.7,1.2,0.3,1.5,2.0,16.3)
(1994,88,Antonio Davis,PF,25,IND,81,4,21.4,2.7,5.2,.508,0.0,0.0,.000,2.7,5.2,.509,.508,2.4,3.7,.642,2.3,3.9,6.2,0.7,0.6,1.0,1.3,2.3,7.7)
(1994,92,Terry Davis,PF,26,DAL,15,5,19.1,1.6,3.9,.407,0.0,0.0,,1.6,3.9,.407,.407,0.5,0.8,.667,2.0,2.9,4.9,0.4,0.6,0.1,0.3,1.8,3.7)
(1994,96,Vinny Del Negro,SG,27,SAS,77,56,25.3,4.0,8.2,.487,0.2,0.6,.349,3.8,7.7,.497,.499,1.8,2.2,.824,0.4,1.7,2.1,4.2,0.8,0.0,1.3,2.2,10.0)
(1994,100,Sherman Douglas,PG,27,BOS,78,78,35.8,5.4,11.8,.462,0.2,0.7,.232,5.3,11.1,.477,.470,2.3,3.5,.641,0.9,1.6,2.5,8.8,1.1,0.1,3.0,2.2,13.3)
(1994,103,Kevin Duckworth,C,29,WSB,69,52,21.5,2.7,6.4,.417,0.0,0.0,,2.7,6.4,.417,.417,1.3,1.9,.667,1.5,3.2,4.7,0.8,0.5,0.5,1.5,3.2,6.6)
(1994,107,Bill Edwards,PF,22,PHI,3,0,14.7,0.7,6.0,.111,0.0,1.7,.000,0.7,4.3,.154,.111,0.7,1.7,.400,1.7,3.0,4.7,1.3,1.0,0.3,1.3,2.0,2.0)
(1994,111,Kevin Edwards,SG,28,NJN,82,82,33.3,5.7,12.5,.458,0.4,1.2,.354,5.3,11.3,.469,.475,2.0,2.6,.770,1.1,2.3,3.4,2.8,1.5,0.4,1.6,1.8,14.0)
(1994,115,Dale Ellis,SF,33,SAS,77,75,33.6,6.2,12.6,.494,1.7,4.3,.395,4.5,8.2,.546,.562,1.1,1.4,.776,0.9,2.4,3.3,1.0,0.9,0.1,1.0,1.8,15.2)
(1994,119,Pervis Ellison,C,26,WSB,47,24,25.1,2.9,6.2,.469,0.0,0.1,.000,2.9,6.1,.474,.469,1.5,2.1,.722,1.6,3.5,5.1,1.5,0.5,1.1,1.6,3.0,7.3)
(1994,122,Jim Farmer,SG,29,DEN,4,0,7.3,0.5,1.5,.333,0.0,0.5,.000,0.5,1.0,.500,.333,0.0,0.0,,0.0,0.5,0.5,1.0,0.0,0.0,1.3,0.8,1.0)
(1994,126,Sleepy Floyd,PG,33,SAS,53,2,13.9,1.3,3.9,.335,0.2,0.7,.222,1.2,3.3,.358,.354,1.0,1.5,.667,0.2,1.1,1.3,1.9,0.2,0.2,1.2,1.3,3.8)
(1994,130,Tellis Frank,PF,28,MIN,67,11,14.3,1.0,2.4,.419,0.0,0.0,.000,1.0,2.4,.424,.419,0.8,1.1,.711,1.2,2.0,3.3,0.9,0.5,0.5,0.7,2.4,2.8)
(1994,134,Chris Gatling,C,26,GSW,82,23,15.8,3.3,5.6,.588,0.0,0.0,.000,3.3,5.6,.589,.588,1.6,2.5,.620,1.7,3.1,4.8,0.5,0.5,0.8,1.0,2.7,8.2)
(1994,138,Kendall Gill,SG,25,SEA,79,77,30.8,5.4,12.3,.443,0.5,1.5,.317,4.9,10.7,.461,.462,2.7,3.5,.782,1.2,2.2,3.4,3.5,1.9,0.4,1.8,2.5,14.1)
(1994,141,Ricky Grace,PG,26,ATL,3,0,2.7,0.7,1.0,.667,0.0,0.0,,0.7,1.0,.667,.667,0.0,0.7,.000,0.0,0.3,0.3,0.3,0.0,0.0,0.0,1.0,1.3)
(1994,145,Harvey Grant,SF,28,POR,77,73,27.4,4.6,10.1,.460,0.0,0.1,.286,4.6,10.0,.462,.461,1.1,1.7,.641,1.4,3.1,4.6,1.4,0.9,0.6,0.7,2.3,10.4)
(1994,149,A.C. Green,PF,30,PHO,82,55,34.5,5.7,11.3,.502,0.1,0.4,.229,5.6,10.9,.513,.506,3.2,4.4,.735,3.4,5.8,9.2,1.7,0.9,0.5,1.2,1.7,14.7)
(1994,153,Andres Guibert,C,25,MIN,5,0,6.6,1.2,4.0,.300,0.0,0.0,,1.2,4.0,.300,.300,0.6,1.2,.500,2.0,1.2,3.2,0.4,0.0,0.2,1.2,1.2,3.0)
(1994,157,Tom Hammonds,PF,26,DEN,74,2,11.9,1.6,3.1,.500,0.0,0.0,,1.6,3.1,.500,.500,1.0,1.4,.683,0.8,1.9,2.7,0.5,0.3,0.2,0.6,1.2,4.1)
(1994,Rk,Player,Pos,Age,Tm,G,GS,MP,FG,FGA,FG%,3P,3PA,3P%,2P,2PA,2P%,eFG%,FT,FTA,FT%,ORB,DRB,TRB,AST,STL,BLK,TOV,PF,PTS)
(1994,164,Scott Haskin,C,23,IND,27,2,6.9,0.8,1.7,.467,0.0,0.0,,0.8,1.7,.467,.467,0.5,0.7,.684,0.6,1.4,2.0,0.2,0.1,0.6,0.5,1.2,2.0)
(1994,168,Carl Herrera,PF,27,HOU,75,0,17.2,1.9,4.1,.458,0.0,0.0,,1.9,4.1,.458,.458,0.9,1.3,.711,1.3,2.5,3.8,0.5,0.4,0.3,0.9,2.1,4.7)
(1994,172,Tito Horford,C,28,WSB,3,0,9.3,0.0,0.7,.000,0.0,0.0,,0.0,0.7,.000,.000,0.0,0.0,,0.3,0.7,1.0,0.0,0.3,1.0,0.3,1.0,0.0)
(1994,176,Byron Houston,SF,24,GSW,71,2,12.2,1.1,2.5,.458,0.0,0.1,.143,1.1,2.4,.471,.460,0.5,0.8,.611,0.9,1.8,2.7,0.5,0.5,0.4,0.7,2.5,2.8)
(1994,180,Bobby Hurley,PG,22,SAC,19,19,26.3,2.8,7.7,.370,0.1,0.8,.125,2.7,6.8,.400,.377,1.3,1.6,.800,0.3,1.5,1.8,6.1,0.7,0.1,2.5,1.5,7.1)
(1994,183,Mark Jackson,PG,28,LAC,79,79,34.3,4.2,9.3,.452,0.5,1.6,.283,3.7,7.7,.488,.477,2.1,2.7,.791,1.4,3.1,4.4,8.6,1.5,0.1,2.9,1.5,10.9)
(1994,187,Keith Jennings,PG,25,GSW,76,2,14.4,1.8,4.5,.404,0.7,2.0,.371,1.1,2.5,.429,.485,1.3,1.6,.833,0.2,1.0,1.2,2.9,0.9,0.0,1.0,0.8,5.7)
(1994,191,Eddie Johnson,SF,34,CHH,73,27,20.0,4.6,10.1,.459,0.8,2.1,.393,3.8,8.1,.476,.499,1.4,1.7,.780,1.1,2.0,3.1,1.7,0.5,0.1,1.2,2.0,11.5)
(1994,195,Larry Johnson,PF,24,CHH,51,51,34.5,6.8,13.2,.515,0.1,0.4,.238,6.7,12.8,.524,.519,2.7,3.9,.695,2.8,6.0,8.8,3.6,0.6,0.3,2.3,2.6,16.4)
(1994,199,Reggie Jordan,SG,26,LAL,23,0,11.3,1.9,4.5,.427,0.1,0.2,.500,1.8,4.3,.424,.437,1.5,2.2,.686,2.0,0.9,2.9,1.1,0.6,0.2,0.6,1.1,5.4)
(1994,202,Tim Kempton,PF,30,TOT,13,0,10.5,1.2,2.9,.395,0.0,0.0,,1.2,2.9,.395,.395,0.7,1.2,.563,0.8,1.1,1.8,0.7,0.5,0.2,0.8,2.5,3.0)
(1994,207,Chris King,SF,24,SEA,15,0,5.7,1.3,3.2,.396,0.1,0.5,.286,1.1,2.7,.415,.417,1.0,1.7,.577,0.3,0.7,1.0,0.7,0.3,0.0,0.8,0.8,3.7)
(1994,211,Joe Kleine,C,32,PHO,74,4,11.5,1.7,3.5,.488,0.1,0.1,.455,1.6,3.3,.490,.498,0.4,0.5,.769,0.7,1.9,2.6,0.6,0.2,0.3,0.5,1.6,3.9)
(1994,215,Toni Kukoc,SF,25,CHI,75,8,24.1,4.2,9.7,.431,0.4,1.6,.271,3.7,8.1,.462,.453,2.1,2.8,.743,1.3,2.7,4.0,3.4,1.1,0.4,2.2,1.6,10.9)
(1994,219,Eric Leckner,C,27,PHI,71,36,16.4,2.0,4.0,.486,0.0,0.0,.000,2.0,4.0,.489,.486,1.2,1.8,.646,1.1,2.9,4.0,1.2,0.3,0.5,1.2,2.7,5.1)
(1994,222,Fat Lever,PG,33,DAL,81,54,24.0,2.8,6.9,.408,0.3,0.9,.351,2.5,6.0,.416,.431,0.9,1.2,.765,1.0,2.5,3.5,2.6,2.0,0.2,1.1,1.9,6.9)
(1994,226,Grant Long,PF,27,MIA,69,59,31.9,4.3,9.7,.446,0.0,0.1,.167,4.3,9.7,.449,.447,2.7,3.4,.786,2.8,4.4,7.2,2.5,1.3,0.4,1.8,3.5,11.4)
(1994,230,Don MacLean,SF,24,WSB,75,69,33.2,6.9,13.7,.502,0.0,0.3,.143,6.9,13.5,.509,.503,4.4,5.3,.824,1.9,4.4,6.2,2.1,0.6,0.3,2.0,2.3,18.2)
(1994,234,Dan Majerle,SG,28,PHO,80,76,40.1,6.0,14.2,.418,2.4,6.3,.382,3.6,7.9,.447,.503,2.2,3.0,.739,1.5,2.9,4.4,3.4,1.6,0.5,1.7,1.9,16.5)
(1994,238,Danny Manning,PF,27,TOT,68,66,37.1,8.6,17.7,.488,0.0,0.3,.176,8.6,17.4,.492,.489,3.4,5.0,.669,1.9,4.9,6.8,3.8,1.5,1.2,3.4,3.8,20.6)
(1994,241,Jamal Mashburn,SF,21,DAL,79,73,36.7,7.1,17.5,.406,1.1,3.8,.284,6.0,13.7,.440,.437,3.9,5.5,.699,1.4,3.1,4.5,3.4,1.1,0.2,3.1,2.6,19.2)
(1994,245,Lee Mayberry,PG,23,MIL,82,6,18.0,2.0,4.9,.415,0.5,1.5,.345,1.5,3.5,.445,.466,0.7,1.0,.690,0.3,0.9,1.2,2.6,0.6,0.0,1.2,1.4,5.3)
(1994,249,Darnell Mee,SG,22,DEN,38,0,7.5,0.7,2.3,.318,0.1,0.6,.208,0.6,1.7,.359,.347,0.3,0.7,.444,0.4,0.5,0.9,0.4,0.4,0.3,0.5,0.9,1.9)
(1994,253,Terry Mills,PF,26,DET,80,74,34.7,7.4,14.4,.511,0.3,0.9,.329,7.1,13.5,.523,.521,2.3,2.8,.797,2.4,6.0,8.4,2.2,0.8,0.8,1.9,3.9,17.3)
(1994,257,Darren Morningstar,C,24,TOT,23,15,16.0,1.7,3.6,.476,0.0,0.0,,1.7,3.6,.476,.476,0.8,1.3,.600,1.3,2.2,3.5,0.7,0.6,0.1,0.8,3.0,4.2)
(1994,Rk,Player,Pos,Age,Tm,G,GS,MP,FG,FGA,FG%,3P,3PA,3P%,2P,2PA,2P%,eFG%,FT,FTA,FT%,ORB,DRB,TRB,AST,STL,BLK,TOV,PF,PTS)
(1994,264,Tracy Murray,SF,22,POR,66,1,12.4,2.5,5.4,.470,0.8,1.7,.459,1.8,3.7,.476,.541,0.8,1.1,.694,0.7,1.0,1.7,0.5,0.3,0.3,0.6,1.2,6.6)
(1994,268,Larry Nance,PF,34,CLE,33,19,27.5,4.6,9.5,.487,0.0,0.0,,4.6,9.5,.487,.487,1.9,2.6,.753,2.3,4.5,6.9,1.5,0.8,1.7,1.2,2.9,11.2)
(1994,272,Shaquille O'Neal,C,21,ORL,81,81,39.8,11.8,19.6,.599,0.0,0.0,.000,11.8,19.6,.600,.599,5.8,10.5,.554,4.7,8.5,13.2,2.4,0.9,2.9,2.7,3.5,29.3)
(1994,276,Jimmy Oliver,SG,24,BOS,44,6,12.3,2.0,4.9,.416,0.3,0.7,.406,1.7,4.1,.418,.446,0.6,0.8,.758,0.2,0.9,1.0,0.8,0.4,0.0,0.5,0.9,4.9)
(1994,280,Robert Pack,PG,24,DEN,66,4,20.9,3.4,7.6,.443,0.1,0.4,.207,3.3,7.2,.458,.449,2.7,3.6,.758,0.4,1.5,1.9,5.4,1.2,0.1,3.1,2.2,9.6)
(1994,283,John Paxson,PG,33,CHI,27,0,12.7,1.1,2.5,.441,0.3,0.8,.409,0.8,1.7,.457,.507,0.0,0.1,.500,0.1,0.6,0.7,1.2,0.3,0.1,0.2,0.7,2.6)
(1994,287,Will Perdue,C,28,CHI,43,6,9.2,1.1,2.6,.420,0.0,0.0,.000,1.1,2.6,.423,.420,0.5,0.7,.719,0.9,2.0,2.9,0.8,0.2,0.3,1.0,1.4,2.7)
(1994,291,Chuck Person,SF,29,MIN,77,37,26.4,4.6,10.9,.422,1.3,3.5,.368,3.3,7.4,.448,.482,1.1,1.4,.759,0.7,2.6,3.3,2.4,0.6,0.2,1.6,2.1,11.6)
(1994,295,Ed Pinckney,PF,30,BOS,76,35,20.1,2.0,3.8,.522,0.0,0.0,,2.0,3.8,.522,.522,1.2,1.6,.736,2.1,4.2,6.3,0.8,0.8,0.6,0.8,1.7,5.2)
(1994,299,Brent Price,PG,25,WSB,65,13,15.9,2.2,5.0,.433,0.8,2.3,.333,1.4,2.7,.517,.509,1.0,1.3,.782,0.5,0.9,1.4,3.3,0.8,0.0,1.8,1.8,6.2)
(1994,302,Kurt Rambis,PF,35,LAL,50,1,12.7,1.2,2.3,.518,0.0,0.0,.000,1.2,2.3,.522,.518,0.9,1.4,.648,1.7,2.1,3.8,0.6,0.4,0.5,0.5,1.8,3.3)
(1994,306,Pooh Richardson,PG,27,IND,37,25,27.6,4.3,9.6,.452,0.1,0.3,.250,4.2,9.2,.459,.456,1.3,2.1,.610,0.8,2.2,3.0,6.4,0.9,0.1,2.4,2.1,10.0)
(1994,310,Doc Rivers,PG,32,NYK,19,19,26.3,2.9,6.7,.433,1.0,2.7,.365,1.9,3.9,.480,.508,0.7,1.2,.636,0.2,1.8,2.1,5.3,1.3,0.3,1.5,2.3,7.5)
(1994,314,James Robinson,PG,23,POR,58,3,11.6,1.8,4.9,.365,0.4,1.3,.315,1.4,3.7,.382,.405,0.8,1.2,.672,0.6,0.8,1.3,1.2,0.5,0.3,0.9,1.2,4.8)
(1994,318,Rodney Rogers,SF,22,DEN,79,14,17.8,3.0,6.9,.439,0.4,1.2,.380,2.6,5.7,.450,.471,1.6,2.4,.672,1.1,1.7,2.9,1.3,0.8,0.6,1.7,2.5,8.1)
(1994,321,Donald Royal,SF,27,ORL,74,0,18.3,2.4,4.7,.501,0.0,0.0,.000,2.4,4.7,.504,.501,2.7,3.6,.740,1.3,2.1,3.4,0.8,0.7,0.2,1.0,1.6,7.4)
(1994,325,Steve Scheffler,C,26,SEA,35,1,4.3,0.8,1.3,.609,0.0,0.0,,0.8,1.3,.609,.609,0.5,0.6,.950,0.3,0.4,0.7,0.2,0.2,0.0,0.2,0.7,2.1)
(1994,329,Dennis Scott,SF,25,ORL,82,37,27.8,4.7,11.6,.405,1.9,4.7,.399,2.8,6.8,.408,.486,1.5,1.9,.774,0.7,2.0,2.7,2.6,1.0,0.4,1.1,2.0,12.8)
(1994,333,Lionel Simmons,SF,25,SAC,75,74,36.0,5.8,13.3,.438,0.1,0.2,.353,5.7,13.1,.439,.441,3.3,4.3,.777,2.2,5.3,7.5,4.1,1.4,0.7,2.4,2.5,15.1)
(1994,337,Doug Smith,PF,24,DAL,79,42,21.3,3.7,8.6,.435,0.0,0.1,.222,3.7,8.5,.438,.437,1.3,1.6,.835,1.4,3.0,4.4,1.5,1.0,0.5,1.2,3.6,8.8)
(1994,Rk,Player,Pos,Age,Tm,G,GS,MP,FG,FGA,FG%,3P,3PA,3P%,2P,2PA,2P%,eFG%,FT,FTA,FT%,ORB,DRB,TRB,AST,STL,BLK,TOV,PF,PTS)
(1994,344,Andre Spencer,SF,29,TOT,28,1,12.5,1.9,4.2,.441,0.0,0.0,,1.9,4.2,.441,.441,2.0,2.8,.714,1.1,1.5,2.6,0.8,0.7,0.3,0.8,1.5,5.7)
(1994,348,John Starks,SG,28,NYK,59,54,34.9,6.9,16.6,.420,1.9,5.7,.335,5.0,10.8,.464,.477,3.2,4.2,.754,0.6,2.5,3.1,5.9,1.6,0.1,3.1,3.2,19.0)
(1994,352,Rod Strickland,PG,27,POR,82,58,35.2,6.4,13.3,.483,0.0,0.1,.200,6.4,13.2,.486,.484,4.3,5.7,.749,1.5,3.0,4.5,9.0,1.8,0.3,3.1,2.1,17.2)
(1994,356,LaSalle Thompson,C,32,IND,30,1,9.4,0.9,2.6,.351,0.0,0.0,,0.9,2.6,.351,.351,0.5,1.0,.533,0.9,1.6,2.5,0.5,0.3,0.3,0.8,2.0,2.3)
(1994,360,Tom Tolbert,SF,28,LAC,49,6,13.1,1.5,3.6,.418,0.1,0.3,.375,1.4,3.3,.422,.435,0.7,0.9,.733,0.7,1.5,2.2,0.6,0.3,0.3,0.8,1.2,3.8)
(1994,363,Jeff Turner,PF,31,ORL,68,51,22.6,2.9,6.3,.467,0.3,0.8,.327,2.7,5.5,.488,.488,0.5,0.7,.778,1.2,2.8,4.0,0.9,0.3,0.2,1.1,3.5,6.6)
(1994,367,Rex Walters,SG,23,NJN,48,0,8.0,1.3,2.4,.522,0.3,0.6,.500,1.0,1.8,.529,.583,0.6,0.7,.824,0.1,0.7,0.8,1.5,0.3,0.1,0.6,0.9,3.4)
(1994,371,Bill Wennington,C,30,CHI,76,0,18.0,3.1,6.3,.488,0.0,0.0,.000,3.1,6.3,.490,.488,0.9,1.2,.818,1.5,3.1,4.6,0.9,0.6,0.4,1.0,2.8,7.1)
(1994,375,Mark West,C,33,PHO,82,50,15.1,2.0,3.5,.566,0.0,0.0,,2.0,3.5,.566,.566,0.7,1.4,.500,1.4,2.2,3.6,0.4,0.4,1.3,0.9,2.6,4.7)
(1994,379,Morlon Wiley,PG,27,TOT,16,0,9.9,0.6,1.8,.310,0.2,0.6,.300,0.4,1.2,.316,.362,0.0,0.0,,0.0,0.6,0.6,1.4,0.9,0.0,1.1,1.3,1.3)
(1994,382,Aaron Williams,PF,22,UTA,6,0,2.0,0.3,1.3,.250,0.0,0.0,,0.3,1.3,.250,.250,0.0,0.2,.000,0.2,0.3,0.5,0.2,0.0,0.0,0.2,0.7,0.7)
(1994,386,Hot Rod Williams,PF,31,CLE,76,72,35.0,5.2,10.9,.478,0.0,0.0,,5.2,10.9,.478,.478,3.3,4.6,.728,2.7,4.8,7.6,2.5,1.0,1.7,1.8,2.9,13.7)
(1994,390,Lorenzo Williams,PF,24,TOT,38,11,18.8,1.3,2.9,.445,0.0,0.0,.000,1.3,2.9,.450,.445,0.3,0.7,.429,2.5,3.2,5.7,0.7,0.5,1.2,0.6,2.4,2.9)
(1994,394,Walt Williams,SF,23,SAC,57,4,23.8,4.0,10.2,.390,0.7,2.3,.288,3.3,7.9,.420,.422,2.6,4.1,.635,1.2,2.9,4.1,2.3,0.9,0.4,2.5,3.5,11.2)
(1994,398,David Wood,PF,29,DET,78,3,15.2,1.5,3.3,.459,0.3,0.6,.449,1.2,2.7,.462,.502,0.8,1.1,.756,1.3,1.7,3.1,0.7,0.5,0.2,0.4,2.6,4.1)
(1994,401,Haywoode Workman,PG,28,IND,65,52,26.4,3.0,7.1,.424,0.3,0.9,.321,2.7,6.2,.438,.443,1.4,1.8,.802,0.5,2.6,3.1,6.2,1.3,0.1,2.3,2.3,7.7)
