(1994,1,Alaa Abdelnaby,PF,25,BOS,13,0,12.2,1.8,4.2,.436,0.0,0.0,,1.8,4.2,.436,.436,1.2,1.9,.640,0.9,2.6,3.5,0.2,0.2,0.2,1.3,1.5,4.9)
(1994,5,Danny Ainge,SG,34,PHO,68,1,22.9,3.3,7.9,.417,1.2,3.6,.328,2.1,4.3,.491,.492,1.1,1.4,.830,0.4,1.5,1.9,2.6,0.8,0.1,1.2,2.1,8.9)
(1994,9,Greg Anderson,PF,29,DET,77,47,21.1,2.6,4.8,.543,0.0,0.0,.333,2.6,4.8,.545,.545,1.1,2.0,.571,2.4,5.0,7.4,0.7,0.7,0.9,1.2,3.0,6.4)
(1994,13,Willie Anderson,SG,27,SAS,80,79,31.1,4.9,10.5,.471,0.3,0.9,.324,4.7,9.6,.484,.484,1.8,2.1,.848,0.9,2.2,3.0,4.3,0.9,0.6,1.9,2.3,11.9)
(1994,17,Keith Askins,SF,26,MIA,37,0,8.6,1.0,2.4,.409,0.1,0.6,.190,0.9,1.8,.478,.432,0.2,0.3,.900,0.9,1.3,2.2,0.4,0.3,0.0,0.6,1.5,2.3)
(1994,Rk,Player,Pos,Age,Tm,G,GS,MP,FG,FGA,FG%,3P,3PA,3P%,2P,2PA,2P%,eFG%,FT,FTA,FT%,ORB,DRB,TRB,AST,STL,BLK,TOV,PF,PTS)
(1994,24,Charles Barkley*,PF,30,PHO,65,65,35.4,8.0,16.1,.495,0.7,2.7,.270,7.2,13.4,.541,.518,4.9,7.0,.704,3.0,8.1,11.2,4.6,1.6,0.6,3.2,2.5,21.6)
(1994,28,Benoit Benjamin,C,29,NJN,77,74,23.6,3.7,7.6,.480,0.0,0.0,,3.7,7.6,.480,.480,2.0,2.8,.710,1.8,4.7,6.5,0.6,0.5,1.2,1.3,2.6,9.3)
(1994,32,Mookie Blaylock,PG,26,ATL,81,81,36.0,5.5,13.3,.411,1.4,4.2,.334,4.1,9.1,.447,.464,1.4,2.0,.730,1.4,3.8,5.2,9.7,2.6,0.5,2.4,1.8,13.8)
(1994,36,Walter Bond,SG,24,UTA,56,4,10.0,1.1,2.8,.404,0.3,1.0,.352,0.8,1.8,.431,.465,0.6,0.7,.775,0.4,0.7,1.1,0.6,0.3,0.2,0.3,1.6,3.1)
(1994,40,Shawn Bradley,C,21,PHI,49,45,28.3,4.1,10.0,.409,0.0,0.1,.000,4.1,10.0,.412,.409,2.1,3.4,.607,2.0,4.2,6.2,2.0,0.9,3.0,3.0,3.5,10.3)
(1994,43,Frank Brickowski,C,34,TOT,71,46,29.5,5.2,10.6,.488,0.1,0.3,.200,5.1,10.3,.496,.491,2.7,3.6,.768,1.2,4.5,5.7,3.1,1.1,0.4,2.5,3.4,13.2)
(1994,47,Dee Brown,SG,25,BOS,77,76,37.2,6.4,13.3,.480,0.4,1.2,.313,6.0,12.0,.497,.495,2.4,2.8,.831,0.8,3.1,3.9,4.5,2.0,0.6,1.6,2.7,15.5)
(1994,51,Mark Bryant,C,28,POR,79,10,18.2,2.3,4.9,.482,0.0,0.0,.000,2.3,4.8,.483,.482,0.9,1.3,.692,1.5,2.5,4.0,0.5,0.4,0.4,0.8,2.4,5.6)
(1994,55,Scott Burrell,SF,23,CHH,51,16,15.0,1.9,4.6,.419,0.0,0.1,.333,1.9,4.5,.421,.423,0.9,1.4,.657,0.9,1.7,2.6,1.2,0.7,0.3,0.9,1.7,4.8)
(1994,59,Elden Campbell,PF,25,LAL,76,74,29.6,4.9,10.6,.462,0.0,0.0,.000,4.9,10.6,.463,.462,2.5,3.6,.689,2.2,4.6,6.8,1.1,0.8,1.9,1.3,3.2,12.3)
(1994,62,Bill Cartwright,C,36,CHI,42,41,18.6,2.3,4.5,.513,0.0,0.0,,2.3,4.5,.513,.513,0.9,1.4,.684,1.0,2.6,3.6,1.4,0.2,0.2,1.2,2.0,5.6)
(1994,66,Tom Chambers,PF,34,UTA,80,0,23.0,4.1,9.4,.440,0.2,0.6,.311,3.9,8.8,.448,.449,2.8,3.5,.786,1.1,3.0,4.1,1.0,0.5,0.4,1.1,2.9,11.2)
(1994,70,Doug Christie,SG,23,LAL,65,34,23.3,3.8,8.6,.434,0.6,1.8,.328,3.2,6.8,.463,.469,2.2,3.2,.697,1.4,2.2,3.6,2.1,1.4,0.4,2.2,2.9,10.3)
(1994,74,Marty Conlon,C,26,TOT,30,9,19.3,3.2,5.5,.576,0.0,0.1,.000,3.2,5.4,.583,.576,1.4,1.8,.811,1.8,2.9,4.6,1.1,0.3,0.3,1.1,2.3,7.8)
(1994,78,Tyrone Corbin,SF,31,UTA,82,17,26.2,3.3,7.2,.456,0.1,0.4,.207,3.2,6.8,.469,.461,1.4,1.8,.813,1.8,2.9,4.7,1.5,1.2,0.3,1.1,2.6,8.0)
(1994,81,John Crotty,PG,24,UTA,45,0,7.0,1.0,2.2,.455,0.2,0.5,.458,0.8,1.7,.453,.510,0.7,0.8,.861,0.2,0.4,0.7,1.7,0.3,0.0,0.6,0.8,2.9)
(1994,85,Michael Curry,SG,25,PHI,10,0,4.3,0.3,1.4,.214,0.0,0.2,.000,0.3,1.2,.250,.214,0.3,0.4,.750,0.0,0.1,0.1,0.1,0.1,0.0,0.3,0.6,0.9)
(1994,89,Brian Davis,SF,23,MIN,68,3,5.5,0.6,1.9,.317,0.0,0.0,.333,0.6,1.8,.317,.321,0.7,1.0,.735,0.3,0.5,0.8,0.3,0.2,0.1,0.3,0.5,1.9)
(1994,93,Johnny Dawkins,PG,30,PHI,72,12,18.7,2.5,5.9,.418,0.5,1.5,.352,1.9,4.4,.440,.462,1.2,1.4,.840,0.4,1.3,1.7,3.7,0.9,0.1,1.5,1.0,6.6)
(1994,97,Bison Dele,C,24,DEN,80,1,18.8,3.1,5.8,.541,0.0,0.0,.000,3.1,5.8,.544,.541,1.7,2.6,.649,1.7,3.9,5.6,0.6,0.6,1.1,1.3,2.8,8.0)
(1994,Rk,Player,Pos,Age,Tm,G,GS,MP,FG,FGA,FG%,3P,3PA,3P%,2P,2PA,2P%,eFG%,FT,FTA,FT%,ORB,DRB,TRB,AST,STL,BLK,TOV,PF,PTS)
(1994,104,Chris Dudley,C,28,POR,6,3,14.3,1.0,4.2,.240,0.0,0.0,,1.0,4.2,.240,.240,0.3,0.7,.500,2.7,1.3,4.0,0.8,0.7,0.5,0.3,3.0,2.3)
(1994,108,Blue Edwards,SF,28,MIL,82,64,28.3,4.7,9.8,.478,0.5,1.3,.358,4.2,8.5,.496,.501,1.8,2.3,.799,1.3,2.7,4.0,2.1,1.0,0.3,1.8,2.9,11.6)
(1994,112,Craig Ehlo,SG,32,ATL,82,0,26.2,3.9,8.6,.446,0.9,2.7,.348,2.9,5.9,.491,.501,1.4,1.9,.727,0.9,2.5,3.4,3.3,1.7,0.3,1.6,2.0,10.0)
(1994,116,Harold Ellis,SF,23,LAC,49,16,18.8,3.2,6.0,.545,0.0,0.1,.000,3.2,5.9,.552,.545,2.2,3.0,.711,1.9,1.2,3.1,0.6,1.5,0.0,0.9,2.0,8.7)
(1994,120,Jo Jo English,SG,23,CHI,36,0,11.6,1.6,3.6,.434,0.2,0.5,.471,1.3,3.1,.429,.465,0.3,0.6,.476,0.3,1.0,1.3,1.1,0.2,0.3,1.0,1.7,3.6)
(1994,123,Duane Ferrell,SF,28,ATL,72,13,16.0,2.6,5.3,.485,0.0,0.1,.111,2.5,5.1,.495,.487,2.0,2.6,.783,0.9,0.9,1.8,0.9,0.6,0.2,0.9,1.2,7.1)
(1994,127,Alphonso Ford,PG,22,SEA,6,0,2.7,1.2,2.2,.538,0.2,0.2,1.000,1.0,2.0,.500,.577,0.2,0.3,.500,0.0,0.0,0.0,0.2,0.3,0.0,0.2,0.3,2.7)
(1994,131,Corey Gaines,SG,28,NYK,18,0,4.3,0.5,1.1,.450,0.1,0.3,.400,0.4,0.8,.467,.500,0.7,0.8,.867,0.2,0.6,0.7,1.7,0.1,0.0,0.3,0.7,1.8)
(1994,135,Kenny Gattison,PF,29,CHH,77,18,21.4,3.0,5.8,.524,0.0,0.0,,3.0,5.8,.524,.524,1.6,2.5,.646,1.4,3.3,4.6,1.2,0.8,0.6,1.0,3.0,7.7)
(1994,139,Armen Gilliam,PF,29,NJN,82,5,24.0,4.2,8.3,.510,0.0,0.0,.000,4.2,8.3,.511,.510,3.3,4.4,.759,2.4,3.7,6.1,0.8,0.5,0.7,1.3,1.6,11.8)
(1994,142,Greg Graham,SG,23,PHI,70,6,12.7,1.7,4.4,.400,0.0,0.4,.080,1.7,4.0,.429,.403,1.3,1.6,.836,0.3,0.9,1.2,0.9,0.9,0.1,0.9,0.8,4.8)
(1994,146,Horace Grant,PF,28,CHI,70,69,36.7,6.6,12.5,.524,0.0,0.1,.000,6.6,12.5,.528,.524,2.0,3.3,.596,4.4,6.6,11.0,3.4,1.1,1.2,1.6,2.3,15.1)
(1994,150,Litterial Green,PG,23,ORL,29,0,4.3,0.8,2.0,.386,0.0,0.1,.250,0.7,1.8,.396,.395,1.0,1.3,.757,0.2,0.2,0.4,0.3,0.2,0.0,0.4,0.6,2.5)
(1994,154,Jay Guidinger,C,24,CLE,32,0,4.1,0.5,1.0,.500,0.0,0.0,,0.5,1.0,.500,.500,0.5,0.7,.714,0.5,0.6,1.0,0.1,0.1,0.2,0.5,0.7,1.5)
(1994,158,Anfernee Hardaway,PG,22,ORL,82,82,36.8,6.2,13.3,.466,0.6,2.3,.267,5.6,11.0,.507,.489,3.0,4.0,.742,2.3,3.0,5.4,6.6,2.3,0.6,3.6,2.5,16.0)
(1994,161,Lucious Harris,SG,23,DAL,77,0,15.1,2.1,5.0,.421,0.1,0.4,.212,2.0,4.6,.440,.430,1.1,1.5,.731,0.6,1.5,2.0,1.4,0.6,0.1,1.0,1.5,5.4)
(1994,165,Hersey Hawkins,SG,27,CHH,82,82,32.3,4.8,10.5,.460,1.0,2.9,.332,3.9,7.6,.508,.505,3.8,4.4,.862,1.1,3.5,4.6,2.6,1.6,0.3,1.9,2.0,14.4)
(1994,169,Rod Higgins,SF,34,CLE,36,11,15.2,2.0,4.5,.436,0.6,1.4,.440,1.4,3.1,.434,.503,0.9,1.2,.738,0.7,1.6,2.3,1.0,0.7,0.4,0.6,1.5,5.4)
(1994,173,Jeff Hornacek,SG,30,TOT,80,62,35.3,5.9,12.6,.470,0.9,2.6,.337,5.0,10.0,.505,.505,3.3,3.7,.878,0.8,2.7,3.5,5.2,1.6,0.2,2.1,2.3,15.9)
(1994,177,Stephen Howard,SF,23,UTA,9,0,5.9,1.1,1.9,.588,0.0,0.0,,1.1,1.9,.588,.588,1.2,1.8,.688,1.1,0.7,1.8,0.1,0.1,0.3,0.7,1.4,3.4)
(1994,Rk,Player,Pos,Age,Tm,G,GS,MP,FG,FGA,FG%,3P,3PA,3P%,2P,2PA,2P%,eFG%,FT,FTA,FT%,ORB,DRB,TRB,AST,STL,BLK,TOV,PF,PTS)
(1994,184,Stanley Jackson,SG,23,MIN,17,0,5.4,1.0,1.9,.515,0.1,0.3,.200,0.9,1.6,.571,.530,0.2,0.2,1.000,0.7,0.9,1.6,0.9,0.3,0.0,0.6,0.8,2.2)
(1994,188,Chris Jent,SF,24,HOU,3,0,26.0,4.3,8.7,.500,1.3,3.7,.364,3.0,5.0,.600,.577,0.3,0.7,.500,1.3,3.7,5.0,2.3,0.0,0.0,1.7,4.3,10.3)
(1994,192,Ervin Johnson,C,26,SEA,45,3,6.2,1.0,2.4,.415,0.0,0.0,,1.0,2.4,.415,.415,0.6,1.0,.630,1.1,1.6,2.6,0.2,0.2,0.5,0.5,1.0,2.6)
(1994,196,Charles Jones,C,36,DET,42,0,20.9,0.9,1.9,.462,0.0,0.0,.000,0.9,1.8,.468,.462,0.5,0.8,.559,2.1,3.5,5.6,0.7,0.3,1.0,0.3,3.2,2.2)
(1994,200,Adam Keefe,PF,23,ATL,63,1,12.1,1.5,3.4,.451,0.0,0.0,,1.5,3.4,.451,.451,1.3,1.8,.730,1.2,2.0,3.2,0.5,0.3,0.1,1.0,1.3,4.3)
(1994,203,Steve Kerr,PG,28,CHI,82,0,24.8,3.5,7.0,.497,0.6,1.5,.419,2.9,5.5,.519,.542,1.0,1.2,.856,0.3,1.3,1.6,2.6,0.9,0.0,0.7,1.2,8.6)
(1994,204,Jerome Kersey,SF,31,POR,78,6,16.4,2.6,6.0,.433,0.0,0.1,.125,2.6,5.9,.438,.434,1.3,1.7,.748,1.7,2.6,4.2,1.0,0.9,0.6,0.8,2.7,6.5)
(1994,208,Rich King,C,24,SEA,27,0,2.9,0.6,1.3,.441,0.0,0.0,.000,0.6,1.2,.455,.441,0.4,0.8,.500,0.3,0.4,0.7,0.3,0.0,0.1,0.3,0.7,1.5)
(1994,212,Negele Knight,PG,26,TOT,65,18,22.1,3.5,7.3,.474,0.1,0.3,.190,3.4,7.0,.487,.478,2.2,2.7,.810,0.4,1.2,1.6,3.0,0.5,0.2,1.4,1.9,9.2)
(1994,216,Christian Laettner,PF,24,MIN,70,67,34.7,5.7,12.6,.448,0.1,0.4,.240,5.6,12.3,.455,.452,5.4,6.8,.783,2.3,6.3,8.6,4.4,1.2,1.2,3.7,3.8,16.8)
(1994,220,Tim Legler,PG,27,DAL,79,0,16.7,2.9,6.7,.438,0.7,1.8,.374,2.3,4.9,.460,.487,1.8,2.1,.840,0.5,1.2,1.6,1.5,0.7,0.2,0.8,1.7,8.3)
(1994,223,Marcus Liberty,SF,25,TOT,38,0,7.5,1.1,3.2,.325,0.3,0.7,.357,0.8,2.5,.316,.366,0.5,1.0,.487,0.7,0.9,1.6,0.4,0.3,0.1,0.6,0.9,2.9)
(1994,227,Luc Longley,C,25,TOT,76,46,19.8,2.9,6.1,.471,0.0,0.0,.000,2.9,6.1,.472,.471,1.2,1.6,.720,1.7,4.0,5.7,1.4,0.6,1.0,1.6,2.8,6.9)
(1994,231,Mark Macon,SG,24,TOT,42,1,11.8,1.6,4.4,.375,0.0,0.2,.200,1.6,4.1,.385,.380,0.5,0.8,.676,0.4,0.5,1.0,1.2,0.9,0.0,1.0,1.7,3.9)
(1994,235,Jeff Malone,SG,32,TOT,77,73,33.2,6.8,14.0,.486,0.1,0.2,.583,6.7,13.9,.485,.489,2.7,3.2,.830,0.7,1.9,2.6,1.6,0.5,0.1,1.1,1.6,16.4)
(1994,239,Roy Marble,SF,27,DEN,5,0,6.4,0.4,2.4,.167,0.0,0.0,,0.4,2.4,.167,.167,0.0,0.6,.000,0.6,1.0,1.6,0.2,0.0,0.4,0.6,0.2,0.8)
(1994,242,Anthony Mason,PF,27,NYK,73,12,26.1,2.8,5.9,.476,0.0,0.0,.000,2.8,5.9,.477,.476,1.6,2.2,.720,2.2,3.7,5.8,2.1,0.4,0.1,1.5,2.6,7.2)
(1994,246,Xavier McDaniel,SF,30,BOS,82,5,24.0,4.7,10.2,.461,0.1,0.5,.244,4.6,9.7,.472,.467,1.8,2.6,.676,1.7,3.1,4.9,1.5,0.6,0.5,1.4,2.4,11.3)
(1994,250,Oliver Miller,C,23,PHO,69,30,25.9,4.0,6.6,.609,0.0,0.1,.222,4.0,6.5,.617,.611,1.2,2.0,.584,2.0,4.9,6.9,3.5,1.2,2.3,2.4,3.3,9.2)
(1994,254,Harold Miner,SG,22,MIA,63,31,21.6,4.0,8.4,.477,0.1,0.1,.667,4.0,8.3,.475,.481,2.4,2.9,.828,1.2,1.3,2.5,1.5,0.5,0.2,1.5,2.1,10.5)
(1994,258,Chris Morris,SF,28,NJN,50,27,27.0,4.1,9.1,.447,1.1,2.9,.361,3.0,6.1,.489,.506,1.7,2.4,.720,1.8,2.7,4.6,1.7,1.1,1.0,1.0,2.4,10.9)
(1994,261,Eric Murdock,PG,25,MIL,82,76,30.9,5.8,12.4,.468,0.8,2.0,.411,5.0,10.4,.479,.502,2.9,3.5,.813,1.1,2.1,3.2,6.7,2.4,0.1,2.5,2.3,15.3)
(1994,265,Jerrod Mustaf,PF,24,PHO,33,2,5.9,0.9,2.5,.357,0.0,0.0,,0.9,2.5,.357,.357,0.4,0.7,.591,0.6,1.1,1.7,0.2,0.1,0.2,0.3,0.9,2.2)
(1994,269,Chuck Nevitt,C,34,SAS,1,0,1.0,0.0,0.0,,0.0,0.0,,0.0,0.0,,,3.0,6.0,.500,1.0,0.0,1.0,0.0,0.0,0.0,1.0,1.0,3.0)
(1994,273,Dan O'Sullivan,C,25,DET,13,0,4.3,0.3,0.9,.333,0.0,0.0,,0.3,0.9,.333,.333,0.7,0.9,.750,0.2,0.6,0.8,0.2,0.0,0.0,0.2,0.8,1.3)
(1994,277,Bo Outlaw,SF,22,LAC,37,14,23.5,2.6,4.5,.587,0.0,0.1,.000,2.6,4.5,.594,.587,1.6,2.8,.592,2.2,3.5,5.7,1.0,1.0,1.0,0.8,2.5,6.9)
(1994,Rk,Player,Pos,Age,Tm,G,GS,MP,FG,FGA,FG%,3P,3PA,3P%,2P,2PA,2P%,eFG%,FT,FTA,FT%,ORB,DRB,TRB,AST,STL,BLK,TOV,PF,PTS)
(1994,284,Gary Payton*,PG,25,SEA,82,82,35.1,7.1,14.1,.504,0.2,0.7,.278,6.9,13.5,.515,.510,2.0,3.4,.595,1.3,2.0,3.3,6.0,2.3,0.2,2.1,2.8,16.5)
(1994,288,Sam Perkins,PF,32,SEA,81,41,26.8,4.2,9.6,.438,1.2,3.3,.367,3.0,6.3,.475,.501,2.7,3.4,.801,1.5,3.0,4.5,1.4,0.8,0.4,1.3,2.4,12.3)
(1994,292,Richard Petruska,C,25,HOU,22,0,4.2,0.9,2.1,.435,0.3,0.7,.467,0.6,1.4,.419,.511,0.3,0.4,.750,0.4,1.0,1.4,0.0,0.1,0.1,0.7,0.7,2.4)
(1994,296,Scottie Pippen*,SF,28,CHI,72,72,38.3,8.7,17.8,.491,0.9,2.7,.320,7.8,15.0,.522,.515,3.8,5.7,.660,2.4,6.3,8.7,5.6,2.9,0.8,3.2,3.2,22.0)
(1994,300,Mark Price,PG,29,CLE,76,73,31.4,6.3,13.2,.478,1.6,3.9,.397,4.8,9.3,.511,.536,3.1,3.5,.888,0.5,2.5,3.0,7.8,1.4,0.1,2.5,1.2,17.3)
(1994,303,Mark Randall,PF,26,DEN,28,0,5.5,0.6,1.8,.340,0.1,0.5,.143,0.5,1.3,.417,.360,0.8,1.0,.786,0.3,0.5,0.8,0.4,0.3,0.1,0.4,0.6,2.1)
(1994,307,Mitch Richmond*,SG,28,SAC,78,78,37.1,8.1,18.3,.445,1.6,4.0,.407,6.5,14.3,.455,.489,5.5,6.6,.834,0.9,2.8,3.7,4.0,1.3,0.2,2.8,2.7,23.4)
(1994,311,Stanley Roberts,C,23,LAC,14,14,25.0,3.1,7.1,.430,0.0,0.0,,3.1,7.1,.430,.430,1.3,3.1,.409,1.9,4.7,6.6,0.8,0.4,1.8,1.7,3.9,7.4)
(1994,315,Larry Robinson,SG,26,HOU,6,0,9.2,1.7,3.3,.500,0.3,1.3,.250,1.3,2.0,.667,.550,0.5,1.3,.375,0.7,1.0,1.7,1.0,1.2,0.0,1.7,1.3,4.2)
(1994,319,Tree Rollins,C,38,ORL,45,1,8.5,0.6,1.2,.547,0.0,0.0,,0.6,1.2,.547,.547,0.4,0.7,.600,0.7,1.4,2.1,0.2,0.2,0.8,0.3,1.2,1.7)
(1994,322,Bryon Russell,SF,23,UTA,67,48,16.7,2.0,4.2,.484,0.0,0.3,.091,2.0,3.8,.518,.487,0.9,1.5,.614,0.9,1.8,2.7,0.8,1.0,0.3,0.8,2.1,5.0)
(1994,326,Dwayne Schintzius,C,25,NJN,30,7,10.6,1.0,2.8,.345,0.0,0.0,,1.0,2.8,.345,.345,0.3,0.6,.588,0.9,2.1,3.0,0.4,0.2,0.6,0.4,1.6,2.3)
(1994,330,Malik Sealy,SF,23,IND,43,5,14.5,2.6,6.4,.405,0.1,0.4,.250,2.5,6.0,.415,.412,1.4,2.0,.678,1.0,1.7,2.7,1.1,0.7,0.2,1.2,2.0,6.6)
(1994,334,Scott Skiles,PG,29,ORL,82,46,28.1,3.4,7.9,.429,0.8,2.0,.412,2.5,5.8,.434,.481,2.4,2.7,.878,0.5,1.8,2.3,6.1,0.6,0.0,2.4,2.1,9.9)
(1994,338,Kenny Smith,PG,28,HOU,78,78,28.3,4.4,9.1,.480,1.1,2.8,.405,3.2,6.3,.513,.542,1.7,2.0,.871,0.3,1.5,1.8,4.2,0.8,0.1,1.6,1.6,11.6)
(1994,341,Steve Smith,SG,24,MIA,78,77,35.6,6.3,13.8,.456,1.2,3.4,.347,5.1,10.4,.491,.499,3.5,4.2,.835,2.0,2.5,4.5,5.1,1.1,0.4,2.6,2.8,17.3)
(1994,345,Elmore Spencer,C,24,LAC,76,63,25.4,3.8,7.1,.533,0.0,0.0,.000,3.8,7.1,.535,.533,1.3,2.1,.599,1.3,4.2,5.5,1.0,0.4,1.7,2.2,2.7,8.9)
(1994,349,Larry Stewart,SF,25,WSB,3,0,11.7,1.0,2.7,.375,0.0,0.0,,1.0,2.7,.375,.375,2.3,3.3,.700,0.3,2.0,2.3,0.7,0.7,0.3,0.7,1.3,4.3)
(1994,353,Derek Strong,PF,25,MIL,67,11,16.9,2.1,5.1,.413,0.0,0.2,.231,2.1,4.9,.421,.418,2.4,3.1,.772,1.6,2.6,4.2,0.7,0.6,0.2,0.9,1.0,6.6)
(1994,357,Otis Thorpe,PF,31,HOU,82,82,35.5,5.5,9.8,.561,0.0,0.0,.000,5.5,9.7,.562,.561,3.1,4.7,.657,3.3,7.3,10.6,2.3,0.8,0.3,2.3,3.1,14.0)
(1994,Rk,Player,Pos,Age,Tm,G,GS,MP,FG,FGA,FG%,3P,3PA,3P%,2P,2PA,2P%,eFG%,FT,FTA,FT%,ORB,DRB,TRB,AST,STL,BLK,TOV,PF,PTS)
(1994,364,Nick Van Exel,PG,22,LAL,81,80,33.3,5.1,13.0,.394,1.5,4.5,.338,3.6,8.5,.423,.452,1.9,2.4,.781,0.6,2.4,2.9,5.8,1.0,0.1,1.8,1.9,13.6)
(1994,368,Clarence Weatherspoon,SF,23,PHI,82,82,38.4,7.3,15.2,.483,0.0,0.2,.235,7.3,15.0,.487,.485,3.6,5.2,.693,3.1,7.0,10.1,2.3,1.2,1.4,2.4,1.9,18.4)
(1994,372,Matt Wenstrom,C,23,BOS,11,0,3.4,0.5,0.9,.600,0.0,0.0,,0.5,0.9,.600,.600,0.5,0.9,.600,0.5,0.5,1.1,0.0,0.0,0.2,0.4,0.6,1.6)
(1994,376,Ennis Whatley,PG,31,ATL,82,1,12.2,1.5,2.9,.508,0.0,0.1,.000,1.5,2.8,.522,.508,0.6,0.8,.788,0.3,0.9,1.2,2.2,0.7,0.0,1.0,1.1,3.6)
(1994,380,Dominique Wilkins*,SF,34,TOT,74,74,35.6,9.4,21.5,.440,1.1,4.0,.288,8.3,17.5,.474,.466,6.0,7.1,.847,2.5,4.0,6.5,2.3,1.2,0.4,2.3,1.7,26.0)
(1994,383,Buck Williams,PF,33,POR,81,81,32.5,3.6,6.5,.555,0.0,0.0,.000,3.6,6.5,.556,.555,2.5,3.7,.679,3.9,6.5,10.4,1.0,0.7,0.6,1.4,3.0,9.7)
(1994,387,Jayson Williams,PF,25,NJN,70,0,12.5,1.8,4.2,.427,0.0,0.0,,1.8,4.2,.427,.427,1.0,1.7,.605,1.6,2.2,3.8,0.4,0.2,0.5,0.5,2.0,4.6)
(1994,391,Micheal Williams,PG,27,MIN,71,66,31.1,4.4,9.7,.457,0.1,0.6,.222,4.3,9.0,.474,.464,4.7,5.6,.839,0.9,2.2,3.1,7.2,1.7,0.3,2.9,2.7,13.7)
(1994,395,Kevin Willis,PF,31,ATL,80,80,35.8,7.8,15.7,.499,0.1,0.3,.375,7.7,15.4,.501,.502,3.4,4.7,.713,4.2,7.9,12.0,1.9,1.0,0.5,2.4,3.1,19.1)
(1994,399,Randy Woods,PG,23,LAC,40,0,8.8,1.2,3.3,.368,0.7,2.0,.346,0.6,1.4,.400,.470,0.5,0.9,.571,0.3,0.4,0.7,1.8,0.6,0.1,0.9,1.0,3.6)
(1994,402,James Worthy*,SF,32,LAL,80,2,20.0,4.3,10.5,.406,0.4,1.4,.288,3.9,9.1,.424,.425,1.3,1.7,.741,0.6,1.7,2.3,1.9,0.6,0.2,1.2,1.0,10.2)
