(2003,Rk,Player,Pos,Age,Tm,G,GS,MP,FG,FGA,FG%,3P,3PA,3P,2P,2PA,2P,eFG%,FT,FTA,FT%,ORB,DRB,TRB,AST,STL,BLK,TOV,PF,PTS)
(2003,4,Malik Allen,PF,24,MIA,80,73,29.0,4.2,9.9,.424,0.0,0.1,.000,4.2,9.8,.426,.424,1.2,1.5,.802,1.7,3.6,5.3,0.7,0.5,1.0,1.6,2.9,9.6)
(2003,8,Chris Andersen,C,24,DEN,59,3,15.4,1.9,4.8,.400,0.0,0.0,.000,1.9,4.8,.401,.400,1.3,2.4,.550,1.8,2.8,4.6,0.5,0.5,1.0,1.0,1.5,5.2)
(2003,12,Robert Archibald,PF,22,MEM,12,0,6.0,0.5,1.7,.300,0.0,0.0,,0.5,1.7,.300,.300,0.6,1.5,.389,0.5,0.9,1.4,0.3,0.0,0.3,0.6,0.8,1.6)
(2003,16,Carlos Arroyo,PG,23,UTA,44,0,6.5,1.1,2.5,.459,0.1,0.2,.429,1.1,2.3,.461,.472,0.4,0.5,.818,0.3,0.3,0.6,1.2,0.3,0.0,0.7,0.6,2.8)
(2003,20,Vin Baker,C,31,BOS,52,9,18.1,1.9,4.0,.478,0.0,0.1,.000,1.9,3.9,.488,.478,1.4,2.1,.673,1.7,2.1,3.8,0.6,0.4,0.6,1.2,2.8,5.2)
(2003,23,Maceo Baston,PF,27,TOR,16,0,6.6,0.9,1.6,.600,0.0,0.0,,0.9,1.6,.600,.600,0.6,0.8,.833,0.3,1.2,1.4,0.0,0.3,0.7,0.4,1.0,2.5)
(2003,27,Shane Battier,SF,24,MEM,78,47,30.6,3.5,7.3,.483,1.1,2.8,.398,2.4,4.5,.535,.559,1.5,1.9,.828,1.6,2.8,4.4,1.3,1.3,1.1,0.9,2.7,9.7)
(2003,31,Corey Benjamin,SG,24,ATL,9,0,16.9,1.4,4.8,.302,0.2,1.4,.154,1.2,3.3,.367,.326,1.3,1.8,.750,1.1,2.3,3.4,1.1,0.1,0.2,0.7,2.2,4.4)
(2003,35,Corie Blount,C,34,CHI,50,3,16.7,1.3,2.7,.485,0.0,0.0,,1.3,2.7,.485,.485,0.4,0.7,.571,1.4,2.7,4.1,1.0,0.7,0.4,0.9,2.4,3.0)
(2003,39,Ruben Boumtje-Boumtje,C,24,POR,2,0,2.5,0.0,0.5,.000,0.0,0.0,,0.0,0.5,.000,.000,0.0,0.0,,0.5,0.0,0.5,0.5,0.5,0.0,0.0,0.0,0.0)
(2003,42,Earl Boykins,PG,26,GSW,68,0,19.4,2.9,6.8,.429,0.4,1.1,.377,2.5,5.7,.439,.460,2.5,2.9,.865,0.5,0.8,1.3,3.3,0.6,0.1,1.1,1.1,8.8)
(2003,46,J.R. Bremer,PG,22,BOS,64,41,23.5,2.7,7.3,.369,1.6,4.5,.353,1.1,2.8,.393,.477,1.3,1.7,.766,0.3,2.0,2.3,2.6,0.6,0.0,0.9,1.3,8.3)
(2003,50,Devin Brown,SG,24,TOT,10,2,9.3,1.2,3.5,.343,0.0,0.1,.000,1.2,3.4,.353,.343,0.6,0.8,.750,0.8,1.0,1.8,0.7,0.4,0.1,0.9,1.4,3.0)
(2003,54,Randy Brown,PG,34,PHO,32,0,8.2,0.5,1.3,.372,0.0,0.0,,0.5,1.3,.372,.372,0.3,0.4,.750,0.1,0.7,0.8,1.1,0.5,0.1,0.5,1.1,1.3)
(2003,58,Mark Bryant,PF,37,TOT,16,0,6.3,0.3,1.2,.263,0.0,0.0,,0.3,1.2,.263,.263,0.2,0.3,.750,0.5,0.8,1.3,0.3,0.1,0.1,0.4,1.1,0.8)
(2003,61,Caron Butler,SF,22,MIA,78,78,36.6,5.5,13.2,.416,0.4,1.4,.318,5.1,11.9,.427,.432,4.0,4.8,.824,1.7,3.4,5.1,2.7,1.8,0.4,2.5,2.9,15.4)
(2003,65,Elden Campbell,C,34,TOT,56,1,15.5,2.1,5.3,.397,0.0,0.0,.000,2.1,5.3,.398,.397,1.9,2.4,.801,0.8,2.4,3.2,0.9,0.6,0.7,0.9,2.3,6.1)
(2003,69,Sam Cassell,PG,33,MIL,78,77,34.6,7.0,14.9,.470,0.8,2.1,.362,6.2,12.8,.487,.495,4.9,5.7,.861,0.7,3.7,4.4,5.8,1.1,0.2,2.3,2.8,19.7)
(2003,73,Chris Childs,PG,35,NJN,12,0,8.8,0.5,1.7,.300,0.1,0.5,.167,0.4,1.2,.357,.325,0.2,0.3,.667,0.3,0.2,0.4,1.3,0.7,0.1,0.5,1.4,1.3)
(2003,77,Mateen Cleaves,PG,25,SAC,12,0,4.6,0.5,1.9,.261,0.1,0.1,1.000,0.4,1.8,.227,.283,0.3,0.3,.750,0.1,0.6,0.7,0.8,0.2,0.0,1.2,0.5,1.3)
(2003,Rk,Player,Pos,Age,Tm,G,GS,MP,FG,FGA,FG%,3P,3PA,3P,2P,2PA,2P,eFG%,FT,FTA,FT%,ORB,DRB,TRB,AST,STL,BLK,TOV,PF,PTS)
(2003,84,Jamal Crawford,PG,22,CHI,80,31,24.9,4.2,10.1,.413,1.1,3.0,.355,3.1,7.1,.438,.467,1.3,1.6,.806,0.3,2.1,2.3,4.2,1.0,0.3,1.7,1.6,10.7)
(2003,88,Michael Curry,SF,34,DET,78,77,19.9,1.2,2.9,.402,0.2,0.7,.296,1.0,2.2,.434,.437,0.5,0.6,.800,0.2,1.4,1.6,1.3,0.6,0.1,0.6,2.1,3.0)
(2003,92,Baron Davis,PG,23,NOH,50,47,37.8,6.6,16.0,.416,2.0,5.7,.350,4.7,10.3,.452,.478,1.9,2.6,.710,1.1,2.6,3.7,6.4,1.8,0.4,2.8,3.0,17.1)
(2003,96,Ricky Davis,SG,23,CLE,79,76,39.6,7.6,18.6,.410,0.9,2.6,.363,6.7,16.0,.417,.435,4.4,5.9,.748,1.2,3.7,4.9,5.5,1.6,0.5,3.5,2.3,20.6)
(2003,100,Michael Dickerson,SG,27,MEM,6,1,14.5,1.7,4.0,.417,0.7,1.8,.364,1.0,2.2,.462,.500,0.8,0.8,1.000,0.2,0.8,1.0,1.3,0.8,0.2,1.0,2.7,4.8)
(2003,103,Juan Dixon,PG,24,WAS,42,3,15.4,2.5,6.5,.384,0.6,2.0,.298,1.9,4.5,.422,.430,0.9,1.1,.804,0.3,1.4,1.7,1.0,0.6,0.1,1.0,1.3,6.4)
(2003,107,Predrag Drobnjak,C,27,SEA,82,69,24.2,4.0,9.6,.412,0.4,1.0,.353,3.6,8.6,.419,.431,1.1,1.4,.791,1.4,2.5,3.9,1.0,0.6,0.5,0.8,2.2,9.4)
(2003,111,Howard Eisley,PG,30,NYK,82,76,27.4,3.2,7.7,.417,1.6,4.1,.389,1.6,3.5,.450,.521,1.1,1.3,.848,0.3,2.0,2.3,5.4,0.9,0.1,1.8,2.7,9.1)
(2003,115,Reggie Evans,PF,22,SEA,67,60,20.4,1.0,2.1,.471,0.0,0.0,,1.0,2.1,.471,.471,1.2,2.3,.519,2.5,4.1,6.6,0.5,0.6,0.2,0.8,2.6,3.2)
(2003,119,Marcus Fizer,PF,24,CHI,38,0,21.3,4.7,10.1,.465,0.0,0.2,.167,4.7,9.9,.469,.466,2.3,3.5,.657,2.1,3.6,5.7,1.3,0.4,0.4,1.5,2.3,11.7)
(2003,122,Danny Fortson,PF,26,GSW,17,0,13.1,1.2,3.2,.370,0.0,0.1,.000,1.2,3.1,.377,.370,1.1,1.7,.655,1.6,2.6,4.3,0.7,0.5,0.0,0.9,2.5,3.5)
(2003,126,Rick Fox,SF,33,LAL,76,75,28.7,3.4,8.2,.422,1.4,3.7,.375,2.1,4.5,.460,.506,0.7,0.9,.754,0.8,3.4,4.3,3.3,0.9,0.2,1.6,2.8,9.0)
(2003,130,Dan Gadzuric,C,24,MIL,49,30,15.5,1.4,3.0,.483,0.0,0.0,.000,1.4,2.9,.486,.483,0.6,1.1,.518,1.3,2.7,4.0,0.2,0.4,1.1,0.6,2.6,3.4)
(2003,134,Devean George,SF,25,LAL,71,7,22.7,2.5,6.5,.390,0.7,1.9,.371,1.8,4.6,.398,.444,1.2,1.5,.790,1.3,2.7,4.0,1.3,0.8,0.5,0.9,2.5,6.9)
(2003,138,Dion Glover,SG,24,ATL,76,42,24.9,3.6,8.5,.427,0.7,2.1,.354,2.9,6.4,.451,.471,1.7,2.1,.784,0.8,2.9,3.7,1.9,0.9,0.2,1.4,1.9,9.7)
(2003,141,Brian Grant,C,30,MIA,82,82,32.2,4.2,8.2,.509,0.0,0.0,,4.2,8.2,.509,.509,1.9,2.5,.771,2.9,7.3,10.2,1.3,0.8,0.6,1.6,3.7,10.3)
(2003,145,Tom Gugliotta,PF,33,PHO,27,11,16.6,2.2,4.9,.455,0.0,0.0,.000,2.2,4.9,.458,.455,0.3,0.3,1.000,0.9,2.8,3.7,1.1,0.5,0.2,1.1,1.3,4.8)
(2003,149,Richard Hamilton,SG,24,DET,82,82,32.2,7.0,15.7,.443,0.4,1.5,.269,6.6,14.2,.461,.456,5.4,6.4,.833,1.1,2.8,3.9,2.5,0.8,0.2,2.4,3.0,19.7)
(2003,153,Matt Harpring,SF,26,UTA,78,69,32.8,6.7,13.1,.511,0.8,2.1,.413,5.8,11.0,.529,.543,3.4,4.2,.792,2.4,4.2,6.6,1.7,0.9,0.2,2.1,2.8,17.6)
(2003,157,Othella Harrington,PF,29,NYK,74,64,25.0,3.0,6.0,.508,0.0,0.0,,3.0,6.0,.508,.508,1.7,2.0,.820,2.2,4.2,6.4,0.8,0.2,0.3,1.2,3.1,7.7)
(2003,Rk,Player,Pos,Age,Tm,G,GS,MP,FG,FGA,FG%,3P,3PA,3P,2P,2PA,2P,eFG%,FT,FTA,FT%,ORB,DRB,TRB,AST,STL,BLK,TOV,PF,PTS)
(2003,164,Brendan Haywood,C,23,WAS,81,69,23.8,2.1,4.2,.510,0.0,0.0,,2.1,4.2,.510,.510,1.9,3.0,.633,2.4,2.6,5.0,0.4,0.4,1.5,0.8,2.8,6.2)
(2003,168,Tyrone Hill,PF,34,TOT,56,43,24.1,2.3,5.5,.422,0.0,0.0,,2.3,5.5,.422,.422,1.0,1.4,.675,2.3,4.7,7.0,0.7,0.8,0.5,1.2,3.1,5.6)
(2003,172,Allan Houston,SG,31,NYK,82,82,37.9,8.0,17.9,.445,2.2,5.5,.396,5.8,12.4,.467,.506,4.4,4.8,.919,0.3,2.5,2.8,2.7,0.7,0.1,2.2,2.3,22.5)
(2003,176,Larry Hughes,PG,24,WAS,67,56,31.9,5.2,11.1,.467,0.4,1.2,.367,4.7,9.9,.479,.487,2.0,2.8,.731,1.0,3.6,4.6,3.1,1.3,0.4,2.0,2.2,12.8)
(2003,180,Zydrunas Ilgauskas,C,27,CLE,81,81,30.0,6.1,13.9,.441,0.0,0.1,.000,6.1,13.8,.443,.441,4.9,6.3,.781,3.0,4.6,7.5,1.6,0.7,1.9,2.6,3.4,17.2)
(2003,183,Jermaine Jackson,SG,26,TOT,53,1,10.5,0.8,2.1,.364,0.0,0.2,.100,0.7,1.9,.390,.368,0.8,1.0,.727,0.4,0.7,1.1,1.4,0.4,0.1,0.6,1.0,2.3)
(2003,187,Stephen Jackson,SG,24,SAS,80,58,28.2,4.5,10.2,.435,1.2,3.7,.320,3.3,6.5,.501,.493,1.7,2.3,.760,0.8,2.8,3.6,2.3,1.6,0.4,2.2,2.5,11.8)
(2003,191,Antawn Jamison,SF,26,GSW,82,82,39.3,8.4,17.9,.470,0.8,2.5,.311,7.6,15.4,.496,.492,4.6,5.8,.789,2.4,4.7,7.0,1.9,0.9,0.5,2.2,2.4,22.2)
(2003,195,Jared Jeffries,SF,21,WAS,20,1,14.6,1.5,3.2,.476,0.2,0.3,.500,1.4,2.9,.474,.500,0.8,1.5,.552,1.3,1.6,2.9,0.8,0.4,0.3,1.1,1.4,4.0)
(2003,199,Joe Johnson,SG,21,PHO,82,34,27.5,3.9,9.7,.397,0.9,2.5,.366,2.9,7.2,.408,.444,1.2,1.5,.774,0.7,2.5,3.2,2.6,0.8,0.2,1.3,1.7,9.8)
(2003,202,Eddie Jones,SG,31,MIA,47,47,38.1,6.2,14.6,.423,2.1,5.1,.407,4.1,9.5,.432,.494,4.0,4.9,.822,0.7,4.1,4.8,3.7,1.4,0.7,1.8,2.9,18.5)
(2003,206,Michael Jordan*,SF,39,WAS,82,67,37.0,8.3,18.6,.445,0.2,0.7,.291,8.1,18.0,.450,.450,3.2,4.0,.821,0.9,5.2,6.1,3.8,1.5,0.5,2.1,2.1,20.0)
(2003,210,Andrei Kirilenko,SF,21,UTA,80,11,27.7,3.9,8.0,.491,0.5,1.4,.325,3.5,6.6,.527,.519,3.7,4.6,.800,1.8,3.4,5.3,1.7,1.5,2.2,1.7,2.3,12.0)
(2003,214,Toni Kukoc,PF,34,MIL,63,0,27.0,4.0,9.2,.432,1.5,4.2,.361,2.4,5.0,.490,.514,2.2,3.1,.706,1.1,3.2,4.2,3.7,1.3,0.5,1.9,2.1,11.6)
(2003,219,Voshon Lenard,SG,29,TOR,63,24,30.6,5.2,12.8,.402,1.5,4.0,.365,3.7,8.8,.418,.459,2.5,3.1,.804,0.8,2.6,3.4,2.3,0.9,0.3,1.6,2.5,14.3)
(2003,222,Art Long,SF,30,TOT,26,0,8.1,1.1,2.9,.373,0.1,0.1,.667,1.0,2.8,.361,.387,0.1,0.4,.200,0.8,1.5,2.3,0.2,0.2,0.4,0.8,1.3,2.3)
(2003,226,Todd MacCulloch,C,27,PHI,42,35,19.3,2.9,5.7,.517,0.0,0.0,,2.9,5.7,.517,.517,1.3,1.9,.671,1.6,3.1,4.7,0.5,0.5,0.8,0.8,2.5,7.1)
(2003,230,Jamaal Magloire,C,24,NOH,82,82,29.8,3.7,7.7,.480,0.0,0.0,.000,3.7,7.7,.483,.480,2.8,3.9,.717,3.2,5.7,8.8,1.1,0.6,1.4,1.9,3.4,10.3)
(2003,234,Stephon Marbury,PG,25,PHO,81,81,40.0,8.3,18.9,.439,1.1,3.7,.301,7.2,15.2,.472,.468,4.6,5.8,.803,0.7,2.6,3.2,8.1,1.3,0.2,3.2,2.5,22.3)
(2003,238,Donyell Marshall,PF,29,CHI,78,53,30.5,5.4,11.8,.459,0.4,1.1,.379,5.0,10.7,.467,.477,2.1,2.8,.756,3.0,6.0,9.0,1.8,1.2,1.1,1.7,3.0,13.4)
(2003,241,Anthony Mason,C,36,MIL,65,58,32.6,2.9,6.0,.486,0.0,0.0,.000,2.9,6.0,.487,.486,1.3,1.8,.718,1.4,5.0,6.4,3.2,0.5,0.2,1.2,2.3,7.2)
(2003,245,Walter McCarty,SF,28,BOS,82,8,23.8,2.1,5.1,.414,1.1,3.0,.367,1.0,2.1,.482,.523,0.7,1.2,.622,0.8,2.7,3.5,1.3,1.0,0.3,0.8,2.3,6.1)
(2003,249,Jeff McInnis,PG,28,POR,75,1,17.5,2.5,5.6,.444,0.1,0.5,.171,2.4,5.2,.469,.452,0.7,0.9,.746,0.3,1.0,1.3,2.3,0.3,0.0,1.0,1.6,5.8)
(2003,253,Chris Mihm,C,23,CLE,52,0,15.6,2.2,5.5,.404,0.0,0.1,.000,2.2,5.5,.408,.404,1.5,2.0,.724,1.8,2.7,4.4,0.5,0.3,0.7,0.9,2.4,5.9)
(2003,257,Mike Miller,SF,22,TOT,65,52,33.6,5.7,13.2,.434,1.7,4.6,.363,4.1,8.6,.472,.498,2.4,2.9,.839,0.7,4.5,5.2,2.6,0.6,0.3,1.9,2.7,15.6)
(2003,Rk,Player,Pos,Age,Tm,G,GS,MP,FG,FGA,FG%,3P,3PA,3P,2P,2PA,2P,eFG%,FT,FTA,FT%,ORB,DRB,TRB,AST,STL,BLK,TOV,PF,PTS)
(2003,264,Mikki Moore,C,27,TOT,8,0,5.4,0.6,1.6,.385,0.0,0.0,,0.6,1.6,.385,.385,1.0,1.3,.800,0.8,0.3,1.0,0.4,0.0,0.5,0.3,0.9,2.3)
(2003,268,Tracy Murray,SF,31,LAL,31,0,6.2,0.7,2.3,.324,0.3,1.2,.211,0.5,1.1,.455,.380,0.2,0.3,.778,0.2,0.6,0.7,0.4,0.2,0.1,0.5,0.7,2.0)
(2003,272,Lee Nailon,SF,27,NYK,38,0,10.7,2.2,5.0,.442,0.0,0.0,.000,2.2,5.0,.444,.442,1.1,1.3,.824,0.8,1.0,1.8,0.7,0.2,0.1,0.8,1.2,5.5)
(2003,276,Ira Newble,SF,28,ATL,73,45,26.5,3.2,6.4,.495,0.4,1.2,.381,2.7,5.2,.520,.529,1.0,1.2,.778,1.2,2.5,3.7,1.4,0.7,0.4,0.9,2.4,7.7)
(2003,280,Shaquille O'Neal,C,30,LAL,67,66,37.8,10.4,18.1,.574,0.0,0.0,,10.4,18.1,.574,.574,6.7,10.8,.622,3.9,7.2,11.1,3.1,0.6,2.4,2.9,3.4,27.5)
(2003,283,Mehmet Okur,PF,23,DET,72,9,19.0,2.5,5.9,.426,0.5,1.6,.339,2.0,4.3,.457,.470,1.3,1.8,.733,1.6,3.0,4.7,1.0,0.3,0.5,0.9,2.3,6.9)
(2003,287,Greg Ostertag,C,29,UTA,81,74,23.8,2.1,4.0,.518,0.0,0.0,,2.1,4.0,.518,.518,1.2,2.4,.510,2.2,4.0,6.2,0.7,0.2,1.8,1.3,2.9,5.4)
(2003,291,Robert Pack,PG,33,NOH,28,4,15.7,1.9,4.6,.403,0.0,0.2,.000,1.9,4.4,.419,.403,1.5,2.0,.745,0.4,1.4,1.8,2.9,0.9,0.0,1.4,1.3,5.2)
(2003,295,Smush Parker,PG,21,CLE,66,18,16.7,2.1,5.1,.402,0.6,1.8,.322,1.5,3.3,.445,.459,1.5,1.8,.831,0.4,1.4,1.8,2.5,0.7,0.2,2.0,1.6,6.2)
(2003,299,Gary Payton*,PG,34,TOT,80,80,40.1,8.3,18.3,.454,0.7,2.3,.297,7.6,16.1,.476,.472,3.1,4.4,.710,1.0,3.2,4.2,8.3,1.7,0.3,2.3,2.3,20.4)
(2003,302,Morris Peterson,SF,25,TOR,82,80,36.0,5.1,13.1,.392,1.4,4.2,.337,3.7,8.9,.418,.446,2.4,3.0,.789,1.2,3.2,4.4,2.3,1.1,0.4,1.6,2.8,14.1)
(2003,306,Scot Pollard,C,27,SAC,23,0,14.1,1.7,3.8,.460,0.0,0.0,,1.7,3.8,.460,.460,1.0,1.7,.605,2.0,2.6,4.6,0.3,0.6,0.7,0.7,2.2,4.5)
(2003,310,Tayshaun Prince,SF,22,DET,42,5,10.4,1.3,2.8,.449,0.5,1.1,.426,0.8,1.7,.465,.534,0.3,0.4,.647,0.1,1.0,1.1,0.6,0.2,0.3,0.5,0.6,3.3)
(2003,314,Zach Randolph,PF,21,POR,77,11,16.9,3.4,6.7,.513,0.0,0.1,.000,3.4,6.6,.518,.513,1.6,2.1,.758,1.8,2.6,4.5,0.5,0.5,0.2,0.8,1.8,8.4)
(2003,318,Don Reid,PF,29,DET,1,0,10.0,0.0,3.0,.000,0.0,0.0,,0.0,3.0,.000,.000,1.0,2.0,.500,0.0,0.0,0.0,0.0,0.0,0.0,0.0,4.0,1.0)
(2003,321,Jason Richardson,SG,22,GSW,82,82,32.9,5.8,14.2,.410,1.5,4.1,.368,4.3,10.1,.427,.463,2.5,3.3,.764,1.4,3.3,4.6,3.0,1.1,0.3,2.2,2.5,15.6)
(2003,325,David Robinson*,C,37,SAS,64,64,26.2,3.1,6.6,.469,0.0,0.0,,3.1,6.6,.469,.469,2.4,3.3,.710,2.5,5.4,7.9,1.0,0.8,1.7,1.3,2.0,8.5)
(2003,329,Sean Rooks,C,33,LAC,70,38,19.2,1.8,4.2,.421,0.0,0.0,.000,1.8,4.2,.422,.421,0.7,0.8,.810,0.8,2.3,3.1,1.0,0.5,0.6,0.9,2.5,4.2)
(2003,333,Kareem Rush,PG,22,LAL,76,0,11.5,1.3,3.2,.393,0.3,0.9,.279,1.0,2.3,.438,.432,0.2,0.3,.696,0.3,0.9,1.2,0.9,0.1,0.1,0.8,0.9,3.0)
(2003,337,Soumaila Samake,C,24,LAL,13,1,5.9,0.8,1.8,.417,0.0,0.0,,0.8,1.8,.417,.417,0.2,0.2,1.000,0.8,1.0,1.8,0.3,0.0,0.4,0.2,1.0,1.7)
(2003,Rk,Player,Pos,Age,Tm,G,GS,MP,FG,FGA,FG%,3P,3PA,3P,2P,2PA,2P,eFG%,FT,FTA,FT%,ORB,DRB,TRB,AST,STL,BLK,TOV,PF,PTS)
(2003,344,Ansu Sesay,SF,26,SEA,45,4,10.0,0.9,2.4,.383,0.0,0.0,,0.9,2.4,.383,.383,0.3,0.5,.571,0.8,0.9,1.6,0.5,0.3,0.1,0.6,1.4,2.1)
(2003,348,Brian Skinner,PF,26,PHI,77,9,17.9,2.4,4.3,.550,0.0,0.0,,2.4,4.3,.550,.550,1.3,2.1,.602,1.8,3.0,4.8,0.2,0.6,0.7,0.8,2.3,6.0)
(2003,352,Joe Smith,SF,27,MIN,54,21,20.7,2.8,6.1,.460,0.0,0.0,.000,2.8,6.0,.463,.460,1.9,2.4,.779,2.1,2.9,5.0,0.7,0.3,1.0,0.8,3.2,7.5)
(2003,356,Jerry Stackhouse,SG,28,WAS,70,70,39.2,7.0,17.2,.409,1.0,3.5,.290,6.0,13.7,.439,.438,6.5,7.4,.878,0.9,2.8,3.7,4.5,0.9,0.4,2.8,1.9,21.5)
(2003,360,John Stockton*,PG,40,UTA,82,82,27.7,3.8,7.8,.483,0.4,1.0,.363,3.4,6.8,.500,.505,2.9,3.5,.826,0.6,1.8,2.5,7.7,1.7,0.2,2.2,2.2,10.8)
(2003,363,Amar'e Stoudemire,PF,20,PHO,82,71,31.3,4.8,10.1,.472,0.0,0.1,.200,4.8,10.0,.476,.473,3.9,5.9,.661,3.0,5.7,8.8,1.0,0.8,1.1,2.3,3.3,13.5)
(2003,367,Bruno Sundov,C,22,BOS,26,0,5.3,0.5,2.2,.250,0.2,0.6,.250,0.4,1.5,.250,.286,0.0,0.1,.000,0.3,0.8,1.1,0.3,0.2,0.1,0.3,0.9,1.2)
(2003,371,Maurice Taylor,PF,26,HOU,67,9,20.6,3.4,8.0,.432,0.0,0.0,.000,3.4,8.0,.433,.432,1.5,2.1,.725,1.4,2.1,3.6,1.0,0.3,0.3,1.5,2.3,8.4)
(2003,375,Kurt Thomas,C,30,NYK,81,81,31.8,6.1,12.7,.483,0.0,0.0,.667,6.1,12.7,.483,.484,1.7,2.3,.750,2.0,5.9,7.9,2.0,1.0,1.2,1.7,4.2,14.0)
(2003,379,Robert Traylor,C,25,NOH,69,0,12.3,1.5,3.4,.443,0.0,0.0,.333,1.5,3.4,.444,.445,0.8,1.3,.648,1.6,2.2,3.8,0.7,0.7,0.5,0.8,2.2,3.9)
(2003,382,Cezary Trybanski,C,23,MEM,15,0,5.7,0.3,1.3,.250,0.0,0.0,,0.3,1.3,.250,.250,0.3,0.7,.400,0.4,0.5,0.9,0.1,0.0,0.4,0.5,0.9,0.9)
(2003,386,Nick Van Exel,SG,31,DAL,73,1,27.8,4.7,11.4,.412,1.6,4.3,.378,3.1,7.1,.432,.483,1.5,2.0,.764,0.5,2.4,2.8,4.3,0.6,0.1,1.7,1.2,12.5)
(2003,390,Dajuan Wagner,SG,19,CLE,47,24,29.5,4.7,12.9,.369,1.2,3.7,.316,3.6,9.2,.390,.414,2.7,3.4,.800,0.4,1.3,1.7,2.8,0.8,0.1,1.8,2.3,13.4)
(2003,394,Gerald Wallace,SF,20,SAC,47,7,12.1,1.9,3.9,.492,0.0,0.1,.250,1.9,3.8,.497,.495,0.8,1.6,.527,0.8,1.9,2.7,0.5,0.5,0.3,0.9,1.4,4.7)
(2003,398,Clarence Weatherspoon,PF,32,NYK,79,19,25.6,2.4,5.2,.449,0.0,0.0,,2.4,5.2,.449,.449,1.9,2.5,.768,2.7,4.9,7.6,0.9,0.9,0.5,0.8,2.2,6.6)
(2003,401,Jiri Welsch,SF,23,GSW,37,0,6.3,0.5,2.0,.253,0.0,0.1,.250,0.5,1.9,.254,.260,0.6,0.8,.759,0.3,0.4,0.8,0.7,0.2,0.1,0.5,0.9,1.6)
(2003,405,Chris Whitney,PG,31,TOT,51,21,20.6,2.4,6.8,.355,1.0,3.2,.305,1.5,3.6,.400,.427,1.1,1.4,.826,0.1,1.3,1.3,2.8,0.6,0.0,1.4,1.8,7.0)
(2003,409,Alvin Williams,PG,28,TOR,78,78,33.8,5.1,11.6,.438,0.6,1.9,.329,4.5,9.7,.458,.464,2.4,3.1,.782,0.7,2.4,3.1,5.3,1.4,0.3,1.6,2.2,13.2)
(2003,413,Jason Williams,PG,27,MEM,76,76,31.7,4.4,11.3,.388,1.9,5.3,.354,2.5,6.0,.418,.471,1.4,1.7,.840,0.3,2.5,2.8,8.3,1.2,0.1,2.2,1.7,12.1)
(2003,417,Scott Williams,C,34,PHO,69,33,12.6,1.7,4.2,.411,0.0,0.0,.000,1.7,4.2,.414,.411,0.5,0.6,.786,1.0,1.8,2.8,0.3,0.4,0.3,0.5,2.3,4.0)
(2003,Rk,Player,Pos,Age,Tm,G,GS,MP,FG,FGA,FG%,3P,3PA,3P,2P,2PA,2P,eFG%,FT,FTA,FT%,ORB,DRB,TRB,AST,STL,BLK,TOV,PF,PTS)
(2003,424,Qyntel Woods,PF,21,POR,53,0,6.3,1.1,2.2,.500,0.1,0.2,.333,1.1,2.1,.514,.513,0.1,0.4,.350,0.3,0.7,1.0,0.2,0.3,0.0,0.4,0.7,2.4)
(2003,428,Wang Zhizhi,C,25,LAC,41,1,10.0,1.5,4.0,.383,0.4,1.1,.340,1.1,2.8,.400,.432,1.0,1.4,.724,0.6,1.2,1.9,0.2,0.2,0.2,0.8,1.0,4.4)
