(2003,2,Shareef Abdur-Rahim,PF,26,ATL,81,81,38.1,7.0,14.6,.478,0.3,0.7,.350,6.7,13.9,.485,.487,5.6,6.7,.841,2.2,6.2,8.4,3.0,1.1,0.5,2.6,3.0,19.9)
(2003,6,Rafer Alston,PG,26,TOR,47,4,20.9,3.0,7.1,.415,1.1,2.8,.392,1.9,4.4,.429,.491,0.8,1.1,.685,0.4,1.8,2.3,4.1,0.8,0.3,1.8,2.6,7.8)
(2003,10,Kenny Anderson,PG,32,TOT,61,2,18.6,2.7,6.3,.427,0.0,0.1,.143,2.7,6.1,.432,.428,0.7,0.9,.789,0.5,1.7,2.2,3.2,1.0,0.1,1.2,1.7,6.1)
(2003,14,Brandon Armstrong,SG,22,NJN,17,0,4.1,0.5,1.6,.333,0.1,0.4,.167,0.5,1.2,.381,.352,0.3,0.4,.833,0.0,0.2,0.2,0.1,0.2,0.1,0.3,0.5,1.4)
(2003,18,Stacey Augmon,SG,34,NOH,70,3,12.3,1.1,2.7,.411,0.0,0.1,.000,1.1,2.6,.427,.411,0.8,1.0,.750,0.4,1.3,1.7,1.0,0.4,0.1,0.6,1.1,3.0)
(2003,21,Brent Barry,SG,31,SEA,75,68,33.1,3.5,7.7,.458,1.6,3.9,.403,1.9,3.8,.514,.560,1.7,2.1,.795,0.6,3.4,4.0,5.1,1.5,0.2,1.9,2.7,10.3)
(2003,25,Mike Batiste,PF,25,MEM,75,2,16.6,2.6,6.2,.422,0.2,1.1,.222,2.4,5.1,.464,.441,0.9,1.2,.784,1.1,2.3,3.4,0.7,0.6,0.2,0.9,1.6,6.4)
(2003,29,Raja Bell,SG,26,DAL,75,32,15.6,1.2,2.8,.441,0.3,0.7,.412,1.0,2.1,.450,.491,0.3,0.5,.676,0.6,1.3,1.9,0.8,0.7,0.1,0.6,1.8,3.1)
(2003,33,Mike Bibby,PG,24,SAC,55,55,33.4,6.0,12.7,.470,1.0,2.5,.409,5.0,10.2,.485,.510,2.9,3.4,.861,0.6,2.1,2.7,5.2,1.3,0.1,2.3,1.7,15.9)
(2003,37,Calvin Booth,C,26,SEA,47,0,12.2,1.1,2.5,.437,0.0,0.0,.000,1.1,2.5,.444,.437,0.7,1.0,.723,0.7,1.6,2.3,0.3,0.2,0.7,0.5,1.6,2.9)
(2003,Rk,Player,Pos,Age,Tm,G,GS,MP,FG,FGA,FG%,3P,3PA,3P,2P,2PA,2P,eFG%,FT,FTA,FT%,ORB,DRB,TRB,AST,STL,BLK,TOV,PF,PTS)
(2003,44,Shawn Bradley,C,30,DAL,81,39,21.4,2.5,4.6,.536,0.0,0.0,.000,2.5,4.6,.537,.536,1.7,2.2,.806,1.9,4.0,5.9,0.7,0.8,2.1,0.8,3.0,6.7)
(2003,48,Primoz Brezec,C,23,IND,22,1,5.0,0.7,1.7,.395,0.0,0.0,.000,0.7,1.7,.405,.395,0.5,0.9,.600,0.6,0.5,1.0,0.2,0.1,0.2,0.3,0.7,1.9)
(2003,52,Kwame Brown,C,20,WAS,80,20,22.2,2.8,6.3,.446,0.0,0.0,.000,2.8,6.2,.449,.446,1.8,2.7,.668,1.6,3.7,5.3,0.7,0.6,1.0,1.4,2.0,7.4)
(2003,56,Rick Brunson,PG,30,CHI,17,0,11.5,1.4,2.9,.460,0.2,0.4,.667,1.1,2.6,.432,.500,0.6,0.7,.833,0.2,0.9,1.1,2.1,0.6,0.2,1.0,1.2,3.5)
(2003,60,Pat Burke,C,29,ORL,62,8,12.6,1.8,4.8,.382,0.0,0.1,.143,1.8,4.7,.388,.383,0.6,0.9,.690,0.9,1.4,2.4,0.4,0.3,0.4,0.8,1.6,4.3)
(2003,63,Jason Caffey,PF,29,MIL,51,16,17.5,2.2,4.9,.456,0.0,0.0,,2.2,4.9,.456,.456,1.4,2.1,.651,1.3,2.1,3.5,0.7,0.4,0.3,1.1,2.4,5.8)
(2003,67,Anthony Carter,PG,27,MIA,49,26,18.6,1.7,4.8,.356,0.0,0.2,.000,1.7,4.6,.369,.356,0.7,1.0,.660,0.2,1.4,1.7,4.1,0.9,0.1,1.7,1.4,4.1)
(2003,71,Tyson Chandler,C,20,CHI,75,68,24.4,3.4,6.5,.531,0.0,0.0,,3.4,6.5,.531,.531,2.4,3.9,.608,2.3,4.6,6.9,1.0,0.5,1.4,1.8,2.9,9.2)
(2003,75,Keon Clark,C,27,SAC,80,11,22.3,2.8,5.6,.501,0.0,0.1,.000,2.8,5.6,.506,.501,1.1,1.6,.656,1.7,3.9,5.6,1.0,0.5,1.9,1.2,2.8,6.7)
(2003,79,Bimbo Coles,PG,34,TOT,35,11,19.7,1.6,4.8,.333,0.2,0.9,.219,1.4,3.9,.360,.354,1.0,1.2,.833,0.3,1.4,1.7,2.1,0.5,0.1,0.8,1.7,4.4)
(2003,82,Jason Collins,C,24,NJN,81,66,23.5,1.7,4.2,.414,0.0,0.0,.000,1.7,4.1,.419,.414,2.2,2.9,.763,1.7,2.9,4.5,1.1,0.6,0.5,1.0,3.1,5.7)
(2003,86,John Crotty,PG,33,DEN,12,0,15.0,1.2,3.4,.341,0.3,1.1,.308,0.8,2.3,.357,.390,0.8,1.3,.600,0.1,1.2,1.3,2.4,0.3,0.0,0.8,1.3,3.4)
(2003,90,Antonio Daniels,SG,27,POR,67,2,13.0,1.3,2.8,.452,0.3,0.9,.305,1.0,1.9,.520,.500,1.0,1.1,.855,0.2,0.9,1.1,1.3,0.5,0.1,0.5,0.6,3.7)
(2003,94,Emanual Davis,SG,34,ATL,24,1,14.2,1.3,3.7,.364,0.3,1.2,.241,1.0,2.5,.424,.403,0.7,0.9,.773,0.2,1.6,1.8,1.5,0.5,0.1,1.0,1.2,3.7)
(2003,98,Tony Delk,PG,29,BOS,67,39,28.0,3.5,8.4,.416,1.8,4.5,.395,1.7,3.8,.441,.523,1.0,1.3,.782,0.6,2.9,3.5,2.2,1.1,0.1,1.0,1.9,9.8)
(2003,101,DeSagana Diop,PF,21,CLE,80,1,11.8,0.7,1.9,.351,0.0,0.0,,0.7,1.9,.351,.351,0.1,0.4,.367,0.8,1.9,2.7,0.5,0.4,1.0,0.7,1.9,1.5)
(2003,105,Keyon Dooling,SG,22,LAC,55,1,17.6,2.3,6.0,.389,0.9,2.5,.360,1.4,3.5,.411,.465,0.8,1.0,.772,0.2,1.1,1.3,1.6,0.4,0.1,1.1,1.7,6.4)
(2003,109,Tim Duncan,PF,26,SAS,81,81,39.3,8.8,17.2,.513,0.1,0.3,.273,8.7,16.9,.517,.515,5.6,7.8,.710,3.2,9.7,12.9,3.9,0.7,2.9,3.1,2.9,23.3)
(2003,113,Melvin Ely,C,24,LAC,52,7,15.4,1.8,3.6,.495,0.0,0.0,,1.8,3.6,.495,.495,1.0,1.4,.703,1.2,2.1,3.3,0.3,0.2,0.6,1.0,1.8,4.5)
(2003,117,Michael Finley,SF,29,DAL,69,69,38.3,7.3,17.3,.425,1.7,4.7,.370,5.6,12.6,.445,.475,2.9,3.3,.861,1.6,4.3,5.8,3.0,1.1,0.3,1.7,1.5,19.3)
(2003,Rk,Player,Pos,Age,Tm,G,GS,MP,FG,FGA,FG%,3P,3PA,3P,2P,2PA,2P,eFG%,FT,FTA,FT%,ORB,DRB,TRB,AST,STL,BLK,TOV,PF,PTS)
(2003,124,Jeff Foster,C,26,IND,77,2,10.4,0.8,2.3,.360,0.0,0.0,.000,0.8,2.3,.364,.360,0.4,0.8,.540,1.5,2.1,3.6,0.7,0.4,0.3,0.4,1.3,2.1)
(2003,128,Steve Francis,PG,25,HOU,81,81,41.0,7.0,16.2,.435,1.0,3.0,.354,6.0,13.2,.453,.468,5.9,7.3,.800,2.0,4.2,6.2,6.2,1.7,0.5,3.7,3.1,21.0)
(2003,132,Pat Garrity,PF,26,ORL,81,53,31.9,3.9,9.2,.419,2.0,5.0,.396,1.9,4.2,.448,.528,1.0,1.2,.830,0.9,2.9,3.8,1.5,0.8,0.2,1.0,3.1,10.7)
(2003,136,Manu Ginobili,SG,25,SAS,69,5,20.7,2.5,5.8,.438,0.7,2.1,.345,1.8,3.6,.494,.503,1.8,2.5,.737,0.7,1.7,2.3,2.0,1.4,0.2,1.4,2.5,7.6)
(2003,140,Drew Gooden,SF-PF,21,TOT,70,47,26.8,5.1,11.1,.457,0.2,0.7,.292,4.9,10.4,.468,.466,2.2,3.0,.712,2.3,4.2,6.5,1.2,0.8,0.5,2.1,2.5,12.5)
(2003,143,Adrian Griffin,SG,28,DAL,74,48,18.6,2.0,4.6,.433,0.1,0.3,.250,1.9,4.2,.447,.442,0.4,0.4,.844,1.2,2.4,3.6,1.4,1.0,0.1,0.6,2.1,4.4)
(2003,147,Marcus Haislip,PF,22,MIL,39,8,11.3,1.7,3.9,.431,0.1,0.3,.250,1.6,3.6,.447,.441,0.7,1.0,.684,0.5,0.8,1.4,0.2,0.2,0.5,0.5,1.4,4.1)
(2003,151,Anfernee Hardaway,SG,31,PHO,58,51,30.6,4.4,9.9,.447,0.4,1.3,.356,4.0,8.6,.460,.469,1.3,1.7,.794,1.1,3.3,4.4,4.1,1.1,0.4,2.5,2.6,10.6)
(2003,155,Al Harrington,SF,22,IND,82,37,30.1,4.7,10.9,.434,0.2,0.6,.283,4.6,10.4,.442,.441,2.6,3.3,.770,1.9,4.3,6.2,1.5,0.9,0.4,2.0,3.4,12.2)
(2003,159,Antonio Harvey,PF,32,ATL,4,0,8.0,0.5,1.3,.400,0.0,0.0,,0.5,1.3,.400,.400,0.0,0.0,,0.3,1.3,1.5,0.0,0.3,1.0,0.8,1.8,1.0)
(2003,162,Kirk Haston,SF,23,NOH,12,0,4.8,0.2,1.4,.118,0.0,0.3,.000,0.2,1.2,.143,.118,0.2,0.3,.500,0.0,0.6,0.6,0.3,0.0,0.4,0.6,0.8,0.5)
(2003,166,Nene Hilario,C,20,DEN,80,53,28.2,4.0,7.7,.519,0.0,0.0,.000,4.0,7.7,.521,.519,2.5,4.3,.578,2.6,3.5,6.1,1.9,1.6,0.8,2.3,3.7,10.5)
(2003,170,Robert Horry,PF,32,LAL,80,26,29.3,2.3,6.0,.387,0.6,2.2,.288,1.7,3.7,.445,.440,1.3,1.7,.769,2.3,4.2,6.4,2.9,1.2,0.8,1.4,3.1,6.5)
(2003,174,Troy Hudson,PG,26,MIN,79,74,32.9,5.2,12.1,.428,1.2,3.4,.365,3.9,8.7,.452,.479,2.6,2.9,.900,0.5,1.8,2.3,5.7,0.8,0.1,2.3,2.0,14.2)
(2003,178,Lindsey Hunter,PG,32,TOR,29,0,23.2,3.7,10.4,.351,1.2,3.7,.318,2.5,6.7,.369,.407,1.2,1.6,.723,0.5,1.5,2.0,2.4,1.2,0.2,2.0,1.7,9.7)
(2003,181,Allen Iverson,SG,27,PHI,82,82,42.5,9.8,23.7,.414,1.0,3.7,.277,8.8,20.0,.440,.436,7.0,9.0,.774,0.8,3.4,4.2,5.5,2.7,0.2,3.5,1.8,27.6)
(2003,185,Marc Jackson,C,28,MIN,77,0,13.5,2.0,4.5,.438,0.0,0.0,1.000,2.0,4.5,.437,.440,1.5,1.9,.765,1.1,1.8,2.9,0.5,0.3,0.4,0.8,1.8,5.5)
(2003,189,Jerome James,C,27,SEA,51,16,15.0,2.2,4.5,.478,0.0,0.0,,2.2,4.5,.478,.478,1.1,1.8,.587,1.5,2.7,4.2,0.5,0.2,1.6,1.5,3.3,5.4)
(2003,193,Chris Jefferies,SF,22,TOR,51,10,13.1,1.5,3.8,.387,0.4,1.1,.333,1.1,2.7,.407,.433,0.6,0.8,.674,0.3,0.8,1.2,0.4,0.4,0.3,0.9,1.1,3.9)
(2003,197,Avery Johnson,PG,37,DAL,48,0,9.0,1.3,3.1,.420,0.0,0.0,.000,1.3,3.1,.426,.420,0.6,0.8,.769,0.2,0.4,0.6,1.3,0.3,0.0,0.6,0.5,3.3)
(2003,Rk,Player,Pos,Age,Tm,G,GS,MP,FG,FGA,FG%,3P,3PA,3P,2P,2PA,2P,eFG%,FT,FTA,FT%,ORB,DRB,TRB,AST,STL,BLK,TOV,PF,PTS)
(2003,204,Jumaine Jones,SF,23,CLE,80,12,27.6,3.9,8.9,.434,1.4,3.9,.354,2.5,5.0,.497,.512,0.7,1.0,.687,1.3,3.7,5.1,1.4,0.8,0.3,1.3,2.2,9.8)
(2003,208,Steve Kerr,PG,37,SAS,75,0,12.7,1.5,3.4,.430,0.7,1.7,.395,0.8,1.8,.462,.525,0.4,0.5,.882,0.2,0.6,0.8,0.9,0.4,0.0,0.5,0.7,4.0)
(2003,212,Brevin Knight,PG,27,MEM,55,4,16.9,1.8,4.1,.425,0.0,0.1,.250,1.7,4.0,.432,.430,0.4,0.7,.541,0.3,1.2,1.5,4.2,1.3,0.0,1.7,2.2,3.9)
(2003,217,Sean Lampley,SF,23,MIA,35,0,13.9,1.6,3.7,.434,0.0,0.1,.000,1.6,3.6,.448,.434,1.6,2.3,.695,0.7,1.6,2.4,0.9,0.2,0.1,0.7,1.2,4.8)
(2003,Rk,Player,Pos,Age,Tm,G,GS,MP,FG,FGA,FG%,3P,3PA,3P,2P,2PA,2P,eFG%,FT,FTA,FT%,ORB,DRB,TRB,AST,STL,BLK,TOV,PF,PTS)
(2003,224,Tyronn Lue,PG,25,WAS,75,24,26.5,3.3,7.6,.433,0.8,2.3,.341,2.5,5.3,.474,.485,1.2,1.4,.875,0.3,1.7,2.0,3.5,0.6,0.0,1.0,2.0,8.6)
(2003,228,Mark Madsen,PF,27,LAL,54,22,14.5,1.3,3.0,.423,0.0,0.0,,1.3,3.0,.423,.423,0.7,1.1,.590,1.6,1.4,2.9,0.7,0.3,0.4,0.5,2.1,3.2)
(2003,232,Matt Maloney,PG,31,ATL,14,0,7.4,0.6,1.8,.320,0.4,1.1,.333,0.2,0.7,.300,.420,0.2,0.4,.600,0.1,0.4,0.5,1.2,0.3,0.0,0.4,0.6,1.7)
(2003,236,Sean Marks,PF,27,MIA,23,0,9.7,1.0,2.6,.373,0.0,0.0,.000,1.0,2.5,.379,.373,0.4,0.7,.667,0.3,1.2,1.5,0.1,0.2,0.3,0.6,1.6,2.3)
(2003,240,Jamal Mashburn,SF,30,NOH,82,81,40.5,8.2,19.3,.422,1.5,3.7,.389,6.7,15.6,.430,.460,3.8,4.5,.848,0.8,5.3,6.1,5.6,1.0,0.2,2.8,2.4,21.6)
(2003,243,Roger Mason,SF,22,CHI,17,0,6.6,0.6,1.8,.355,0.4,1.1,.333,0.3,0.8,.385,.452,0.1,0.1,1.000,0.1,0.6,0.7,0.7,0.2,0.0,0.3,1.2,1.8)
(2003,247,Jelani McCoy,C,25,TOR,67,25,20.4,2.9,5.9,.491,0.0,0.0,,2.9,5.9,.491,.491,1.0,1.9,.548,1.4,3.9,5.3,0.6,0.4,0.9,1.4,2.4,6.8)
(2003,251,Stanislav Medvedenko,PF,23,LAL,58,10,10.7,1.9,4.4,.434,0.0,0.0,.000,1.9,4.4,.438,.434,0.5,0.7,.721,1.1,1.3,2.4,0.3,0.2,0.1,0.6,2.0,4.4)
(2003,255,Andre Miller,PG,26,LAC,80,80,36.4,4.7,11.6,.406,0.3,1.4,.213,4.4,10.3,.432,.419,3.9,4.9,.795,1.1,2.9,4.0,6.7,1.2,0.1,2.6,2.5,13.6)
(2003,259,Chris Mills,PF,33,GSW,21,0,12.5,1.9,5.0,.368,0.3,1.2,.280,1.5,3.9,.395,.401,0.8,0.9,.889,0.9,1.5,2.4,1.0,0.3,0.1,0.5,1.4,4.8)
(2003,262,Nazr Mohammed,C,25,ATL,35,0,12.7,1.9,4.5,.421,0.0,0.0,,1.9,4.5,.421,.421,0.7,1.2,.634,1.3,2.3,3.7,0.2,0.5,0.6,0.7,2.3,4.6)
(2003,266,Troy Murphy,PF,22,GSW,79,79,31.8,4.3,9.5,.451,0.0,0.2,.214,4.2,9.3,.456,.453,3.1,3.7,.841,2.9,7.3,10.2,1.3,0.8,0.4,1.4,3.1,11.7)
(2003,270,Mamadou N'Diaye,C,27,TOR,22,8,16.5,2.0,4.4,.448,0.0,0.0,,2.0,4.4,.448,.448,1.5,2.1,.723,1.3,2.4,3.7,0.3,0.4,1.5,1.0,2.6,5.5)
(2003,274,Steve Nash,PG,28,DAL,82,82,33.1,6.3,13.6,.465,1.4,3.3,.413,5.0,10.3,.482,.515,3.8,4.1,.909,0.8,2.1,2.9,7.3,1.0,0.1,2.3,1.6,17.7)
(2003,278,Dirk Nowitzki,PF,24,DAL,80,80,39.0,8.6,18.6,.463,1.9,4.9,.379,6.8,13.7,.493,.513,6.0,6.9,.881,1.0,8.9,9.9,3.0,1.4,1.0,1.9,2.6,25.1)
(2003,281,Charles Oakley,C,39,WAS,42,1,12.2,0.5,1.3,.418,0.0,0.0,,0.5,1.3,.418,.418,0.7,0.8,.824,0.9,1.7,2.5,1.0,0.3,0.1,0.5,2.1,1.8)
(2003,285,Kevin Ollie,PG,30,TOT,82,5,23.1,2.4,5.4,.451,0.0,0.1,.333,2.4,5.3,.453,.454,1.6,2.2,.753,0.3,1.9,2.2,3.5,0.8,0.1,0.9,1.5,6.5)
(2003,289,Chris Owens,SF,23,MEM,1,0,6.0,2.0,3.0,.667,0.0,0.0,,2.0,3.0,.667,.667,0.0,0.0,,1.0,0.0,1.0,0.0,0.0,0.0,1.0,0.0,4.0)
(2003,293,Milt Palacio,PG,24,CLE,80,46,24.7,2.0,4.9,.418,0.1,0.5,.216,1.9,4.4,.439,.428,0.8,1.1,.747,0.6,2.3,2.9,3.2,0.9,0.2,1.6,2.1,5.0)
(2003,297,Cherokee Parks,PF,30,LAC,30,18,21.6,2.7,5.4,.503,0.0,0.1,.500,2.7,5.4,.503,.506,0.8,1.3,.605,1.5,2.9,4.4,0.7,0.5,0.7,0.6,1.7,6.3)
(2003,Rk,Player,Pos,Age,Tm,G,GS,MP,FG,FGA,FG%,3P,3PA,3P,2P,2PA,2P,eFG%,FT,FTA,FT%,ORB,DRB,TRB,AST,STL,BLK,TOV,PF,PTS)
(2003,304,Paul Pierce,SG,25,BOS,79,79,39.2,8.4,20.2,.416,1.5,4.9,.302,6.9,15.2,.454,.454,7.6,9.5,.802,1.3,6.0,7.3,4.4,1.8,0.8,3.6,2.9,25.9)
(2003,308,Lavor Postell,SG,24,NYK,12,0,8.2,1.2,3.2,.368,0.2,0.6,.286,1.0,2.6,.387,.395,1.1,1.3,.867,0.1,0.3,0.3,0.3,0.2,0.0,0.6,0.8,3.6)
(2003,312,Vladimir Radmanovic,PF,22,SEA,72,16,26.5,3.8,9.3,.410,1.4,4.1,.355,2.4,5.2,.453,.488,1.0,1.4,.706,1.1,3.4,4.5,1.3,0.9,0.3,1.4,1.9,10.1)
(2003,316,Zeljko Rebraca,C,30,DET,30,12,16.3,2.7,4.8,.552,0.0,0.0,,2.7,4.8,.552,.552,1.3,1.6,.792,0.9,2.2,3.1,0.3,0.2,0.6,1.0,2.6,6.6)
(2003,320,Glen Rice,SF,35,HOU,62,26,24.7,3.2,7.4,.429,1.6,4.1,.398,1.5,3.3,.468,.539,1.0,1.3,.759,0.5,2.0,2.5,1.0,0.4,0.1,0.9,1.6,9.0)
(2003,323,Antoine Rigaudeau,SG,31,DAL,11,0,8.3,0.7,3.2,.229,0.1,0.5,.200,0.6,2.7,.233,.243,0.0,0.0,,0.4,0.4,0.7,0.5,0.3,0.0,0.5,1.0,1.5)
(2003,327,Glenn Robinson,SF,30,ATL,69,68,37.6,7.8,18.1,.432,1.3,3.8,.342,6.5,14.3,.456,.468,3.9,4.4,.876,1.2,5.4,6.6,3.0,1.3,0.4,3.6,2.7,20.8)
(2003,331,Malik Rose,PF,28,SAS,79,13,24.5,3.7,8.0,.459,0.0,0.1,.400,3.6,7.9,.459,.460,3.1,3.9,.791,1.9,4.5,6.4,1.6,0.7,0.5,2.2,2.6,10.4)
(2003,335,Arvydas Sabonis*,C,38,POR,78,1,15.5,2.2,4.6,.476,0.0,0.1,.500,2.2,4.6,.476,.481,1.7,2.1,.787,1.1,3.2,4.3,1.8,0.8,0.6,1.0,1.8,6.1)
(2003,339,Pepe Sanchez,PG,25,DET,9,0,4.1,0.0,0.6,.000,0.0,0.0,,0.0,0.6,.000,.000,0.0,0.0,,0.4,0.2,0.7,0.9,0.6,0.0,0.2,0.3,0.0)
(2003,342,Predrag Savovic,SG,26,DEN,27,0,9.5,1.1,3.4,.312,0.1,1.0,.154,0.9,2.5,.373,.333,0.8,1.1,.724,0.3,0.6,0.9,0.8,0.5,0.0,0.8,1.2,3.1)
(2003,346,Paul Shirley,PF,25,ATL,2,0,2.5,0.0,2.0,.000,0.0,0.0,,0.0,2.0,.000,.000,0.0,0.0,,0.0,0.5,0.5,0.0,0.0,0.0,0.0,0.0,0.0)
(2003,350,Tamar Slay,SG,22,NJN,36,0,7.6,1.1,2.9,.379,0.2,0.7,.280,0.9,2.2,.410,.413,0.2,0.3,.700,0.2,0.6,0.9,0.4,0.4,0.1,0.6,0.9,2.6)
(2003,354,Eric Snow,PG,29,PHI,82,82,37.9,4.4,9.7,.452,0.1,0.4,.219,4.3,9.4,.462,.456,4.0,4.6,.858,0.9,2.8,3.7,6.6,1.6,0.1,2.4,2.9,12.9)
(2003,358,DeShawn Stevenson,SG,21,UTA,61,8,12.5,1.9,4.7,.401,0.1,0.2,.333,1.8,4.5,.404,.408,0.8,1.1,.691,0.4,1.0,1.4,0.7,0.4,0.1,0.8,0.9,4.6)
(2003,361,Peja Stojakovic,SF,25,SAC,72,72,34.0,6.9,14.4,.481,2.2,5.6,.382,4.8,8.7,.545,.556,3.2,3.7,.875,0.8,4.7,5.5,2.0,1.0,0.1,1.4,2.0,19.2)
(2003,365,Mark Strickland,SF,32,DAL,4,0,3.3,0.5,1.3,.400,0.0,0.0,,0.5,1.3,.400,.400,0.0,0.0,,1.3,0.5,1.8,0.0,0.0,0.0,0.3,0.3,1.0)
(2003,369,Stromile Swift,PF,23,MEM,67,26,22.1,3.5,7.3,.481,0.0,0.0,.000,3.5,7.3,.483,.481,2.6,3.7,.722,1.7,4.0,5.7,0.7,0.8,1.6,1.5,2.3,9.7)
(2003,373,Etan Thomas,PF,24,WAS,38,0,13.5,1.6,3.3,.492,0.0,0.0,,1.6,3.3,.492,.492,1.6,2.5,.638,1.8,2.5,4.3,0.1,0.2,0.6,0.9,1.7,4.8)
(2003,377,Jamaal Tinsley,PG,24,IND,73,69,30.6,3.0,7.6,.396,0.6,2.3,.277,2.4,5.3,.446,.437,1.1,1.5,.714,0.8,2.8,3.6,7.5,1.7,0.2,2.6,2.8,7.8)
(2003,Rk,Player,Pos,Age,Tm,G,GS,MP,FG,FGA,FG%,3P,3PA,3P,2P,2PA,2P,eFG%,FT,FTA,FT%,ORB,DRB,TRB,AST,STL,BLK,TOV,PF,PTS)
(2003,384,Nikoloz Tskitishvili,SF,19,DEN,81,16,16.3,1.4,4.9,.293,0.5,1.9,.243,1.0,3.0,.324,.340,0.6,0.8,.738,0.8,1.4,2.2,1.1,0.4,0.4,1.0,1.7,3.9)
(2003,388,Jacque Vaughn,PG,27,ORL,80,48,21.1,2.3,5.1,.448,0.1,0.4,.235,2.2,4.7,.467,.457,1.2,1.6,.776,0.3,1.2,1.5,2.9,0.8,0.0,1.2,2.1,5.9)
(2003,392,Samaki Walker,C,26,LAL,67,39,18.6,1.7,4.1,.420,0.0,0.0,.000,1.7,4.1,.421,.420,1.0,1.5,.653,1.7,3.8,5.5,1.0,0.3,0.8,0.8,2.1,4.4)
(2003,396,Charlie Ward,PG,32,NYK,66,6,22.2,2.5,6.3,.399,1.5,4.0,.378,1.0,2.2,.435,.521,0.6,0.8,.774,0.4,2.3,2.7,4.6,1.2,0.2,1.4,2.2,7.2)
(2003,400,Bonzi Wells,SG,26,POR,75,65,31.9,5.8,13.2,.441,0.5,1.7,.292,5.3,11.5,.464,.461,3.0,4.2,.722,1.3,3.9,5.3,3.3,1.6,0.2,2.9,2.9,15.2)
(2003,403,Jahidi White,C,26,WAS,16,8,14.4,1.6,3.3,.472,0.0,0.0,,1.6,3.3,.472,.472,1.1,1.6,.680,2.3,2.3,4.6,0.1,0.1,0.8,0.6,2.1,4.2)
(2003,407,Mike Wilks,PG-SG,23,TOT,46,7,15.0,1.1,3.2,.338,0.2,0.8,.286,0.9,2.5,.354,.372,0.8,1.0,.787,0.4,1.1,1.5,2.0,0.6,0.1,0.6,1.5,3.2)
(2003,411,Eric Williams,SF,30,BOS,82,79,28.7,3.1,7.0,.442,0.5,1.3,.336,2.6,5.7,.467,.474,2.5,3.3,.750,1.7,2.9,4.7,1.7,1.0,0.2,1.2,2.9,9.1)
(2003,415,Jerome Williams,PF,29,TOR,71,63,33.0,3.8,7.5,.499,0.0,0.1,.167,3.7,7.5,.503,.500,2.2,4.0,.555,3.3,5.9,9.2,1.3,1.6,0.4,1.4,2.8,9.7)
(2003,419,Walt Williams,SF,32,DAL,66,1,17.6,2.0,5.2,.393,1.0,2.6,.374,1.1,2.6,.412,.487,0.5,0.8,.620,0.8,2.3,3.1,0.9,0.6,0.4,0.5,2.1,5.5)
(2003,422,Ruben Wolkowyski,PF,29,BOS,7,0,3.4,0.3,0.6,.500,0.0,0.1,.000,0.3,0.4,.667,.500,0.1,0.6,.250,0.0,0.1,0.1,0.1,0.0,0.0,0.1,0.4,0.7)
(2003,426,Lorenzen Wright,C,27,MEM,70,49,28.3,4.6,10.2,.454,0.0,0.1,.000,4.6,10.2,.457,.454,2.1,3.2,.659,2.4,5.1,7.5,1.1,0.7,0.8,1.6,3.0,11.4)
