(2003,1,Tariq Abdul-Wahad,SG,28,DAL,14,0,14.6,1.9,4.1,.466,0.0,0.1,.000,1.9,4.1,.474,.466,0.2,0.4,.500,1.0,1.9,2.9,1.5,0.4,0.2,0.5,1.9,4.1)
(2003,5,Ray Allen,SG,27,TOT,76,75,37.9,7.9,17.9,.439,2.6,7.0,.377,5.2,10.9,.478,.512,4.2,4.5,.916,1.2,3.8,5.0,4.4,1.4,0.2,2.6,2.9,22.5)
(2003,9,Derek Anderson,PG,28,POR,76,76,33.6,4.7,10.9,.427,1.5,4.4,.350,3.1,6.6,.477,.496,3.0,3.5,.859,0.7,2.8,3.5,4.3,1.2,0.2,1.7,1.9,13.9)
(2003,13,Gilbert Arenas,PG,21,GSW,82,82,35.0,6.2,14.4,.431,1.3,3.8,.348,4.9,10.6,.461,.478,4.5,5.7,.791,1.2,3.5,4.7,6.3,1.5,0.2,3.5,3.2,18.3)
(2003,17,Chucky Atkins,PG,28,DET,65,7,21.5,2.6,7.2,.361,1.3,3.7,.355,1.3,3.4,.368,.454,0.6,0.8,.816,0.3,1.2,1.5,2.7,0.4,0.1,1.2,1.7,7.1)
(2003,Rk,Player,Pos,Age,Tm,G,GS,MP,FG,FGA,FG%,3P,3PA,3P,2P,2PA,2P,eFG%,FT,FTA,FT%,ORB,DRB,TRB,AST,STL,BLK,TOV,PF,PTS)
(2003,24,Mengke Bateer,C,27,SAS,12,0,3.8,0.3,1.4,.235,0.1,0.3,.333,0.3,1.2,.214,.265,0.0,0.2,.000,0.2,0.7,0.8,0.3,0.0,0.0,0.5,1.2,0.8)
(2003,28,Lonny Baxter,C,24,CHI,55,0,12.4,1.7,3.7,.466,0.0,0.0,.000,1.7,3.7,.471,.466,1.3,1.9,.680,1.2,1.8,3.0,0.3,0.2,0.4,0.8,2.5,4.8)
(2003,32,Travis Best,PG,30,MIA,72,52,25.1,3.2,8.1,.396,0.5,1.5,.330,2.7,6.6,.411,.427,1.5,1.7,.854,0.4,1.7,2.0,3.5,0.6,0.1,1.5,2.4,8.4)
(2003,36,Mark Blount,C,27,TOT,81,31,17.3,1.9,4.3,.432,0.0,0.0,,1.9,4.3,.432,.432,1.2,1.7,.727,1.4,2.4,3.8,0.7,0.5,0.8,1.3,2.3,5.0)
(2003,40,Bruce Bowen,SF,31,SAS,82,82,31.3,2.7,5.8,.466,1.2,2.8,.441,1.5,3.0,.488,.571,0.4,1.1,.404,0.7,2.2,2.9,1.4,0.8,0.5,0.9,2.4,7.1)
(2003,43,Michael Bradley,PF,23,TOR,67,11,19.6,2.3,4.7,.481,0.0,0.1,.167,2.2,4.6,.487,.482,0.5,1.0,.522,2.4,3.7,6.1,1.0,0.2,0.5,1.1,1.9,5.0)
(2003,47,Jamison Brewer,PG,22,IND,10,0,8.0,0.9,1.7,.529,0.0,0.2,.000,0.9,1.5,.600,.529,0.4,0.9,.444,0.5,0.4,0.9,1.8,0.2,0.1,0.6,1.1,2.2)
(2003,51,Kedrick Brown,SF,21,BOS,51,5,13.1,1.2,3.4,.357,0.1,0.8,.077,1.1,2.6,.439,.365,0.4,0.6,.625,0.9,1.9,2.7,0.4,0.7,0.3,0.5,1.3,2.8)
(2003,55,Tierre Brown,PG,23,CLE,15,0,11.2,1.8,3.9,.458,0.0,0.1,.000,1.8,3.9,.466,.458,0.7,0.9,.786,0.5,1.5,2.0,2.6,0.9,0.0,1.5,0.6,4.3)
(2003,59,Greg Buckner,SG,26,PHI,75,5,20.2,2.5,5.3,.465,0.2,0.7,.273,2.3,4.6,.496,.484,0.9,1.1,.802,1.0,1.9,2.9,1.3,1.0,0.2,0.8,2.7,6.0)
(2003,62,Rasual Butler,SG,23,MIA,72,28,21.0,2.9,7.9,.362,0.7,2.4,.292,2.2,5.6,.392,.406,1.1,1.4,.731,0.4,2.2,2.6,1.3,0.3,0.6,1.1,1.5,7.5)
(2003,66,Brian Cardinal,PF,25,WAS,5,0,3.0,0.2,0.8,.250,0.0,0.2,.000,0.2,0.6,.333,.250,0.4,0.4,1.000,0.6,0.4,1.0,0.2,0.0,0.0,0.2,0.0,0.8)
(2003,70,Kelvin Cato,C,28,HOU,73,5,17.1,1.8,3.5,.520,0.0,0.1,.000,1.8,3.5,.528,.520,0.9,1.7,.532,1.8,4.1,5.9,0.3,0.5,1.2,0.8,2.4,4.5)
(2003,74,Doug Christie,SG,32,SAC,80,80,33.9,3.3,7.0,.479,0.9,2.3,.395,2.4,4.7,.522,.545,1.8,2.2,.810,0.8,3.5,4.3,4.7,2.3,0.5,1.8,2.3,9.4)
(2003,78,Derrick Coleman,C,35,PHI,64,35,27.2,3.5,7.8,.448,0.3,1.0,.328,3.1,6.7,.466,.470,2.1,2.7,.784,2.4,4.7,7.0,1.4,0.8,1.1,1.5,2.7,9.4)
(2003,81,Jarron Collins,C,24,UTA,22,7,19.1,1.7,3.9,.442,0.0,0.0,.000,1.7,3.9,.447,.442,2.0,2.8,.710,1.5,1.3,2.7,0.6,0.2,0.3,0.9,3.2,5.5)
(2003,85,Austin Croshere,PF,27,IND,49,0,12.9,1.8,4.3,.411,0.6,1.4,.391,1.2,2.9,.421,.476,1.1,1.3,.815,0.8,2.3,3.2,1.1,0.1,0.3,0.6,1.0,5.1)
(2003,89,Erick Dampier,C,27,GSW,82,82,24.1,3.2,6.4,.496,0.0,0.0,.000,3.2,6.3,.498,.496,1.9,2.7,.698,3.0,3.6,6.6,0.7,0.3,1.9,1.4,3.0,8.2)
(2003,93,Dale Davis,C,33,POR,78,78,29.3,3.0,5.6,.541,0.0,0.0,,3.0,5.6,.541,.541,1.3,2.1,.633,3.0,4.2,7.2,1.2,0.7,0.9,0.9,2.4,7.4)
(2003,97,Andrew DeClercq,C,29,ORL,77,21,17.2,1.9,3.6,.534,0.0,0.0,,1.9,3.6,.534,.534,0.9,1.4,.644,1.8,2.6,4.4,0.7,0.5,0.5,1.1,3.4,4.7)
(2003,Rk,Player,Pos,Age,Tm,G,GS,MP,FG,FGA,FG%,3P,3PA,3P,2P,2PA,2P,eFG%,FT,FTA,FT%,ORB,DRB,TRB,AST,STL,BLK,TOV,PF,PTS)
(2003,104,Michael Doleac,C,25,NYK,75,0,13.9,1.9,4.6,.426,0.0,0.0,,1.9,4.6,.426,.426,0.5,0.6,.783,0.9,2.1,2.9,0.6,0.2,0.2,0.7,2.0,4.4)
(2003,108,Chris Dudley,C,37,POR,3,0,3.7,0.0,0.3,.000,0.0,0.0,,0.0,0.3,.000,.000,0.0,0.0,,0.7,0.0,0.7,0.0,0.0,0.0,0.0,1.0,0.0)
(2003,112,LaPhonso Ellis,PF,32,MIA,55,3,14.3,1.8,4.8,.382,0.5,1.9,.252,1.3,2.8,.471,.433,0.9,1.2,.758,0.8,2.1,2.9,0.3,0.3,0.3,0.6,1.6,5.0)
(2003,116,Danny Ferry,SF,36,SAS,64,1,9.4,0.7,1.9,.355,0.3,0.9,.350,0.4,1.0,.359,.440,0.2,0.2,.769,0.3,0.9,1.2,0.3,0.1,0.1,0.4,0.9,1.9)
(2003,120,Alton Ford,PF,21,PHO,11,0,2.8,0.3,0.8,.333,0.0,0.0,,0.3,0.8,.333,.333,0.1,0.3,.333,0.0,0.5,0.5,0.1,0.0,0.0,0.2,0.6,0.6)
(2003,123,Greg Foster,C,34,TOR,29,9,18.6,1.6,4.2,.385,0.0,0.1,.250,1.6,4.1,.390,.389,0.9,1.1,.813,1.0,2.5,3.5,0.4,0.0,0.3,1.0,2.8,4.2)
(2003,127,Adonal Foyle,C,27,GSW,82,0,21.8,2.3,4.2,.536,0.0,0.0,.000,2.3,4.2,.538,.536,0.9,1.3,.673,2.1,3.8,6.0,0.5,0.5,2.5,0.9,2.6,5.4)
(2003,131,Kevin Garnett,PF,26,MIN,82,82,40.5,9.1,18.1,.502,0.2,0.9,.282,8.8,17.2,.513,.508,4.6,6.1,.751,3.0,10.5,13.4,6.0,1.4,1.6,2.8,2.4,23.0)
(2003,135,Kendall Gill,SG,34,MIN,82,34,25.2,3.5,8.3,.422,0.2,0.7,.322,3.3,7.5,.432,.436,1.5,2.0,.764,0.6,2.4,3.0,1.9,1.0,0.2,1.3,2.1,8.7)
(2003,139,Anthony Goldwire,PG,31,TOT,15,0,5.7,0.6,1.7,.360,0.2,0.6,.333,0.4,1.1,.375,.420,0.3,0.5,.571,0.0,0.4,0.4,0.3,0.2,0.0,0.4,0.4,1.7)
(2003,142,Horace Grant,PF,37,ORL,5,1,17.0,2.6,5.0,.520,0.0,0.0,,2.6,5.0,.520,.520,0.0,0.0,,0.4,1.2,1.6,1.4,0.6,0.0,0.2,1.0,5.2)
(2003,146,A.J. Guyton,PG,24,GSW,2,0,4.5,0.0,2.0,.000,0.0,0.5,.000,0.0,1.5,.000,.000,0.0,0.0,,0.0,0.0,0.0,1.0,0.5,0.0,0.5,0.0,0.0)
(2003,150,Zendon Hamilton,C,27,TOR,3,0,4.0,0.7,1.7,.400,0.0,0.0,,0.7,1.7,.400,.400,0.7,0.7,1.000,0.3,1.0,1.3,0.0,0.3,0.0,0.3,0.7,2.0)
(2003,154,Adam Harrington,SG,22,TOT,19,0,5.8,0.6,1.9,.297,0.3,0.7,.357,0.3,1.2,.261,.365,0.2,0.2,.750,0.1,0.4,0.4,0.6,0.1,0.1,0.1,0.4,1.6)
(2003,158,Lucious Harris,SG,32,NJN,77,25,25.6,3.9,9.4,.413,0.6,1.8,.346,3.3,7.6,.429,.446,2.0,2.5,.804,0.8,2.2,3.0,2.0,0.7,0.1,0.9,1.2,10.3)
(2003,161,Trenton Hassell,SG,23,CHI,82,53,24.4,1.8,4.8,.367,0.2,0.5,.325,1.6,4.3,.372,.384,0.5,0.7,.745,0.5,2.7,3.1,1.8,0.5,0.7,1.0,2.4,4.2)
(2003,165,Alan Henderson,C,30,ATL,82,3,18.2,1.9,4.0,.468,0.0,0.0,.000,1.9,4.0,.471,.468,1.1,1.7,.638,1.9,3.0,4.9,0.5,0.4,0.4,0.7,2.0,4.8)
(2003,169,Fred Hoiberg,SG,30,CHI,63,0,12.4,0.8,2.0,.389,0.1,0.3,.238,0.7,1.7,.419,.409,0.7,0.8,.820,0.2,2.0,2.2,1.1,0.6,0.1,0.4,0.9,2.3)
(2003,173,Juwan Howard,PF,29,DEN,77,77,35.5,7.4,16.4,.450,0.0,0.1,.500,7.3,16.3,.449,.450,3.7,4.6,.803,2.4,5.2,7.6,3.0,1.0,0.4,2.5,3.1,18.4)
(2003,177,Ryan Humphrey,PF,23,TOT,48,1,9.3,0.7,2.5,.292,0.0,0.0,,0.7,2.5,.292,.292,0.5,0.8,.590,0.7,1.4,2.1,0.2,0.2,0.4,0.5,1.6,1.9)
(2003,Rk,Player,Pos,Age,Tm,G,GS,MP,FG,FGA,FG%,3P,3PA,3P,2P,2PA,2P,eFG%,FT,FTA,FT%,ORB,DRB,TRB,AST,STL,BLK,TOV,PF,PTS)
(2003,184,Jim Jackson,SF,32,SAC,63,0,20.8,3.2,7.3,.442,0.5,1.1,.451,2.7,6.2,.440,.476,0.7,0.9,.855,1.3,2.8,4.2,1.9,0.5,0.1,1.3,2.1,7.7)
(2003,188,Casey Jacobsen,SF,21,PHO,72,0,15.9,1.7,4.5,.373,0.7,2.3,.315,1.0,2.3,.432,.453,1.0,1.5,.686,0.4,0.8,1.2,1.0,0.5,0.1,0.8,1.3,5.1)
(2003,192,Marko Jaric,SF,24,LAC,66,12,20.9,2.7,6.8,.401,0.8,2.5,.319,1.9,4.2,.450,.461,1.2,1.6,.752,0.5,1.9,2.4,2.9,1.5,0.2,1.6,1.9,7.4)
(2003,196,Anthony Johnson,PG,28,NJN,66,2,12.8,1.6,3.5,.446,0.2,0.5,.371,1.4,3.0,.459,.474,0.8,1.1,.689,0.2,1.0,1.2,1.3,0.6,0.1,0.6,1.4,4.1)
(2003,200,Ken Johnson,C,24,MIA,16,0,9.8,0.9,2.3,.405,0.0,0.0,,0.9,2.3,.405,.405,0.1,0.4,.333,0.3,1.8,2.0,0.0,0.1,0.8,0.4,1.3,2.0)
(2003,203,Fred Jones,SG,23,IND,19,1,6.1,0.5,1.3,.375,0.1,0.4,.286,0.4,0.9,.412,.417,0.2,0.2,.750,0.2,0.3,0.5,0.3,0.3,0.1,0.3,0.7,1.2)
(2003,207,Shawn Kemp,C,33,ORL,79,55,20.7,2.7,6.4,.418,0.0,0.0,.000,2.7,6.4,.419,.418,1.5,2.0,.742,1.9,3.8,5.7,0.7,0.8,0.4,1.3,3.0,6.8)
(2003,211,Kerry Kittles,SG,28,NJN,65,57,30.0,5.1,10.9,.467,1.2,3.4,.356,3.9,7.6,.516,.522,1.6,2.1,.785,0.8,3.1,3.9,2.6,1.6,0.5,0.8,1.7,13.0)
(2003,215,Christian Laettner,PF,33,WAS,76,66,29.1,3.4,6.8,.494,0.0,0.2,.125,3.3,6.6,.506,.496,1.6,1.9,.833,1.5,5.1,6.6,3.1,1.1,0.5,1.1,2.7,8.3)
(2003,216,Raef LaFrentz,C,26,DAL,69,43,23.3,3.9,7.4,.518,0.7,1.7,.405,3.2,5.8,.550,.563,0.9,1.3,.682,1.8,3.0,4.8,0.8,0.5,1.3,0.7,3.8,9.3)
(2003,220,Rashard Lewis,SF,23,SEA,77,77,39.5,6.7,14.9,.452,1.0,2.8,.346,5.8,12.1,.476,.484,3.7,4.5,.820,2.0,4.6,6.5,1.7,1.3,0.5,1.9,2.7,18.1)
(2003,223,Grant Long,PF,36,BOS,41,1,11.9,0.7,1.7,.386,0.0,0.1,.000,0.7,1.6,.403,.386,0.4,0.6,.783,0.6,1.4,2.0,0.6,0.2,0.0,0.5,1.5,1.8)
(2003,227,Tito Maddox,SG,21,HOU,9,0,3.9,0.3,1.3,.250,0.0,0.3,.000,0.3,1.0,.333,.250,0.6,0.9,.625,0.1,0.7,0.8,0.6,0.3,0.1,0.3,0.4,1.2)
(2003,231,Karl Malone*,PF,39,UTA,81,81,36.2,7.3,15.9,.462,0.0,0.2,.214,7.3,15.7,.464,.463,5.9,7.7,.763,1.4,6.4,7.8,4.7,1.7,0.4,2.6,2.5,20.6)
(2003,235,Shawn Marion,SF,24,PHO,81,81,41.6,8.2,18.1,.452,1.7,4.5,.387,6.4,13.6,.473,.500,3.1,3.6,.851,2.5,7.1,9.5,2.4,2.3,1.2,1.9,2.6,21.2)
(2003,239,Kenyon Martin,PF,25,NJN,77,77,34.1,6.6,14.1,.470,0.1,0.6,.209,6.5,13.5,.481,.475,3.3,5.1,.653,2.1,6.2,8.3,2.4,1.3,0.9,2.5,3.8,16.7)
(2003,242,Desmond Mason,SF,25,TOT,80,40,34.5,5.7,12.7,.449,0.3,0.9,.292,5.5,11.8,.461,.460,2.7,3.5,.749,1.9,4.6,6.5,2.0,0.8,0.4,1.4,2.6,14.3)
(2003,246,Amal McCaskill,C,29,ATL,11,0,6.4,0.4,1.5,.235,0.0,0.0,,0.4,1.5,.235,.235,0.3,0.4,.750,0.6,1.4,2.0,0.5,0.3,0.1,0.2,1.2,1.0)
(2003,250,Aaron McKie,SF,30,PHI,80,40,29.7,3.6,8.3,.429,0.5,1.4,.330,3.1,6.9,.449,.457,1.4,1.7,.836,0.8,3.6,4.4,3.5,1.6,0.1,1.4,2.2,9.0)
(2003,254,Darius Miles,SF,21,CLE,67,62,30.0,3.9,9.6,.410,0.0,0.2,.000,3.9,9.4,.419,.410,1.4,2.3,.594,1.7,3.7,5.4,2.6,1.0,1.0,2.7,2.4,9.2)
(2003,258,Reggie Miller*,SG,37,IND,70,70,30.2,4.0,9.1,.441,1.6,4.5,.355,2.4,4.6,.527,.530,3.0,3.3,.900,0.3,2.2,2.5,2.4,0.9,0.1,0.9,1.3,12.6)
(2003,261,Cuttino Mobley,SG,27,HOU,73,73,41.7,6.3,14.6,.434,1.5,4.4,.352,4.8,10.3,.469,.486,3.3,3.9,.858,1.0,3.2,4.2,2.8,1.3,0.5,2.3,2.5,17.5)
(2003,265,Terence Morris,SF,24,HOU,49,0,12.9,1.7,3.6,.466,0.1,0.7,.219,1.5,2.9,.521,.486,0.2,0.3,.786,0.8,1.8,2.6,0.5,0.2,0.3,0.6,0.7,3.7)
(2003,269,Dikembe Mutombo*,C,36,NJN,24,16,21.4,2.0,5.5,.374,0.0,0.0,,2.0,5.5,.374,.374,1.7,2.3,.727,2.3,4.1,6.4,0.8,0.2,1.5,1.4,2.3,5.8)
(2003,273,Eduardo Najera,SF,26,DAL,48,12,23.0,2.7,4.8,.558,0.0,0.0,.000,2.7,4.8,.561,.558,1.3,1.9,.681,1.9,2.8,4.6,1.0,0.8,0.5,0.5,2.7,6.7)
(2003,277,Moochie Norris,PG,29,HOU,82,3,16.8,1.6,4.0,.406,0.1,0.5,.244,1.5,3.5,.432,.423,1.0,1.4,.684,0.5,1.5,1.9,2.4,0.7,0.0,1.0,0.9,4.4)
(2003,Rk,Player,Pos,Age,Tm,G,GS,MP,FG,FGA,FG%,3P,3PA,3P,2P,2PA,2P,eFG%,FT,FTA,FT%,ORB,DRB,TRB,AST,STL,BLK,TOV,PF,PTS)
(2003,284,Dean Oliver,PG,24,GSW,15,0,6.2,0.5,1.9,.241,0.1,0.4,.167,0.4,1.5,.261,.259,0.5,0.5,.875,0.5,0.5,1.1,1.5,0.5,0.0,0.7,0.6,1.5)
(2003,288,Bo Outlaw,C,31,PHO,80,20,22.5,1.9,3.5,.550,0.0,0.0,.000,1.9,3.5,.554,.550,0.9,1.5,.621,1.7,2.9,4.6,1.4,0.6,0.9,1.0,2.4,4.7)
(2003,292,Scott Padgett,PF,26,UTA,82,2,16.1,2.1,5.2,.402,0.5,1.6,.338,1.5,3.5,.431,.455,1.0,1.3,.757,1.0,2.3,3.3,1.0,0.5,0.3,0.9,1.8,5.7)
(2003,296,Tony Parker,PG,20,SAS,82,82,33.8,5.9,12.7,.464,1.0,3.0,.337,4.9,9.8,.503,.503,2.7,3.5,.755,0.4,2.2,2.6,5.3,0.9,0.0,2.4,2.1,15.5)
(2003,300,Anthony Peeler,SG,33,MIN,82,39,27.4,3.1,7.4,.414,1.1,2.6,.410,2.0,4.8,.416,.485,0.5,0.6,.780,0.5,2.5,2.9,3.0,0.9,0.2,1.0,2.0,7.7)
(2003,303,Eric Piatkowski,SG,32,LAC,62,26,21.9,3.4,7.2,.471,1.3,3.2,.398,2.1,4.0,.531,.561,1.6,2.0,.828,0.7,1.8,2.5,1.1,0.5,0.1,0.9,1.5,9.7)
(2003,307,James Posey,SF,26,TOT,83,71,30.3,3.7,9.1,.411,0.8,2.8,.306,2.9,6.3,.457,.457,2.5,3.0,.833,1.1,4.0,5.1,2.2,1.3,0.2,1.7,2.4,10.8)
(2003,311,Joel Przybilla,C,23,MIL,32,17,17.1,0.6,1.4,.391,0.0,0.0,,0.6,1.4,.391,.391,0.4,0.8,.500,1.5,3.0,4.5,0.4,0.3,1.4,0.6,2.7,1.5)
(2003,315,Theo Ratliff,C,29,ATL,81,81,31.1,3.4,7.3,.464,0.0,0.0,,3.4,7.3,.464,.464,1.9,2.6,.720,1.9,5.6,7.5,0.9,0.7,3.2,1.7,3.3,8.7)
(2003,319,Efthimi Rentzias,C,27,PHI,35,0,4.1,0.6,1.7,.339,0.1,0.2,.500,0.5,1.5,.314,.373,0.2,0.3,.889,0.3,0.5,0.7,0.2,0.2,0.1,0.1,0.6,1.5)
(2003,322,Quentin Richardson,SG,22,LAC,59,13,23.2,3.4,9.3,.372,1.0,3.4,.308,2.4,5.9,.408,.428,1.4,2.1,.685,1.7,3.1,4.8,0.9,0.6,0.2,1.1,1.6,9.4)
(2003,326,Eddie Robinson,SF,26,CHI,64,18,21.2,2.4,4.9,.492,0.0,0.2,.214,2.4,4.7,.505,.497,0.8,1.0,.810,1.2,1.9,3.1,1.0,1.0,0.2,0.8,1.9,5.7)
(2003,330,Jalen Rose,SF,30,CHI,82,82,40.9,7.8,19.3,.406,1.6,4.4,.370,6.2,14.9,.416,.448,4.9,5.7,.854,0.8,3.5,4.3,4.8,0.9,0.3,3.5,3.3,22.1)
(2003,334,Bryon Russell,SF,32,WAS,70,23,19.8,1.5,4.4,.353,0.7,2.0,.329,0.9,2.4,.373,.428,0.8,1.0,.768,0.6,2.4,3.0,1.0,1.0,0.1,0.8,1.9,4.5)
(2003,338,Jamal Sampson,PF,19,MIL,5,0,1.6,0.0,0.4,.000,0.0,0.0,,0.0,0.4,.000,.000,0.0,0.0,,0.2,0.2,0.4,0.2,0.2,0.0,0.0,0.0,0.0)
(2003,341,Kenny Satterfield,PG,21,TOT,39,6,12.9,1.4,4.7,.301,0.1,0.7,.179,1.3,4.0,.323,.314,0.4,0.6,.680,0.4,0.7,1.1,1.7,0.5,0.1,1.1,0.9,3.4)
(2003,345,Brian Shaw,PG,36,LAL,72,0,12.5,1.4,3.6,.387,0.5,1.5,.349,0.9,2.1,.414,.460,0.1,0.2,.667,0.3,1.4,1.7,1.4,0.4,0.2,0.8,0.9,3.5)
(2003,349,Reggie Slater,PF,32,MIN,26,0,5.4,1.0,1.9,.540,0.0,0.0,,1.0,1.9,.540,.540,1.0,1.7,.600,0.7,0.5,1.2,0.2,0.2,0.0,0.3,1.2,3.1)
(2003,353,Steve Smith,SG,33,SAS,53,18,19.5,2.1,5.5,.388,0.7,2.2,.331,1.4,3.3,.428,.455,1.8,2.2,.833,0.4,1.5,1.9,1.3,0.5,0.2,0.8,1.5,6.8)
(2003,357,Vladimir Stepania,C,26,MIA,79,6,20.2,2.3,5.4,.433,0.0,0.0,,2.3,5.4,.433,.433,0.9,1.7,.530,2.7,4.3,7.0,0.3,0.6,0.5,0.9,2.1,5.6)
(2003,Rk,Player,Pos,Age,Tm,G,GS,MP,FG,FGA,FG%,3P,3PA,3P,2P,2PA,2P,eFG%,FT,FTA,FT%,ORB,DRB,TRB,AST,STL,BLK,TOV,PF,PTS)
(2003,364,Erick Strickland,SG,29,IND,71,10,18.0,2.3,5.4,.429,0.9,2.3,.388,1.4,3.1,.459,.511,1.0,1.2,.805,0.3,1.7,2.0,2.9,0.5,0.1,1.4,1.6,6.5)
(2003,368,Bob Sura,SG,29,GSW,55,0,20.5,2.5,6.0,.412,0.5,1.5,.329,1.9,4.4,.440,.454,1.9,2.7,.696,1.1,2.0,3.0,3.2,0.8,0.0,1.5,2.0,7.3)
(2003,372,Jason Terry,PG,25,ATL,81,81,38.0,6.0,14.1,.428,2.0,5.3,.371,4.0,8.8,.462,.498,3.2,3.6,.887,0.5,3.0,3.4,7.4,1.6,0.2,3.1,2.2,17.2)
(2003,376,Tim Thomas,SF,25,MIL,80,70,29.5,5.2,11.6,.443,1.2,3.3,.366,3.9,8.3,.474,.495,1.8,2.3,.780,1.2,3.7,4.9,1.3,0.9,0.6,1.7,3.2,13.3)
(2003,380,Gary Trent,SF,28,MIN,80,22,15.3,2.6,4.9,.535,0.0,0.0,.000,2.6,4.8,.537,.535,0.8,1.3,.594,1.3,2.3,3.6,1.0,0.4,0.3,0.7,1.8,6.0)
(2003,383,Jake Tsakalidis,C,23,PHO,33,27,16.5,1.8,4.1,.452,0.0,0.0,,1.8,4.1,.452,.452,1.2,1.8,.672,1.4,2.3,3.7,0.4,0.2,0.5,0.8,2.4,4.9)
(2003,387,Keith Van Horn,PF,27,PHI,74,73,31.6,6.2,12.9,.482,0.9,2.4,.369,5.3,10.5,.508,.516,2.6,3.2,.804,2.1,4.9,7.1,1.3,0.9,0.4,2.0,3.4,15.9)
(2003,391,Antoine Walker,PF,26,BOS,78,78,41.5,7.7,19.9,.388,2.4,7.5,.323,5.3,12.5,.427,.449,2.3,3.7,.615,1.3,5.9,7.2,4.8,1.5,0.4,3.3,2.8,20.1)
(2003,395,Rasheed Wallace,PF,28,POR,74,74,36.3,7.0,14.8,.471,1.5,4.1,.358,5.5,10.6,.515,.521,2.7,3.7,.735,1.5,5.9,7.4,2.1,0.9,1.0,1.9,3.0,18.1)
(2003,399,Chris Webber,PF,29,SAC,67,67,39.1,9.9,21.4,.461,0.1,0.3,.238,9.8,21.1,.465,.463,3.2,5.3,.607,2.4,8.1,10.5,5.4,1.6,1.3,3.2,3.0,23.0)
(2003,402,David Wesley,SG,32,NOH,73,73,37.1,6.2,14.2,.433,1.8,4.3,.424,4.3,9.9,.437,.498,2.5,3.2,.781,0.5,1.9,2.4,3.4,1.5,0.1,1.8,2.4,16.7)
(2003,406,Chris Wilcox,PF,20,LAC,46,3,10.4,1.6,3.0,.521,0.0,0.0,,1.6,3.0,.521,.521,0.5,1.1,.500,0.7,1.6,2.3,0.5,0.2,0.3,0.6,1.4,3.7)
(2003,410,Brandon Williams,SF,27,ATL,6,0,3.2,0.2,1.2,.143,0.0,0.2,.000,0.2,1.0,.167,.143,0.0,0.0,,0.3,0.0,0.3,0.0,0.3,0.0,0.5,0.7,0.3)
(2003,414,Jay Williams,PG,21,CHI,75,54,26.1,3.6,9.1,.399,0.9,2.7,.322,2.8,6.4,.431,.446,1.4,2.1,.640,0.4,2.2,2.6,4.7,1.1,0.2,2.3,2.4,9.5)
(2003,418,Shammond Williams,PG,27,TOT,78,11,24.1,2.9,7.4,.394,1.2,3.3,.356,1.7,4.1,.425,.474,1.0,1.3,.765,0.3,1.9,2.2,3.4,1.0,0.1,1.5,1.8,8.0)
(2003,421,Kevin Willis,C,40,SAS,71,6,11.8,1.7,3.6,.479,0.0,0.0,.000,1.7,3.6,.482,.479,0.7,1.2,.614,1.2,2.0,3.2,0.3,0.3,0.3,0.8,1.7,4.2)
(2003,425,Metta World Peace,SF,23,IND,69,67,33.6,5.2,12.3,.428,1.0,3.1,.336,4.2,9.2,.458,.470,4.0,5.4,.736,1.5,3.8,5.2,2.9,2.3,0.7,2.1,3.5,15.5)
