(2003,3,Courtney Alexander,PG,25,NOH,66,7,20.6,2.9,7.7,.382,0.3,0.9,.333,2.6,6.8,.388,.401,1.8,2.2,.808,0.6,1.2,1.8,1.2,0.5,0.1,1.0,1.9,7.9)
(2003,7,John Amaechi,C,32,UTA,50,1,9.5,0.7,2.4,.314,0.0,0.0,,0.7,2.4,.314,.314,0.5,1.0,.481,0.5,1.0,1.5,0.4,0.3,0.1,0.7,1.0,2.0)
(2003,11,Shandon Anderson,SF,29,NYK,82,9,21.1,3.0,6.5,.462,0.6,1.7,.371,2.4,4.8,.494,.510,1.7,2.3,.732,0.8,2.3,3.1,1.1,0.9,0.2,1.4,2.2,8.4)
(2003,15,Darrell Armstrong,PG,34,ORL,82,23,28.7,3.2,7.8,.409,1.0,2.8,.336,2.3,5.0,.450,.470,2.0,2.3,.878,1.1,2.5,3.6,3.9,1.6,0.2,2.0,2.0,9.4)
(2003,19,Dalibor Bagaric,C,22,CHI,10,0,7.6,0.8,2.6,.308,0.0,0.0,,0.8,2.6,.308,.308,0.3,0.4,.750,0.7,1.3,2.0,0.4,0.3,0.3,0.5,1.1,1.9)
(2003,22,Jon Barry,SG,33,DET,80,0,18.4,2.4,5.3,.450,1.1,2.7,.407,1.3,2.6,.495,.553,1.1,1.3,.860,0.4,1.8,2.3,2.6,0.8,0.2,1.0,1.3,6.9)
(2003,26,Tony Battie,C,26,BOS,67,62,25.1,3.0,5.5,.539,0.0,0.1,.200,3.0,5.4,.544,.541,1.3,1.8,.746,2.2,4.3,6.5,0.7,0.5,1.2,0.7,2.9,7.3)
(2003,30,Jonathan Bender,SF,22,IND,46,2,17.8,2.4,5.5,.441,0.4,1.2,.358,2.0,4.4,.463,.478,1.3,1.8,.714,0.9,2.0,2.9,0.9,0.2,1.2,0.9,1.9,6.6)
(2003,34,Chauncey Billups,PG,26,DET,74,74,31.4,4.9,11.8,.421,2.0,5.1,.392,2.9,6.6,.443,.506,4.3,4.9,.878,0.5,3.2,3.7,3.9,0.9,0.2,1.8,1.8,16.2)
(2003,38,Carlos Boozer,PF,21,CLE,81,54,25.3,4.1,7.6,.536,0.0,0.0,.000,4.1,7.6,.536,.536,1.8,2.4,.771,2.5,5.0,7.5,1.3,0.7,0.6,1.3,2.8,10.0)
(2003,41,Ryan Bowen,SG,27,DEN,62,31,16.1,1.6,3.2,.492,0.0,0.1,.286,1.5,3.1,.500,.497,0.4,0.7,.659,1.3,1.3,2.5,0.9,1.0,0.5,0.7,1.3,3.6)
(2003,45,Elton Brand,PF,23,LAC,62,61,39.6,7.3,14.5,.502,0.0,0.0,.000,7.3,14.5,.502,.502,3.9,5.7,.685,4.6,6.8,11.3,2.5,1.1,2.5,2.6,3.3,18.5)
(2003,49,Damone Brown,PF,23,TOR,5,3,23.0,2.2,7.0,.314,0.0,0.4,.000,2.2,6.6,.333,.314,1.2,1.6,.750,0.6,2.4,3.0,0.6,0.2,0.0,1.2,2.8,5.6)
(2003,53,P.J. Brown,PF,33,NOH,78,78,33.4,4.1,7.7,.531,0.0,0.0,.000,4.1,7.7,.533,.531,2.5,3.0,.836,3.1,5.9,9.0,1.9,0.9,1.0,1.3,2.6,10.7)
(2003,57,Kobe Bryant,SG,24,LAL,82,82,41.5,10.6,23.5,.451,1.5,4.0,.383,9.1,19.5,.465,.483,7.3,8.7,.843,1.3,5.6,6.9,5.9,2.2,0.8,3.5,2.7,30.0)
(2003,Rk,Player,Pos,Age,Tm,G,GS,MP,FG,FGA,FG%,3P,3PA,3P,2P,2PA,2P,eFG%,FT,FTA,FT%,ORB,DRB,TRB,AST,STL,BLK,TOV,PF,PTS)
(2003,64,Marcus Camby,C,28,DEN,29,9,21.2,3.2,7.8,.410,0.1,0.2,.400,3.1,7.7,.410,.414,1.1,1.7,.660,2.6,4.6,7.2,1.6,0.7,1.4,0.9,2.4,7.6)
(2003,68,Vince Carter,SG,26,TOR,43,42,34.2,8.3,17.7,.467,1.0,3.0,.344,7.2,14.6,.493,.497,3.0,3.7,.806,1.4,3.0,4.4,3.3,1.1,1.0,1.7,2.8,20.6)
(2003,72,Calbert Cheaney,SG,31,UTA,81,74,29.0,4.0,8.0,.499,0.1,0.3,.400,3.9,7.7,.503,.507,0.5,0.9,.580,0.9,2.6,3.5,2.0,0.8,0.2,1.3,2.8,8.6)
(2003,76,Speedy Claxton,PG,24,SAS,30,0,15.7,2.2,4.8,.462,0.0,0.4,.000,2.2,4.5,.500,.462,1.3,1.9,.684,0.7,1.1,1.9,2.5,0.7,0.2,1.2,1.4,5.8)
(2003,80,Jason Collier,C,25,HOU,13,3,8.0,1.3,2.8,.472,0.0,0.0,,1.3,2.8,.472,.472,0.2,0.2,1.000,0.9,1.3,2.2,0.1,0.2,0.1,0.2,0.8,2.8)
(2003,83,Chris Crawford,PF,27,ATL,5,0,7.6,1.6,2.6,.615,0.2,0.6,.333,1.4,2.0,.700,.654,1.4,1.6,.875,0.6,0.8,1.4,0.2,0.4,0.6,0.4,1.4,4.8)
(2003,87,Eddy Curry,C,20,CHI,81,48,19.4,4.1,7.1,.585,0.0,0.0,,4.1,7.1,.585,.585,2.2,3.5,.624,1.4,2.9,4.4,0.5,0.2,0.8,1.7,2.8,10.5)
(2003,91,Antonio Davis,C,34,TOR,53,52,35.7,4.9,12.1,.407,0.0,0.0,,4.9,12.1,.407,.407,4.1,5.3,.771,2.5,5.8,8.2,2.5,0.4,1.2,2.2,2.8,13.9)
(2003,95,Hubert Davis,SG,32,DET,43,1,7.6,0.7,1.8,.392,0.3,0.8,.333,0.4,1.0,.442,.468,0.1,0.1,.833,0.1,0.7,0.8,0.7,0.1,0.0,0.3,0.5,1.8)
(2003,99,Dan Dickau,PG,24,ATL,50,0,10.3,1.4,3.4,.412,0.4,1.2,.361,1.0,2.2,.440,.476,0.4,0.5,.808,0.2,0.7,0.9,1.7,0.3,0.0,1.1,1.3,3.7)
(2003,102,Vlade Divac,C,34,SAC,80,80,29.8,3.8,8.2,.466,0.1,0.3,.240,3.7,7.9,.475,.470,2.2,3.1,.713,2.0,5.2,7.2,3.4,1.0,1.3,1.9,3.0,9.9)
(2003,106,Bryce Drew,PG,28,NOH,13,0,6.1,0.6,2.1,.296,0.2,0.5,.429,0.4,1.5,.250,.352,0.0,0.0,,0.3,0.7,1.0,0.8,0.2,0.0,0.2,0.2,1.5)
(2003,110,Mike Dunleavy,SF,22,GSW,82,3,15.9,2.0,5.1,.403,0.6,1.8,.347,1.4,3.3,.434,.465,1.0,1.2,.780,0.8,1.8,2.6,1.3,0.6,0.2,1.0,1.5,5.7)
(2003,114,Evan Eschmeyer,C,27,DAL,17,3,7.9,0.4,1.1,.368,0.0,0.0,,0.4,1.1,.368,.368,0.2,0.2,.750,0.6,1.1,1.7,0.4,0.6,0.4,0.4,2.1,1.0)
(2003,118,Derek Fisher,PG,28,LAL,82,82,34.5,4.1,9.5,.437,1.0,2.6,.401,3.1,6.9,.451,.492,1.2,1.5,.800,0.5,2.4,2.9,3.6,1.1,0.2,1.1,2.4,10.5)
(2003,121,Joseph Forte,SG,21,SEA,17,0,5.1,0.6,2.1,.286,0.0,0.2,.000,0.6,1.9,.313,.286,0.2,0.4,.667,0.2,0.4,0.6,0.6,0.2,0.0,0.6,0.4,1.4)
(2003,125,Tremaine Fowlkes,SF,26,LAC,37,10,15.5,1.5,3.5,.438,0.1,0.2,.222,1.5,3.2,.454,.445,1.4,1.6,.847,1.1,1.7,2.8,0.6,0.7,0.1,0.5,1.7,4.4)
(2003,129,Lawrence Funderburke,PF,32,SAC,27,0,8.5,1.2,2.7,.444,0.0,0.0,,1.2,2.7,.444,.444,0.4,0.6,.588,0.6,1.4,2.0,0.3,0.0,0.4,0.2,0.9,2.7)
(2003,133,Pau Gasol,PF,22,MEM,82,82,36.0,6.9,13.6,.510,0.0,0.1,.100,6.9,13.5,.514,.510,5.1,6.9,.736,2.3,6.4,8.8,2.8,0.4,1.8,2.6,2.7,19.0)
(2003,137,Gordan Giricek,SG-SF,25,TOT,76,62,28.3,4.6,10.6,.436,1.1,3.3,.341,3.5,7.3,.478,.489,2.0,2.4,.820,0.5,2.7,3.1,1.8,0.7,0.1,1.9,2.1,12.3)
(2003,Rk,Player,Pos,Age,Tm,G,GS,MP,FG,FGA,FG%,3P,3PA,3P,2P,2PA,2P,eFG%,FT,FTA,FT%,ORB,DRB,TRB,AST,STL,BLK,TOV,PF,PTS)
(2003,144,Eddie Griffin,PF,20,HOU,77,66,24.5,3.5,8.8,.400,0.8,2.5,.333,2.7,6.3,.426,.447,0.8,1.2,.617,1.8,4.2,6.0,1.1,0.7,1.4,1.0,1.8,8.6)
(2003,148,Darvin Ham,SG,29,ATL,75,1,12.3,0.9,2.1,.447,0.0,0.0,.000,0.9,2.1,.455,.447,0.5,1.1,.481,1.0,1.1,2.0,0.5,0.2,0.3,0.9,1.7,2.4)
(2003,152,Tim Hardaway,PG,36,IND,10,0,12.7,1.8,4.9,.367,1.1,3.1,.355,0.7,1.8,.389,.480,0.2,0.4,.500,0.1,1.4,1.5,2.4,0.9,0.0,1.1,0.8,4.9)
(2003,156,Junior Harrington,PG,22,DEN,82,51,24.4,2.1,5.7,.362,0.1,0.3,.250,2.0,5.4,.369,.369,0.9,1.4,.652,0.5,2.5,3.0,3.4,1.0,0.2,1.9,3.0,5.1)
(2003,160,Donnell Harvey,SF,22,DEN,77,27,20.9,3.2,7.2,.446,0.0,0.1,.143,3.2,7.1,.450,.447,1.5,2.3,.670,1.6,3.7,5.3,1.3,0.6,0.4,1.6,2.6,7.9)
(2003,163,Juaquin Hawkins,SG,29,HOU,58,10,11.8,1.0,2.6,.385,0.2,0.4,.417,0.8,2.1,.379,.419,0.2,0.3,.500,0.3,1.1,1.3,0.8,0.5,0.1,0.5,1.0,2.3)
(2003,167,Grant Hill,SF,30,ORL,29,29,29.1,5.2,10.6,.492,0.0,0.1,.250,5.2,10.4,.495,.493,4.1,5.0,.819,1.4,5.7,7.1,4.2,1.0,0.4,2.9,1.6,14.5)
(2003,171,Eddie House,SG,24,MIA,55,7,18.6,3.1,8.1,.387,0.7,2.2,.300,2.5,5.9,.420,.428,0.6,0.7,.861,0.3,1.5,1.8,1.6,0.8,0.0,0.8,1.3,7.5)
(2003,175,Nate Huffman,C,27,TOR,7,0,10.9,1.3,3.6,.360,0.0,0.0,,1.3,3.6,.360,.360,0.7,1.1,.625,1.3,2.0,3.3,0.7,0.1,0.4,0.4,1.9,3.3)
(2003,179,Steven Hunter,C,21,ORL,33,5,13.5,1.7,3.1,.544,0.0,0.0,,1.7,3.1,.544,.544,0.5,1.3,.409,1.2,1.7,2.8,0.2,0.3,1.1,0.5,1.7,3.9)
(2003,182,Bobby Jackson,PG,29,SAC,59,26,28.4,5.8,12.4,.464,1.5,4.0,.379,4.3,8.4,.505,.525,2.1,2.5,.846,1.0,2.7,3.7,3.1,1.2,0.1,1.8,2.1,15.2)
(2003,186,Mark Jackson,PG,37,UTA,82,0,17.9,1.8,4.5,.398,0.3,1.2,.284,1.5,3.3,.438,.435,0.7,1.0,.763,0.4,1.7,2.1,4.6,0.6,0.0,1.9,1.1,4.7)
(2003,190,Mike James,PG,27,MIA,78,8,22.1,2.8,7.5,.373,0.9,2.9,.294,1.9,4.6,.423,.430,1.3,1.8,.732,0.3,1.6,1.9,3.2,0.8,0.1,1.4,2.3,7.8)
(2003,194,Richard Jefferson,SF,22,NJN,80,80,36.0,5.7,11.4,.501,0.1,0.3,.250,5.6,11.1,.507,.504,4.1,5.5,.743,1.9,4.6,6.4,2.5,1.0,0.6,2.0,2.7,15.5)
(2003,198,Ervin Johnson,C,35,MIL,69,17,17.0,0.9,2.0,.452,0.0,0.0,,0.9,2.0,.452,.452,0.4,0.6,.682,1.7,2.6,4.3,0.3,0.5,0.9,0.5,2.6,2.2)
(2003,201,Damon Jones,PG,26,SAC,49,1,14.5,1.6,4.3,.381,0.9,2.5,.364,0.7,1.8,.404,.486,0.4,0.6,.741,0.2,1.2,1.4,1.6,0.4,0.1,0.5,0.9,4.6)
(2003,205,Popeye Jones,PF,32,DAL,26,0,8.5,0.9,2.4,.387,0.0,0.0,,0.9,2.4,.387,.387,0.2,0.4,.455,1.1,1.2,2.3,0.3,0.2,0.0,0.6,1.2,2.0)
(2003,209,Jason Kidd,PG,29,NJN,80,80,37.4,6.4,15.6,.414,1.6,4.6,.341,4.9,10.9,.445,.465,4.2,5.0,.841,1.4,4.9,6.3,8.9,2.2,0.3,3.7,1.6,18.7)
(2003,213,Travis Knight,C,28,NYK,32,0,9.0,0.8,2.0,.385,0.0,0.0,.000,0.8,2.0,.391,.385,0.3,0.4,.769,0.6,1.4,1.9,0.4,0.3,0.3,0.3,1.4,1.9)
(2003,218,Dan Langhi,SF,25,PHO,60,0,9.0,1.4,3.4,.401,0.2,0.5,.290,1.2,2.9,.421,.423,0.2,0.3,.600,0.3,1.1,1.5,0.4,0.3,0.1,0.3,1.0,3.1)
(2003,221,Randy Livingston,PG,27,NOH,2,0,6.0,1.0,2.0,.500,0.0,0.0,,1.0,2.0,.500,.500,1.0,1.0,1.000,0.0,0.0,0.0,0.5,0.0,0.0,0.0,0.0,3.0)
(2003,225,George Lynch,SG,32,NOH,81,32,18.5,1.8,4.4,.409,0.3,1.0,.354,1.5,3.5,.425,.448,0.5,0.9,.554,1.7,2.6,4.4,1.3,0.8,0.2,0.6,1.7,4.5)
(2003,229,Corey Maggette,SG,23,LAC,64,57,31.3,5.4,12.1,.444,1.0,2.8,.350,4.4,9.3,.471,.484,5.1,6.3,.802,1.2,3.8,5.0,1.9,0.9,0.3,2.3,3.0,16.8)
(2003,233,Danny Manning,PF,36,DET,13,0,6.8,1.0,2.5,.406,0.2,0.6,.375,0.8,1.8,.417,.453,0.4,0.5,.833,0.5,0.8,1.4,0.5,0.7,0.2,0.5,0.8,2.6)
(2003,237,Donny Marshall,SF,30,NJN,3,0,2.0,0.0,1.0,.000,0.0,0.3,.000,0.0,0.7,.000,.000,0.0,0.0,,0.0,1.0,1.0,0.0,0.0,0.0,0.3,0.0,0.0)
(2003,Rk,Player,Pos,Age,Tm,G,GS,MP,FG,FGA,FG%,3P,3PA,3P,2P,2PA,2P,eFG%,FT,FTA,FT%,ORB,DRB,TRB,AST,STL,BLK,TOV,PF,PTS)
(2003,244,Tony Massenburg,C,35,UTA,58,1,13.7,1.8,4.0,.448,0.0,0.0,,1.8,4.0,.448,.448,1.1,1.4,.774,1.0,1.7,2.7,0.3,0.3,0.3,0.9,2.5,4.7)
(2003,248,Tracy McGrady,SG,23,ORL,75,74,39.4,11.1,24.2,.457,2.3,6.0,.386,8.7,18.2,.481,.505,7.7,9.7,.793,1.6,4.9,6.5,5.5,1.7,0.8,2.6,2.1,32.1)
(2003,252,Ron Mercer,SG,26,IND,72,3,23.2,3.4,8.3,.409,0.0,0.2,.188,3.3,8.1,.415,.411,0.9,1.1,.802,0.4,1.7,2.1,1.6,0.7,0.2,0.8,1.7,7.7)
(2003,256,Brad Miller,C,26,IND,73,72,31.1,4.5,9.1,.493,0.1,0.2,.313,4.4,8.9,.498,.497,4.0,4.9,.818,2.5,5.7,8.3,2.6,0.9,0.6,1.6,2.8,13.1)
(2003,260,Yao Ming,C,22,HOU,82,72,29.0,4.9,9.8,.498,0.0,0.0,.500,4.9,9.8,.498,.499,3.7,4.5,.811,2.4,5.8,8.2,1.7,0.4,1.8,2.1,2.8,13.5)
(2003,263,Jerome Moiso,C,24,NOH,51,1,12.6,1.7,3.4,.520,0.0,0.0,,1.7,3.4,.520,.520,0.5,0.8,.659,1.2,2.3,3.5,0.4,0.4,0.9,0.9,1.7,4.0)
(2003,267,Ronald Murray,SG,23,TOT,14,0,4.4,0.8,2.2,.355,0.0,0.4,.000,0.8,1.9,.423,.355,0.4,0.6,.625,0.0,0.3,0.3,0.4,0.3,0.0,0.6,0.0,1.9)
(2003,271,Bostjan Nachbar,SF,22,HOU,14,1,5.5,0.8,2.2,.355,0.1,0.7,.200,0.6,1.5,.429,.387,0.4,0.7,.500,0.2,0.6,0.8,0.2,0.1,0.1,0.4,0.9,2.1)
(2003,275,Rasho Nesterovic,C,26,MIN,77,77,30.4,5.2,9.9,.525,0.0,0.0,.000,5.2,9.9,.526,.525,0.8,1.2,.642,1.9,4.6,6.5,1.5,0.5,1.5,1.3,3.3,11.2)
(2003,279,Jermaine O'Neal,PF,24,IND,77,76,37.2,7.9,16.4,.484,0.1,0.3,.333,7.8,16.1,.487,.487,4.8,6.6,.731,2.6,7.7,10.3,2.0,0.9,2.3,2.3,3.6,20.8)
(2003,282,Lamar Odom,SF,23,LAC,49,47,34.3,5.5,12.5,.439,0.9,2.6,.326,4.6,9.8,.469,.473,2.8,3.6,.777,1.2,5.4,6.7,3.6,0.9,0.8,2.9,3.7,14.6)
(2003,286,Michael Olowokandi,C,27,LAC,36,36,38.0,5.2,12.1,.427,0.0,0.0,,5.2,12.1,.427,.427,1.9,2.9,.657,1.6,7.5,9.1,1.3,0.5,2.2,2.7,3.1,12.3)
(2003,290,Olumide Oyedeji,C,21,ORL,27,3,5.4,0.4,0.9,.435,0.0,0.0,,0.4,0.9,.435,.435,0.3,0.4,.636,0.4,1.5,1.9,0.2,0.2,0.1,0.2,1.1,1.0)
(2003,294,Jannero Pargo,PG,23,LAL,34,0,10.1,1.1,2.7,.398,0.2,0.7,.292,0.9,2.0,.435,.435,0.1,0.1,1.000,0.3,0.8,1.1,1.1,0.4,0.1,0.7,1.3,2.5)
(2003,298,Ruben Patterson,SF,27,POR,78,17,21.2,3.3,6.6,.492,0.0,0.3,.150,3.2,6.4,.506,.495,1.8,2.8,.627,1.5,1.8,3.4,1.3,0.9,0.4,1.5,2.1,8.3)
(2003,301,Wesley Person,SG,31,MEM,66,44,29.4,4.2,9.1,.456,1.5,3.5,.433,2.6,5.6,.470,.539,1.2,1.5,.814,0.4,2.5,2.9,1.7,0.6,0.3,0.8,1.0,11.0)
(2003,305,Scottie Pippen*,SF,37,POR,64,58,29.9,4.1,9.3,.444,0.6,2.1,.286,3.5,7.3,.489,.476,1.9,2.3,.818,0.9,3.5,4.3,4.5,1.6,0.4,2.6,2.3,10.8)
(2003,309,Vitaly Potapenko,C,27,SEA,26,2,15.5,1.6,3.6,.441,0.0,0.0,,1.6,3.6,.441,.441,0.8,1.1,.759,1.0,2.5,3.4,0.2,0.3,0.3,1.0,1.8,4.0)
(2003,313,Igor Rakocevic,PG,24,MIN,42,0,5.8,0.5,1.4,.379,0.1,0.3,.417,0.4,1.1,.370,.422,0.7,0.9,.806,0.1,0.3,0.4,0.8,0.1,0.0,0.5,0.6,1.9)
(2003,317,Michael Redd,SG,23,MIL,82,14,28.2,5.5,11.8,.469,2.2,5.1,.438,3.3,6.8,.492,.562,1.8,2.3,.805,1.2,3.3,4.5,1.4,1.2,0.2,0.9,1.7,15.1)
(2003,Rk,Player,Pos,Age,Tm,G,GS,MP,FG,FGA,FG%,3P,3PA,3P,2P,2PA,2P,eFG%,FT,FTA,FT%,ORB,DRB,TRB,AST,STL,BLK,TOV,PF,PTS)
(2003,324,Clifford Robinson,PF,36,DET,81,69,34.9,4.6,11.5,.398,1.1,3.2,.336,3.5,8.3,.422,.444,2.0,2.9,.676,1.0,2.9,3.9,3.3,1.1,1.1,2.0,3.2,12.2)
(2003,328,Rodney Rogers,PF,31,NJN,68,0,19.2,2.7,6.7,.402,0.6,1.9,.333,2.0,4.8,.430,.451,1.0,1.3,.756,0.9,3.0,3.9,1.6,0.7,0.5,1.3,2.8,7.0)
(2003,332,Guy Rucker,PF,25,GSW,3,0,1.3,0.0,0.0,,0.0,0.0,,0.0,0.0,,,0.0,0.0,,0.0,0.3,0.3,0.3,0.0,0.0,0.0,0.3,0.0)
(2003,336,John Salmons,PG,23,PHI,64,1,7.9,0.8,1.8,.414,0.2,0.5,.323,0.6,1.3,.447,.457,0.4,0.5,.743,0.3,0.7,0.9,0.7,0.3,0.1,0.5,0.8,2.1)
(2003,340,Jeryl Sasser,SG,23,ORL,75,4,13.7,0.9,2.8,.309,0.2,0.6,.295,0.7,2.2,.313,.341,0.7,1.0,.679,0.9,1.6,2.5,0.9,0.6,0.2,0.5,1.2,2.6)
(2003,343,Brian Scalabrine,PF,24,NJN,59,7,12.3,1.2,2.9,.402,0.2,0.7,.359,0.9,2.2,.415,.444,0.5,0.6,.833,0.7,1.7,2.4,0.8,0.3,0.3,0.8,1.3,3.1)
(2003,347,Bobby Simmons,SG,22,WAS,36,2,10.5,1.2,3.1,.393,0.0,0.1,.000,1.2,3.0,.411,.393,0.9,1.0,.914,0.9,1.2,2.1,0.6,0.3,0.1,0.2,1.4,3.3)
(2003,351,Charles Smith,SG,27,POR,3,0,4.3,0.3,1.3,.250,0.0,0.3,.000,0.3,1.0,.333,.250,1.0,1.3,.750,0.0,0.0,0.0,0.3,0.3,0.0,0.3,1.0,1.7)
(2003,355,Latrell Sprewell,SF,32,NYK,74,73,38.6,6.1,15.2,.403,1.8,4.9,.372,4.3,10.4,.417,.462,2.3,2.9,.794,0.6,3.2,3.9,4.5,1.4,0.3,2.3,1.8,16.4)
(2003,359,Michael Stewart,PF,27,CLE,47,0,5.3,0.3,0.8,.378,0.0,0.0,,0.3,0.8,.378,.378,0.2,0.3,.667,0.4,0.8,1.2,0.1,0.0,0.3,0.2,0.9,0.8)
(2003,362,Damon Stoudamire,PG,29,POR,59,27,22.3,2.6,7.0,.376,0.7,1.9,.386,1.9,5.1,.372,.429,0.9,1.1,.791,0.7,1.9,2.6,3.5,0.7,0.1,1.4,1.1,6.9)
(2003,366,Rod Strickland,PG,36,MIN,47,8,20.3,2.6,5.9,.432,0.0,0.2,.091,2.5,5.7,.446,.433,1.7,2.3,.738,0.4,1.6,2.0,4.6,1.0,0.1,1.6,1.2,6.8)
(2003,370,Wally Szczerbiak,SF,25,MIN,52,42,35.3,6.8,14.0,.481,1.2,2.8,.421,5.6,11.2,.497,.523,2.9,3.3,.867,1.0,3.6,4.6,2.6,0.8,0.4,1.7,2.4,17.6)
(2003,374,Kenny Thomas,PF,25,TOT,66,42,30.0,3.9,8.5,.465,0.0,0.0,,3.9,8.5,.465,.465,2.2,3.0,.746,2.8,5.2,8.0,1.7,0.9,0.4,1.8,2.6,10.1)
(2003,378,Oscar Torres,SG,26,GSW,17,0,6.4,0.9,2.1,.444,0.4,0.8,.538,0.5,1.4,.391,.542,0.8,1.2,.700,0.2,0.5,0.7,0.2,0.2,0.1,0.5,0.5,3.1)
(2003,381,Jeff Trepagnier,SG,23,DEN,8,0,12.1,2.1,5.0,.425,0.5,1.0,.500,1.6,4.0,.406,.475,0.9,0.9,1.000,1.0,1.0,2.0,0.8,1.0,0.0,1.0,0.6,5.6)
(2003,385,Hedo Turkoglu,SF,23,SAC,67,11,17.5,2.5,5.8,.422,0.4,1.2,.372,2.0,4.7,.435,.459,1.3,1.6,.800,0.5,2.3,2.8,1.3,0.4,0.2,0.7,1.9,6.7)
(2003,389,Jake Voskuhl,C,25,PHO,65,1,14.6,1.4,2.5,.564,0.0,0.0,,1.4,2.5,.564,.564,1.0,1.5,.667,1.5,2.0,3.5,0.6,0.3,0.4,0.7,2.6,3.8)
(2003,393,Ben Wallace,C,28,DET,73,73,39.4,2.9,6.0,.481,0.0,0.1,.167,2.9,5.9,.485,.482,1.2,2.6,.450,4.0,11.4,15.4,1.6,1.4,3.2,1.2,2.5,6.9)
(2003,397,Earl Watson,PG,23,MEM,79,2,17.3,2.2,4.9,.435,0.4,1.2,.341,1.8,3.8,.463,.474,0.8,1.1,.721,0.6,1.5,2.1,2.8,1.1,0.2,1.1,1.7,5.5)
(2003,Rk,Player,Pos,Age,Tm,G,GS,MP,FG,FGA,FG%,3P,3PA,3P,2P,2PA,2P,eFG%,FT,FTA,FT%,ORB,DRB,TRB,AST,STL,BLK,TOV,PF,PTS)
(2003,404,Rodney White,SG,22,DEN,72,19,21.7,3.6,8.9,.408,0.4,1.9,.239,3.2,7.0,.452,.433,1.4,1.7,.784,0.6,2.4,3.0,1.7,0.6,0.4,2.2,1.9,9.0)
(2003,408,Aaron Williams,C,31,NJN,81,0,19.7,2.5,5.4,.453,0.0,0.0,.000,2.5,5.4,.454,.453,1.3,1.6,.785,1.7,2.4,4.1,1.1,0.3,0.7,1.0,2.5,6.2)
(2003,412,Frank Williams,PG,22,NYK,21,0,8.0,0.4,1.6,.273,0.3,0.8,.375,0.1,0.8,.176,.364,0.2,0.3,.667,0.1,0.7,0.9,1.6,0.3,0.1,0.8,1.0,1.3)
(2003,416,Monty Williams,SF,31,PHI,21,2,13.1,1.6,3.8,.425,0.0,0.1,.000,1.6,3.7,.436,.425,1.1,1.5,.750,0.6,1.6,2.1,1.2,0.6,0.2,0.8,1.6,4.4)
(2003,420,Corliss Williamson,SF,29,DET,82,1,25.1,4.6,10.1,.453,0.0,0.1,.182,4.5,9.9,.456,.454,2.9,3.7,.790,1.8,2.6,4.4,1.3,0.5,0.3,1.5,2.9,12.0)
(2003,423,Loren Woods,C,24,MIN,38,11,9.3,0.8,2.0,.382,0.0,0.1,.333,0.7,1.9,.384,.388,0.6,0.7,.778,0.7,1.8,2.5,0.5,0.3,0.3,0.6,1.0,2.1)
(2003,427,Vincent Yarbrough,SG,21,DEN,59,39,23.4,2.8,7.3,.393,0.4,1.3,.269,2.5,5.9,.420,.417,0.8,1.1,.790,0.6,2.1,2.7,2.2,1.0,0.6,1.4,2.5,6.9)
